10	0	1	
10	2.19723e-05	1	
10	4.72183e-05	1	
10	1.67536e-05	1	
9.99999	-0.0032449	1	
9.99997	-0.0137761	1	
9.99991	-0.0294419	1	
9.99982	-0.0456694	1	
9.9997	-0.0598351	1	
9.99955	-0.0717094	1	
9.99939	-0.082734	1	
9.9992	-0.0946813	1	
9.99898	-0.108117	1	
9.99874	-0.123196	1	
9.99846	-0.139121	1	
9.99815	-0.155264	1	
9.99781	-0.170624	1	
9.99744	-0.184933	1	
9.99704	-0.19842	1	
9.99662	-0.211452	1	
9.99617	-0.224667	1	
9.99569	-0.238093	1	
9.99519	-0.251497	1	
9.99466	-0.2647	1	
9.9941	-0.27751	1	
9.99352	-0.289957	1	
9.99292	-0.302036	1	
9.99229	-0.312992	1	
9.99165	-0.322389	1	
9.99099	-0.329519	1	
9.99032	-0.334261	1	
9.98965	-0.336309	1	
9.98898	-0.335783	1	
9.98831	-0.333193	1	
9.98765	-0.32857	1	
9.98701	-0.322519	1	
9.98638	-0.315434	1	
9.98576	-0.307396	1	
9.98516	-0.298523	1	
9.98459	-0.2888	1	
9.98403	-0.277909	1	
9.9835	-0.266108	1	
9.98299	-0.253592	1	
9.98251	-0.240575	1	
9.98206	-0.22715	1	
9.98163	-0.213582	1	
9.98123	-0.200228	1	
9.98085	-0.187131	1	
9.98051	-0.174546	1	
9.98018	-0.162329	1	
9.97988	-0.150828	1	
9.9796	-0.14014	1	
9.97934	-0.130537	1	
9.97909	-0.121831	1	
9.97887	-0.114171	1	
9.97865	-0.107289	1	
9.97845	-0.101034	1	
9.97826	-0.0954205	1	
9.97808	-0.0899124	1	
9.97791	-0.0848358	1	
9.97775	-0.0801379	1	
9.9776	-0.0758624	1	
9.97745	-0.0718719	1	
9.97732	-0.0682713	1	
9.97719	-0.06506	1	
9.97706	-0.0620926	1	
9.97694	-0.059418	1	
9.97683	-0.0569924	1	
9.97672	-0.0546673	1	
9.97662	-0.052428	1	
9.97651	-0.0503169	1	
9.97642	-0.0482986	1	
9.97633	-0.0463652	1	
9.97624	-0.0445085	1	
9.97615	-0.0428356	1	
9.97607	-0.041213	1	
9.97599	-0.0397004	1	
9.97591	-0.0382199	1	
9.97584	-0.0367796	1	
9.97577	-0.035384	1	
9.9757	-0.0340337	1	
9.97563	-0.0327314	1	
9.97557	-0.031452	1	
9.97551	-0.030254	1	
9.97545	-0.0290979	1	
9.9754	-0.0279836	1	
9.97534	-0.0269103	1	
9.97529	-0.0258773	1	
9.97524	-0.0248833	1	
9.97519	-0.0239914	1	
9.97515	-0.0231104	1	
9.9751	-0.0223126	1	
9.97506	-0.0215127	1	
9.97502	-0.0207845	1	
9.97498	-0.0200485	1	
9.97494	-0.0193765	1	
9.9749	-0.0187591	1	
9.97487	-0.0181194	1	
9.97483	-0.0175392	1	
9.9748	-0.0169393	1	
9.97476	-0.0163356	1	
9.97473	-0.0157379	1	
9.9747	-0.0151522	1	
9.97467	-0.014582	1	
9.97465	-0.0140291	1	
9.97462	-0.0135173	1	
9.97459	-0.0130151	1	
9.97457	-0.0124928	1	
9.97454	-0.0119985	1	
9.97452	-0.0115265	1	
9.9745	-0.0110765	1	
9.97448	-0.0106462	1	
9.97446	-0.010234	1	
9.97444	-0.00983862	1	
9.97442	-0.00948168	1	
9.9744	-0.00913073	1	
9.97438	-0.00878834	1	
9.97437	-0.00845595	1	
9.97435	-0.00813433	1	
9.97433	-0.00782377	1	
9.97432	-0.00760424	1	
9.9743	-0.00736219	1	
9.97429	-0.00717568	1	
9.97427	-0.00704935	1	
9.97426	-0.00693838	1	
9.97425	-0.00691835	1	
9.97423	-0.00686306	1	
9.97422	-0.00685188	1	
9.97421	-0.00684055	1	
9.97419	-0.0068521	1	
9.97418	-0.00673127	1	
9.97416	-0.00655146	1	
9.97415	-0.00633394	1	
9.97414	-0.00604106	1	
9.97413	-0.0057345	1	
9.97412	-0.00541998	1	
9.97411	-0.00504555	1	
9.9741	-0.00469841	1	
9.97409	-0.00430225	1	
9.97408	-0.00388378	1	
9.97408	-0.00345584	1	
9.97407	-0.00296643	1	
9.97406	-0.00256663	1	
9.97406	-0.00219171	1	
9.97406	-0.00184036	1	
9.97405	-0.00154008	1	
9.97405	-0.00129779	1	
9.97405	-0.00109122	1	
9.97405	-0.000976838	1	
9.97404	-0.000981685	1	
9.97404	-0.00112531	1	
9.97404	-0.00146195	1	
9.97404	-0.00187306	1	
9.97403	-0.0024073	1	
9.97402	-0.00305177	1	
9.97402	-0.00361057	1	
9.97401	-0.00416263	1	
9.974	-0.00461279	1	
9.97399	-0.00498581	1	
9.97398	-0.0051891	1	
9.97397	-0.00525623	1	
9.97396	-0.00519863	1	
9.97395	-0.00496614	1	
9.97394	-0.00459614	1	
9.97393	-0.00405855	1	
9.97392	-0.00348784	1	
9.97392	-0.00282857	1	
9.97392	-0.00213679	1	
9.97391	-0.001456	1	
9.97391	-0.000793728	1	
9.97391	-0.000277818	1	
9.97391	0.000198449	1	
9.97391	0.000581561	1	
9.97391	0.000792998	1	
9.97391	0.000833045	1	
9.97392	0.000766462	1	
9.97392	0.000559238	1	
9.97392	0.000234244	1	
9.97392	-0.000136095	1	
9.97392	-0.000544248	1	
9.97391	-0.000973938	1	
9.97391	-0.0014155	1	
9.97391	-0.0018475	1	
9.9739	-0.00227841	1	
9.9739	-0.0026146	1	
9.97389	-0.00288802	1	
9.97389	-0.00307807	1	
9.97388	-0.00319165	1	
9.97387	-0.00323988	1	
9.97387	-0.003143	1	
9.97386	-0.00289606	1	
9.97386	-0.00249929	1	
9.97385	-0.00208348	1	
9.97385	-0.00155921	1	
9.97385	-0.00100856	1	
9.97385	-0.000452412	1	
9.97385	4.16992e-05	1	
9.97385	0.00056125	1	
9.97385	0.000956788	1	
9.97385	0.0012802	1	
9.97385	0.00148527	1	
9.97386	0.00158515	1	
9.97386	0.00156317	1	
9.97386	0.00152815	1	
9.97387	0.00142227	1	
9.97387	0.00128434	1	
9.97387	0.000997678	1	
9.97387	0.000691159	1	
9.97387	0.000268706	1	
9.97387	-7.47512e-05	1	
9.97387	-0.000382321	1	
9.97387	-0.000656027	1	
9.97387	-0.000901043	1	
9.97387	-0.00104176	1	
9.97386	-0.00100813	1	
9.97386	-0.000988805	1	
9.97386	-0.000925793	1	
9.97386	-0.000830506	1	
9.97386	-0.000674366	1	
9.97386	-0.00039829	1	
9.97386	-3.88592e-05	1	
9.97386	0.000297256	1	
9.97386	0.000639829	1	
9.97386	0.000909556	1	
9.97386	0.00119218	1	
9.97387	0.00147376	1	
9.97387	0.00174044	1	
9.97387	0.00199036	1	
9.97388	0.00225653	1	
9.97388	0.00241408	1	
9.97389	0.00251088	1	
9.97389	0.00256805	1	
9.9739	0.00263613	1	
9.9739	0.00262721	1	
9.97391	0.00261581	1	
9.97391	0.00263945	1	
9.97392	0.00267145	1	
9.97393	0.00276271	1	
9.97393	0.00290083	1	
9.97394	0.00302429	1	
9.97394	0.0031965	1	
9.97395	0.00343339	1	
9.97396	0.00365347	1	
9.97397	0.00388837	1	
9.97397	0.00431049	1	
9.97398	0.00456544	1	
9.97399	0.00486616	1	
9.974	0.00516564	1	
9.97401	0.00552257	1	
9.97403	0.005952	1	
9.97404	0.00620271	1	
9.97405	0.00652847	1	
9.97406	0.00670607	1	
9.97408	0.00691519	1	
9.97409	0.00705667	1	
9.97411	0.00716336	1	
9.97412	0.00736788	1	
9.97414	0.00763125	1	
9.97415	0.00798366	1	
9.97417	0.00823017	1	
9.97419	0.0084603	1	
9.9742	0.00876147	1	
9.97422	0.00924959	1	
9.97424	0.00978025	1	
9.97426	0.0102155	1	
9.97428	0.0107046	1	
9.97431	0.0112873	1	
9.97433	0.0119606	1	
9.97436	0.0127366	1	
9.97438	0.0135562	1	
9.97441	0.0144219	1	
9.97444	0.0153072	1	
9.97447	0.0161643	1	
9.97451	0.0169606	1	
9.97454	0.0178068	1	
9.97458	0.0186101	1	
9.97462	0.0194093	1	
9.97466	0.0202177	1	
9.9747	0.0211123	1	
9.97475	0.0220656	1	
9.97479	0.0229049	1	
9.97484	0.0236246	1	
9.97489	0.0242677	1	
9.97494	0.0246565	1	
9.97499	0.0249194	1	
9.97504	0.0249972	1	
9.97509	0.0250957	1	
9.97514	0.0253188	1	
9.97519	0.0256357	1	
9.97524	0.025956	1	
9.97529	0.0262285	1	
9.97535	0.0264063	1	
9.9754	0.0265495	1	
9.97545	0.0267552	1	
9.97551	0.0269812	1	
9.97556	0.0273718	1	
9.97562	0.0278839	1	
9.97568	0.0283938	1	
9.97573	0.0289408	1	
9.97579	0.0294324	1	
9.97585	0.0300969	1	
9.97591	0.0308866	1	
9.97598	0.0316217	1	
9.97604	0.0323193	1	
9.97611	0.0330756	1	
9.97618	0.0338407	1	
9.97624	0.0345236	1	
9.97632	0.0352419	1	
9.97639	0.0360119	1	
9.97646	0.0366387	1	
9.97653	0.037229	1	
9.97661	0.0376508	1	
9.97669	0.0379932	1	
9.97676	0.0382755	1	
9.97684	0.0385307	1	
9.97692	0.0387909	1	
9.977	0.039073	1	
9.97707	0.0393313	1	
9.97715	0.039662	1	
9.97723	0.039966	1	
9.97731	0.0401763	1	
9.97739	0.0402718	1	
9.97748	0.0402524	1	
9.97756	0.0402403	1	
9.97764	0.0401978	1	
9.97772	0.0401089	1	
9.9778	0.0400291	1	
9.97788	0.0398917	1	
9.97796	0.039791	1	
9.97803	0.0396837	1	
9.97811	0.0394653	1	
9.97819	0.0393362	1	
9.97827	0.0394249	1	
9.97835	0.039558	1	
9.97843	0.0398134	1	
9.97851	0.0400221	1	
9.97859	0.0403156	1	
9.97867	0.0405835	1	
9.97875	0.0408845	1	
9.97884	0.0411925	1	
9.97892	0.0415034	1	
9.979	0.0417136	1	
9.97909	0.0419063	1	
9.97917	0.0419906	1	
9.97925	0.0420728	1	
9.97934	0.0420177	1	
9.97942	0.0420362	1	
9.97951	0.042056	1	
9.97959	0.0420992	1	
9.97967	0.0420019	1	
9.97976	0.041846	1	
9.97984	0.0417901	1	
9.97993	0.041757	1	
9.98001	0.0417883	1	
9.98009	0.0419104	1	
9.98018	0.0419594	1	
9.98026	0.0418754	1	
9.98034	0.0416862	1	
9.98043	0.0416158	1	
9.98051	0.0416112	1	
9.98059	0.0417471	1	
9.98068	0.0417957	1	
9.98076	0.0417564	1	
9.98084	0.0417163	1	
9.98093	0.0416538	1	
9.98101	0.0416417	1	
9.98109	0.0417078	1	
9.98118	0.0419607	1	
9.98126	0.0425593	1	
9.98135	0.043276	1	
9.98144	0.0439086	1	
9.98153	0.044429	1	
9.98162	0.0446993	1	
9.98171	0.0447045	1	
9.98179	0.0446279	1	
9.98188	0.0445212	1	
9.98197	0.0443097	1	
9.98206	0.0440142	1	
9.98215	0.043627	1	
9.98223	0.0431541	1	
9.98232	0.0426813	1	
9.9824	0.0421772	1	
9.98249	0.0417331	1	
9.98257	0.0412853	1	
9.98265	0.0408299	1	
9.98273	0.0403772	1	
9.98281	0.0400281	1	
9.98289	0.0396971	1	
9.98297	0.0393543	1	
9.98305	0.0390776	1	
9.98313	0.0389912	1	
9.9832	0.0389389	1	
9.98328	0.0388381	1	
9.98336	0.0387511	1	
9.98344	0.0387576	1	
9.98351	0.0386763	1	
9.98359	0.03873	1	
9.98367	0.0387163	1	
9.98375	0.0386867	1	
9.98382	0.038664	1	
9.9839	0.0384063	1	
9.98398	0.0381849	1	
9.98405	0.0378168	1	
9.98413	0.037768	1	
9.9842	0.0377023	1	
9.98428	0.0378417	1	
9.98436	0.0380144	1	
9.98443	0.0385857	1	
9.98451	0.0393494	1	
9.98459	0.0399695	1	
9.98467	0.0406151	1	
9.98475	0.0410093	1	
9.98484	0.041049	1	
9.98492	0.0409749	1	
9.985	0.0407945	1	
9.98508	0.0404179	1	
9.98516	0.0402652	1	
9.98524	0.0403022	1	
9.98532	0.0403707	1	
9.9854	0.0406503	1	
9.98549	0.0409563	1	
9.98557	0.04114	1	
9.98565	0.0412638	1	
9.98573	0.0413911	1	
9.98582	0.0416416	1	
9.9859	0.0419437	1	
9.98599	0.042344	1	
9.98607	0.042762	1	
9.98616	0.0430816	1	
9.98624	0.0432211	1	
9.98633	0.0429306	1	
9.98641	0.0425144	1	
9.9865	0.0419656	1	
9.98658	0.0413958	1	
9.98666	0.0409597	1	
9.98674	0.0403335	1	
9.98682	0.0396816	1	
9.9869	0.0387874	1	
9.98698	0.0378471	1	
9.98705	0.0366476	1	
9.98712	0.035411	1	
9.98719	0.0342354	1	
9.98726	0.0331978	1	
9.98732	0.0321069	1	
9.98738	0.031053	1	
9.98744	0.0299115	1	
9.9875	0.0287984	1	
9.98755	0.0274996	1	
9.98761	0.0262798	1	
9.98766	0.0251026	1	
9.98771	0.0243425	1	
9.98775	0.0237866	1	
9.9878	0.0233558	1	
9.98785	0.0232906	1	
9.98789	0.0232619	1	
9.98794	0.0235229	1	
9.98799	0.0241799	1	
9.98804	0.0250864	1	
9.98809	0.026358	1	
9.98815	0.0276435	1	
9.9882	0.0288928	1	
9.98827	0.0301826	1	
9.98833	0.0313901	1	
9.98839	0.0328571	1	
9.98846	0.0343729	1	
9.98853	0.0359078	1	
9.98861	0.0375986	1	
9.98869	0.0390229	1	
9.98877	0.0403057	1	
9.98885	0.0416452	1	
9.98894	0.0428027	1	
9.98902	0.0435309	1	
9.98911	0.0441544	1	
9.9892	0.0442622	1	
9.98929	0.0438747	1	
9.98937	0.0431621	1	
9.98946	0.0420573	1	
9.98954	0.0408862	1	
9.98962	0.0399153	1	
9.9897	0.0387797	1	
9.98977	0.0375147	1	
9.98985	0.036195	1	
9.98991	0.0346352	1	
9.98998	0.0329448	1	
9.99004	0.0309906	1	
9.9901	0.0289303	1	
9.99015	0.0267763	1	
9.9902	0.024456	1	
9.99025	0.0221354	1	
9.99029	0.0199342	1	
9.99032	0.0180726	1	
9.99036	0.016487	1	
9.99039	0.015403	1	
9.99042	0.0145975	1	
9.99044	0.0140207	1	
9.99047	0.0135801	1	
9.9905	0.0134517	1	
9.99053	0.0137097	1	
9.99055	0.0142081	1	
9.99058	0.0147746	1	
9.99061	0.0153155	1	
9.99065	0.0159995	1	
9.99068	0.0169448	1	
9.99072	0.0180586	1	
9.99076	0.0194448	1	
9.9908	0.0208261	1	
9.99084	0.0222108	1	
9.99089	0.0238468	1	
9.99094	0.0256443	1	
9.991	0.0275623	1	
9.99105	0.029538	1	
9.99112	0.0316602	1	
9.99119	0.0338184	1	
9.99126	0.0358308	1	
9.99133	0.037628	1	
9.99141	0.0393413	1	
9.99149	0.0413404	1	
9.99158	0.0435494	1	
9.99167	0.0458138	1	
9.99177	0.0480181	1	
9.99187	0.050103	1	
9.99197	0.0519154	1	
9.99208	0.0532519	1	
9.99219	0.0539426	1	
9.99229	0.0540041	1	
9.9924	0.0536078	1	
9.99251	0.0529669	1	
9.99261	0.0523959	1	
9.99272	0.0518997	1	
9.99282	0.0517441	1	
9.99292	0.0517285	1	
9.99303	0.0518322	1	
9.99313	0.051591	1	
9.99323	0.0510114	1	
9.99333	0.0501931	1	
9.99343	0.0493378	1	
9.99353	0.0486603	1	
9.99363	0.0483317	1	
9.99372	0.0484401	1	
9.99382	0.0490078	1	
9.99392	0.0500392	1	
9.99402	0.0514392	1	
9.99413	0.0533973	1	
9.99424	0.055663	1	
9.99436	0.0580492	1	
9.99448	0.060219	1	
9.9946	0.0622243	1	
9.99473	0.0640289	1	
9.99486	0.0656848	1	
9.995	0.0670644	1	
9.99513	0.0681669	1	
9.99527	0.0688222	1	
9.99541	0.0691744	1	
9.99555	0.0689624	1	
9.99568	0.0684238	1	
9.99582	0.0677039	1	
9.99595	0.0668412	1	
9.99608	0.0659327	1	
9.99621	0.0648034	1	
9.99634	0.0635425	1	
9.99646	0.0621963	1	
9.99659	0.0608196	1	
9.99671	0.059428	1	
9.99682	0.057997	1	
9.99693	0.0568187	1	
9.99705	0.0558215	1	
9.99716	0.0550183	1	
9.99727	0.0543691	1	
9.99737	0.0540718	1	
9.99748	0.0539012	1	
9.99759	0.0538169	1	
9.9977	0.0538052	1	
9.9978	0.0538475	1	
9.99791	0.054353	1	
9.99802	0.0552642	1	
9.99814	0.0564892	1	
9.99825	0.0578609	1	
9.99837	0.0593456	1	
9.99849	0.0608539	1	
9.99862	0.0622153	1	
9.99874	0.0630734	1	
9.99887	0.0634547	1	
9.999	0.0635213	1	
9.99912	0.0632773	1	
9.99925	0.0628631	1	
9.99937	0.0621258	1	
9.9995	0.0609181	1	
9.99961	0.0592863	1	
9.99973	0.0572084	1	
9.99984	0.0551011	1	
9.99994	0.0528735	1	
10	0.0504715	1	
10.0001	0.0478336	1	
10.0002	0.0451906	1	
10.0003	0.0424179	1	
10.0004	0.0399256	1	
10.0005	0.0378164	1	
10.0005	0.0362022	1	
10.0006	0.0349644	1	
10.0007	0.0341131	1	
10.0007	0.0333379	1	
10.0008	0.0324892	1	
10.0009	0.0318051	1	
10.0009	0.031189	1	
10.001	0.0307216	1	
10.0011	0.0302236	1	
10.0011	0.0293864	1	
10.0012	0.028044	1	
10.0012	0.0261857	1	
10.0013	0.023901	1	
10.0013	0.0210008	1	
10.0014	0.017537	1	
10.0014	0.0137299	1	
10.0014	0.00948649	1	
10.0014	0.00481921	1	
10.0014	0.000234455	1	
10.0014	-0.00419816	1	
10.0014	-0.008411	1	
10.0014	-0.0122207	1	
10.0013	-0.015611	1	
10.0013	-0.0186179	1	
10.0013	-0.0210715	1	
10.0012	-0.0227816	1	
10.0012	-0.0235552	1	
10.0011	-0.0230854	1	
10.0011	-0.0216808	1	
10.001	-0.019447	1	
10.001	-0.0167588	1	
10.001	-0.0136624	1	
10.0009	-0.0105532	1	
10.0009	-0.00745391	1	
10.0009	-0.0047578	1	
10.0009	-0.00256681	1	
10.0009	-0.00102395	1	
10.0009	-0.000333549	1	
10.0009	-0.000646248	1	
10.0009	-0.00187578	1	
10.0009	-0.00377937	1	
10.0009	-0.00601705	1	
10.0009	-0.00864584	1	
10.0009	-0.011428	1	
10.0008	-0.0141676	1	
10.0008	-0.0168634	1	
10.0007	-0.0191711	1	
10.0007	-0.0208029	1	
10.0007	-0.0216058	1	
10.0006	-0.0214071	1	
10.0006	-0.0199808	1	
10.0005	-0.0176447	1	
10.0005	-0.0143889	1	
10.0005	-0.0103357	1	
10.0005	-0.00563941	1	
10.0005	-0.000342804	1	
10.0005	0.00527332	1	
10.0005	0.0110151	1	
10.0006	0.016474	1	
10.0006	0.0215076	1	
10.0006	0.0258757	1	
10.0007	0.0293007	1	
10.0008	0.0318402	1	
10.0008	0.0333122	1	
10.0009	0.0336195	1	
10.001	0.0330249	1	
10.001	0.0316361	1	
10.0011	0.0294748	1	
10.0011	0.0266966	1	
10.0012	0.0236939	1	
10.0012	0.0205835	1	
10.0013	0.0178496	1	
10.0013	0.015602	1	
10.0013	0.0144392	1	
10.0014	0.0142009	1	
10.0014	0.0148155	1	
10.0014	0.0163801	1	
10.0015	0.0188056	1	
10.0015	0.0216704	1	
10.0015	0.0248328	1	
10.0016	0.0279885	1	
10.0017	0.0314842	1	
10.0017	0.035066	1	
10.0018	0.0385183	1	
10.0019	0.0414512	1	
10.002	0.0434816	1	
10.0021	0.044094	1	
10.0022	0.043377	1	
10.0022	0.0415383	1	
10.0023	0.0387808	1	
10.0024	0.0355984	1	
10.0025	0.0322272	1	
10.0025	0.0288095	1	
10.0026	0.0257112	1	
10.0026	0.0230095	1	
10.0027	0.0209323	1	
10.0027	0.0193416	1	
10.0027	0.0182669	1	
10.0028	0.017784	1	
10.0028	0.018077	1	
10.0028	0.0190314	1	
10.0029	0.0206838	1	
10.0029	0.023039	1	
10.003	0.0257616	1	
10.003	0.0288563	1	
10.0031	0.0319153	1	
10.0032	0.0344961	1	
10.0032	0.0360236	1	
10.0033	0.0364413	1	
10.0034	0.0355516	1	
10.0035	0.0338436	1	
10.0035	0.0313996	1	
10.0036	0.0287678	1	
10.0036	0.025794	1	
10.0037	0.0228121	1	
10.0037	0.019833	1	
10.0037	0.017131	1	
10.0038	0.0149484	1	
10.0038	0.0134929	1	
10.0038	0.0126793	1	
10.0039	0.0127705	1	
10.0039	0.0133466	1	
10.0039	0.0144997	1	
10.0039	0.0162456	1	
10.004	0.0185677	1	
10.004	0.0213498	1	
10.0041	0.0242994	1	
10.0041	0.0268952	1	
10.0042	0.0287197	1	
10.0042	0.0294726	1	
10.0043	0.0291181	1	
10.0044	0.0278002	1	
10.0044	0.0255074	1	
10.0044	0.0227603	1	
10.0045	0.0196362	1	
10.0045	0.0162485	1	
10.0045	0.0128998	1	
10.0046	0.00977999	1	
10.0046	0.00695173	1	
10.0046	0.0048033	1	
10.0046	0.00336831	1	
10.0046	0.00304259	1	
10.0046	0.00363242	1	
10.0046	0.00510146	1	
10.0046	0.00710732	1	
10.0047	0.00966255	1	
10.0047	0.0123433	1	
10.0047	0.0150629	1	
10.0047	0.0176521	1	
10.0048	0.0195068	1	
10.0048	0.0204661	1	
10.0049	0.0201255	1	
10.0049	0.0183892	1	
10.0049	0.0155054	1	
10.005	0.0117872	1	
10.005	0.0073634	1	
10.005	0.00273111	1	
10.005	-0.00200906	1	
10.005	-0.00628676	1	
10.0049	-0.0101682	1	
10.0049	-0.0134818	1	
10.0049	-0.0156917	1	
10.0048	-0.0166774	1	
10.0048	-0.0163892	1	
10.0048	-0.0149493	1	
10.0048	-0.0125515	1	
10.0047	-0.0092383	1	
10.0047	-0.00534584	1	
10.0047	-0.00134569	1	
10.0047	0.00255063	1	
10.0047	0.00582912	1	
10.0048	0.0080537	1	
10.0048	0.00894796	1	
10.0048	0.00873216	1	
10.0048	0.00739807	1	
10.0048	0.00525018	1	
10.0048	0.00238316	1	
10.0048	-0.000705458	1	
10.0048	-0.0038871	1	
10.0048	-0.00692637	1	
10.0048	-0.009508	1	
10.0048	-0.0112839	1	
10.0047	-0.0120211	1	
10.0047	-0.0117417	1	
10.0047	-0.0105076	1	
10.0047	-0.00845507	1	
10.0047	-0.00579461	1	
10.0047	-0.00269849	1	
10.0047	0.000552323	1	
10.0047	0.00362182	1	
10.0047	0.00633954	1	
10.0047	0.00824637	1	
10.0047	0.00946771	1	
10.0047	0.00957449	1	
10.0048	0.0086572	1	
10.0048	0.00662262	1	
10.0048	0.00386064	1	
10.0048	0.000740103	1	
10.0048	-0.00275333	1	
10.0048	-0.00618518	1	
10.0047	-0.00939276	1	
10.0047	-0.0122345	1	
10.0047	-0.0143631	1	
10.0047	-0.0158785	1	
10.0046	-0.0167701	1	
10.0046	-0.016835	1	
10.0046	-0.0164414	1	
10.0045	-0.0157264	1	
10.0045	-0.0150693	1	
10.0045	-0.014527	1	
10.0044	-0.0145031	1	
10.0044	-0.0150066	1	
10.0044	-0.0160268	1	
10.0043	-0.0173009	1	
10.0043	-0.01898	1	
10.0043	-0.0206812	1	
10.0042	-0.0222624	1	
10.0042	-0.0236947	1	
10.0041	-0.0246312	1	
10.0041	-0.0248855	1	
10.004	-0.0243671	1	
10.004	-0.0232738	1	
10.0039	-0.0213207	1	
10.0039	-0.0188748	1	
10.0039	-0.0158735	1	
10.0038	-0.0125932	1	
10.0038	-0.0090668	1	
10.0038	-0.00577622	1	
10.0038	-0.0027749	1	
10.0038	-0.000685785	1	
10.0038	0.000424442	1	
10.0038	0.000421116	1	
10.0038	-0.000636148	1	
10.0038	-0.00239559	1	
10.0038	-0.00472861	1	
10.0038	-0.00739715	1	
10.0037	-0.0104156	1	
10.0037	-0.0134759	1	
10.0037	-0.016309	1	
10.0036	-0.0185458	1	
10.0036	-0.0199653	1	
10.0036	-0.0205501	1	
10.0035	-0.0201148	1	
10.0035	-0.0190663	1	
10.0035	-0.0175277	1	
10.0034	-0.0156404	1	
10.0034	-0.0135736	1	
10.0034	-0.0113477	1	
10.0034	-0.00982601	1	
10.0033	-0.00906324	1	
10.0033	-0.00908878	1	
10.0033	-0.00989571	1	
10.0033	-0.0115056	1	
10.0032	-0.0136251	1	
10.0032	-0.0160755	1	
10.0032	-0.0187779	1	
10.0031	-0.0214998	1	
10.0031	-0.0241558	1	
10.003	-0.0264378	1	
10.003	-0.0281141	1	
10.0029	-0.0290414	1	
10.0029	-0.0289094	1	
10.0028	-0.0276329	1	
10.0028	-0.0253709	1	
10.0027	-0.0227035	1	
10.0027	-0.0200374	1	
10.0026	-0.0176017	1	
10.0026	-0.015769	1	
10.0026	-0.0145024	1	
10.0025	-0.0138286	1	
10.0025	-0.0137037	1	
10.0025	-0.0141209	1	
10.0025	-0.0149473	1	
10.0024	-0.0162489	1	
10.0024	-0.0178498	1	
10.0024	-0.0196529	1	
10.0023	-0.0215008	1	
10.0023	-0.0231928	1	
10.0022	-0.0245552	1	
10.0022	-0.0253127	1	
10.0021	-0.0254906	1	
10.0021	-0.0250367	1	
10.002	-0.0238562	1	
10.002	-0.022451	1	
10.0019	-0.0210681	1	
10.0019	-0.0198997	1	
10.0019	-0.0193105	1	
10.0018	-0.0192932	1	
10.0018	-0.0198495	1	
10.0017	-0.0210562	1	
10.0017	-0.0228153	1	
10.0016	-0.0248838	1	
10.0016	-0.026978	1	
10.0015	-0.0289672	1	
10.0015	-0.0308349	1	
10.0014	-0.0325264	1	
10.0013	-0.033759	1	
10.0013	-0.0346081	1	
10.0012	-0.0346834	1	
10.0011	-0.0338522	1	
10.0011	-0.0320214	1	
10.001	-0.029526	1	
10.0009	-0.0263915	1	
10.0009	-0.0230807	1	
10.0009	-0.0201697	1	
10.0008	-0.018158	1	
10.0008	-0.017201	1	
10.0008	-0.017318	1	
10.0007	-0.0183471	1	
10.0007	-0.0198346	1	
10.0006	-0.0217554	1	
10.0006	-0.02387	1	
10.0005	-0.0260739	1	
10.0005	-0.0283037	1	
10.0004	-0.0305046	1	
10.0004	-0.0322894	1	
10.0003	-0.0334546	1	
10.0002	-0.0338827	1	
10.0002	-0.033323	1	
10.0001	-0.0316594	1	
10	-0.0290279	1	
9.99998	-0.0256924	1	
9.99993	-0.0218926	1	
9.9999	-0.0180935	1	
9.99987	-0.0147458	1	
9.99984	-0.0124454	1	
9.99982	-0.011298	1	
9.9998	-0.0113581	1	
9.99977	-0.0124159	1	
9.99975	-0.01431	1	
9.99971	-0.0167605	1	
9.99967	-0.019584	1	
9.99963	-0.0227111	1	
9.99957	-0.0260286	1	
9.99952	-0.0294327	1	
9.99945	-0.0326173	1	
9.99938	-0.0350816	1	
9.99931	-0.0367379	1	
9.99923	-0.0374467	1	
9.99916	-0.0369774	1	
9.99909	-0.0355407	1	
9.99902	-0.0334926	1	
9.99896	-0.031016	1	
9.9989	-0.0287631	1	
9.99885	-0.0268734	1	
9.9988	-0.0258232	1	
9.99874	-0.0256369	1	
9.99869	-0.0260801	1	
9.99864	-0.0272667	1	
9.99858	-0.0290058	1	
9.99852	-0.0311601	1	
9.99845	-0.033642	1	
9.99838	-0.0364959	1	
9.9983	-0.0396952	1	
9.99821	-0.0429586	1	
9.99812	-0.0460193	1	
9.99802	-0.0485174	1	
9.99792	-0.0502169	1	
9.99782	-0.0510433	1	
9.99772	-0.0507898	1	
9.99762	-0.049639	1	
9.99752	-0.0477747	1	
9.99743	-0.0453993	1	
9.99735	-0.0428685	1	
9.99727	-0.0407309	1	
9.99719	-0.0390353	1	
9.99711	-0.0380487	1	
9.99704	-0.0378378	1	
9.99696	-0.038216	1	
9.99688	-0.0390698	1	
9.9968	-0.0402565	1	
9.99672	-0.041794	1	
9.99663	-0.043621	1	
9.99654	-0.0454344	1	
9.99644	-0.0471738	1	
9.99635	-0.0485754	1	
9.99625	-0.0494569	1	
9.99615	-0.0495417	1	
9.99605	-0.0488008	1	
9.99596	-0.0472425	1	
9.99587	-0.0449881	1	
9.99578	-0.042061	1	
9.99571	-0.0389092	1	
9.99563	-0.035792	1	
9.99557	-0.0327642	1	
9.99551	-0.0301965	1	
9.99545	-0.0281109	1	
9.9954	-0.0264807	1	
9.99535	-0.0253133	1	
9.9953	-0.0246589	1	
9.99525	-0.0245856	1	
9.9952	-0.0249496	1	
9.99515	-0.025469	1	
9.9951	-0.0260553	1	
9.99504	-0.0266309	1	
9.99499	-0.0271592	1	
9.99493	-0.0277021	1	
9.99488	-0.0279159	1	
9.99482	-0.0277783	1	
9.99477	-0.0270284	1	
9.99472	-0.0256282	1	
9.99467	-0.0236876	1	
9.99463	-0.0214662	1	
9.99459	-0.0190613	1	
9.99456	-0.0166707	1	
9.99453	-0.0145374	1	
9.9945	-0.0128027	1	
9.99448	-0.0116277	1	
9.99446	-0.010995	1	
9.99443	-0.0107479	1	
9.99441	-0.0108468	1	
9.99439	-0.0111195	1	
9.99437	-0.0115549	1	
9.99434	-0.0120474	1	
9.99432	-0.0125449	1	
9.99429	-0.0132309	1	
9.99426	-0.0139108	1	
9.99423	-0.0144872	1	
9.9942	-0.0149088	1	
9.99417	-0.0151641	1	
9.99414	-0.0150287	1	
9.99412	-0.0143468	1	
9.99409	-0.0129221	1	
9.99407	-0.0109221	1	
9.99405	-0.00845775	1	
9.99404	-0.00589342	1	
9.99403	-0.00346824	1	
9.99403	-0.0013862	1	
9.99403	2.28841e-05	1	
9.99403	0.000617251	1	
9.99403	0.00044815	1	
9.99403	-0.00018238	1	
9.99403	-0.00110319	1	
9.99402	-0.00228339	1	
9.99402	-0.00372136	1	
9.99401	-0.00528199	1	
9.99399	-0.00703919	1	
9.99397	-0.00879668	1	
9.99395	-0.0104265	1	
9.99393	-0.0119069	1	
9.9939	-0.012994	1	
9.99388	-0.0135793	1	
9.99385	-0.0135902	1	
9.99382	-0.0127943	1	
9.9938	-0.0114171	1	
9.99378	-0.009407	1	
9.99377	-0.0070073	1	
9.99376	-0.00428283	1	
9.99376	-0.00163071	1	
9.99376	0.000625754	1	
9.99376	0.0020734	1	
9.99377	0.00259241	1	
9.99377	0.0021192	1	
9.99377	0.000925909	1	
9.99377	-0.00107212	1	
9.99376	-0.00349111	1	
9.99375	-0.00634682	1	
9.99373	-0.0095321	1	
9.99371	-0.0130514	1	
9.99367	-0.0164347	1	
9.99363	-0.019762	1	
9.99359	-0.0226488	1	
9.99354	-0.0248864	1	
9.99349	-0.0264498	1	
9.99343	-0.0272591	1	
9.99338	-0.0272379	1	
9.99332	-0.0264297	1	
9.99327	-0.024907	1	
9.99323	-0.0229601	1	
9.99319	-0.0207131	1	
9.99315	-0.0181776	1	
9.99312	-0.0159086	1	
9.99309	-0.0141791	1	
9.99306	-0.0133288	1	
9.99304	-0.0135694	1	
9.99301	-0.0152058	1	
9.99297	-0.0179096	1	
9.99293	-0.0214875	1	
9.99288	-0.0254013	1	
9.99282	-0.0298907	1	
9.99275	-0.0345082	1	
9.99267	-0.0390805	1	
9.99258	-0.0434913	1	
9.99249	-0.0475275	1	
9.99239	-0.0509058	1	
9.99228	-0.0534871	1	
9.99217	-0.0551331	1	
9.99206	-0.0557442	1	
9.99195	-0.0552183	1	
9.99184	-0.0535887	1	
9.99174	-0.0510964	1	
9.99164	-0.0479782	1	
9.99155	-0.0443279	1	
9.99147	-0.0404478	1	
9.9914	-0.0367144	1	
9.99133	-0.0334392	1	
9.99127	-0.0310318	1	
9.99121	-0.0295784	1	
9.99115	-0.0291424	1	
9.99109	-0.029889	1	
9.99103	-0.0315826	1	
9.99096	-0.0340852	1	
9.99089	-0.0370525	1	
9.99081	-0.0400995	1	
9.99072	-0.0432836	1	
9.99063	-0.0464752	1	
9.99053	-0.0493725	1	
9.99042	-0.0518643	1	
9.99032	-0.0539419	1	
9.99021	-0.0552286	1	
9.9901	-0.0557186	1	
9.98998	-0.055311	1	
9.98988	-0.0538102	1	
9.98977	-0.0514076	1	
9.98968	-0.048338	1	
9.98959	-0.0449703	1	
9.9895	-0.0414648	1	
9.98943	-0.0379966	1	
9.98936	-0.0347214	1	
9.98929	-0.0321135	1	
9.98923	-0.0302672	1	
9.98917	-0.0294144	1	
9.98912	-0.0292509	1	
9.98906	-0.0302157	1	
9.98899	-0.0320498	1	
9.98892	-0.0343707	1	
9.98885	-0.0371771	1	
9.98877	-0.0401528	1	
9.98868	-0.043408	1	
9.98859	-0.0465884	1	
9.98849	-0.0496127	1	
9.98839	-0.0522719	1	
9.98828	-0.0544331	1	
9.98816	-0.05618	1	
9.98805	-0.0574907	1	
9.98793	-0.0583665	1	
9.98781	-0.0586313	1	
9.9877	-0.058486	1	
9.98758	-0.0577048	1	
9.98747	-0.0566901	1	
9.98736	-0.0554757	1	
9.98725	-0.0544561	1	
9.98714	-0.0536705	1	
9.98704	-0.0531683	1	
9.98693	-0.0531826	1	
9.98682	-0.0539396	1	
9.98671	-0.0553373	1	
9.98659	-0.0579232	1	
9.98647	-0.0613843	1	
9.98634	-0.0657531	1	
9.9862	-0.0713049	1	
9.98604	-0.0776155	1	
9.98587	-0.0848588	1	
9.98569	-0.0927573	1	
9.98549	-0.101014	1	
9.98527	-0.109748	1	
9.98503	-0.11881	1	
9.98477	-0.128085	1	
9.9845	-0.137593	1	
9.9842	-0.147272	1	
9.98389	-0.156933	1	
9.98355	-0.166626	1	
9.9832	-0.176315	1	
9.98283	-0.186145	1	
9.98244	-0.195924	1	
9.98203	-0.205722	1	
9.9816	-0.215474	1	
9.98114	-0.225395	1	
9.98067	-0.23558	1	
9.98018	-0.245882	1	
9.97967	-0.256634	1	
9.97913	-0.267909	1	
9.97857	-0.279655	1	
9.97799	-0.291884	1	
9.97738	-0.304699	1	
9.97674	-0.317937	1	
9.97608	-0.331534	1	
9.97539	-0.345532	1	
9.97467	-0.359869	1	
9.97392	-0.374176	1	
9.97315	-0.38872	1	
9.97234	-0.403507	1	
9.9715	-0.418176	1	
9.97064	-0.433024	1	
9.96974	-0.447941	1	
9.96881	-0.462283	1	
9.96786	-0.476143	1	
9.96688	-0.489922	1	
9.96588	-0.50353	1	
9.96484	-0.517075	1	
9.96378	-0.530318	1	
9.9627	-0.543099	1	
9.96158	-0.555426	1	
9.96045	-0.567617	1	
9.95929	-0.57993	1	
9.95811	-0.591898	1	
9.9569	-0.603835	1	
9.95567	-0.615931	1	
9.95441	-0.628198	1	
9.95313	-0.640693	1	
9.95182	-0.653042	1	
9.95049	-0.665387	1	
9.94914	-0.67794	1	
9.94775	-0.690641	1	
9.94635	-0.703517	1	
9.94491	-0.716895	1	
9.94345	-0.730709	1	
9.94196	-0.744667	1	
9.94044	-0.758577	1	
9.9389	-0.772427	1	
9.93733	-0.786219	1	
9.93573	-0.800047	1	
9.9341	-0.813967	1	
9.93244	-0.827878	1	
9.93076	-0.84125	1	
9.92905	-0.853739	1	
9.92732	-0.865577	1	
9.92557	-0.877089	1	
9.92379	-0.888656	1	
9.92199	-0.900458	1	
9.92017	-0.912586	1	
9.91832	-0.924686	1	
9.91644	-0.936504	1	
9.91455	-0.948054	1	
9.91263	-0.959292	1	
9.91069	-0.970381	1	
9.90872	-0.98163	1	
9.90674	-0.992924	1	
9.90473	-1.00447	1	
9.9027	-1.01618	1	
9.90064	-1.02798	1	
9.89856	-1.04032	1	
9.89645	-1.05336	1	
9.89432	-1.06702	1	
9.89216	-1.08126	1	
9.88997	-1.0961	1	
9.88774	-1.11151	1	
9.88549	-1.12742	1	
9.8832	-1.14359	1	
9.88088	-1.16004	1	
9.87853	-1.17668	1	
9.87614	-1.19368	1	
9.87372	-1.21095	1	
9.87126	-1.22824	1	
9.86877	-1.24523	1	
9.86625	-1.26193	1	
9.86369	-1.27887	1	
9.8611	-1.29622	1	
9.85847	-1.31375	1	
9.85581	-1.33112	1	
9.85311	-1.34827	1	
9.85038	-1.36511	1	
9.84762	-1.38149	1	
9.84482	-1.39718	1	
9.842	-1.4124	1	
9.83914	-1.42745	1	
9.83626	-1.44253	1	
9.83334	-1.45724	1	
9.8304	-1.47125	1	
9.82743	-1.485	1	
9.82443	-1.49876	1	
9.82141	-1.51241	1	
9.81836	-1.52594	1	
9.81528	-1.5393	1	
9.81217	-1.55215	1	
9.80904	-1.56456	1	
9.80589	-1.57626	1	
9.80272	-1.58755	1	
9.79952	-1.59904	1	
9.7963	-1.61072	1	
9.79305	-1.62237	1	
9.78978	-1.63438	1	
9.78649	-1.64703	1	
9.78317	-1.65971	1	
9.77983	-1.67253	1	
9.77645	-1.68565	1	
9.77306	-1.69951	1	
9.76963	-1.71418	1	
9.76617	-1.73025	1	
9.76267	-1.74731	1	
9.75914	-1.76561	1	
9.75557	-1.78434	1	
9.75196	-1.80344	1	
9.74832	-1.82303	1	
9.74463	-1.84356	1	
9.7409	-1.86476	1	
9.73713	-1.88631	1	
9.73331	-1.90815	1	
9.72945	-1.93002	1	
9.72555	-1.95181	1	
9.7216	-1.97305	1	
9.71762	-1.99253	1	
9.7136	-2.00983	1	
9.70955	-2.02531	1	
9.70547	-2.03938	1	
9.70136	-2.05269	1	
9.69723	-2.06564	1	
9.69308	-2.07812	1	
9.6889	-2.08984	1	
9.6847	-2.10077	1	
9.68047	-2.1106	1	
9.67624	-2.1193	1	
9.67198	-2.12699	1	
9.66771	-2.13442	1	
9.66343	-2.1422	1	
9.65913	-2.15094	1	
9.6548	-2.16148	1	
9.65045	-2.17439	1	
9.64608	-2.18982	1	
9.64166	-2.20754	1	
9.63721	-2.22702	1	
9.63271	-2.24728	1	
9.62817	-2.26812	1	
9.62359	-2.29024	1	
9.61897	-2.31323	1	
9.61429	-2.33714	1	
9.60957	-2.36175	1	
9.6048	-2.38642	1	
9.59998	-2.41081	1	
9.59511	-2.43416	1	
9.5902	-2.45585	1	
9.58524	-2.47593	1	
9.58026	-2.49418	1	
9.57523	-2.51062	1	
9.57018	-2.52545	1	
9.56511	-2.53844	1	
9.56001	-2.54984	1	
9.55489	-2.55989	1	
9.54975	-2.56883	1	
9.54459	-2.57715	1	
9.53942	-2.58518	1	
9.53424	-2.59342	1	
9.52903	-2.60264	1	
9.52381	-2.61353	1	
9.51855	-2.62674	1	
9.51327	-2.6424	1	
9.50795	-2.66034	1	
9.50259	-2.6801	1	
9.49718	-2.70197	1	
9.49173	-2.72547	1	
9.48623	-2.7503	1	
9.48068	-2.77624	1	
9.47507	-2.8034	1	
9.46941	-2.83132	1	
9.46369	-2.85829	1	
9.45793	-2.88333	1	
9.45211	-2.90593	1	
9.44626	-2.92608	1	
9.44037	-2.9437	1	
9.43446	-2.95865	1	
9.42851	-2.97149	1	
9.42255	-2.98248	1	
9.41657	-2.9914	1	
9.41057	-2.99876	1	
9.40456	-3.00497	1	
9.39854	-3.01106	1	
9.3925	-3.01792	1	
9.38645	-3.0266	1	
9.38037	-3.03773	1	
9.37427	-3.051	1	
9.36814	-3.06633	1	
9.36197	-3.08416	1	
9.35576	-3.10466	1	
9.3495	-3.12786	1	
9.3432	-3.15339	1	
9.33684	-3.1808	1	
9.33042	-3.2094	1	
9.32394	-3.23839	1	
9.31741	-3.26704	1	
9.31082	-3.29425	1	
9.30418	-3.31969	1	
9.29749	-3.34218	1	
9.29077	-3.36158	1	
9.28401	-3.37835	1	
9.27723	-3.39339	1	
9.27041	-3.40731	1	
9.26357	-3.4201	1	
9.25671	-3.43166	1	
9.24982	-3.44252	1	
9.24292	-3.45314	1	
9.23599	-3.46394	1	
9.22904	-3.47581	1	
9.22206	-3.48916	1	
9.21505	-3.50442	1	
9.20801	-3.52144	1	
9.20093	-3.54042	1	
9.19381	-3.56083	1	
9.18664	-3.58144	1	
9.17944	-3.60192	1	
9.17219	-3.62212	1	
9.16491	-3.64219	1	
9.15759	-3.66208	1	
9.15022	-3.68139	1	
9.14283	-3.69934	1	
9.13539	-3.71558	1	
9.12793	-3.73015	1	
9.12045	-3.74387	1	
9.11293	-3.75714	1	
9.10539	-3.77112	1	
9.09782	-3.7859	1	
9.09021	-3.80137	1	
9.08258	-3.81741	1	
9.07491	-3.8335	1	
9.06721	-3.84963	1	
9.05948	-3.86628	1	
9.05171	-3.88329	1	
9.04391	-3.90038	1	
9.03608	-3.91773	1	
9.02821	-3.93533	1	
9.0203	-3.95323	1	
9.01236	-3.97089	1	
9.00438	-3.98785	1	
8.99638	-4.00372	1	
8.98834	-4.01941	1	
8.98027	-4.03601	1	
8.97216	-4.05344	1	
8.96401	-4.07218	1	
8.95583	-4.09174	1	
8.94761	-4.1112	1	
8.93935	-4.13017	1	
8.93105	-4.14867	1	
8.92272	-4.16711	1	
8.91434	-4.18579	1	
8.90594	-4.20412	1	
8.8975	-4.22053	1	
8.88903	-4.23445	1	
8.88053	-4.24617	1	
8.87202	-4.25614	1	
8.86349	-4.26553	1	
8.85494	-4.27481	1	
8.84637	-4.2841	1	
8.83779	-4.29378	1	
8.82918	-4.30449	1	
8.82054	-4.31691	1	
8.81188	-4.33254	1	
8.80318	-4.35083	1	
8.79443	-4.37122	1	
8.78565	-4.39303	1	
8.77682	-4.41549	1	
8.76794	-4.43854	1	
8.75902	-4.46174	1	
8.75005	-4.48407	1	
8.74104	-4.50478	1	
8.73199	-4.52357	1	
8.72291	-4.53996	1	
8.7138	-4.5542	1	
