10	0	1	
10	0	1	
10	0	1	
10	0	1	
10	0	1	
9.99998	-0.00830841	1	
9.99994	-0.0233412	1	
9.99986	-0.0405283	1	
9.99974	-0.0564482	1	
9.9996	-0.0702635	1	
9.99944	-0.0823288	1	
9.99925	-0.0940472	1	
9.99904	-0.106449	1	
9.9988	-0.120196	1	
9.99853	-0.13524	1	
9.99822	-0.15061	1	
9.99789	-0.165478	1	
9.99754	-0.178887	1	
9.99715	-0.191112	1	
9.99675	-0.20224	1	
9.99632	-0.212917	1	
9.99588	-0.223415	1	
9.99541	-0.234013	1	
9.99492	-0.244771	1	
9.99441	-0.255369	1	
9.99388	-0.265602	1	
9.99333	-0.275336	1	
9.99276	-0.284186	1	
9.99217	-0.29185	1	
9.99158	-0.297764	1	
9.99098	-0.301702	1	
9.99037	-0.303387	1	
9.98976	-0.30269	1	
9.98916	-0.299676	1	
9.98857	-0.294241	1	
9.988	-0.287241	1	
9.98744	-0.279131	1	
9.9869	-0.270009	1	
9.98638	-0.260331	1	
9.98588	-0.249713	1	
9.98541	-0.238218	1	
9.98495	-0.225893	1	
9.98453	-0.212997	1	
9.98413	-0.199692	1	
9.98376	-0.186251	1	
9.98341	-0.173051	1	
9.98309	-0.160376	1	
9.98279	-0.148558	1	
9.98252	-0.137547	1	
9.98226	-0.12738	1	
9.98203	-0.118188	1	
9.98181	-0.10996	1	
9.9816	-0.10261	1	
9.98141	-0.0964583	1	
9.98123	-0.0914218	1	
9.98105	-0.0874723	1	
9.98088	-0.0842363	1	
9.98072	-0.0815996	1	
9.98056	-0.0792202	1	
9.98041	-0.0771595	1	
9.98026	-0.0751737	1	
9.98011	-0.0732272	1	
9.97997	-0.0713314	1	
9.97983	-0.0695579	1	
9.97969	-0.0680056	1	
9.97956	-0.0665267	1	
9.97943	-0.0649102	1	
9.9793	-0.0631821	1	
9.97918	-0.0613368	1	
9.97906	-0.0594164	1	
9.97895	-0.0574515	1	
9.97883	-0.0554698	1	
9.97873	-0.0532924	1	
9.97863	-0.05095	1	
9.97853	-0.0485632	1	
9.97844	-0.0461823	1	
9.97835	-0.0438629	1	
9.97827	-0.0416583	1	
9.97819	-0.0395825	1	
9.97811	-0.0376226	1	
9.97804	-0.0358705	1	
9.97797	-0.034237	1	
9.97791	-0.0326933	1	
9.97784	-0.0311676	1	
9.97778	-0.0296692	1	
9.97773	-0.028363	1	
9.97767	-0.0271665	1	
9.97762	-0.0260525	1	
9.97757	-0.0250078	1	
9.97752	-0.0240171	1	
9.97748	-0.0230749	1	
9.97743	-0.0221755	1	
9.9774	-0.0141923	1	
9.97739	-0.0090831	1	
9.97737	-0.00581318	1	
9.97737	-0.00372044	1	
9.97736	-0.00238108	1	
9.97736	-0.00152389	1	
9.97736	-0.00097529	1	
9.97736	-0.000624186	1	
9.97736	-0.000399479	1	
9.97735	-0.000255667	1	
9.97735	-0.000163627	1	
9.97735	-0.000104721	1	
9.97735	-6.70214e-05	1	
9.97735	-4.28937e-05	1	
9.97735	-2.7452e-05	1	
9.97735	-1.75693e-05	1	
9.97735	-1.12443e-05	1	
9.97735	-7.19637e-06	1	
9.97735	-4.60568e-06	1	
9.97735	-2.94763e-06	1	
9.97735	-1.88649e-06	1	
9.97735	-1.20735e-06	1	
9.97735	-7.72704e-07	1	
9.97735	-4.94531e-07	1	
9.97735	-3.165e-07	1	
9.97735	-2.0256e-07	1	
9.97735	-1.29638e-07	1	
9.97735	-8.29685e-08	1	
9.97735	-5.30998e-08	1	
9.97735	-3.39839e-08	1	
9.97735	-2.17497e-08	1	
9.97735	-1.39198e-08	1	
9.97735	-8.90867e-09	1	
9.97735	-5.70155e-09	1	
9.97735	-3.64899e-09	1	
9.97735	-2.33536e-09	1	
9.97735	-1.49463e-09	1	
9.97735	-9.56561e-10	1	
9.97735	-6.12199e-10	1	
9.97735	-3.91808e-10	1	
9.97735	-2.50757e-10	1	
9.97735	-1.60484e-10	1	
9.97735	-1.0271e-10	1	
9.97735	-6.57344e-11	1	
9.97735	-4.207e-11	1	
9.97735	-2.69248e-11	1	
9.97735	-1.72319e-11	1	
9.97735	-1.10284e-11	1	
9.97735	-7.05817e-12	1	
9.97735	-4.51723e-12	1	
9.97735	-2.89103e-12	1	
9.97735	-1.85026e-12	1	
9.97735	-1.18417e-12	1	
9.97735	-7.57866e-13	1	
9.97735	-4.85034e-13	1	
9.97735	-3.10422e-13	1	
9.97735	-1.9867e-13	1	
9.97735	-1.27149e-13	1	
9.97735	-8.13752e-14	1	
9.97735	-5.20801e-14	1	
9.97735	-3.33313e-14	1	
9.97735	-2.1332e-14	1	
9.97735	-1.36525e-14	1	
9.97735	-8.73759e-15	1	
9.97735	-5.59206e-15	1	
9.97735	-3.57892e-15	1	
9.97735	-2.29051e-15	1	
9.97735	-1.46592e-15	1	
9.97735	-9.38192e-16	1	
9.97735	-6.00443e-16	1	
9.97735	-3.84283e-16	1	
9.97735	-2.45941e-16	1	
9.97735	-1.57402e-16	1	
9.97735	-1.00738e-16	1	
9.97735	-6.4472e-17	1	
9.97735	-4.12621e-17	1	
9.97735	-2.64077e-17	1	
9.97735	-1.6901e-17	1	
9.97735	-1.08166e-17	1	
9.97735	-6.92263e-18	1	
9.97735	-4.43048e-18	1	
9.97735	-2.83551e-18	1	
9.97735	-1.81473e-18	1	
9.97735	-1.16142e-18	1	
9.97735	-7.43312e-19	1	
9.97735	-4.7572e-19	1	
9.97735	-3.04461e-19	1	
9.97735	-1.94855e-19	1	
9.97735	-1.24707e-19	1	
9.97735	-7.98125e-20	1	
9.97735	-5.108e-20	1	
9.97735	-3.26912e-20	1	
9.97735	-2.09224e-20	1	
9.97735	-1.33903e-20	1	
9.97735	-8.5698e-21	1	
9.97735	-5.48467e-21	1	
9.97735	-3.51019e-21	1	
9.97735	-2.24652e-21	1	
9.97735	-1.43777e-21	1	
9.97735	-9.20175e-22	1	
9.97735	-5.88912e-22	1	
9.97735	-3.76904e-22	1	
9.97735	-2.41218e-22	1	
9.97735	-1.5438e-22	1	
9.97735	-9.8803e-23	1	
9.97735	-6.32339e-23	1	
9.97735	-4.04697e-23	1	
9.97735	-2.59006e-23	1	
9.97735	-1.65764e-23	1	
9.97735	-1.06089e-23	1	
9.97735	-6.78969e-24	1	
9.97735	-4.3454e-24	1	
9.97735	-2.78106e-24	1	
9.97735	-1.77988e-24	1	
9.97735	-1.13912e-24	1	
9.97735	-7.29038e-25	1	
9.97735	-4.66584e-25	1	
9.97735	-2.98614e-25	1	
9.97735	-1.91113e-25	1	
9.97735	-1.22312e-25	1	
9.97735	-7.82798e-26	1	
9.97735	-5.00991e-26	1	
9.97735	-3.20634e-26	1	
9.97735	-2.05206e-26	1	
9.97735	-1.31332e-26	1	
9.97735	-8.40523e-27	1	
9.97735	-5.37935e-27	1	
9.97735	-3.44278e-27	1	
9.97735	-2.20338e-27	1	
9.97735	-1.41016e-27	1	
9.97735	-9.02504e-28	1	
9.97735	-5.77603e-28	1	
9.97735	-3.69666e-28	1	
9.97735	-2.36586e-28	1	
9.97735	-1.51415e-28	1	
9.97735	-9.69057e-29	1	
9.97735	-6.20196e-29	1	
9.97735	-3.96926e-29	1	
9.97735	-2.54032e-29	1	
9.97735	-1.62581e-29	1	
9.97735	-1.04052e-29	1	
9.97735	-6.65931e-30	1	
9.97735	-4.26196e-30	1	
9.97735	-2.72765e-30	1	
9.97735	-1.7457e-30	1	
9.97735	-1.11725e-30	1	
9.97735	-7.15037e-31	1	
9.97735	-4.57624e-31	1	
9.97735	-2.92879e-31	1	
9.97735	-1.87443e-31	1	
9.97735	-1.19963e-31	1	
9.97735	-7.67765e-32	1	
9.97735	-4.9137e-32	1	
9.97735	-3.14477e-32	1	
9.97735	-2.01265e-32	1	
9.97735	-1.2881e-32	1	
9.97735	-8.24382e-33	1	
9.97735	-5.27604e-33	1	
9.97735	-3.37667e-33	1	
9.97735	-2.16107e-33	1	
9.97735	-1.38308e-33	1	
9.97735	-8.85173e-34	1	
9.97735	-5.66511e-34	1	
9.97735	-3.62567e-34	1	
9.97735	-2.32043e-34	1	
9.97735	-1.48507e-34	1	
9.97735	-9.50447e-35	1	
9.97735	-6.08286e-35	1	
9.97735	-3.89303e-35	1	
9.97735	-2.49154e-35	1	
9.97735	-1.59459e-35	1	
9.97735	-1.02053e-35	1	
9.97735	-6.53142e-36	1	
9.97735	-4.18011e-36	1	
9.97735	-2.67527e-36	1	
9.97735	-1.71217e-36	1	
9.97735	-1.09579e-36	1	
9.97735	-7.01306e-37	1	
9.97735	-4.48836e-37	1	
9.97737	0.00734381	1	
9.97739	0.0122513	1	
9.97742	0.0155596	1	
9.97746	0.0178208	1	
9.9775	0.0194151	1	
9.97754	0.0205575	1	
9.97758	0.0213999	1	
9.97763	0.0219246	1	
9.97767	0.0223066	1	
9.97772	0.0226442	1	
9.97776	0.0228826	1	
9.97781	0.0231134	1	
9.97785	0.0232282	1	
9.9779	0.0233375	1	
9.97795	0.0234442	1	
9.97799	0.0234431	1	
9.97804	0.0234339	1	
9.97809	0.0235746	1	
9.97814	0.0238051	1	
9.97818	0.0240858	1	
9.97823	0.0243238	1	
9.97828	0.02449	1	
9.97833	0.0245947	1	
9.97838	0.0246339	1	
9.97843	0.0246391	1	
9.97848	0.0247932	1	
9.97853	0.0250711	1	
9.97858	0.0255405	1	
9.97863	0.0261306	1	
9.97869	0.0269197	1	
9.97874	0.0277563	1	
9.9788	0.028635	1	
9.97886	0.029478	1	
9.97892	0.0302879	1	
9.97898	0.0311012	1	
9.97904	0.0319329	1	
9.97911	0.0329054	1	
9.97918	0.0338596	1	
9.97925	0.0348783	1	
9.97932	0.0358787	1	
9.97939	0.0368484	1	
9.97947	0.0376876	1	
9.97955	0.0383631	1	
9.97962	0.0389521	1	
9.9797	0.039393	1	
9.97978	0.039777	1	
9.97986	0.0402011	1	
9.97994	0.0406072	1	
9.98003	0.0410035	1	
9.98011	0.0413708	1	
9.98019	0.0417167	1	
9.98028	0.0420455	1	
9.98036	0.0423042	1	
9.98045	0.042507	1	
9.98053	0.0426269	1	
9.98062	0.0426736	1	
9.9807	0.042514	1	
9.98079	0.0422938	1	
9.98087	0.0420678	1	
9.98095	0.0417893	1	
9.98104	0.0414144	1	
9.98112	0.0409119	1	
9.9812	0.0403659	1	
9.98128	0.0397234	1	
9.98136	0.0389167	1	
9.98143	0.0380546	1	
9.98151	0.0372193	1	
9.98158	0.0363996	1	
9.98165	0.0356774	1	
9.98172	0.0350251	1	
9.98179	0.0345525	1	
9.98186	0.0341358	1	
9.98193	0.0337893	1	
9.98199	0.0334706	1	
9.98206	0.0332087	1	
9.98213	0.0329662	1	
9.98219	0.0328575	1	
9.98226	0.0329742	1	
9.98232	0.0332715	1	
9.98239	0.033557	1	
9.98246	0.0337275	1	
9.98253	0.0337896	1	
9.98259	0.0337087	1	
9.98266	0.0336489	1	
9.98273	0.0336254	1	
9.98279	0.0336832	1	
9.98286	0.0337536	1	
9.98293	0.033836	1	
9.983	0.0338541	1	
9.98307	0.0338047	1	
9.98313	0.0337003	1	
9.9832	0.0336556	1	
9.98327	0.0337435	1	
9.98334	0.0341107	1	
9.98341	0.034727	1	
9.98348	0.0354472	1	
9.98355	0.036208	1	
9.98362	0.0368217	1	
9.9837	0.0372943	1	
9.98377	0.0376823	1	
9.98385	0.0378326	1	
9.98392	0.0378899	1	
9.984	0.037954	1	
9.98408	0.0380869	1	
9.98415	0.0380868	1	
9.98423	0.037919	1	
9.9843	0.0375856	1	
9.98438	0.0371169	1	
9.98445	0.0365347	1	
9.98452	0.0358948	1	
9.98459	0.0352895	1	
9.98466	0.0346805	1	
9.98473	0.0338974	1	
9.9848	0.0329401	1	
9.98486	0.0318649	1	
9.98492	0.0307068	1	
9.98498	0.0298634	1	
9.98504	0.0292219	1	
9.9851	0.0287185	1	
9.98515	0.0283551	1	
9.98521	0.0279135	1	
9.98526	0.0276399	1	
9.98532	0.0275919	1	
9.98538	0.0278219	1	
9.98543	0.0281026	1	
9.98549	0.0286756	1	
9.98555	0.0291853	1	
9.98561	0.0298483	1	
9.98567	0.0305465	1	
9.98573	0.0313988	1	
9.9858	0.0322232	1	
9.98586	0.0328568	1	
9.98593	0.0332941	1	
9.98599	0.0336714	1	
9.98606	0.0338284	1	
9.98613	0.033884	1	
9.9862	0.0337839	1	
9.98627	0.0337914	1	
9.98633	0.0338113	1	
9.9864	0.0338783	1	
9.98647	0.0343258	1	
9.98654	0.0348869	1	
9.98661	0.0355821	1	
9.98668	0.0364047	1	
9.98676	0.0369861	1	
9.98683	0.0371899	1	
9.98691	0.0372703	1	
9.98698	0.0371213	1	
9.98705	0.0368291	1	
9.98713	0.036505	1	
9.9872	0.0362392	1	
9.98727	0.0360168	1	
9.98734	0.0359288	1	
9.98741	0.0354911	1	
9.98748	0.0346107	1	
9.98755	0.0336016	1	
9.98762	0.0325422	1	
9.98768	0.0313452	1	
9.98774	0.0303926	1	
9.9878	0.0293941	1	
9.98786	0.0287998	1	
9.98791	0.0283639	1	
9.98797	0.028143	1	
9.98802	0.0280058	1	
9.98808	0.0277017	1	
9.98814	0.0276296	1	
9.98819	0.0275996	1	
9.98825	0.027875	1	
9.9883	0.0283211	1	
9.98836	0.0288495	1	
9.98842	0.0293567	1	
9.98848	0.0298918	1	
9.98854	0.0304715	1	
9.9886	0.0309942	1	
9.98866	0.0313134	1	
9.98873	0.0316274	1	
9.98879	0.032007	1	
9.98886	0.032382	1	
9.98892	0.0328885	1	
9.98899	0.0333067	1	
9.98906	0.033835	1	
9.98913	0.0341886	1	
9.98919	0.0345426	1	
9.98926	0.0347909	1	
9.98933	0.0351398	1	
9.9894	0.0353272	1	
9.98948	0.0353114	1	
9.98955	0.0352486	1	
9.98962	0.0351314	1	
9.98969	0.0348061	1	
9.98975	0.034156	1	
9.98982	0.0332514	1	
9.98988	0.0320992	1	
9.98995	0.0308334	1	
9.99001	0.0293961	1	
9.99006	0.0282551	1	
9.99012	0.0271506	1	
9.99017	0.0262322	1	
9.99022	0.0256495	1	
9.99027	0.0252328	1	
9.99032	0.0249277	1	
9.99037	0.0248603	1	
9.99042	0.0247804	1	
9.99047	0.0246872	1	
9.99052	0.0247497	1	
9.99057	0.0248647	1	
9.99062	0.0249774	1	
9.99067	0.0251455	1	
9.99072	0.0251707	1	
9.99077	0.0249495	1	
9.99082	0.024777	1	
9.99087	0.024621	1	
9.99092	0.0246201	1	
9.99097	0.0249367	1	
9.99102	0.0254828	1	
9.99107	0.0262934	1	
9.99112	0.0271264	1	
9.99118	0.0280044	1	
9.99124	0.0288613	1	
9.9913	0.0297187	1	
9.99136	0.0303812	1	
9.99142	0.0307935	1	
9.99148	0.0307243	1	
9.99154	0.0302347	1	
9.9916	0.0296346	1	
9.99166	0.029208	1	
9.99172	0.0288823	1	
9.99177	0.0284691	1	
9.99183	0.0279581	1	
9.99189	0.0275882	1	
9.99194	0.0272326	1	
9.99199	0.0271608	1	
9.99205	0.0273696	1	
9.9921	0.027807	1	
9.99216	0.0283588	1	
9.99222	0.0286786	1	
9.99228	0.0290217	1	
9.99233	0.0292208	1	
9.99239	0.0294344	1	
9.99245	0.0298384	1	
9.99251	0.0303366	1	
9.99258	0.0311075	1	
9.99264	0.0319466	1	
9.99271	0.0326786	1	
9.99277	0.0335512	1	
9.99284	0.0344996	1	
9.99291	0.035331	1	
9.99298	0.0358703	1	
9.99306	0.0362221	1	
9.99313	0.0363782	1	
9.9932	0.0363377	1	
9.99327	0.0364875	1	
9.99335	0.0369604	1	
9.99342	0.0378297	1	
9.9935	0.0387954	1	
9.99358	0.0398	1	
9.99366	0.0405641	1	
9.99374	0.0410667	1	
9.99383	0.0414663	1	
9.99391	0.0418016	1	
9.994	0.0422465	1	
9.99408	0.0429273	1	
9.99417	0.0439518	1	
9.99426	0.0451901	1	
9.99435	0.0467195	1	
9.99445	0.048534	1	
9.99455	0.0506399	1	
9.99466	0.0530446	1	
9.99477	0.0554831	1	
9.99488	0.0576032	1	
9.995	0.0593649	1	
9.99512	0.0608441	1	
9.99525	0.0620544	1	
9.99537	0.0631709	1	
9.9955	0.0641516	1	
9.99563	0.0652176	1	
9.99577	0.0663203	1	
9.9959	0.0672934	1	
9.99604	0.0681592	1	
9.99617	0.0689975	1	
9.99631	0.0696352	1	
9.99645	0.0701063	1	
9.99659	0.0700388	1	
9.99673	0.0695695	1	
9.99687	0.0687917	1	
9.99701	0.0680507	1	
9.99714	0.0673942	1	
9.99728	0.066846	1	
9.99741	0.066465	1	
9.99754	0.0660831	1	
9.99767	0.0658304	1	
9.9978	0.0657399	1	
9.99794	0.0656976	1	
9.99807	0.0654954	1	
9.9982	0.065139	1	
9.99833	0.0647869	1	
9.99846	0.0646194	1	
9.99859	0.0648035	1	
9.99872	0.0653022	1	
9.99885	0.0659585	1	
9.99898	0.0667236	1	
9.99912	0.0677176	1	
9.99925	0.0686927	1	
9.99939	0.0695162	1	
9.99953	0.0699763	1	
9.99967	0.0697877	1	
9.99981	0.0689991	1	
9.99995	0.0676247	1	
10.0001	0.0661391	1	
10.0002	0.0644894	1	
10.0003	0.062856	1	
10.0005	0.0612483	1	
10.0006	0.0594615	1	
10.0007	0.0575782	1	
10.0008	0.0553446	1	
10.0009	0.0529085	1	
10.001	0.0504058	1	
10.0011	0.0478322	1	
10.0012	0.0454957	1	
10.0013	0.0434634	1	
10.0014	0.0421701	1	
10.0014	0.0416018	1	
10.0015	0.0415589	1	
10.0016	0.04193	1	
10.0017	0.0426054	1	
10.0018	0.0434574	1	
10.0019	0.0446835	1	
10.002	0.0460517	1	
10.0021	0.0472957	1	
10.0022	0.0480477	1	
10.0023	0.0483156	1	
10.0024	0.0478391	1	
10.0024	0.0470627	1	
10.0025	0.0461236	1	
10.0026	0.0451289	1	
10.0027	0.0437745	1	
10.0028	0.0421592	1	
10.0029	0.039983	1	
10.003	0.0371607	1	
10.003	0.0340494	1	
10.0031	0.030799	1	
10.0031	0.0276602	1	
10.0032	0.0177025	1	
10.0032	0.0113296	1	
10.0032	0.00725095	1	
10.0032	0.00464061	1	
10.0032	0.00296999	1	
10.0032	0.00190079	1	
10.0032	0.00121651	1	
10.0032	0.000778565	1	
10.0032	0.000498282	1	
10.0032	0.0003189	1	
10.0032	0.000204096	1	
10.0033	0.00787643	1	
10.0033	0.0137824	1	
10.0033	0.0184747	1	
10.0034	0.0220795	1	
10.0034	0.0245508	1	
10.0035	0.026158	1	
10.0035	0.0269707	1	
10.0036	0.0271482	1	
10.0036	0.0267767	1	
10.0037	0.0255387	1	
10.0037	0.0163448	1	
10.0037	0.0104607	1	
10.0037	0.00669482	1	
10.0038	0.00428469	1	
10.0038	0.0027422	1	
10.0038	0.00175501	1	
10.0038	0.0011232	1	
10.0038	0.000718851	1	
10.0038	0.000460065	1	
10.0038	0.000294441	1	
10.0038	0.000188443	1	
10.0038	0.000120603	1	
10.0038	7.7186e-05	1	
10.0038	4.93991e-05	1	
10.0038	3.16154e-05	1	
10.0038	2.02339e-05	1	
10.0038	1.29497e-05	1	
10.0038	0.00764501	1	
10.0038	0.0140215	1	
10.0038	0.0192239	1	
10.0039	0.0235963	1	
10.0039	0.0270214	1	
10.004	0.0294195	1	
10.0041	0.0305092	1	
10.0041	0.0304323	1	
10.0042	0.0292631	1	
10.0042	0.0274046	1	
10.0043	0.0251972	1	
10.0043	0.0161262	1	
10.0043	0.0103208	1	
10.0044	0.00660528	1	
10.0044	0.00422738	1	
10.0044	0.00270552	1	
10.0044	0.00173153	1	
10.0044	0.00878638	1	
10.0044	0.0142171	1	
10.0045	0.0193264	1	
10.0045	0.0243552	1	
10.0046	0.0295128	1	
10.0046	0.034536	1	
10.0047	0.039201	1	
10.0048	0.0436389	1	
10.0049	0.0474349	1	
10.005	0.0505749	1	
10.0051	0.0528803	1	
10.0052	0.0547038	1	
10.0053	0.0559247	1	
10.0054	0.0560599	1	
10.0055	0.0550877	1	
10.0057	0.0528548	1	
10.0058	0.0494303	1	
10.0058	0.0450062	1	
10.0059	0.040087	1	
10.006	0.0350754	1	
10.0061	0.030303	1	
10.0061	0.0193939	1	
10.0061	0.0124121	1	
10.0061	0.00794374	1	
10.0061	0.00508399	1	
10.0062	0.00325376	1	
10.0062	0.0020824	1	
10.0062	0.00892545	1	
10.0062	0.0145917	1	
10.0062	0.0198823	1	
10.0063	0.0246525	1	
10.0063	0.029011	1	
10.0064	0.0331145	1	
10.0065	0.0370287	1	
10.0066	0.0405738	1	
10.0067	0.0434141	1	
10.0067	0.0448776	1	
10.0068	0.0449665	1	
10.0069	0.0438041	1	
10.007	0.0417273	1	
10.0071	0.0390334	1	
10.0072	0.0360764	1	
10.0072	0.0329826	1	
10.0073	0.0300037	1	
10.0073	0.0274942	1	
10.0074	0.0256203	1	
10.0074	0.0246189	1	
10.0075	0.0244556	1	
10.0075	0.0249168	1	
10.0076	0.0259504	1	
10.0076	0.0274914	1	
10.0077	0.0296203	1	
10.0078	0.0320459	1	
10.0078	0.0346798	1	
10.0079	0.0373942	1	
10.008	0.0399024	1	
10.0081	0.0419232	1	
10.0082	0.0431555	1	
10.0083	0.0435376	1	
10.0083	0.0429077	1	
10.0084	0.0416685	1	
10.0085	0.0395303	1	
10.0086	0.0367308	1	
10.0086	0.0336962	1	
10.0087	0.0306428	1	
10.0088	0.0278989	1	
10.0088	0.0259638	1	
10.0089	0.0247543	1	
10.0089	0.024311	1	
10.009	0.0244834	1	
10.009	0.0253322	1	
10.0091	0.0267786	1	
10.0091	0.0285754	1	
10.0092	0.0305167	1	
10.0092	0.0326935	1	
10.0093	0.0349504	1	
10.0094	0.0369737	1	
10.0095	0.0384624	1	
10.0095	0.0389136	1	
10.0096	0.0381463	1	
10.0097	0.0361829	1	
10.0098	0.0330878	1	
10.0098	0.0293479	1	
10.0099	0.0187827	1	
10.0099	0.0120209	1	
10.0099	0.00769338	1	
10.0099	0.00492376	1	
10.0099	0.00315121	1	
10.0099	0.00201677	1	
10.0099	0.00129073	1	
10.0099	0.00082607	1	
10.0099	0.000528685	1	
10.0099	0.000338358	1	
10.0099	0.000216549	1	
10.0099	0.000138592	1	
10.0099	8.86986e-05	1	
10.0099	5.67671e-05	1	
10.0099	3.63309e-05	1	
10.0099	2.32518e-05	1	
10.0099	1.48812e-05	1	
10.0099	9.52394e-06	1	
10.0099	6.09532e-06	1	
10.0099	3.90101e-06	1	
10.0099	2.49664e-06	1	
10.0099	1.59785e-06	1	
10.0099	1.02263e-06	1	
10.0099	6.5448e-07	1	
10.0099	4.18867e-07	1	
10.0099	2.68075e-07	1	
10.0099	1.71568e-07	1	
10.0099	1.09804e-07	1	
10.0099	7.02742e-08	1	
10.0099	4.49755e-08	1	
10.0099	2.87843e-08	1	
10.0099	1.8422e-08	1	
10.0099	1.17901e-08	1	
10.0099	7.54564e-09	1	
10.0099	4.82921e-09	1	
10.0099	3.09069e-09	1	
10.0099	1.97804e-09	1	
10.0099	1.26595e-09	1	
10.0099	8.10207e-10	1	
10.0099	5.18532e-10	1	
10.0099	3.31861e-10	1	
10.0099	2.12391e-10	1	
10.0099	1.3593e-10	1	
10.0099	8.69953e-11	1	
10.0099	5.5677e-11	1	
10.0099	3.56333e-11	1	
10.0099	2.28053e-11	1	
10.0099	1.45954e-11	1	
10.0099	9.34104e-12	1	
10.0099	5.97827e-12	1	
10.0099	3.82609e-12	1	
10.0099	2.4487e-12	1	
10.0099	1.56717e-12	1	
10.0099	1.00299e-12	1	
10.0099	6.41912e-13	1	
10.0099	4.10823e-13	1	
10.0099	2.62927e-13	1	
10.0099	1.68273e-13	1	
10.0099	1.07695e-13	1	
10.0099	6.89247e-14	1	
10.0099	4.41118e-14	1	
10.0099	2.82316e-14	1	
10.0099	1.80682e-14	1	
10.0099	1.15636e-14	1	
10.0099	7.40073e-15	1	
10.0099	4.73647e-15	1	
10.0099	3.03134e-15	1	
10.0099	1.94006e-15	1	
10.0099	1.24164e-15	1	
10.0099	7.94648e-16	1	
10.0099	5.08575e-16	1	
10.0099	3.25488e-16	1	
10.0099	2.08312e-16	1	
10.0099	1.3332e-16	1	
10.0099	8.53246e-17	1	
10.0099	5.46078e-17	1	
10.0099	3.4949e-17	1	
10.0099	2.23673e-17	1	
10.0099	1.43151e-17	1	
10.0099	-0.00814966	1	
10.0099	-0.0147758	1	
10.0098	-0.0202332	1	
10.0098	-0.0247224	1	
10.0097	-0.0283915	1	
10.0097	-0.0310461	1	
10.0096	-0.0324261	1	
10.0095	-0.032739	1	
10.0095	-0.0318206	1	
10.0094	-0.0302885	1	
10.0094	-0.0279708	1	
10.0093	-0.0254317	1	
10.0093	-0.0162763	1	
10.0093	-0.0104168	1	
10.0092	-0.00666676	1	
10.0092	-0.00426673	1	
10.0092	-0.00273071	1	
10.0092	-0.00935698	1	
10.0092	-0.0147363	1	
10.0091	-0.0194853	1	
10.0091	-0.0238209	1	
10.009	-0.0276903	1	
10.009	-0.0310076	1	
10.0089	-0.0337621	1	
10.0088	-0.0357833	1	
10.0088	-0.0368259	1	
10.0087	-0.0366992	1	
10.0086	-0.035488	1	
10.0085	-0.0331084	1	
10.0085	-0.0297112	1	
10.0085	-0.0190152	1	
10.0084	-0.0121697	1	
10.0084	-0.00778862	1	
10.0084	-0.00498472	1	
10.0084	-0.00319022	1	
10.0084	-0.00204174	1	
10.0084	-0.00130671	1	
10.0084	-0.000836296	1	
10.0084	-0.00053523	1	
10.0084	-0.000342547	1	
10.0084	-0.00747697	1	
10.0083	-0.0129629	1	
10.0083	-0.017169	1	
10.0083	-0.0202634	1	
10.0082	-0.0221404	1	
10.0082	-0.0228417	1	
10.0081	-0.0223806	1	
10.0081	-0.0143236	1	
10.0081	-0.00916709	1	
10.0081	-0.00586694	1	
10.0081	-0.00375484	1	
10.0081	-0.0024031	1	
10.0081	-0.00153798	1	
10.0081	-0.000984309	1	
10.0081	-0.000629958	1	
10.0081	-0.000403173	1	
10.0081	-0.000258031	1	
10.0081	-0.00016514	1	
10.0081	-0.000105689	1	
10.0081	-6.76412e-05	1	
10.008	-0.0076422	1	
10.008	-0.013246	1	
10.008	-0.0175047	1	
10.0079	-0.0205502	1	
10.0079	-0.0225905	1	
10.0078	-0.0234301	1	
10.0078	-0.0230208	1	
10.0078	-0.0147333	1	
10.0077	-0.0094293	1	
10.0077	-0.00603475	1	
10.0077	-0.00386224	1	
10.0077	-0.00247183	1	
10.0077	-0.00158197	1	
10.0077	-0.00101246	1	
10.0077	-0.00877012	1	
10.0077	-0.0150803	1	
10.0076	-0.0202995	1	
10.0076	-0.0248225	1	
10.0075	-0.0287553	1	
10.0075	-0.0324136	1	
10.0074	-0.0356845	1	
10.0073	-0.0383791	1	
10.0072	-0.0403909	1	
10.0071	-0.0413241	1	
10.0071	-0.0411778	1	
10.007	-0.040054	1	
10.0069	-0.0380882	1	
10.0068	-0.0354467	1	
10.0068	-0.0325197	1	
10.0067	-0.0298429	1	
10.0067	-0.0279167	1	
10.0066	-0.0270192	1	
10.0065	-0.0271423	1	
10.0065	-0.0280701	1	
10.0064	-0.0296746	1	
10.0064	-0.0316605	1	
10.0063	-0.0338589	1	
10.0062	-0.0362934	1	
10.0062	-0.0389564	1	
10.0061	-0.0417308	1	
10.006	-0.0443322	1	
10.0059	-0.0463171	1	
10.0058	-0.0475443	1	
10.0057	-0.0475743	1	
10.0056	-0.0464356	1	
10.0055	-0.0440815	1	
10.0054	-0.0407716	1	
10.0054	-0.0368962	1	
10.0053	-0.0330016	1	
10.0052	-0.0295301	1	
10.0052	-0.0265604	1	
10.0051	-0.0246001	1	
10.0051	-0.0237029	1	
10.005	-0.0236397	1	
10.005	-0.0242979	1	
10.0049	-0.0255519	1	
10.0049	-0.0271977	1	
10.0048	-0.029065	1	
10.0048	-0.0310568	1	
10.0047	-0.0332971	1	
10.0046	-0.0354557	1	
10.0046	-0.037222	1	
10.0045	-0.0383662	1	
10.0044	-0.0387471	1	
10.0043	-0.0379688	1	
10.0043	-0.0360998	1	
10.0042	-0.0334777	1	
10.0041	-0.0303226	1	
10.0041	-0.0271083	1	
10.004	-0.0173493	1	
10.004	-0.0111036	1	
10.004	-0.00710628	1	
10.004	-0.00454802	1	
10.004	-0.0101724	1	
10.0039	-0.0146797	1	
10.0039	-0.0183968	1	
10.0039	-0.0217262	1	
10.0038	-0.0248967	1	
10.0038	-0.0277536	1	
10.0037	-0.0306181	1	
10.0036	-0.0334281	1	
10.0036	-0.0362406	1	
10.0035	-0.0387374	1	
10.0034	-0.0405817	1	
10.0033	-0.0415576	1	
10.0032	-0.0415905	1	
10.0031	-0.0406645	1	
10.0031	-0.0390865	1	
10.003	-0.0372234	1	
10.0029	-0.0353301	1	
10.0029	-0.0335645	1	
10.0028	-0.032315	1	
10.0027	-0.0317833	1	
10.0027	-0.0317372	1	
10.0026	-0.0319992	1	
10.0025	-0.0324235	1	
10.0025	-0.0329283	1	
10.0024	-0.0335454	1	
10.0023	-0.0341206	1	
10.0023	-0.0348799	1	
10.0022	-0.0357155	1	
10.0021	-0.0364964	1	
10.002	-0.0372338	1	
10.002	-0.0376252	1	
10.0019	-0.0376449	1	
10.0018	-0.0370571	1	
10.0017	-0.0357302	1	
10.0017	-0.0337129	1	
10.0016	-0.0310764	1	
10.0016	-0.028193	1	
10.0015	-0.0254148	1	
10.0015	-0.0162655	1	
10.0015	-0.0104099	1	
10.0014	-0.00666234	1	
10.0014	-0.0042639	1	
10.0014	-0.00272889	1	
10.0014	-0.00174649	1	
10.0014	-0.00111776	1	
10.0014	-0.000715363	1	
10.0014	-0.000457832	1	
10.0014	-0.000293013	1	
10.0014	-0.000187528	1	
10.0014	-0.000120018	1	
10.0014	-7.68115e-05	1	
10.0014	-0.0072919	1	
10.0014	-0.012218	1	
10.0014	-0.0153725	1	
10.0013	-0.0171015	1	
10.0013	-0.010945	1	
10.0013	-0.00700478	1	
10.0013	-0.00448306	1	
10.0013	-0.00286916	1	
10.0013	-0.00183626	1	
10.0013	-0.00117521	1	
10.0013	-0.000752133	1	
10.0013	-0.000481365	1	
10.0013	-0.000308074	1	
10.0013	-0.000197167	1	
10.0013	-0.000126187	1	
10.0013	-8.07596e-05	1	
10.0013	-5.16862e-05	1	
10.0013	-3.30791e-05	1	
10.0013	-2.11706e-05	1	
10.0013	-1.35492e-05	1	
10.0013	-8.6715e-06	1	
10.0013	-5.54976e-06	1	
10.0013	-3.55185e-06	1	
10.0013	-2.27318e-06	1	
10.0013	-1.45484e-06	1	
10.0013	-9.31095e-07	1	
10.0013	-5.95901e-07	1	
10.0013	-3.81376e-07	1	
10.0013	-2.44081e-07	1	
10.0013	-1.56212e-07	1	
10.0013	-9.99755e-08	1	
10.0013	-6.39843e-08	1	
10.0013	-4.095e-08	1	
10.0013	-2.6208e-08	1	
10.0013	-1.67731e-08	1	
10.0013	-1.07348e-08	1	
10.0012	-0.00930088	1	
10.0012	-0.0183522	1	
10.0011	-0.0274529	1	
10.0011	-0.0367479	1	
10.001	-0.0460743	1	
10.0009	-0.0555009	1	
10.0007	-0.0650062	1	
10.0006	-0.0745161	1	
10.0004	-0.0837249	1	
10.0002	-0.0927156	1	
10	-0.101212	1	
9.99982	-0.109063	1	
9.99959	-0.11645	1	
9.99934	-0.123023	1	
9.99908	-0.129137	1	
9.99881	-0.134849	1	
9.99853	-0.140252	1	
9.99824	-0.145802	1	
9.99794	-0.151583	1	
9.99762	-0.158157	1	
9.99729	-0.165657	1	
9.99694	-0.174331	1	
9.99657	-0.184162	1	
9.99618	-0.195274	1	
9.99577	-0.207529	1	
9.99533	-0.220743	1	
9.99486	-0.234603	1	
9.99436	-0.248634	1	
9.99383	-0.26279	1	
9.99328	-0.276778	1	
9.9927	-0.290639	1	
9.99209	-0.303812	1	
9.99146	-0.316136	1	
9.9908	-0.327678	1	
9.99013	-0.338338	1	
9.98943	-0.348199	1	
9.98872	-0.357341	1	
9.98798	-0.365712	1	
9.98724	-0.373419	1	
9.98647	-0.380663	1	
9.9857	-0.388146	1	
9.98491	-0.39626	1	
9.9841	-0.405205	1	
9.98327	-0.415272	1	
9.98241	-0.426044	0.995796	
9.98154	-0.436515	0.984621	
9.98065	-0.446693	0.971427	
9.97973	-0.456585	0.95759	
9.9788	-0.466201	0.943572	
9.97785	-0.475547	0.930064	
9.97688	-0.484632	0.917952	
9.97589	-0.493462	0.905786	
9.97489	-0.502045	0.895847	
9.97387	-0.510388	0.888425	
9.97283	-0.518497	0.882629	
9.97178	-0.526379	0.879397	
9.97071	-0.534041	0.878628	
9.96963	-0.541487	0.878784	
9.96853	-0.548726	0.8802	
9.96742	-0.555761	0.882773	
9.96629	-0.5626	0.885324	
9.96516	-0.569247	0.888178	
9.964	-0.575708	0.889796	
9.96284	-0.581989	0.89081	
9.96166	-0.588093	0.889373	
9.96048	-0.594026	0.885873	
9.95928	-0.599794	0.880523	
9.95807	-0.605399	0.873116	
9.95684	-0.610848	0.863083	
9.95561	-0.616144	0.852575	
9.95437	-0.621292	0.841683	
9.95312	-0.626296	0.830583	
9.95185	-0.63116	0.819264	
9.95058	-0.635887	0.809724	
9.9493	-0.640483	0.801624	
9.94801	-0.644949	0.795114	
9.94671	-0.649291	0.789818	
9.94541	-0.65351	0.785451	
9.94409	-0.657612	0.78272	
9.94277	-0.661599	0.781404	
9.94144	-0.665474	0.781582	
9.9401	-0.669241	0.782908	
9.93875	-0.672902	0.784847	
9.9374	-0.676461	0.786915	
9.93604	-0.67992	0.789292	
9.93467	-0.683282	0.790615	
9.9333	-0.68655	0.791013	
9.93192	-0.689727	0.790423	
9.93053	-0.692815	0.789246	
9.92914	-0.695816	0.786915	
9.92775	-0.698733	0.783435	
9.92634	-0.701568	0.779156	
9.92493	-0.704324	0.7746	
9.92352	-0.707003	0.770738	
9.9221	-0.709607	0.767764	
9.92068	-0.712138	0.765037	
9.91925	-0.714598	0.763299	
9.91781	-0.71699	0.761476	
9.91637	-0.719314	0.760443	
9.91493	-0.721573	0.760009	
9.91348	-0.723769	0.761025	
9.91203	-0.725904	0.763595	
9.91058	-0.727978	0.767238	
9.90912	-0.729995	0.771562	
9.90765	-0.731955	0.776336	
9.90618	-0.73386	0.78128	
9.90471	-0.735712	0.786574	
9.90324	-0.737512	0.791175	
9.90176	-0.739262	0.795419	
9.90028	-0.740963	0.798507	
9.89879	-0.742616	0.799983	
9.8973	-0.744222	0.800351	
9.89581	-0.745784	0.798925	
9.89432	-0.747302	0.796424	
9.89282	-0.748778	0.793272	
9.89132	-0.750212	0.789678	
9.88982	-0.751606	0.786234	
9.88831	-0.752961	0.783793	
9.8868	-0.754278	0.781208	
9.88529	-0.755558	0.778898	
9.88378	-0.756803	0.776657	
9.88226	-0.758012	0.774372	
9.88074	-0.759188	0.772886	
9.87922	-0.760331	0.772509	
9.8777	-0.761441	0.772763	
9.87617	-0.762521	0.77284	
9.87465	-0.76357	0.773717	
9.87312	-0.76459	0.775276	
9.87159	-0.765582	0.77688	
9.87005	-0.766546	0.778602	
9.86852	-0.767482	0.780085	
9.86698	-0.768393	0.780788	
9.86544	-0.769278	0.780941	
9.8639	-0.770138	0.780087	
9.86236	-0.770974	0.777747	
9.86082	-0.771787	0.773813	
9.85927	-0.772577	0.768374	
9.85773	-0.773345	0.763246	
9.85618	-0.774091	0.75779	
9.85463	-0.774817	0.752645	
9.85308	-0.775522	0.748316	
9.85152	-0.776207	0.744057	
9.84997	-0.776873	0.740477	
9.84842	-0.777521	0.737808	
9.84686	-0.77815	0.735909	
9.8453	-0.778762	0.73477	
9.84374	-0.779357	0.734209	
9.84218	-0.779935	0.73405	
9.84062	-0.780497	0.734739	
9.83906	-0.781043	0.735942	
9.8375	-0.781573	0.738282	
9.83593	-0.782089	0.741614	
9.83437	-0.782591	0.745466	
9.8328	-0.783078	0.748995	
9.83123	-0.783552	0.751603	
9.82967	-0.784013	0.753964	
9.8281	-0.78446	0.755717	
9.82653	-0.784895	0.757116	
9.82496	-0.785318	0.757577	
9.82339	-0.785729	0.75762	
9.82181	-0.786129	0.757938	
9.82024	-0.786517	0.758283	
9.81867	-0.786895	0.758061	
9.81709	-0.787262	0.757165	
9.81552	-0.787619	0.755263	
9.81394	-0.787965	0.753369	
9.81236	-0.788302	0.751776	
9.81079	-0.78863	0.751613	
9.80921	-0.788948	0.752467	
9.80763	-0.789258	0.754137	
9.80605	-0.789558	0.755932	
9.80447	-0.789851	0.757594	
9.80289	-0.790135	0.759152	
9.80131	-0.790411	0.760681	
9.79973	-0.79068	0.762312	
9.79815	-0.790941	0.764564	
9.79657	-0.791194	0.767039	
9.79498	-0.791441	0.768639	
9.7934	-0.79168	0.769272	
9.79181	-0.791913	0.768411	
9.79023	-0.79214	0.766544	
9.78865	-0.79236	0.762501	
9.78706	-0.792574	0.757594	
9.78548	-0.792782	0.753193	
9.78389	-0.792984	0.748811	
9.7823	-0.79318	0.745169	
9.78072	-0.793371	0.740001	
9.77913	-0.793557	0.734462	
9.77754	-0.793737	0.727702	
9.77595	-0.793913	0.719504	
9.77437	-0.794083	0.711712	
9.77278	-0.794249	0.70458	
9.77119	-0.79441	0.698449	
9.7696	-0.794566	0.693384	
9.76801	-0.794718	0.689392	
9.76642	-0.794866	0.68571	
9.76483	-0.79501	0.682048	
9.76324	-0.79515	0.678632	
9.76165	-0.795286	0.675696	
9.76006	-0.795418	0.673481	
9.75847	-0.795546	0.671177	
9.75688	-0.795671	0.66897	
9.75528	-0.795792	0.667033	
9.75369	-0.79591	0.665266	
9.7521	-0.796024	0.664571	
9.75051	-0.796136	0.663871	
9.74892	-0.796244	0.663093	
9.74732	-0.796349	0.661293	
9.74573	-0.796451	0.659127	
9.74414	-0.796551	0.657186	
9.74254	-0.796647	0.655944	
9.74095	-0.796741	0.655385	
9.73936	-0.796832	0.654492	
9.73776	-0.796921	0.653906	
9.73617	-0.797007	0.653538	
9.73457	-0.797091	0.653194	
9.73298	-0.797172	0.652491	
9.73139	-0.797252	0.651506	
9.72979	-0.797329	0.651054	
9.7282	-0.797403	0.651364	
9.7266	-0.797476	0.652192	
9.72501	-0.797547	0.65327	
9.72341	-0.797615	0.653927	
9.72182	-0.797682	0.654235	
9.72022	-0.797747	0.653869	
9.71862	-0.79781	0.653327	
9.71703	-0.797871	0.652299	
9.71543	-0.797931	0.651329	
9.71384	-0.797989	0.650715	
9.71224	-0.797926	0.649912	
9.71065	-0.79724	0.647673	
9.70905	-0.795968	0.644249	
9.70747	-0.794144	0.639616	
9.70588	-0.791798	0.634012	
9.7043	-0.788964	0.628263	
9.70273	-0.785669	0.622709	
9.70117	-0.781943	0.616752	
9.69961	-0.777813	0.610396	
9.69807	-0.773304	0.603321	
9.69653	-0.768441	0.596574	
9.695	-0.763249	0.590412	
9.69349	-0.757748	0.58452	
9.69198	-0.751962	0.578583	
9.69049	-0.74591	0.572289	
9.68901	-0.739612	0.566563	
9.68755	-0.733087	0.560854	
9.68609	-0.726353	0.555273	
9.68466	-0.719426	0.549601	
9.68323	-0.712323	0.544387	
9.68182	-0.70506	0.539441	
9.68043	-0.69765	0.535311	
9.67905	-0.690109	0.531553	
9.67768	-0.682449	0.528006	
9.67633	-0.674682	0.524064	
9.675	-0.666822	0.5196	
9.67368	-0.658879	0.514821	
9.67238	-0.650864	0.51013	
9.67109	-0.642788	0.505992	
9.66982	-0.63466	0.501882	
9.66857	-0.62649	0.498034	
9.66733	-0.618286	0.494352	
9.66611	-0.610057	0.490718	
9.66491	-0.60181	0.487064	
9.66372	-0.593554	0.483206	
9.66255	-0.585294	0.479086	
9.6614	-0.577038	0.474532	
9.66026	-0.568792	0.470053	
9.65914	-0.560562	0.465884	
9.65803	-0.552353	0.462287	
9.65695	-0.544171	0.45903	
9.65587	-0.53602	0.455846	
9.65482	-0.527906	0.452278	
9.65378	-0.519832	0.448321	
9.65276	-0.511803	0.443743	
9.65175	-0.503822	0.439299	
9.65076	-0.495893	0.434942	
9.64978	-0.488019	0.430683	
9.64882	-0.480204	0.426487	
9.64787	-0.47245	0.422188	
9.64694	-0.464759	0.417797	
9.64603	-0.457135	0.413418	
9.64513	-0.44958	0.409114	
9.64425	-0.442095	0.404568	
9.64338	-0.434682	0.399927	
9.64252	-0.427344	0.395486	
9.64168	-0.420082	0.390951	
9.64086	-0.412897	0.386531	
9.64005	-0.405791	0.382214	
9.63925	-0.398765	0.377976	
9.63846	-0.391819	0.373658	
9.63769	-0.384956	0.369474	
9.63694	-0.378174	0.365549	
9.6362	-0.371477	0.361857	
9.63547	-0.364862	0.358218	
9.63475	-0.358333	0.355004	
9.63405	-0.351888	0.351952	
9.63335	-0.345528	0.348828	
9.63268	-0.339253	0.3455	
9.63201	-0.333064	0.342361	
9.63136	-0.32696	0.339283	
9.63071	-0.320942	0.33611	
9.63008	-0.315009	0.333282	
9.62947	-0.309161	0.330685	
9.62886	-0.303398	0.328453	
9.62826	-0.297721	0.326398	
9.62768	-0.292127	0.324272	
9.62711	-0.286618	0.322333	
9.62654	-0.281193	0.320349	
9.62599	-0.275851	0.318275	
9.62545	-0.270592	0.316205	
9.62492	-0.265416	0.314212	
9.6244	-0.260321	0.312468	
9.62389	-0.255307	0.310652	
9.62339	-0.250374	0.309412	
9.6229	-0.245521	0.30847	
9.62241	-0.240748	0.307892	
9.62194	-0.236052	0.30753	
9.62148	-0.231435	0.307637	
9.62103	-0.226895	0.307777	
9.62058	-0.222431	0.308028	
9.62014	-0.218043	0.308354	
9.61972	-0.213729	0.308562	
9.6193	-0.20949	0.308703	
9.61889	-0.205324	0.308657	
9.61849	-0.20123	0.308459	
9.61809	-0.197207	0.308351	
9.6177	-0.193256	0.308577	
9.61733	-0.189374	0.308478	
9.61695	-0.18556	0.308444	
9.61659	-0.181815	0.308183	
9.61623	-0.178138	0.308252	
9.61589	-0.174526	0.308816	
9.61554	-0.17098	0.309069	
9.61521	-0.167498	0.309485	
9.61488	-0.16408	0.309936	
9.61456	-0.160725	0.310437	
9.61424	-0.157432	0.311532	
9.61394	-0.1542	0.312726	
9.61363	-0.151027	0.314642	
9.61334	-0.147914	0.316788	
9.61305	-0.14486	0.319044	
9.61277	-0.141863	0.321823	
9.61249	-0.138922	0.32401	
9.61222	-0.136037	0.32653	
9.61195	-0.133208	0.329383	
9.61169	-0.130432	0.33225	
9.61143	-0.127709	0.335389	
9.61118	-0.125039	0.338727	
9.61094	-0.12242	0.341999	
9.6107	-0.119852	0.345379	
9.61046	-0.117334	0.348353	
9.61023	-0.114865	0.350974	
9.61001	-0.112444	0.353379	
9.60979	-0.11007	0.3559	
9.60957	-0.107743	0.358753	
9.60936	-0.105462	0.362046	
9.60916	-0.103226	0.365199	
9.60895	-0.101034	0.368692	
9.60876	-0.0988859	0.372875	
9.60856	-0.0967805	0.377768	
9.60837	-0.0947171	0.382772	
9.60819	-0.0926949	0.387748	
9.60801	-0.0907134	0.393235	
9.60783	-0.0887716	0.398786	
9.60765	-0.0868691	0.404524	
9.60748	-0.0850049	0.410945	
9.60732	-0.0831785	0.41801	
9.60715	-0.0813892	0.426241	
9.607	-0.0796363	0.434739	
9.60684	-0.0779191	0.444564	
9.60669	-0.0762369	0.453986	
9.60654	-0.0745892	0.463679	
9.60639	-0.0729753	0.474253	
9.60625	-0.0713946	0.484782	
9.60611	-0.0698464	0.495621	
9.60597	-0.0683301	0.505523	
9.60584	-0.0668452	0.514513	
9.60571	-0.0653911	0.522055	
9.60558	-0.0639671	0.52847	
9.60546	-0.0625727	0.533064	
9.60533	-0.0612073	0.535881	
9.60521	-0.0598704	0.538921	
9.6051	-0.0585614	0.539153	
9.60498	-0.0572798	0.537659	
9.60487	-0.0560251	0.535883	
9.60476	-0.0547967	0.534485	
9.60465	-0.0535942	0.53357	
9.60455	-0.0524169	0.533097	
9.60445	-0.0512646	0.53275	
9.60435	-0.0501365	0.531679	
9.60425	-0.0490323	0.53055	
9.60415	-0.0479515	0.52874	
9.60406	-0.0468936	0.527447	
9.60397	-0.0458583	0.523913	
9.60388	-0.0448449	0.519272	
9.60379	-0.0438531	0.516814	
9.6037	-0.0428825	0.512594	
9.60362	-0.0419326	0.507917	
9.60354	-0.0410031	0.504328	
9.60346	-0.0400934	0.500854	
9.60338	-0.0392033	0.497523	
9.6033	-0.0383322	0.492993	
9.60323	-0.0374799	0.490045	
9.60315	-0.036646	0.486902	
9.60308	-0.03583	0.486187	
9.60301	-0.0350316	0.48461	
9.60294	-0.0342505	0.483425	
9.60288	-0.0334862	0.482767	
9.60281	-0.0327385	0.483928	
9.60275	-0.032007	0.486339	
9.60268	-0.0312914	0.488188	
9.60262	-0.0305913	0.491589	
9.60256	-0.0299064	0.495691	
9.6025	-0.0292365	0.500861	
9.60245	-0.0285811	0.508029	
9.60239	-0.02794	0.514578	
9.60234	-0.027313	0.521123	
9.60228	-0.0266996	0.52773	
9.60223	-0.0260996	0.534351	
9.60218	-0.0255128	0.538923	
9.60213	-0.0249388	0.546391	
9.60208	-0.0243775	0.550829	
9.60203	-0.0238284	0.556065	
9.60199	-0.0232914	0.562569	
9.60194	-0.0227663	0.567537	
9.6019	-0.0222527	0.5712	
9.60185	-0.0217504	0.575956	
9.60181	-0.0212592	0.576504	
9.60177	-0.0207788	0.57483	
9.60173	-0.020309	0.5777	
9.60169	-0.0198496	0.57564	
9.60165	-0.0194004	0.574807	
9.60161	-0.0189611	0.574294	
9.60158	-0.0185316	0.573499	
9.60154	-0.0181116	0.575558	
9.6015	-0.0177009	0.579372	
9.60147	-0.0172993	0.581017	
9.60144	-0.0169067	0.580709	
9.6014	-0.0165228	0.5765	
9.60137	-0.0161474	0.572287	
9.60134	-0.0157804	0.565835	
9.60131	-0.0154216	0.557912	
9.60128	-0.0150708	0.547572	
9.60125	-0.0147278	0.542307	
9.60122	-0.0143924	0.537218	
9.60119	-0.0140646	0.532348	
9.60116	-0.0137441	0.530665	
9.60114	-0.0134308	0.525877	
9.60111	-0.0131244	0.520134	
9.60109	-0.012825	0.52053	
9.60106	-0.0125323	0.515828	
9.60104	-0.0122461	0.513965	
9.60101	-0.0119664	0.509148	
9.60099	-0.0116929	0.508797	
9.60097	-0.0114256	0.512441	
9.60094	-0.0111643	0.518275	
9.60093	-0.00714514	0.518275	
9.60092	-0.00457289	0.518275	
9.60091	-0.00292665	0.518275	
9.60091	-0.00187306	0.518275	
9.60091	-0.00119876	0.518275	
9.60091	-0.000767204	0.518275	
9.60091	-0.00049101	0.518275	
9.6009	-0.000314247	0.518275	
9.6009	-0.000201118	0.518275	
9.6009	-0.000128715	0.518275	
9.6009	-8.23778e-05	0.518275	
9.6009	-5.27218e-05	0.518275	
9.6009	-3.3742e-05	0.518275	
9.6009	-2.15949e-05	0.518275	
9.6009	-1.38207e-05	0.518275	
9.6009	-8.84525e-06	0.518275	
9.6009	-5.66096e-06	0.518275	
9.6009	-3.62302e-06	0.518275	
9.6009	-2.31873e-06	0.518275	
9.6009	-1.48399e-06	0.518275	
9.6009	-9.49752e-07	0.518275	
9.6009	-6.07841e-07	0.518275	
9.6009	-3.89018e-07	0.518275	
9.6009	-2.48972e-07	0.518275	
9.6009	-1.59342e-07	0.518275	
9.6009	-1.01979e-07	0.518275	
9.6009	-6.52664e-08	0.518275	
9.6009	-4.17705e-08	0.518275	
9.6009	-2.67331e-08	0.518275	
9.6009	-1.71092e-08	0.518275	
9.6009	-1.09499e-08	0.518275	
9.6009	-7.00793e-09	0.518275	
9.6009	-4.48507e-09	0.518275	
9.6009	-2.87045e-09	0.518275	
9.6009	-1.83709e-09	0.518275	
9.6009	-1.17574e-09	0.518275	
9.6009	-7.5247e-10	0.518275	
9.6009	-4.81581e-10	0.518275	
9.6009	-3.08212e-10	0.518275	
9.6009	-1.97256e-10	0.518275	
9.6009	-1.26244e-10	0.518275	
9.6009	-8.07959e-11	0.518275	
9.6009	-5.17094e-11	0.518275	
9.6009	-3.3094e-11	0.518275	
9.6009	-2.11802e-11	0.518275	
9.6009	-1.35553e-11	0.518275	
9.6009	-8.67539e-12	0.518275	
9.6009	-5.55225e-12	0.518275	
9.6009	-3.55344e-12	0.518275	
9.6009	-2.2742e-12	0.518275	
9.6009	-1.45549e-12	0.518275	
9.6009	-9.31513e-13	0.518275	
9.6009	-5.96168e-13	0.518275	
9.6009	-3.81548e-13	0.518275	
9.6009	-2.4419e-13	0.518275	
9.6009	-1.56282e-13	0.518275	
9.6009	-1.0002e-13	0.518275	
9.6009	-6.40131e-14	0.518275	
9.6009	-4.09684e-14	0.518275	
9.6009	-2.62198e-14	0.518275	
9.6009	-1.67806e-14	0.518275	
9.6009	-1.07396e-14	0.518275	
9.6009	-6.87335e-15	0.518275	
9.6009	-4.39894e-15	0.518275	
9.6009	-2.81532e-15	0.518275	
9.6009	-1.80181e-15	0.518275	
9.6009	-1.15316e-15	0.518275	
9.6009	-7.3802e-16	0.518275	
9.6009	-4.72333e-16	0.518275	
9.6009	-3.02293e-16	0.518275	
9.6009	-1.93468e-16	0.518275	
9.6009	-1.23819e-16	0.518275	
9.6009	-7.92443e-17	0.518275	
9.6009	-5.07164e-17	0.518275	
9.6009	-3.24585e-17	0.518275	
9.6009	-2.07734e-17	0.518275	
9.6009	-1.3295e-17	0.518275	
9.6009	-8.50879e-18	0.518275	
9.6009	-5.44563e-18	0.518275	
9.6009	-3.4852e-18	0.518275	
9.6009	-2.23053e-18	0.518275	
9.6009	-1.42754e-18	0.518275	
9.6009	-9.13624e-19	0.518275	
9.6009	-5.8472e-19	0.518275	
9.6009	-3.74221e-19	0.518275	
9.6009	-2.39501e-19	0.518275	
9.6009	-1.53281e-19	0.518275	
9.6009	-9.80997e-20	0.518275	
9.6009	-6.27838e-20	0.518275	
9.6009	-4.01816e-20	0.518275	
9.6009	-2.57162e-20	0.518275	
9.6009	-1.64584e-20	0.518275	
9.6009	-1.05334e-20	0.518275	
9.6009	-6.74136e-21	0.518275	
9.6009	-4.31447e-21	0.518275	
9.6009	-2.76126e-21	0.518275	
9.6009	-1.76721e-21	0.518275	
9.6009	-1.13101e-21	0.518275	
9.6009	-7.23848e-22	0.518275	
9.6009	-4.63262e-22	0.518275	
9.6009	-2.96488e-22	0.518275	
9.6009	-1.89752e-22	0.518275	
9.6009	-1.21441e-22	0.518275	
9.6009	-7.77225e-23	0.518275	
9.6009	-4.97424e-23	0.518275	
9.6009	-3.18351e-23	0.518275	
9.6009	-2.03745e-23	0.518275	
9.6009	-1.30397e-23	0.518275	
9.6009	-8.34539e-24	0.518275	
9.6009	-5.34105e-24	0.518275	
9.6009	-3.41827e-24	0.518275	
9.6009	-2.18769e-24	0.518275	
9.6009	-1.40012e-24	0.518275	
9.6009	-8.96079e-25	0.518275	
9.6009	-5.73491e-25	0.518275	
9.6009	-3.67034e-25	0.518275	
9.6009	-2.34902e-25	0.518275	
9.6009	-1.50337e-25	0.518275	
9.6009	-9.62158e-26	0.518275	
9.6009	-6.15781e-26	0.518275	
9.6009	-3.941e-26	0.518275	
9.6009	-2.52224e-26	0.518275	
9.6009	-1.61423e-26	0.518275	
9.6009	-1.03311e-26	0.518275	
9.6009	-6.6119e-27	0.518275	
9.6009	-4.23161e-27	0.518275	
9.6009	-2.70823e-27	0.518275	
9.6009	-1.73327e-27	0.518275	
9.6009	-1.10929e-27	0.518275	
9.6009	-7.09947e-28	0.518275	
9.6009	-4.54366e-28	0.518275	
9.6009	-2.90794e-28	0.518275	
9.6009	-1.86108e-28	0.518275	
9.6009	-1.19109e-28	0.518275	
9.6009	-7.623e-29	0.518275	
9.6009	-4.87872e-29	0.518275	
9.6009	-3.12238e-29	0.518275	
9.6009	-1.99832e-29	0.518275	
9.6009	-1.27893e-29	0.518275	
9.6009	-8.18513e-30	0.518275	
9.6009	-5.23848e-30	0.518275	
9.6009	-3.35263e-30	0.518275	
9.6009	-2.14568e-30	0.518275	
9.6009	-1.37324e-30	0.518275	
9.6009	-8.78871e-31	0.518275	
9.6009	-5.62478e-31	0.518275	
9.6009	-3.59986e-31	0.518275	
9.6009	-2.30391e-31	0.518275	
9.6009	-1.4745e-31	0.518275	
9.6009	-9.43681e-32	0.518275	
9.6009	-6.03956e-32	0.518275	
9.6009	-3.86532e-32	0.518275	
9.6009	-2.4738e-32	0.518275	
9.6009	-1.58323e-32	0.518275	
9.6009	-1.01327e-32	0.518275	
9.6009	-6.48492e-33	0.518275	
9.6009	-4.15035e-33	0.518275	
9.6009	-2.65623e-33	0.518275	
9.6009	-1.69998e-33	0.518275	
9.6009	-1.08799e-33	0.518275	
9.6009	-6.96313e-34	0.518275	
9.6009	-4.45641e-34	0.518275	
9.6009	-2.8521e-34	0.518275	
9.6009	-1.82534e-34	0.518275	
9.6009	-1.16822e-34	0.518275	
9.6009	-7.47661e-35	0.518275	
9.6009	-4.78503e-35	0.518275	
9.6009	-3.06242e-35	0.518275	
9.6009	-1.95995e-35	0.518275	
9.6009	-1.25437e-35	0.518275	
9.6009	-8.02794e-36	0.518275	
9.6009	-5.13788e-36	0.518275	
9.6009	-3.28825e-36	0.518275	
9.6009	-2.10448e-36	0.518275	
9.6009	-1.34687e-36	0.518275	
9.6009	-8.61994e-37	0.518275	
9.6009	-5.51676e-37	0.518275	
9.6009	-3.53073e-37	0.518275	
9.6009	-2.25967e-37	0.518275	
9.6009	-1.44619e-37	0.518275	
9.6009	-9.25559e-38	0.518275	
9.6009	-5.92358e-38	0.518275	
9.6009	-3.79109e-38	0.518275	
9.6009	-2.4263e-38	0.518275	
9.6009	-1.55283e-38	0.518275	
9.6009	-9.93811e-39	0.518275	
9.6009	-6.36039e-39	0.518275	
9.6009	-4.07065e-39	0.518275	
9.6009	-2.60522e-39	0.518275	
9.6009	-1.66734e-39	0.518275	
9.6009	-1.0671e-39	0.518275	
9.6009	-6.82941e-40	0.518275	
9.6009	-4.37083e-40	0.518275	
9.6009	-2.79733e-40	0.518275	
9.6009	-1.79028e-40	0.518275	
9.6009	-1.14579e-40	0.518275	
9.6009	-7.33299e-41	0.518275	
9.6009	-4.69309e-41	0.518275	
9.6009	-3.00354e-41	0.518275	
9.6009	-1.9223e-41	0.518275	
9.6009	-1.23034e-41	0.518275	
9.6009	-7.8739e-42	0.518275	
9.6009	-5.03907e-42	0.518275	
9.6009	-3.22579e-42	0.518275	
9.6009	-2.06411e-42	0.518275	
9.6009	-1.32142e-42	0.518275	
9.6009	-8.44983e-43	0.518275	
9.6009	-5.40901e-43	0.518275	
9.6009	-3.46121e-43	0.518275	
9.6009	-2.21405e-43	0.518275	
9.6009	-1.41531e-43	0.518275	
9.6009	-9.10844e-44	0.518275	
9.6009	-5.74532e-44	0.518275	
9.6009	-3.78351e-44	0.518275	
9.6009	-2.38221e-44	0.518275	
9.6009	-1.54143e-44	0.518275	
9.6009	-9.80909e-45	0.518275	
9.6009	-5.60519e-45	0.518275	
9.6009	-4.2039e-45	0.518275	
9.6009	-2.8026e-45	0.518275	
9.6009	-1.4013e-45	0.518275	
9.6009	-1.4013e-45	0.518275	
9.6009	-0	0.518275	
9.6009	-0	0.518275	
9.6009	-0	0.518275	
9.6009	-0	0.518275	
9.6009	-0	0.518275	
9.6009	-0	0.518275	
9.6009	-0	0.518275	
9.6009	-0	0.518275	
9.6009	-0	0.518275	
9.6009	-0	0.518275	
9.6009	-0	0.518275	
9.6009	-0	0.518275	
9.6009	-0	0.518275	
9.6009	-0	0.518275	
9.6009	-0	0.518275	
9.6009	-0	0.518275	
9.6009	-0	0.518275	
9.6009	-0	0.518275	
9.6009	-0	0.518275	
9.6009	-0	0.518275	
9.6009	-0	0.518275	
9.6009	-0	0.518275	
9.6009	-0	0.518275	
9.6009	-0	0.518275	
9.6009	-0	0.518275	
9.6009	-0	0.518275	
9.6009	-0	0.518275	
9.6009	-0	0.518275	
9.6009	-0	0.518275	
9.6009	-0	0.518275	
9.6009	-0	0.518275	
9.6009	-0	0.518275	
9.6009	-0	0.518275	
9.6009	-0	0.518275	
9.6009	-0	0.518275	
9.6009	-0	0.518275	
9.6009	-0	0.518275	
9.6009	-0	0.518275	
9.6009	-0	0.518275	
9.6009	-0	0.518275	
9.6009	-0	0.518275	
9.6009	-0	0.518275	
9.6009	-0	0.518275	
9.6009	-0	0.518275	
9.6009	-0	0.518275	
9.6009	-0	0.518275	
9.6009	-0	0.518275	
9.6009	-0	0.518275	
9.6009	-0	0.518275	
9.6009	-0	0.518275	
9.6009	-0	0.518275	
9.6009	-0	0.518275	
9.6009	-0	0.518275	
9.6009	-0	0.518275	
9.6009	-0	0.518275	
9.6009	-0	0.518275	
9.6009	-0	0.518275	
9.6009	-0	0.518275	
9.6009	-0	0.518275	
9.6009	-0	0.518275	
9.6009	-0	0.518275	
9.6009	-0	0.518275	
9.6009	-0	0.518275	
9.6009	-0	0.518275	
9.6009	-0	0.518275	
9.6009	-0	0.518275	
9.6009	-0	0.518275	
9.6009	-0	0.518275	
9.6009	-0	0.518275	
9.6009	-0	0.518275	
9.6009	-0	0.518275	
9.6009	-0	0.518275	
9.6009	-0	0.518275	
9.6009	-0	0.518275	
9.6009	-0	0.518275	
9.6009	-0	0.518275	
9.6009	-0	0.518275	
9.6009	-0	0.518275	
9.6009	-0	0.518275	
9.6009	-0	0.518275	
9.6009	-0	0.518275	
9.6009	-0	0.518275	
9.6009	-0	0.518275	
9.6009	-0	0.518275	
9.6009	-0	0.518275	
9.6009	-0	0.518275	
9.6009	-0	0.518275	
9.6009	-0	0.518275	
9.6009	-0	0.518275	
9.6009	-0	0.518275	
9.6009	-0	0.518275	
9.6009	-0	0.518275	
9.6009	-0	0.518275	
9.6009	-0	0.518275	
9.6009	-0	0.518275	
9.6009	-0	0.518275	
9.6009	-0	0.518275	
9.6009	-0	0.518275	
9.6009	-0	0.518275	
9.6009	-0	0.518275	
9.6009	-0	0.518275	
9.6009	-0	0.518275	
9.6009	-0	0.518275	
9.6009	-0	0.518275	
9.6009	-0	0.518275	
9.6009	-0	0.518275	
9.6009	-0	0.518275	
9.6009	-0	0.518275	
9.6009	-0	0.518275	
9.6009	-0	0.518275	
9.6009	-0	0.518275	
9.6009	-0	0.518275	
9.6009	-0	0.518275	
9.6009	-0	0.518275	
9.6009	-0	0.518275	
9.6009	-0	0.518275	
9.6009	-0	0.518275	
9.6009	-0	0.518275	
9.6009	-0	0.518275	
9.6009	-0	0.518275	
9.6009	-0	0.518275	
9.6009	-0	0.518275	
9.6009	-0	0.518275	
9.6009	-0	0.518275	
9.6009	-0	0.518275	
9.6009	-0	0.518275	
9.6009	-0	0.518275	
9.6009	-0	0.518275	
9.6009	-0	0.518275	
9.6009	-0	0.518275	
9.6009	-0	0.518275	
9.6009	-0	0.518275	
9.6009	-0	0.518275	
9.6009	-0	0.518275	
9.6009	-0	0.518275	
9.6009	-0	0.518275	
9.6009	-0	0.518275	
9.6009	-0	0.518275	
9.6009	-0	0.518275	
9.6009	-0	0.518275	
9.6009	-0	0.518275	
9.6009	-0	0.518275	
9.6009	-0	0.518275	
9.6009	-0	0.518275	
9.6009	-0	0.518275	
9.6009	-0	0.518275	
9.6009	-0	0.518275	
9.6009	-0	0.518275	
9.6009	-0	0.518275	
9.6009	-0	0.518275	
9.6009	-0	0.518275	
9.6009	-0	0.518275	
9.6009	-0	0.518275	
9.6009	-0	0.518275	
9.6009	-0	0.518275	
9.6009	-0	0.518275	
9.6009	-0	0.518275	
9.6009	-0	0.518275	
9.6009	-0	0.518275	
9.6009	-0	0.518275	
9.6009	-0	0.518275	
9.6009	-0	0.518275	
9.6009	-0	0.518275	
9.6009	-0	0.518275	
9.6009	-0	0.518275	
9.6009	-0	0.518275	
9.6009	-0	0.518275	
9.6009	-0	0.518275	
9.6009	-0	0.518275	
9.6009	-0	0.518275	
9.6009	-0	0.518275	
9.6009	-0	0.518275	
9.6009	-0	0.518275	
9.6009	-0	0.518275	
9.6009	-0	0.518275	
9.6009	-0	0.518275	
9.6009	-0	0.518275	
9.6009	-0	0.518275	
9.6009	-0	0.518275	
9.6009	-0	0.518275	
9.6009	-0	0.518275	
9.6009	-0	0.518275	
9.6009	-0	0.518275	
9.6009	-0	0.518275	
9.6009	-0	0.518275	
9.6009	-0	0.518275	
9.6009	-0	0.518275	
9.6009	-0	0.518275	
9.6009	-0	0.518275	
9.6009	-0	0.518275	
9.6009	-0	0.518275	
9.6009	-0	0.518275	
9.6009	-0	0.518275	
9.6009	-0	0.518275	
9.6009	-0	0.518275	
9.6009	-0	0.518275	
9.6009	-0	0.518275	
9.6009	-0	0.518275	
9.6009	-0	0.518275	
9.6009	-0	0.518275	
9.6009	-0	0.518275	
9.6009	-0	0.518275	
9.6009	-0	0.518275	
9.6009	-0	0.518275	
9.6009	-0	0.518275	
9.6009	-0	0.518275	
9.6009	-0	0.518275	
9.6009	-0	0.518275	
9.6009	-0	0.518275	
9.6009	-0	0.518275	
9.6009	-0	0.518275	
9.6009	-0	0.518275	
9.6009	-0	0.518275	
9.6009	-0	0.518275	
9.6009	-0	0.518275	
9.6009	-0	0.518275	
9.6009	-0	0.518275	
9.6009	-0	0.518275	
9.6009	-0	0.518275	
9.6009	-0	0.518275	
9.6009	-0	0.518275	
9.6009	-0	0.518275	
9.6009	-0	0.518275	
9.6009	-0	0.518275	
9.6009	-0	0.518275	
9.6009	-0	0.518275	
9.6009	-0	0.518275	
9.6009	-0	0.518275	
9.6009	-0	0.518275	
9.6009	-0	0.518275	
9.6009	-0	0.518275	
9.6009	-0	0.518275	
9.6009	-0	0.518275	
9.6009	-0	0.518275	
9.6009	-0	0.518275	
9.6009	-0	0.518275	
9.6009	-0	0.518275	
9.6009	-0	0.518275	
9.6009	-0	0.518275	
9.6009	-0	0.518275	
9.6009	-0	0.518275	
9.6009	-0	0.518275	
9.6009	-0	0.518275	
9.6009	-0	0.518275	
9.6009	-0	0.518275	
9.6009	-0	0.518275	
9.6009	-0	0.518275	
9.6009	-0	0.518275	
9.6009	-0	0.518275	
9.6009	-0	0.518275	
9.6009	-0	0.518275	
9.6009	-0	0.518275	
9.6009	-0	0.518275	
9.6009	-0	0.518275	
9.6009	-0	0.518275	
9.6009	-0	0.518275	
9.6009	-0	0.518275	
9.6009	-0	0.518275	
9.6009	-0	0.518275	
9.6009	-0	0.518275	
9.6009	-0	0.518275	
9.6009	-0	0.518275	
9.6009	-0	0.518275	
9.6009	-0	0.518275	
9.6009	-0	0.518275	
9.6009	-0	0.518275	
9.6009	-0	0.518275	
9.6009	-0	0.518275	
9.6009	-0	0.518275	
9.6009	-0	0.518275	
9.6009	-0	0.518275	
9.6009	-0	0.518275	
9.6009	-0	0.518275	
9.6009	-0	0.518275	
9.6009	-0	0.518275	
9.6009	-0	0.518275	
9.6009	-0	0.518275	
9.6009	-0	0.518275	
9.6009	-0	0.518275	
9.6009	-0	0.518275	
9.6009	-0	0.518275	
9.6009	-0	0.518275	
9.6009	-0	0.518275	
9.6009	-0	0.518275	
9.6009	-0	0.518275	
9.6009	-0	0.518275	
9.6009	-0	0.518275	
9.6009	-0	0.518275	
9.6009	-0	0.518275	
9.6009	-0	0.518275	
9.6009	-0	0.518275	
9.6009	-0	0.518275	
9.6009	-0	0.518275	
9.6009	-0	0.518275	
9.6009	-0	0.518275	
9.6009	-0	0.518275	
9.6009	-0	0.518275	
9.6009	-0	0.518275	
9.6009	-0	0.518275	
9.6009	-0	0.518275	
9.6009	-0	0.518275	
9.6009	-0	0.518275	
9.6009	-0	0.518275	
9.6009	-0	0.518275	
9.6009	-0	0.518275	
9.6009	-0	0.518275	
9.6009	-0	0.518275	
9.6009	-0	0.518275	
9.6009	-0	0.518275	
9.6009	-0	0.518275	
9.6009	-0	0.518275	
9.6009	-0	0.518275	
9.6009	-0	0.518275	
9.6009	-0	0.518275	
9.6009	-0	0.518275	
9.6009	-0	0.518275	
9.6009	-0	0.518275	
9.6009	-0	0.518275	
9.6009	-0	0.518275	
9.6009	-0	0.518275	
9.6009	-0	0.518275	
9.6009	-0	0.518275	
9.6009	-0	0.518275	
9.6009	-0	0.518275	
9.6009	-0	0.518275	
9.6009	-0	0.518275	
9.6009	-0	0.518275	
9.6009	-0	0.518275	
9.6009	-0	0.518275	
9.6009	-0	0.518275	
9.6009	-0	0.518275	
9.6009	-0	0.518275	
9.6009	-0	0.518275	
9.6009	-0	0.518275	
9.6009	-0	0.518275	
9.6009	-0	0.518275	
9.6009	-0	0.518275	
9.6009	-0	0.518275	
9.6009	-0	0.518275	
9.6009	-0	0.518275	
9.6009	-0	0.518275	
9.6009	-0	0.518275	
9.6009	-0	0.518275	
9.6009	-0	0.518275	
9.6009	-0	0.518275	
9.6009	-0	0.518275	
9.6009	-0	0.518275	
9.6009	-0	0.518275	
9.6009	-0	0.518275	
9.6009	-0	0.518275	
9.6009	-0	0.518275	
9.6009	-0	0.518275	
9.6009	-0	0.518275	
9.6009	-0	0.518275	
9.6009	-0	0.518275	
9.6009	-0	0.518275	
9.6009	-0	0.518275	
9.6009	-0	0.518275	
9.6009	-0	0.518275	
9.6009	-0	0.518275	
9.6009	-0	0.518275	
9.6009	-0	0.518275	
9.6009	-0	0.518275	
9.6009	-0	0.518275	
9.6009	-0	0.518275	
9.6009	-0	0.518275	
9.6009	-0	0.518275	
9.6009	-0	0.518275	
9.6009	-0	0.518275	
9.6009	-0	0.518275	
9.6009	-0	0.518275	
9.6009	-0	0.518275	
9.6009	-0	0.518275	
9.6009	-0	0.518275	
9.6009	-0	0.518275	
9.6009	-0	0.518275	
9.6009	-0	0.518275	
9.6009	-0	0.518275	
9.6009	-0	0.518275	
9.6009	-0	0.518275	
9.6009	-0	0.518275	
9.6009	-0	0.518275	
9.6009	-0	0.518275	
9.6009	-0	0.518275	
9.6009	-0	0.518275	
9.6009	-0	0.518275	
9.6009	-0	0.518275	
9.6009	-0	0.518275	
9.6009	-0	0.518275	
9.6009	-0	0.518275	
9.6009	-0	0.518275	
9.6009	-0	0.518275	
9.6009	-0	0.518275	
9.6009	-0	0.518275	
9.6009	-0	0.518275	
9.6009	-0	0.518275	
9.6009	-0	0.518275	
9.6009	-0	0.518275	
9.6009	-0	0.518275	
9.6009	-0	0.518275	
9.6009	-0	0.518275	
9.6009	-0	0.518275	
9.6009	-0	0.518275	
9.6009	-0	0.518275	
9.6009	-0	0.518275	
9.6009	-0	0.518275	
9.6009	-0	0.518275	
9.6009	-0	0.518275	
9.6009	-0	0.518275	
9.6009	-0	0.518275	
9.6009	-0	0.518275	
9.6009	-0	0.518275	
9.6009	-0	0.518275	
9.6009	-0	0.518275	
9.6009	-0	0.518275	
9.6009	-0	0.518275	
9.6009	-0	0.518275	
9.6009	-0	0.518275	
9.6009	-0	0.518275	
9.6009	-0	0.518275	
9.6009	-0	0.518275	
9.6009	-0	0.518275	
9.6009	-0	0.518275	
9.6009	-0	0.518275	
9.6009	-0	0.518275	
9.6009	-0	0.518275	
9.6009	-0	0.518275	
9.6009	-0	0.518275	
9.6009	-0	0.518275	
9.6009	-0	0.518275	
9.6009	-0	0.518275	
9.6009	-0	0.518275	
9.6009	-0	0.518275	
9.6009	-0	0.518275	
9.6009	-0	0.518275	
9.6009	-0	0.518275	
9.6009	-0	0.518275	
9.6009	-0	0.518275	
9.6009	-0	0.518275	
9.6009	-0	0.518275	
9.6009	-0	0.518275	
9.6009	-0	0.518275	
9.6009	-0	0.518275	
9.6009	-0	0.518275	
9.6009	-0	0.518275	
9.6009	-0	0.518275	
9.6009	-0	0.518275	
9.6009	-0	0.518275	
9.6009	-0	0.518275	
9.6009	-0	0.518275	
9.6009	-0	0.518275	
9.6009	-0	0.518275	
9.6009	-0	0.518275	
9.6009	-0	0.518275	
9.6009	-0	0.518275	
9.6009	-0	0.518275	
9.6009	-0	0.518275	
9.6009	-0	0.518275	
9.6009	-0	0.518275	
9.6009	-0	0.518275	
9.6009	-0	0.518275	
9.6009	-0	0.518275	
9.6009	-0	0.518275	
9.6009	-0	0.518275	
9.6009	-0	0.518275	
9.6009	-0	0.518275	
9.6009	-0	0.518275	
9.6009	-0	0.518275	
9.6009	-0	0.518275	
9.6009	-0	0.518275	
9.6009	-0	0.518275	
9.6009	-0	0.518275	
9.6009	-0	0.518275	
9.6009	-0	0.518275	
9.6009	-0	0.518275	
9.6009	-0	0.518275	
9.6009	-0	0.518275	
9.6009	-0	0.518275	
9.6009	-0	0.518275	
9.6009	-0	0.518275	
9.6009	-0	0.518275	
9.6009	-0	0.518275	
9.6009	-0	0.518275	
9.6009	-0	0.518275	
9.6009	-0	0.518275	
9.6009	-0	0.518275	
9.6009	-0	0.518275	
9.6009	-0	0.518275	
9.6009	-0	0.518275	
9.6009	-0	0.518275	
9.6009	-0	0.518275	
9.6009	-0	0.518275	
9.6009	-0	0.518275	
9.6009	-0	0.518275	
9.6009	-0	0.518275	
9.6009	-0	0.518275	
9.6009	-0	0.518275	
9.6009	-0	0.518275	
9.6009	-0	0.518275	
9.6009	-0	0.518275	
9.6009	-0	0.518275	
9.6009	-0	0.518275	
9.6009	-0	0.518275	
9.6009	-0	0.518275	
9.6009	-0	0.518275	
9.6009	-0	0.518275	
9.6009	-0	0.518275	
9.6009	-0	0.518275	
9.6009	-0	0.518275	
9.6009	-0	0.518275	
9.6009	-0	0.518275	
9.6009	-0	0.518275	
9.6009	-0	0.518275	
9.6009	-0	0.518275	
9.6009	-0	0.518275	
9.6009	-0	0.518275	
9.6009	-0	0.518275	
9.6009	-0	0.518275	
9.6009	-0	0.518275	
9.6009	-0	0.518275	
9.6009	-0	0.518275	
9.6009	-0	0.518275	
9.6009	-0	0.518275	
9.6009	-0	0.518275	
9.6009	-0	0.518275	
9.6009	-0	0.518275	
9.6009	-0	0.518275	
9.6009	-0	0.518275	
9.6009	-0	0.518275	
9.6009	-0	0.518275	
9.6009	-0	0.518275	
9.6009	-0	0.518275	
9.6009	-0	0.518275	
9.6009	-0	0.518275	
9.6009	-0	0.518275	
9.6009	-0	0.518275	
9.6009	-0	0.518275	
9.6009	-0	0.518275	
9.6009	-0	0.518275	
9.6009	-0	0.518275	
9.6009	-0	0.518275	
9.6009	-0	0.518275	
9.6009	-0	0.518275	
9.6009	-0	0.518275	
9.6009	-0	0.518275	
9.6009	-0	0.518275	
9.6009	-0	0.518275	
9.6009	-0	0.518275	
9.6009	-0	0.518275	
9.6009	-0	0.518275	
9.6009	-0	0.518275	
9.6009	-0	0.518275	
9.6009	-0	0.518275	
9.6009	-0	0.518275	
9.6009	-0	0.518275	
9.6009	-0	0.518275	
9.6009	-0	0.518275	
9.6009	-0	0.518275	
9.6009	-0	0.518275	
9.6009	-0	0.518275	
9.6009	-0	0.518275	
9.6009	-0	0.518275	
9.6009	-0	0.518275	
9.6009	-0	0.518275	
9.6009	-0	0.518275	
9.6009	-0	0.518275	
9.6009	-0	0.518275	
9.6009	-0	0.518275	
9.6009	-0	0.518275	
9.6009	-0	0.518275	
9.6009	-0	0.518275	
9.6009	-0	0.518275	
9.6009	-0	0.518275	
9.6009	-0	0.518275	
9.6009	-0	0.518275	
9.6009	-0	0.518275	
9.6009	-0	0.518275	
9.6009	-0	0.518275	
9.6009	-0	0.518275	
9.6009	-0	0.518275	
9.6009	-0	0.518275	
9.6009	-0	0.518275	
9.6009	-0	0.518275	
9.6009	-0	0.518275	
9.6009	-0	0.518275	
9.6009	-0	0.518275	
9.6009	-0	0.518275	
9.6009	-0	0.518275	
9.6009	-0	0.518275	
9.6009	-0	0.518275	
9.6009	-0	0.518275	
9.6009	-0	0.518275	
9.6009	-0	0.518275	
9.6009	-0	0.518275	
9.6009	-0	0.518275	
9.6009	-0	0.518275	
9.6009	-0	0.518275	
9.6009	-0	0.518275	
9.6009	-0	0.518275	
9.6009	-0	0.518275	
9.6009	-0	0.518275	
9.6009	-0	0.518275	
9.6009	-0	0.518275	
9.6009	-0	0.518275	
9.6009	-0	0.518275	
9.6009	-0	0.518275	
9.6009	-0	0.518275	
9.6009	-0	0.518275	
9.6009	-0	0.518275	
9.6009	-0	0.518275	
9.6009	-0	0.518275	
9.6009	-0	0.518275	
9.6009	-0	0.518275	
9.6009	-0	0.518275	
9.6009	-0	0.518275	
9.6009	-0	0.518275	
9.6009	-0	0.518275	
9.6009	-0	0.518275	
9.6009	-0	0.518275	
9.6009	-0	0.518275	
9.6009	-0	0.518275	
9.6009	-0	0.518275	
9.6009	-0	0.518275	
9.6009	-0	0.518275	
9.6009	-0	0.518275	
9.6009	-0	0.518275	
9.6009	-0	0.518275	
9.6009	-0	0.518275	
9.6009	-0	0.518275	
9.6009	-0	0.518275	
9.6009	-0	0.518275	
9.6009	-0	0.518275	
9.6009	-0	0.518275	
9.6009	-0	0.518275	
9.6009	-0	0.518275	
9.6009	-0	0.518275	
9.6009	-0	0.518275	
9.6009	-0	0.518275	
9.6009	-0	0.518275	
9.6009	-0	0.518275	
9.6009	-0	0.518275	
9.6009	-0	0.518275	
9.6009	-0	0.518275	
9.6009	-0	0.518275	
9.6009	-0	0.518275	
9.6009	-0	0.518275	
9.6009	-0	0.518275	
9.6009	-0	0.518275	
9.6009	-0	0.518275	
9.6009	-0	0.518275	
9.6009	-0	0.518275	
9.6009	-0	0.518275	
9.6009	-0	0.518275	
9.6009	-0	0.518275	
9.6009	-0	0.518275	
9.6009	-0	0.518275	
9.6009	-0	0.518275	
9.6009	-0	0.518275	
9.6009	-0	0.518275	
9.6009	-0	0.518275	
9.6009	-0	0.518275	
9.6009	-0	0.518275	
9.6009	-0	0.518275	
9.6009	-0	0.518275	
9.6009	-0	0.518275	
9.6009	-0	0.518275	
9.6009	-0	0.518275	
9.6009	-0	0.518275	
9.6009	-0	0.518275	
9.6009	-0	0.518275	
9.6009	-0	0.518275	
9.6009	-0	0.518275	
9.6009	-0	0.518275	
9.6009	-0	0.518275	
9.6009	-0	0.518275	
9.6009	-0	0.518275	
9.6009	-0	0.518275	
9.6009	-0	0.518275	
9.6009	-0	0.518275	
9.6009	-0	0.518275	
9.6009	-0	0.518275	
9.6009	-0	0.518275	
9.6009	-0	0.518275	
9.6009	-0	0.518275	
9.6009	-0	0.518275	
9.6009	-0	0.518275	
9.6009	-0	0.518275	
9.6009	-0	0.518275	
9.6009	-0	0.518275	
9.6009	-0	0.518275	
9.6009	-0	0.518275	
9.6009	-0	0.518275	
9.6009	-0	0.518275	
9.6009	-0	0.518275	
9.6009	-0	0.518275	
9.6009	-0	0.518275	
9.6009	-0	0.518275	
9.6009	-0	0.518275	
9.6009	-0	0.518275	
9.6009	-0	0.518275	
9.6009	-0	0.518275	
9.6009	-0	0.518275	
9.6009	-0	0.518275	
9.6009	-0	0.518275	
9.6009	-0	0.518275	
9.6009	-0	0.518275	
9.6009	-0	0.518275	
9.6009	-0	0.518275	
9.6009	-0	0.518275	
9.6009	-0	0.518275	
9.6009	-0	0.518275	
9.6009	-0	0.518275	
9.6009	-0	0.518275	
9.6009	-0	0.518275	
9.6009	-0	0.518275	
9.6009	-0	0.518275	
9.6009	-0	0.518275	
9.6009	-0	0.518275	
9.6009	-0	0.518275	
9.6009	-0	0.518275	
9.6009	-0	0.518275	
9.6009	-0	0.518275	
9.6009	-0	0.518275	
9.6009	-0	0.518275	
9.6009	-0	0.518275	
9.6009	-0	0.518275	
9.6009	-0	0.518275	
9.6009	-0	0.518275	
9.6009	-0	0.518275	
9.6009	-0	0.518275	
9.6009	-0	0.518275	
9.6009	-0	0.518275	
9.6009	-0	0.518275	
9.6009	-0	0.518275	
9.6009	-0	0.518275	
9.6009	-0	0.518275	
9.6009	-0	0.518275	
9.6009	-0	0.518275	
9.6009	-0	0.518275	
9.6009	-0	0.518275	
9.6009	-0	0.518275	
9.6009	-0	0.518275	
9.6009	-0	0.518275	
9.6009	-0	0.518275	
9.6009	-0	0.518275	
9.6009	-0	0.518275	
9.6009	-0	0.518275	
9.6009	-0	0.518275	
9.6009	-0	0.518275	
9.6009	-0	0.518275	
9.6009	-0	0.518275	
9.6009	-0	0.518275	
9.6009	-0	0.518275	
9.6009	-0	0.518275	
9.6009	-0	0.518275	
9.6009	-0	0.518275	
9.6009	-0	0.518275	
9.6009	-0	0.518275	
9.6009	-0	0.518275	
9.6009	-0	0.518275	
9.6009	-0	0.518275	
9.6009	-0	0.518275	
9.6009	-0	0.518275	
9.6009	-0	0.518275	
9.6009	-0	0.518275	
9.6009	-0	0.518275	
9.6009	-0	0.518275	
9.6009	-0	0.518275	
9.6009	-0	0.518275	
9.6009	-0	0.518275	
9.6009	-0	0.518275	
9.6009	-0	0.518275	
9.6009	-0	0.518275	
9.6009	-0	0.518275	
9.6009	-0	0.518275	
9.6009	-0	0.518275	
9.6009	-0	0.518275	
9.6009	-0	0.518275	
9.6009	-0	0.518275	
9.6009	-0	0.518275	
9.6009	-0	0.518275	
9.6009	-0	0.518275	
9.6009	-0	0.518275	
9.6009	-0	0.518275	
9.6009	-0	0.518275	
9.6009	-0	0.518275	
9.6009	-0	0.518275	
9.6009	-0	0.518275	
9.6009	-0	0.518275	
9.6009	-0	0.518275	
9.6009	-0	0.518275	
9.6009	-0	0.518275	
9.6009	-0	0.518275	
9.6009	-0	0.518275	
9.6009	-0	0.518275	
9.6009	-0	0.518275	
9.6009	-0	0.518275	
9.6009	-0	0.518275	
9.6009	-0	0.518275	
9.6009	-0	0.518275	
9.6009	-0	0.518275	
9.6009	-0	0.518275	
9.6009	-0	0.518275	
9.6009	-0	0.518275	
9.6009	-0	0.518275	
9.6009	-0	0.518275	
9.6009	-0	0.518275	
9.6009	-0	0.518275	
9.6009	-0	0.518275	
9.6009	-0	0.518275	
9.6009	-0	0.518275	
9.6009	-0	0.518275	
9.6009	-0	0.518275	
9.6009	-0	0.518275	
9.6009	-0	0.518275	
9.6009	-0	0.518275	
9.6009	-0	0.518275	
9.6009	-0	0.518275	
9.6009	-0	0.518275	
9.6009	-0	0.518275	
9.6009	-0	0.518275	
9.6009	-0	0.518275	
9.6009	-0	0.518275	
9.6009	-0	0.518275	
9.6009	-0	0.518275	
9.6009	-0	0.518275	
9.6009	-0	0.518275	
9.6009	-0	0.518275	
9.6009	-0	0.518275	
9.6009	-0	0.518275	
9.6009	-0	0.518275	
9.6009	-0	0.518275	
9.6009	-0	0.518275	
9.6009	-0	0.518275	
9.6009	-0	0.518275	
9.6009	-0	0.518275	
9.6009	-0	0.518275	
9.6009	-0	0.518275	
9.6009	-0	0.518275	
9.6009	-0	0.518275	
9.6009	-0	0.518275	
9.6009	-0	0.518275	
9.6009	-0	0.518275	
9.6009	-0	0.518275	
9.6009	-0	0.518275	
9.6009	-0	0.518275	
9.6009	-0	0.518275	
9.6009	-0	0.518275	
9.6009	-0	0.518275	
9.6009	-0	0.518275	
9.6009	-0	0.518275	
9.6009	-0	0.518275	
9.6009	-0	0.518275	
9.6009	-0	0.518275	
9.6009	-0	0.518275	
9.6009	-0	0.518275	
9.6009	-0	0.518275	
9.6009	-0	0.518275	
9.6009	-0	0.518275	
9.6009	-0	0.518275	
9.6009	-0	0.518275	
9.6009	-0	0.518275	
9.6009	-0	0.518275	
9.6009	-0	0.518275	
9.6009	-0	0.518275	
9.6009	-0	0.518275	
9.6009	-0	0.518275	
9.6009	-0	0.518275	
9.6009	-0	0.518275	
9.6009	-0	0.518275	
9.6009	-0	0.518275	
9.6009	-0	0.518275	
9.6009	-0	0.518275	
9.6009	-0	0.518275	
9.6009	-0	0.518275	
9.6009	-0	0.518275	
9.6009	-0	0.518275	
9.6009	-0	0.518275	
9.6009	-0	0.518275	
9.6009	-0	0.518275	
9.6009	-0	0.518275	
9.6009	-0	0.518275	
9.6009	-0	0.518275	
9.6009	-0	0.518275	
9.6009	-0	0.518275	
9.6009	-0	0.518275	
9.6009	-0	0.518275	
9.6009	-0	0.518275	
9.6009	-0	0.518275	
9.6009	-0	0.518275	
9.6009	-0	0.518275	
9.6009	-0	0.518275	
9.6009	-0	0.518275	
9.6009	-0	0.518275	
9.6009	-0	0.518275	
9.6009	-0	0.518275	
9.6009	-0	0.518275	
9.6009	-0	0.518275	
9.6009	-0	0.518275	
9.6009	-0	0.518275	
9.6009	-0	0.518275	
9.6009	-0	0.518275	
9.6009	-0	0.518275	
9.6009	-0	0.518275	
9.6009	-0	0.518275	
9.6009	-0	0.518275	
9.6009	-0	0.518275	
9.6009	-0	0.518275	
9.6009	-0	0.518275	
9.6009	-0	0.518275	
9.6009	-0	0.518275	
9.6009	-0	0.518275	
9.6009	-0	0.518275	
9.6009	-0	0.518275	
9.6009	-0	0.518275	
9.6009	-0	0.518275	
9.6009	-0	0.518275	
9.6009	-0	0.518275	
9.6009	-0	0.518275	
9.6009	-0	0.518275	
9.6009	-0	0.518275	
9.6009	-0	0.518275	
9.6009	-0	0.518275	
9.6009	-0	0.518275	
9.6009	-0	0.518275	
9.6009	-0	0.518275	
9.6009	-0	0.518275	
9.6009	-0	0.518275	
9.6009	-0	0.518275	
9.6009	-0	0.518275	
9.6009	-0	0.518275	
9.6009	-0	0.518275	
9.6009	-0	0.518275	
9.6009	-0	0.518275	
9.6009	-0	0.518275	
9.6009	-0	0.518275	
9.6009	-0	0.518275	
9.6009	-0	0.518275	
9.6009	-0	0.518275	
9.6009	-0	0.518275	
9.6009	-0	0.518275	
9.6009	-0	0.518275	
9.6009	-0	0.518275	
9.6009	-0	0.518275	
9.6009	-0	0.518275	
9.6009	-0	0.518275	
9.6009	-0	0.518275	
9.6009	-0	0.518275	
9.6009	-0	0.518275	
9.6009	-0	0.518275	
9.6009	-0	0.518275	
9.6009	-0	0.518275	
9.6009	-0	0.518275	
9.6009	-0	0.518275	
9.6009	-0	0.518275	
9.6009	-0	0.518275	
9.6009	-0	0.518275	
9.6009	-0	0.518275	
9.6009	-0	0.518275	
9.6009	-0	0.518275	
9.6009	-0	0.518275	
9.6009	-0	0.518275	
9.6009	-0	0.518275	
9.6009	-0	0.518275	
9.6009	-0	0.518275	
9.6009	-0	0.518275	
9.6009	-0	0.518275	
9.6009	-0	0.518275	
9.6009	-0	0.518275	
9.6009	-0	0.518275	
9.6009	-0	0.518275	
9.6009	-0	0.518275	
9.6009	-0	0.518275	
9.6009	-0	0.518275	
9.6009	-0	0.518275	
9.6009	-0	0.518275	
9.6009	-0	0.518275	
9.6009	-0	0.518275	
9.6009	-0	0.518275	
9.6009	-0	0.518275	
9.6009	-0	0.518275	
9.6009	-0	0.518275	
9.6009	-0	0.518275	
9.6009	-0	0.518275	
9.6009	-0	0.518275	
9.6009	-0	0.518275	
9.6009	-0	0.518275	
9.6009	-0	0.518275	
9.6009	-0	0.518275	
9.6009	-0	0.518275	
9.6009	-0	0.518275	
9.6009	-0	0.518275	
9.6009	-0	0.518275	
9.6009	-0	0.518275	
9.6009	-0	0.518275	
9.6009	-0	0.518275	
9.6009	-0	0.518275	
9.6009	-0	0.518275	
9.6009	-0	0.518275	
9.6009	-0	0.518275	
9.6009	-0	0.518275	
9.6009	-0	0.518275	
9.6009	-0	0.518275	
9.6009	-0	0.518275	
9.6009	-0	0.518275	
9.6009	-0	0.518275	
9.6009	-0	0.518275	
9.6009	-0	0.518275	
9.6009	-0	0.518275	
9.6009	-0	0.518275	
9.6009	-0	0.518275	
9.6009	-0	0.518275	
9.6009	-0	0.518275	
9.6009	-0	0.518275	
9.6009	-0	0.518275	
9.6009	-0	0.518275	
9.6009	-0	0.518275	
9.6009	-0	0.518275	
9.6009	-0	0.518275	
9.6009	-0	0.518275	
9.6009	-0	0.518275	
9.6009	-0	0.518275	
9.6009	-0	0.518275	
9.6009	-0	0.518275	
9.6009	-0	0.518275	
9.6009	-0	0.518275	
9.6009	-0	0.518275	
9.6009	-0	0.518275	
9.6009	-0	0.518275	
9.6009	-0	0.518275	
9.6009	-0	0.518275	
9.6009	-0	0.518275	
9.6009	-0	0.518275	
9.6009	-0	0.518275	
9.6009	-0	0.518275	
9.6009	-0	0.518275	
9.6009	-0	0.518275	
9.6009	-0	0.518275	
9.6009	-0	0.518275	
9.6009	-0	0.518275	
9.6009	-0	0.518275	
9.6009	-0	0.518275	
9.6009	-0	0.518275	
9.6009	-0	0.518275	
9.6009	-0	0.518275	
9.6009	-0	0.518275	
9.6009	-0	0.518275	
9.6009	-0	0.518275	
9.6009	-0	0.518275	
9.6009	-0	0.518275	
9.6009	-0	0.518275	
9.6009	-0	0.518275	
9.6009	-0	0.518275	
9.6009	-0	0.518275	
9.6009	-0	0.518275	
9.6009	-0	0.518275	
9.6009	-0	0.518275	
9.6009	-0	0.518275	
9.6009	-0	0.518275	
9.6009	-0	0.518275	
9.6009	-0	0.518275	
9.6009	-0	0.518275	
9.6009	-0	0.518275	
9.6009	-0	0.518275	
9.6009	-0	0.518275	
9.6009	-0	0.518275	
9.6009	-0	0.518275	
9.6009	-0	0.518275	
9.6009	-0	0.518275	
9.6009	-0	0.518275	
9.6009	-0	0.518275	
9.6009	-0	0.518275	
9.6009	-0	0.518275	
9.6009	-0	0.518275	
9.6009	-0	0.518275	
9.6009	-0	0.518275	
9.6009	-0	0.518275	
9.6009	-0	0.518275	
9.6009	-0	0.518275	
9.6009	-0	0.518275	
9.6009	-0	0.518275	
9.6009	-0	0.518275	
9.6009	-0	0.518275	
9.6009	-0	0.518275	
9.6009	-0	0.518275	
9.6009	-0	0.518275	
9.6009	-0	0.518275	
9.6009	-0	0.518275	
9.6009	-0	0.518275	
9.6009	-0	0.518275	
9.6009	-0	0.518275	
9.6009	-0	0.518275	
9.6009	-0	0.518275	
9.6009	-0	0.518275	
9.6009	-0	0.518275	
9.6009	-0	0.518275	
9.6009	-0	0.518275	
9.6009	-0	0.518275	
9.6009	-0	0.518275	
9.6009	-0	0.518275	
9.6009	-0	0.518275	
9.6009	-0	0.518275	
9.6009	-0	0.518275	
9.6009	-0	0.518275	
9.6009	-0	0.518275	
9.6009	-0	0.518275	
9.6009	-0	0.518275	
9.6009	-0	0.518275	
9.6009	-0	0.518275	
9.6009	-0	0.518275	
9.6009	-0	0.518275	
9.6009	-0	0.518275	
9.6009	-0	0.518275	
9.6009	-0	0.518275	
9.6009	-0	0.518275	
9.6009	-0	0.518275	
9.6009	-0	0.518275	
9.6009	-0	0.518275	
9.6009	-0	0.518275	
9.6009	-0	0.518275	
9.6009	-0	0.518275	
9.6009	-0	0.518275	
9.6009	-0	0.518275	
9.6009	-0	0.518275	
9.6009	-0	0.518275	
9.6009	-0	0.518275	
9.6009	-0	0.518275	
9.6009	-0	0.518275	
9.6009	-0	0.518275	
9.6009	-0	0.518275	
9.6009	-0	0.518275	
9.6009	-0	0.518275	
9.6009	-0	0.518275	
9.6009	-0	0.518275	
9.6009	-0	0.518275	
9.6009	-0	0.518275	
9.6009	-0	0.518275	
9.6009	-0	0.518275	
9.6009	-0	0.518275	
9.6009	-0	0.518275	
9.6009	-0	0.518275	
9.6009	-0	0.518275	
9.6009	-0	0.518275	
9.6009	-0	0.518275	
9.6009	-0	0.518275	
9.6009	-0	0.518275	
9.6009	-0	0.518275	
9.6009	-0	0.518275	
9.6009	-0	0.518275	
9.6009	-0	0.518275	
9.6009	-0	0.518275	
9.6009	-0	0.518275	
9.6009	-0	0.518275	
9.6009	-0	0.518275	
9.6009	-0	0.518275	
9.6009	-0	0.518275	
9.6009	-0	0.518275	
9.6009	-0	0.518275	
9.6009	-0	0.518275	
9.6009	-0	0.518275	
9.6009	-0	0.518275	
9.6009	-0	0.518275	
9.6009	-0	0.518275	
9.6009	-0	0.518275	
9.6009	-0	0.518275	
9.6009	-0	0.518275	
9.6009	-0	0.518275	
9.6009	-0	0.518275	
9.6009	-0	0.518275	
9.6009	-0	0.518275	
9.6009	-0	0.518275	
9.6009	-0	0.518275	
9.6009	-0	0.518275	
9.6009	-0	0.518275	
9.6009	-0	0.518275	
9.6009	-0	0.518275	
9.6009	-0	0.518275	
9.6009	-0	0.518275	
9.6009	-0	0.518275	
9.6009	-0	0.518275	
9.6009	-0	0.518275	
9.6009	-0	0.518275	
9.6009	-0	0.518275	
9.6009	-0	0.518275	
9.6009	-0	0.518275	
9.6009	-0	0.518275	
9.6009	-0	0.518275	
9.6009	-0	0.518275	
9.6009	-0	0.518275	
9.6009	-0	0.518275	
9.6009	-0	0.518275	
9.6009	-0	0.518275	
9.6009	-0	0.518275	
9.6009	-0	0.518275	
9.6009	-0	0.518275	
9.6009	-0	0.518275	
9.6009	-0	0.518275	
9.6009	-0	0.518275	
9.6009	-0	0.518275	
9.6009	-0	0.518275	
9.6009	-0	0.518275	
9.6009	-0	0.518275	
9.6009	-0	0.518275	
9.6009	-0	0.518275	
9.6009	-0	0.518275	
9.6009	-0	0.518275	
9.6009	-0	0.518275	
9.6009	-0	0.518275	
9.6009	-0	0.518275	
9.6009	-0	0.518275	
9.6009	-0	0.518275	
9.6009	-0	0.518275	
9.6009	-0	0.518275	
9.6009	-0	0.518275	
9.6009	-0	0.518275	
9.6009	-0	0.518275	
9.6009	-0	0.518275	
9.6009	-0	0.518275	
9.6009	-0	0.518275	
9.6009	-0	0.518275	
9.6009	-0	0.518275	
9.6009	-0	0.518275	
9.6009	-0	0.518275	
9.6009	-0	0.518275	
9.6009	-0	0.518275	
9.6009	-0	0.518275	
9.6009	-0	0.518275	
9.6009	-0	0.518275	
9.6009	-0	0.518275	
9.6009	-0	0.518275	
9.6009	-0	0.518275	
9.6009	-0	0.518275	
9.6009	-0	0.518275	
9.6009	-0	0.518275	
9.6009	-0	0.518275	
9.6009	-0	0.518275	
9.6009	-0	0.518275	
9.6009	-0	0.518275	
9.6009	-0	0.518275	
9.6009	-0	0.518275	
9.6009	-0	0.518275	
9.6009	-0	0.518275	
9.6009	-0	0.518275	
9.6009	-0	0.518275	
9.6009	-0	0.518275	
9.6009	-0	0.518275	
9.6009	-0	0.518275	
9.6009	-0	0.518275	
9.6009	-0	0.518275	
9.6009	-0	0.518275	
9.6009	-0	0.518275	
9.6009	-0	0.518275	
9.6009	-0	0.518275	
9.6009	-0	0.518275	
9.6009	-0	0.518275	
9.6009	-0	0.518275	
9.6009	-0	0.518275	
9.6009	-0	0.518275	
9.6009	-0	0.518275	
9.6009	-0	0.518275	
9.6009	-0	0.518275	
9.6009	-0	0.518275	
9.6009	-0	0.518275	
9.6009	-0	0.518275	
9.6009	-0	0.518275	
9.6009	-0	0.518275	
9.6009	-0	0.518275	
9.6009	-0	0.518275	
9.6009	-0	0.518275	
9.6009	-0	0.518275	
9.6009	-0	0.518275	
9.6009	-0	0.518275	
9.6009	-0	0.518275	
9.6009	-0	0.518275	
9.6009	-0	0.518275	
9.6009	-0	0.518275	
9.6009	-0	0.518275	
9.6009	-0	0.518275	
9.6009	-0	0.518275	
9.6009	-0	0.518275	
9.6009	-0	0.518275	
9.6009	-0	0.518275	
9.6009	-0	0.518275	
9.6009	-0	0.518275	
9.6009	-0	0.518275	
9.6009	-0	0.518275	
9.6009	-0	0.518275	
9.6009	-0	0.518275	
9.6009	-0	0.518275	
9.6009	-0	0.518275	
9.6009	-0	0.518275	
9.6009	-0	0.518275	
9.6009	-0	0.518275	
9.6009	-0	0.518275	
9.6009	-0	0.518275	
9.6009	-0	0.518275	
9.6009	-0	0.518275	
9.6009	-0	0.518275	
9.6009	-0	0.518275	
9.6009	-0	0.518275	
9.6009	-0	0.518275	
9.6009	-0	0.518275	
9.6009	-0	0.518275	
9.6009	-0	0.518275	
9.6009	-0	0.518275	
9.6009	-0	0.518275	
9.6009	-0	0.518275	
9.6009	-0	0.518275	
9.6009	-0	0.518275	
9.6009	-0	0.518275	
9.6009	-0	0.518275	
9.6009	-0	0.518275	
9.6009	-0	0.518275	
9.6009	-0	0.518275	
9.6009	-0	0.518275	
9.6009	-0	0.518275	
9.6009	-0	0.518275	
9.6009	-0	0.518275	
9.6009	-0	0.518275	
9.6009	-0	0.518275	
9.6009	-0	0.518275	
9.6009	-0	0.518275	
9.6009	-0	0.518275	
9.6009	-0	0.518275	
9.6009	-0	0.518275	
9.6009	-0	0.518275	
9.6009	-0	0.518275	
9.6009	-0	0.518275	
9.6009	-0	0.518275	
9.6009	-0	0.518275	
9.6009	-0	0.518275	
9.6009	-0	0.518275	
9.6009	-0	0.518275	
9.6009	-0	0.518275	
9.6009	-0	0.518275	
9.6009	-0	0.518275	
9.6009	-0	0.518275	
9.6009	-0	0.518275	
9.6009	-0	0.518275	
9.6009	-0	0.518275	
9.6009	-0	0.518275	
9.6009	-0	0.518275	
9.6009	-0	0.518275	
9.6009	-0	0.518275	
9.6009	-0	0.518275	
9.6009	-0	0.518275	
9.6009	-0	0.518275	
9.6009	-0	0.518275	
9.6009	-0	0.518275	
9.6009	-0	0.518275	
9.6009	-0	0.518275	
9.6009	-0	0.518275	
9.6009	-0	0.518275	
9.6009	-0	0.518275	
9.6009	-0	0.518275	
9.6009	-0	0.518275	
9.6009	-0	0.518275	
9.6009	-0	0.518275	
9.6009	-0	0.518275	
9.6009	-0	0.518275	
9.6009	-0	0.518275	
9.6009	-0	0.518275	
9.6009	-0	0.518275	
9.6009	-0	0.518275	
9.6009	-0	0.518275	
9.6009	-0	0.518275	
9.6009	-0	0.518275	
9.6009	-0	0.518275	
9.6009	-0	0.518275	
9.6009	-0	0.518275	
9.6009	-0	0.518275	
9.6009	-0	0.518275	
9.6009	-0	0.518275	
9.6009	-0	0.518275	
9.6009	-0	0.518275	
9.6009	-0	0.518275	
9.6009	-0	0.518275	
9.6009	-0	0.518275	
9.6009	-0	0.518275	
9.6009	-0	0.518275	
9.6009	-0	0.518275	
9.6009	-0	0.518275	
9.6009	-0	0.518275	
9.6009	-0	0.518275	
9.6009	-0	0.518275	
9.6009	-0	0.518275	
9.6009	-0	0.518275	
9.6009	-0	0.518275	
9.6009	-0	0.518275	
9.6009	-0	0.518275	
9.6009	-0	0.518275	
9.6009	-0	0.518275	
9.6009	-0	0.518275	
9.6009	-0	0.518275	
9.6009	-0	0.518275	
9.6009	-0	0.518275	
9.6009	-0	0.518275	
9.6009	-0	0.518275	
9.6009	-0	0.518275	
9.6009	-0	0.518275	
9.6009	-0	0.518275	
9.6009	-0	0.518275	
9.6009	-0	0.518275	
9.6009	-0	0.518275	
9.6009	-0	0.518275	
9.6009	-0	0.518275	
9.6009	-0	0.518275	
9.6009	-0	0.518275	
9.6009	-0	0.518275	
9.6009	-0	0.518275	
9.6009	-0	0.518275	
9.6009	-0	0.518275	
9.6009	-0	0.518275	
9.6009	-0	0.518275	
9.6009	-0	0.518275	
9.6009	-0	0.518275	
9.6009	-0	0.518275	
9.6009	-0	0.518275	
9.6009	-0	0.518275	
9.6009	-0	0.518275	
9.6009	-0	0.518275	
9.6009	-0	0.518275	
9.6009	-0	0.518275	
9.6009	-0	0.518275	
9.6009	-0	0.518275	
9.6009	-0	0.518275	
9.6009	-0	0.518275	
9.6009	-0	0.518275	
9.6009	-0	0.518275	
9.6009	-0	0.518275	
9.6009	-0	0.518275	
9.6009	-0	0.518275	
9.6009	-0	0.518275	
9.6009	-0	0.518275	
9.6009	-0	0.518275	
9.6009	-0	0.518275	
9.6009	-0	0.518275	
9.6009	-0	0.518275	
9.6009	-0	0.518275	
9.6009	-0	0.518275	
9.6009	-0	0.518275	
9.6009	-0	0.518275	
9.6009	-0	0.518275	
9.6009	-0	0.518275	
9.6009	-0	0.518275	
9.6009	-0	0.518275	
9.6009	-0	0.518275	
9.6009	-0	0.518275	
9.6009	-0	0.518275	
9.6009	-0	0.518275	
9.6009	-0	0.518275	
9.6009	-0	0.518275	
9.6009	-0	0.518275	
9.6009	-0	0.518275	
9.6009	-0	0.518275	
9.6009	-0	0.518275	
9.6009	-0	0.518275	
9.6009	-0	0.518275	
9.6009	-0	0.518275	
9.6009	-0	0.518275	
9.6009	-0	0.518275	
9.6009	-0	0.518275	
9.6009	-0	0.518275	
9.6009	-0	0.518275	
9.6009	-0	0.518275	
9.6009	-0	0.518275	
9.6009	-0	0.518275	
9.6009	-0	0.518275	
9.6009	-0	0.518275	
9.6009	-0	0.518275	
9.6009	-0	0.518275	
9.6009	-0	0.518275	
9.6009	-0	0.518275	
9.6009	-0	0.518275	
9.6009	-0	0.518275	
9.6009	-0	0.518275	
9.6009	-0	0.518275	
9.6009	-0	0.518275	
9.6009	-0	0.518275	
9.6009	-0	0.518275	
9.6009	-0	0.518275	
9.6009	-0	0.518275	
9.6009	-0	0.518275	
9.6009	-0	0.518275	
9.6009	-0	0.518275	
9.6009	-0	0.518275	
9.6009	-0	0.518275	
9.6009	-0	0.518275	
9.6009	-0	0.518275	
9.6009	-0	0.518275	
9.6009	-0	0.518275	
9.6009	-0	0.518275	
9.6009	-0	0.518275	
9.6009	-0	0.518275	
9.6009	-0	0.518275	
9.6009	-0	0.518275	
9.6009	-0	0.518275	
9.6009	-0	0.518275	
9.6009	-0	0.518275	
9.6009	-0	0.518275	
9.6009	-0	0.518275	
9.6009	-0	0.518275	
9.6009	-0	0.518275	
9.6009	-0	0.518275	
9.6009	-0	0.518275	
9.6009	-0	0.518275	
9.6009	-0	0.518275	
9.6009	-0	0.518275	
9.6009	-0	0.518275	
9.6009	-0	0.518275	
9.6009	-0	0.518275	
9.6009	-0	0.518275	
9.6009	-0	0.518275	
9.6009	-0	0.518275	
9.6009	-0	0.518275	
9.6009	-0	0.518275	
9.6009	-0	0.518275	
9.6009	-0	0.518275	
9.6009	-0	0.518275	
9.6009	-0	0.518275	
9.6009	-0	0.518275	
9.6009	-0	0.518275	
9.6009	-0	0.518275	
9.6009	-0	0.518275	
9.6009	-0	0.518275	
9.6009	-0	0.518275	
9.6009	-0	0.518275	
9.6009	-0	0.518275	
9.6009	-0	0.518275	
9.6009	-0	0.518275	
9.6009	-0	0.518275	
9.6009	-0	0.518275	
9.6009	-0	0.518275	
9.6009	-0	0.518275	
9.6009	-0	0.518275	
9.6009	-0	0.518275	
9.6009	-0	0.518275	
9.6009	-0	0.518275	
9.6009	-0	0.518275	
9.6009	-0	0.518275	
9.6009	-0	0.518275	
9.6009	-0	0.518275	
9.6009	-0	0.518275	
9.6009	-0	0.518275	
9.6009	-0	0.518275	
9.6009	-0	0.518275	
9.6009	-0	0.518275	
9.6009	-0	0.518275	
9.6009	-0	0.518275	
9.6009	-0	0.518275	
9.6009	-0	0.518275	
9.6009	-0	0.518275	
9.6009	-0	0.518275	
9.6009	-0	0.518275	
9.6009	-0	0.518275	
9.6009	-0	0.518275	
9.6009	-0	0.518275	
9.6009	-0	0.518275	
9.6009	-0	0.518275	
9.6009	-0	0.518275	
9.6009	-0	0.518275	
9.6009	-0	0.518275	
9.6009	-0	0.518275	
9.6009	-0	0.518275	
9.6009	-0	0.518275	
9.6009	-0	0.518275	
9.6009	-0	0.518275	
9.6009	-0	0.518275	
9.6009	-0	0.518275	
9.6009	-0	0.518275	
9.6009	-0	0.518275	
9.6009	-0	0.518275	
9.6009	-0	0.518275	
9.6009	-0	0.518275	
9.6009	-0	0.518275	
9.6009	-0	0.518275	
9.6009	-0	0.518275	
9.6009	-0	0.518275	
9.6009	-0	0.518275	
9.6009	-0	0.518275	
9.6009	-0	0.518275	
9.6009	-0	0.518275	
9.6009	-0	0.518275	
9.6009	-0	0.518275	
9.6009	-0	0.518275	
9.6009	-0	0.518275	
9.6009	-0	0.518275	
9.6009	-0	0.518275	
9.6009	-0	0.518275	
9.6009	-0	0.518275	
9.6009	-0	0.518275	
9.6009	-0	0.518275	
9.6009	-0	0.518275	
9.6009	-0	0.518275	
9.6009	-0	0.518275	
9.6009	-0	0.518275	
9.6009	-0	0.518275	
9.6009	-0	0.518275	
9.6009	-0	0.518275	
9.6009	-0	0.518275	
9.6009	-0	0.518275	
9.6009	-0	0.518275	
9.6009	-0	0.518275	
9.6009	-0	0.518275	
9.6009	-0	0.518275	
9.6009	-0	0.518275	
9.6009	-0	0.518275	
9.6009	-0	0.518275	
9.6009	-0	0.518275	
9.6009	-0	0.518275	
9.6009	-0	0.518275	
9.6009	-0	0.518275	
9.6009	-0	0.518275	
9.6009	-0	0.518275	
9.6009	-0	0.518275	
9.6009	-0	0.518275	
9.6009	-0	0.518275	
9.6009	-0	0.518275	
9.6009	-0	0.518275	
9.6009	-0	0.518275	
9.6009	-0	0.518275	
9.6009	-0	0.518275	
9.6009	-0	0.518275	
9.6009	-0	0.518275	
9.6009	-0	0.518275	
9.6009	-0	0.518275	
9.6009	-0	0.518275	
9.6009	-0	0.518275	
9.6009	-0	0.518275	
9.6009	-0	0.518275	
9.6009	-0	0.518275	
9.6009	-0	0.518275	
9.6009	-0	0.518275	
9.6009	-0	0.518275	
9.6009	-0	0.518275	
9.6009	-0	0.518275	
9.6009	-0	0.518275	
9.6009	-0	0.518275	
9.6009	-0	0.518275	
9.6009	-0	0.518275	
9.6009	-0	0.518275	
9.6009	-0	0.518275	
9.6009	-0	0.518275	
9.6009	-0	0.518275	
9.6009	-0	0.518275	
9.6009	-0	0.518275	
9.6009	-0	0.518275	
9.6009	-0	0.518275	
9.6009	-0	0.518275	
9.6009	-0	0.518275	
9.6009	-0	0.518275	
9.6009	-0	0.518275	
9.6009	-0	0.518275	
9.6009	-0	0.518275	
9.6009	-0	0.518275	
9.6009	-0	0.518275	
9.6009	-0	0.518275	
9.6009	-0	0.518275	
9.6009	-0	0.518275	
9.6009	-0	0.518275	
9.6009	-0	0.518275	
9.6009	-0	0.518275	
9.6009	-0	0.518275	
9.6009	-0	0.518275	
9.6009	-0	0.518275	
9.6009	-0	0.518275	
9.6009	-0	0.518275	
9.6009	-0	0.518275	
9.6009	-0	0.518275	
9.6009	-0	0.518275	
9.6009	-0	0.518275	
9.6009	-0	0.518275	
9.6009	-0	0.518275	
9.6009	-0	0.518275	
9.6009	-0	0.518275	
9.6009	-0	0.518275	
9.6009	-0	0.518275	
9.6009	-0	0.518275	
9.6009	-0	0.518275	
9.6009	-0	0.518275	
9.6009	-0	0.518275	
9.6009	-0	0.518275	
9.6009	-0	0.518275	
9.6009	-0	0.518275	
9.6009	-0	0.518275	
9.6009	-0	0.518275	
9.6009	-0	0.518275	
9.6009	-0	0.518275	
9.6009	-0	0.518275	
9.6009	-0	0.518275	
9.6009	-0	0.518275	
9.6009	-0	0.518275	
9.6009	-0	0.518275	
9.6009	-0	0.518275	
9.6009	-0	0.518275	
9.6009	-0	0.518275	
9.6009	-0	0.518275	
9.6009	-0	0.518275	
9.6009	-0	0.518275	
9.6009	-0	0.518275	
9.6009	-0	0.518275	
9.6009	-0	0.518275	
9.6009	-0	0.518275	
9.6009	-0	0.518275	
9.6009	-0	0.518275	
9.6009	-0	0.518275	
9.6009	-0	0.518275	
9.6009	-0	0.518275	
9.6009	-0	0.518275	
9.6009	-0	0.518275	
9.6009	-0	0.518275	
9.6009	-0	0.518275	
9.6009	-0	0.518275	
9.6009	-0	0.518275	
9.6009	-0	0.518275	
9.6009	-0	0.518275	
9.6009	-0	0.518275	
9.6009	-0	0.518275	
9.6009	-0	0.518275	
9.6009	-0	0.518275	
9.6009	-0	0.518275	
9.6009	-0	0.518275	
9.6009	-0	0.518275	
9.6009	-0	0.518275	
9.6009	-0	0.518275	
9.6009	-0	0.518275	
9.6009	-0	0.518275	
9.6009	-0	0.518275	
9.6009	-0	0.518275	
9.6009	-0	0.518275	
9.6009	-0	0.518275	
9.6009	-0	0.518275	
9.6009	-0	0.518275	
9.6009	-0	0.518275	
9.6009	-0	0.518275	
9.6009	-0	0.518275	
9.6009	-0	0.518275	
9.6009	-0	0.518275	
9.6009	-0	0.518275	
9.6009	-0	0.518275	
9.6009	-0	0.518275	
9.6009	-0	0.518275	
9.6009	-0	0.518275	
9.6009	-0	0.518275	
9.6009	-0	0.518275	
9.6009	-0	0.518275	
9.6009	-0	0.518275	
9.6009	-0	0.518275	
9.6009	-0	0.518275	
9.6009	-0	0.518275	
9.6009	-0	0.518275	
9.6009	-0	0.518275	
9.6009	-0	0.518275	
9.6009	-0	0.518275	
9.6009	-0	0.518275	
9.6009	-0	0.518275	
9.6009	-0	0.518275	
9.6009	-0	0.518275	
9.6009	-0	0.518275	
9.6009	-0	0.518275	
9.6009	-0	0.518275	
9.6009	-0	0.518275	
9.6009	-0	0.518275	
9.6009	-0	0.518275	
9.6009	-0	0.518275	
9.6009	-0	0.518275	
9.6009	-0	0.518275	
9.6009	-0	0.518275	
9.6009	-0	0.518275	
9.6009	-0	0.518275	
9.6009	-0	0.518275	
9.6009	-0	0.518275	
9.6009	-0	0.518275	
9.6009	-0	0.518275	
9.6009	-0	0.518275	
9.6009	-0	0.518275	
9.6009	-0	0.518275	
9.6009	-0	0.518275	
9.6009	-0	0.518275	
9.6009	-0	0.518275	
9.6009	-0	0.518275	
9.6009	-0	0.518275	
9.6009	-0	0.518275	
9.6009	-0	0.518275	
9.6009	-0	0.518275	
9.6009	-0	0.518275	
9.6009	-0	0.518275	
9.6009	-0	0.518275	
9.6009	-0	0.518275	
9.6009	-0	0.518275	
9.6009	-0	0.518275	
9.6009	-0	0.518275	
9.6009	-0	0.518275	
9.6009	-0	0.518275	
9.6009	-0	0.518275	
9.6009	-0	0.518275	
9.6009	-0	0.518275	
9.6009	-0	0.518275	
9.6009	-0	0.518275	
9.6009	-0	0.518275	
9.6009	-0	0.518275	
9.6009	-0	0.518275	
9.6009	-0	0.518275	
9.6009	-0	0.518275	
9.6009	-0	0.518275	
9.6009	-0	0.518275	
9.6009	-0	0.518275	
9.6009	-0	0.518275	
9.6009	-0	0.518275	
9.6009	-0	0.518275	
9.6009	-0	0.518275	
9.6009	-0	0.518275	
9.6009	-0	0.518275	
9.6009	-0	0.518275	
9.6009	-0	0.518275	
9.6009	-0	0.518275	
9.6009	-0	0.518275	
9.6009	-0	0.518275	
9.6009	-0	0.518275	
9.6009	-0	0.518275	
9.6009	-0	0.518275	
9.6009	-0	0.518275	
9.6009	-0	0.518275	
9.6009	-0	0.518275	
9.6009	-0	0.518275	
9.6009	-0	0.518275	
9.6009	-0	0.518275	
9.6009	-0	0.518275	
9.6009	-0	0.518275	
9.6009	-0	0.518275	
9.6009	-0	0.518275	
9.6009	-0	0.518275	
9.6009	-0	0.518275	
9.6009	-0	0.518275	
9.6009	-0	0.518275	
9.6009	-0	0.518275	
9.6009	-0	0.518275	
9.6009	-0	0.518275	
9.6009	-0	0.518275	
9.6009	-0	0.518275	
9.6009	-0	0.518275	
9.6009	-0	0.518275	
9.6009	-0	0.518275	
9.6009	-0	0.518275	
9.6009	-0	0.518275	
9.6009	-0	0.518275	
9.6009	-0	0.518275	
9.6009	-0	0.518275	
9.6009	-0	0.518275	
9.6009	-0	0.518275	
9.6009	-0	0.518275	
9.6009	-0	0.518275	
9.6009	-0	0.518275	
9.6009	-0	0.518275	
9.6009	-0	0.518275	
9.6009	-0	0.518275	
9.6009	-0	0.518275	
9.6009	-0	0.518275	
9.6009	-0	0.518275	
9.6009	-0	0.518275	
9.6009	-0	0.518275	
9.6009	-0	0.518275	
9.6009	-0	0.518275	
9.6009	-0	0.518275	
9.6009	-0	0.518275	
9.6009	-0	0.518275	
9.6009	-0	0.518275	
9.6009	-0	0.518275	
9.6009	-0	0.518275	
9.6009	-0	0.518275	
9.6009	-0	0.518275	
9.6009	-0	0.518275	
9.6009	-0	0.518275	
9.6009	-0	0.518275	
9.6009	-0	0.518275	
9.6009	-0	0.518275	
9.6009	-0	0.518275	
9.6009	-0	0.518275	
9.6009	-0	0.518275	
9.6009	-0	0.518275	
9.6009	-0	0.518275	
9.6009	-0	0.518275	
9.6009	-0	0.518275	
9.6009	-0	0.518275	
9.6009	-0	0.518275	
9.6009	-0	0.518275	
9.6009	-0	0.518275	
9.6009	-0	0.518275	
9.6009	-0	0.518275	
9.6009	-0	0.518275	
9.6009	-0	0.518275	
9.6009	-0	0.518275	
9.6009	-0	0.518275	
9.6009	-0	0.518275	
9.6009	-0	0.518275	
9.6009	-0	0.518275	
9.6009	-0	0.518275	
9.6009	-0	0.518275	
9.6009	-0	0.518275	
9.6009	-0	0.518275	
9.6009	-0	0.518275	
9.6009	-0	0.518275	
9.6009	-0	0.518275	
9.6009	-0	0.518275	
9.6009	-0	0.518275	
9.6009	-0	0.518275	
9.6009	-0	0.518275	
9.6009	-0	0.518275	
9.6009	-0	0.518275	
9.6009	-0	0.518275	
9.6009	-0	0.518275	
9.6009	-0	0.518275	
9.6009	-0	0.518275	
9.6009	-0	0.518275	
9.6009	-0	0.518275	
9.6009	-0	0.518275	
9.6009	-0	0.518275	
9.6009	-0	0.518275	
9.6009	-0	0.518275	
9.6009	-0	0.518275	
9.6009	-0	0.518275	
9.6009	-0	0.518275	
9.6009	-0	0.518275	
9.6009	-0	0.518275	
9.6009	-0	0.518275	
9.6009	-0	0.518275	
9.6009	-0	0.518275	
9.6009	-0	0.518275	
9.6009	-0	0.518275	
9.6009	-0	0.518275	
9.6009	-0	0.518275	
9.6009	-0	0.518275	
9.6009	-0	0.518275	
9.6009	-0	0.518275	
9.6009	-0	0.518275	
9.6009	-0	0.518275	
9.6009	-0	0.518275	
9.6009	-0	0.518275	
9.6009	-0	0.518275	
9.6009	-0	0.518275	
9.6009	-0	0.518275	
9.6009	-0	0.518275	
9.6009	-0	0.518275	
9.6009	-0	0.518275	
9.6009	-0	0.518275	
9.6009	-0	0.518275	
9.6009	-0	0.518275	
9.6009	-0	0.518275	
9.6009	-0	0.518275	
9.6009	-0	0.518275	
9.6009	-0	0.518275	
9.6009	-0	0.518275	
9.6009	-0	0.518275	
9.6009	-0	0.518275	
9.6009	-0	0.518275	
9.6009	-0	0.518275	
9.6009	-0	0.518275	
9.6009	-0	0.518275	
9.6009	-0	0.518275	
9.6009	-0	0.518275	
9.6009	-0	0.518275	
9.6009	-0	0.518275	
9.6009	-0	0.518275	
9.6009	-0	0.518275	
9.6009	-0	0.518275	
9.6009	-0	0.518275	
9.6009	-0	0.518275	
9.6009	-0	0.518275	
9.6009	-0	0.518275	
9.6009	-0	0.518275	
9.6009	-0	0.518275	
9.6009	-0	0.518275	
9.6009	-0	0.518275	
9.6009	-0	0.518275	
9.6009	-0	0.518275	
9.6009	-0	0.518275	
9.6009	-0	0.518275	
9.6009	-0	0.518275	
9.6009	-0	0.518275	
9.6009	-0	0.518275	
9.6009	-0	0.518275	
9.6009	-0	0.518275	
9.6009	-0	0.518275	
9.6009	-0	0.518275	
9.6009	-0	0.518275	
9.6009	-0	0.518275	
9.6009	-0	0.518275	
9.6009	-0	0.518275	
9.6009	-0	0.518275	
9.6009	-0	0.518275	
9.6009	-0	0.518275	
9.6009	-0	0.518275	
9.6009	-0	0.518275	
9.6009	-0	0.518275	
9.6009	-0	0.518275	
9.6009	-0	0.518275	
9.6009	-0	0.518275	
9.6009	-0	0.518275	
9.6009	-0	0.518275	
9.6009	-0	0.518275	
9.6009	-0	0.518275	
9.6009	-0	0.518275	
9.6009	-0	0.518275	
9.6009	-0	0.518275	
9.6009	-0	0.518275	
9.6009	-0	0.518275	
9.6009	-0	0.518275	
9.6009	-0	0.518275	
9.6009	-0	0.518275	
9.6009	-0	0.518275	
9.6009	-0	0.518275	
9.6009	-0	0.518275	
9.6009	-0	0.518275	
9.6009	-0	0.518275	
9.6009	-0	0.518275	
9.6009	-0	0.518275	
9.6009	-0	0.518275	
9.6009	-0	0.518275	
9.6009	-0	0.518275	
9.6009	-0	0.518275	
9.6009	-0	0.518275	
9.6009	-0	0.518275	
9.6009	-0	0.518275	
9.6009	-0	0.518275	
9.6009	-0	0.518275	
9.6009	-0	0.518275	
9.6009	-0	0.518275	
9.6009	-0	0.518275	
9.6009	-0	0.518275	
9.6009	-0	0.518275	
9.6009	-0	0.518275	
9.6009	-0	0.518275	
9.6009	-0	0.518275	
9.6009	-0	0.518275	
9.6009	-0	0.518275	
9.6009	-0	0.518275	
9.6009	-0	0.518275	
9.6009	-0	0.518275	
9.6009	-0	0.518275	
9.6009	-0	0.518275	
9.6009	-0	0.518275	
9.6009	-0	0.518275	
9.6009	-0	0.518275	
9.6009	-0	0.518275	
9.6009	-0	0.518275	
9.6009	-0	0.518275	
9.6009	-0	0.518275	
9.6009	-0	0.518275	
9.6009	-0	0.518275	
9.6009	-0	0.518275	
9.6009	-0	0.518275	
9.6009	-0	0.518275	
9.6009	-0	0.518275	
9.6009	-0	0.518275	
9.6009	-0	0.518275	
9.6009	-0	0.518275	
9.6009	-0	0.518275	
9.6009	-0	0.518275	
9.6009	-0	0.518275	
9.6009	-0	0.518275	
9.6009	-0	0.518275	
9.6009	-0	0.518275	
9.6009	-0	0.518275	
9.6009	-0	0.518275	
9.6009	-0	0.518275	
9.6009	-0	0.518275	
9.6009	-0	0.518275	
9.6009	-0	0.518275	
9.6009	-0	0.518275	
9.6009	-0	0.518275	
9.6009	-0	0.518275	
9.6009	-0	0.518275	
9.6009	-0	0.518275	
9.6009	-0	0.518275	
9.6009	-0	0.518275	
9.6009	-0	0.518275	
9.6009	-0	0.518275	
9.6009	-0	0.518275	
9.6009	-0	0.518275	
9.6009	-0	0.518275	
9.6009	-0	0.518275	
9.6009	-0	0.518275	
9.6009	-0	0.518275	
9.6009	-0	0.518275	
9.6009	-0	0.518275	
9.6009	-0	0.518275	
9.6009	-0	0.518275	
9.6009	-0	0.518275	
9.6009	-0	0.518275	
9.6009	-0	0.518275	
9.6009	-0	0.518275	
9.6009	-0	0.518275	
9.6009	-0	0.518275	
9.6009	-0	0.518275	
9.6009	-0	0.518275	
9.6009	-0	0.518275	
9.6009	-0	0.518275	
9.6009	-0	0.518275	
9.6009	-0	0.518275	
9.6009	-0	0.518275	
9.6009	-0	0.518275	
9.6009	-0	0.518275	
9.6009	-0	0.518275	
9.6009	-0	0.518275	
9.6009	-0	0.518275	
9.6009	-0	0.518275	
9.6009	-0	0.518275	
9.6009	-0	0.518275	
9.6009	-0	0.518275	
9.6009	-0	0.518275	
9.6009	-0	0.518275	
9.6009	-0	0.518275	
9.6009	-0	0.518275	
9.6009	-0	0.518275	
9.6009	-0	0.518275	
9.6009	-0	0.518275	
9.6009	-0	0.518275	
9.6009	-0	0.518275	
9.6009	-0	0.518275	
9.6009	-0	0.518275	
9.6009	-0	0.518275	
9.6009	-0	0.518275	
9.6009	-0	0.518275	
9.6009	-0	0.518275	
9.6009	-0	0.518275	
9.6009	-0	0.518275	
9.6009	-0	0.518275	
9.6009	-0	0.518275	
9.6009	-0	0.518275	
9.6009	-0	0.518275	
9.6009	-0	0.518275	
9.6009	-0	0.518275	
9.6009	-0	0.518275	
9.6009	-0	0.518275	
9.6009	-0	0.518275	
9.6009	-0	0.518275	
9.6009	-0	0.518275	
9.6009	-0	0.518275	
9.6009	-0	0.518275	
9.6009	-0	0.518275	
9.6009	-0	0.518275	
9.6009	-0	0.518275	
9.6009	-0	0.518275	
9.6009	-0	0.518275	
9.6009	-0	0.518275	
9.6009	-0	0.518275	
9.6009	-0	0.518275	
9.6009	-0	0.518275	
9.6009	-0	0.518275	
9.6009	-0	0.518275	
9.6009	-0	0.518275	
9.6009	-0	0.518275	
9.6009	-0	0.518275	
9.6009	-0	0.518275	
9.6009	-0	0.518275	
9.6009	-0	0.518275	
9.6009	-0	0.518275	
9.6009	-0	0.518275	
9.6009	-0	0.518275	
9.6009	-0	0.518275	
9.6009	-0	0.518275	
9.6009	-0	0.518275	
9.6009	-0	0.518275	
9.6009	-0	0.518275	
9.6009	-0	0.518275	
9.6009	-0	0.518275	
9.6009	-0	0.518275	
9.6009	-0	0.518275	
9.6009	-0	0.518275	
9.6009	-0	0.518275	
9.6009	-0	0.518275	
9.6009	-0	0.518275	
9.6009	-0	0.518275	
9.6009	-0	0.518275	
9.6009	-0	0.518275	
9.6009	-0	0.518275	
9.6009	-0	0.518275	
9.6009	-0	0.518275	
9.6009	-0	0.518275	
9.6009	-0	0.518275	
9.6009	-0	0.518275	
9.6009	-0	0.518275	
9.6009	-0	0.518275	
9.6009	-0	0.518275	
9.6009	-0	0.518275	
9.6009	-0	0.518275	
9.6009	-0	0.518275	
9.6009	-0	0.518275	
9.6009	-0	0.518275	
9.6009	-0	0.518275	
9.6009	-0	0.518275	
9.6009	-0	0.518275	
9.6009	-0	0.518275	
9.6009	-0	0.518275	
9.6009	-0	0.518275	
9.6009	-0	0.518275	
9.6009	-0	0.518275	
9.6009	-0	0.518275	
9.6009	-0	0.518275	
9.6009	-0	0.518275	
9.6009	-0	0.518275	
9.6009	-0	0.518275	
9.6009	-0	0.518275	
9.6009	-0	0.518275	
9.6009	-0	0.518275	
9.6009	-0	0.518275	
9.6009	-0	0.518275	
9.6009	-0	0.518275	
9.6009	-0	0.518275	
9.6009	-0	0.518275	
9.6009	-0	0.518275	
9.6009	-0	0.518275	
9.6009	-0	0.518275	
9.6009	-0	0.518275	
9.6009	-0	0.518275	
9.6009	-0	0.518275	
9.6009	-0	0.518275	
9.6009	-0	0.518275	
9.6009	-0	0.518275	
9.6009	-0	0.518275	
9.6009	-0	0.518275	
9.6009	-0	0.518275	
9.6009	-0	0.518275	
9.6009	-0	0.518275	
9.6009	-0	0.518275	
9.6009	-0	0.518275	
9.6009	-0	0.518275	
9.6009	-0	0.518275	
9.6009	-0	0.518275	
9.6009	-0	0.518275	
9.6009	-0	0.518275	
9.6009	-0	0.518275	
9.6009	-0	0.518275	
9.6009	-0	0.518275	
9.6009	-0	0.518275	
9.6009	-0	0.518275	
9.6009	-0	0.518275	
9.6009	-0	0.518275	
9.6009	-0	0.518275	
9.6009	-0	0.518275	
9.6009	-0	0.518275	
9.6009	-0	0.518275	
9.6009	-0	0.518275	
9.6009	-0	0.518275	
9.6009	-0	0.518275	
9.6009	-0	0.518275	
9.6009	-0	0.518275	
9.6009	-0	0.518275	
9.6009	-0	0.518275	
9.6009	-0	0.518275	
9.6009	-0	0.518275	
9.6009	-0	0.518275	
9.6009	-0	0.518275	
9.6009	-0	0.518275	
9.6009	-0	0.518275	
9.6009	-0	0.518275	
9.6009	-0	0.518275	
9.6009	-0	0.518275	
9.6009	-0	0.518275	
9.6009	-0	0.518275	
9.6009	-0	0.518275	
9.6009	-0	0.518275	
9.6009	-0	0.518275	
9.6009	-0	0.518275	
9.6009	-0	0.518275	
9.6009	-0	0.518275	
9.6009	-0	0.518275	
9.6009	-0	0.518275	
9.6009	-0	0.518275	
9.6009	-0	0.518275	
9.6009	-0	0.518275	
9.6009	-0	0.518275	
9.6009	-0	0.518275	
9.6009	-0	0.518275	
9.6009	-0	0.518275	
9.6009	-0	0.518275	
9.6009	-0	0.518275	
9.6009	-0	0.518275	
9.6009	-0	0.518275	
9.6009	-0	0.518275	
9.6009	-0	0.518275	
9.6009	-0	0.518275	
9.6009	-0	0.518275	
9.6009	-0	0.518275	
9.6009	-0	0.518275	
9.6009	-0	0.518275	
9.6009	-0	0.518275	
9.6009	-0	0.518275	
9.6009	-0	0.518275	
9.6009	-0	0.518275	
9.6009	-0	0.518275	
9.6009	-0	0.518275	
9.6009	-0	0.518275	
9.6009	-0	0.518275	
9.6009	-0	0.518275	
9.6009	-0	0.518275	
9.6009	-0	0.518275	
9.6009	-0	0.518275	
9.6009	-0	0.518275	
9.6009	-0	0.518275	
9.6009	-0	0.518275	
9.6009	-0	0.518275	
9.6009	-0	0.518275	
9.6009	-0	0.518275	
9.6009	-0	0.518275	
9.6009	-0	0.518275	
9.6009	-0	0.518275	
9.6009	-0	0.518275	
9.6009	-0	0.518275	
9.6009	-0	0.518275	
9.6009	-0	0.518275	
9.6009	-0	0.518275	
9.6009	-0	0.518275	
9.6009	-0	0.518275	
9.6009	-0	0.518275	
9.6009	-0	0.518275	
9.6009	-0	0.518275	
9.6009	-0	0.518275	
9.6009	-0	0.518275	
9.6009	-0	0.518275	
9.6009	-0	0.518275	
9.6009	-0	0.518275	
9.6009	-0	0.518275	
9.6009	-0	0.518275	
9.6009	-0	0.518275	
9.6009	-0	0.518275	
9.6009	-0	0.518275	
9.6009	-0	0.518275	
9.6009	-0	0.518275	
9.6009	-0	0.518275	
9.6009	-0	0.518275	
9.6009	-0	0.518275	
9.6009	-0	0.518275	
9.6009	-0	0.518275	
9.6009	-0	0.518275	
9.6009	-0	0.518275	
9.6009	-0	0.518275	
9.6009	-0	0.518275	
9.6009	-0	0.518275	
9.6009	-0	0.518275	
9.6009	-0	0.518275	
9.6009	-0	0.518275	
9.6009	-0	0.518275	
9.6009	-0	0.518275	
9.6009	-0	0.518275	
9.6009	-0	0.518275	
9.6009	-0	0.518275	
9.6009	-0	0.518275	
9.6009	-0	0.518275	
9.6009	-0	0.518275	
9.6009	-0	0.518275	
9.6009	-0	0.518275	
9.6009	-0	0.518275	
9.6009	-0	0.518275	
9.6009	-0	0.518275	
9.6009	-0	0.518275	
9.6009	-0	0.518275	
9.6009	-0	0.518275	
9.6009	-0	0.518275	
9.6009	-0	0.518275	
9.6009	-0	0.518275	
9.6009	-0	0.518275	
9.6009	-0	0.518275	
9.6009	-0	0.518275	
9.6009	-0	0.518275	
9.6009	-0	0.518275	
9.6009	-0	0.518275	
9.6009	-0	0.518275	
9.6009	-0	0.518275	
9.6009	-0	0.518275	
9.6009	-0	0.518275	
9.6009	-0	0.518275	
9.6009	-0	0.518275	
9.6009	-0	0.518275	
9.6009	-0	0.518275	
9.6009	-0	0.518275	
9.6009	-0	0.518275	
9.6009	-0	0.518275	
9.6009	-0	0.518275	
9.6009	-0	0.518275	
9.6009	-0	0.518275	
9.6009	-0	0.518275	
9.6009	-0	0.518275	
9.6009	-0	0.518275	
9.6009	-0	0.518275	
9.6009	-0	0.518275	
9.6009	-0	0.518275	
9.6009	-0	0.518275	
9.6009	-0	0.518275	
9.6009	-0	0.518275	
9.6009	-0	0.518275	
9.6009	-0	0.518275	
9.6009	-0	0.518275	
9.6009	-0	0.518275	
9.6009	-0	0.518275	
9.6009	-0	0.518275	
9.6009	-0	0.518275	
9.6009	-0	0.518275	
9.6009	-0	0.518275	
9.6009	-0	0.518275	
9.6009	-0	0.518275	
9.6009	-0	0.518275	
9.6009	-0	0.518275	
9.6009	-0	0.518275	
9.6009	-0	0.518275	
9.6009	-0	0.518275	
9.6009	-0	0.518275	
9.6009	-0	0.518275	
9.6009	-0	0.518275	
9.6009	-0	0.518275	
9.6009	-0	0.518275	
9.6009	-0	0.518275	
9.6009	-0	0.518275	
9.6009	-0	0.518275	
9.6009	-0	0.518275	
9.6009	-0	0.518275	
9.6009	-0	0.518275	
9.6009	-0	0.518275	
9.6009	-0	0.518275	
9.6009	-0	0.518275	
9.6009	-0	0.518275	
9.6009	-0	0.518275	
9.6009	-0	0.518275	
9.6009	-0	0.518275	
9.6009	-0	0.518275	
9.6009	-0	0.518275	
9.6009	-0	0.518275	
9.6009	-0	0.518275	
9.6009	-0	0.518275	
9.6009	-0	0.518275	
9.6009	-0	0.518275	
9.6009	-0	0.518275	
9.6009	-0	0.518275	
9.6009	-0	0.518275	
9.6009	-0	0.518275	
9.6009	-0	0.518275	
9.6009	-0	0.518275	
9.6009	-0	0.518275	
9.6009	-0	0.518275	
9.6009	-0	0.518275	
9.6009	-0	0.518275	
9.6009	-0	0.518275	
9.6009	-0	0.518275	
9.6009	-0	0.518275	
9.6009	-0	0.518275	
9.6009	-0	0.518275	
9.6009	-0	0.518275	
9.6009	-0	0.518275	
9.6009	-0	0.518275	
9.6009	-0	0.518275	
9.6009	-0	0.518275	
9.6009	-0	0.518275	
9.6009	-0	0.518275	
9.6009	-0	0.518275	
9.6009	-0	0.518275	
9.6009	-0	0.518275	
9.6009	-0	0.518275	
9.6009	-0	0.518275	
9.6009	-0	0.518275	
9.6009	-0	0.518275	
9.6009	-0	0.518275	
9.6009	-0	0.518275	
9.6009	-0	0.518275	
9.6009	-0	0.518275	
9.6009	-0	0.518275	
9.6009	-0	0.518275	
9.6009	-0	0.518275	
9.6009	-0	0.518275	
9.6009	-0	0.518275	
9.6009	-0	0.518275	
9.6009	-0	0.518275	
9.6009	-0	0.518275	
9.6009	-0	0.518275	
9.6009	-0	0.518275	
9.6009	-0	0.518275	
9.6009	-0	0.518275	
9.6009	-0	0.518275	
9.6009	-0	0.518275	
9.6009	-0	0.518275	
9.6009	-0	0.518275	
9.6009	-0	0.518275	
9.6009	-0	0.518275	
9.6009	-0	0.518275	
9.6009	-0	0.518275	
9.6009	-0	0.518275	
9.6009	-0	0.518275	
9.6009	-0	0.518275	
9.6009	-0	0.518275	
9.6009	-0	0.518275	
9.6009	-0	0.518275	
9.6009	-0	0.518275	
9.6009	-0	0.518275	
9.6009	-0	0.518275	
9.6009	-0	0.518275	
9.6009	-0	0.518275	
9.6009	-0	0.518275	
9.6009	-0	0.518275	
9.6009	-0	0.518275	
9.6009	-0	0.518275	
9.6009	-0	0.518275	
9.6009	-0	0.518275	
9.6009	-0	0.518275	
9.6009	-0	0.518275	
9.6009	-0	0.518275	
9.6009	-0	0.518275	
9.6009	-0	0.518275	
9.6009	-0	0.518275	
9.6009	-0	0.518275	
9.6009	-0	0.518275	
9.6009	-0	0.518275	
9.6009	-0	0.518275	
9.6009	-0	0.518275	
9.6009	-0	0.518275	
9.6009	-0	0.518275	
9.6009	-0	0.518275	
9.6009	-0	0.518275	
9.6009	-0	0.518275	
9.6009	-0	0.518275	
9.6009	-0	0.518275	
9.6009	-0	0.518275	
9.6009	-0	0.518275	
9.6009	-0	0.518275	
9.6009	-0	0.518275	
9.6009	-0	0.518275	
9.6009	-0	0.518275	
9.6009	-0	0.518275	
9.6009	-0	0.518275	
9.6009	-0	0.518275	
9.6009	-0	0.518275	
9.6009	-0	0.518275	
9.6009	-0	0.518275	
9.6009	-0	0.518275	
9.6009	-0	0.518275	
9.6009	-0	0.518275	
9.6009	-0	0.518275	
9.6009	-0	0.518275	
9.6009	-0	0.518275	
9.6009	-0	0.518275	
9.6009	-0	0.518275	
9.6009	-0	0.518275	
9.6009	-0	0.518275	
9.6009	-0	0.518275	
9.6009	-0	0.518275	
9.6009	-0	0.518275	
9.6009	-0	0.518275	
9.6009	-0	0.518275	
9.6009	-0	0.518275	
9.6009	-0	0.518275	
9.6009	-0	0.518275	
9.6009	-0	0.518275	
9.6009	-0	0.518275	
9.6009	-0	0.518275	
9.6009	-0	0.518275	
9.6009	-0	0.518275	
9.6009	-0	0.518275	
9.6009	-0	0.518275	
9.6009	-0	0.518275	
9.6009	-0	0.518275	
9.6009	-0	0.518275	
9.6009	-0	0.518275	
9.6009	-0	0.518275	
9.6009	-0	0.518275	
9.6009	-0	0.518275	
9.6009	-0	0.518275	
9.6009	-0	0.518275	
9.6009	-0	0.518275	
9.6009	-0	0.518275	
9.6009	-0	0.518275	
9.6009	-0	0.518275	
9.6009	-0	0.518275	
9.6009	-0	0.518275	
9.6009	-0	0.518275	
9.6009	-0	0.518275	
9.6009	-0	0.518275	
9.6009	-0	0.518275	
9.6009	-0	0.518275	
9.6009	-0	0.518275	
9.6009	-0	0.518275	
9.6009	-0	0.518275	
9.6009	-0	0.518275	
9.6009	-0	0.518275	
9.6009	-0	0.518275	
9.6009	-0	0.518275	
9.6009	-0	0.518275	
9.6009	-0	0.518275	
9.6009	-0	0.518275	
9.6009	-0	0.518275	
9.6009	-0	0.518275	
9.6009	-0	0.518275	
9.6009	-0	0.518275	
9.6009	-0	0.518275	
9.6009	-0	0.518275	
9.6009	-0	0.518275	
9.6009	-0	0.518275	
9.6009	-0	0.518275	
9.6009	-0	0.518275	
9.6009	-0	0.518275	
9.6009	-0	0.518275	
9.6009	-0	0.518275	
9.6009	-0	0.518275	
9.6009	-0	0.518275	
9.6009	-0	0.518275	
9.6009	-0	0.518275	
9.6009	-0	0.518275	
9.6009	-0	0.518275	
9.6009	-0	0.518275	
9.6009	-0	0.518275	
9.6009	-0	0.518275	
9.6009	-0	0.518275	
9.6009	-0	0.518275	
9.6009	-0	0.518275	
9.6009	-0	0.518275	
9.6009	-0	0.518275	
9.6009	-0	0.518275	
9.6009	-0	0.518275	
9.6009	-0	0.518275	
9.6009	-0	0.518275	
9.6009	-0	0.518275	
9.6009	-0	0.518275	
9.6009	-0	0.518275	
9.6009	-0	0.518275	
9.6009	-0	0.518275	
9.6009	-0	0.518275	
9.6009	-0	0.518275	
9.6009	-0	0.518275	
9.6009	-0	0.518275	
9.6009	-0	0.518275	
9.6009	-0	0.518275	
9.6009	-0	0.518275	
9.6009	-0	0.518275	
9.6009	-0	0.518275	
9.6009	-0	0.518275	
9.6009	-0	0.518275	
9.6009	-0	0.518275	
9.6009	-0	0.518275	
9.6009	-0	0.518275	
9.6009	-0	0.518275	
9.6009	-0	0.518275	
9.6009	-0	0.518275	
9.6009	-0	0.518275	
9.6009	-0	0.518275	
9.6009	-0	0.518275	
9.6009	-0	0.518275	
9.6009	-0	0.518275	
9.6009	-0	0.518275	
9.6009	-0	0.518275	
9.6009	-0	0.518275	
9.6009	-0	0.518275	
9.6009	-0	0.518275	
9.6009	-0	0.518275	
9.6009	-0	0.518275	
9.6009	-0	0.518275	
9.6009	-0	0.518275	
9.6009	-0	0.518275	
9.6009	-0	0.518275	
9.6009	-0	0.518275	
9.6009	-0	0.518275	
9.6009	-0	0.518275	
9.6009	-0	0.518275	
9.6009	-0	0.518275	
9.6009	-0	0.518275	
9.6009	-0	0.518275	
9.6009	-0	0.518275	
9.6009	-0	0.518275	
9.6009	-0	0.518275	
9.6009	-0	0.518275	
9.6009	-0	0.518275	
9.6009	-0	0.518275	
9.6009	-0	0.518275	
9.6009	-0	0.518275	
9.6009	-0	0.518275	
9.6009	-0	0.518275	
9.6009	-0	0.518275	
9.6009	-0	0.518275	
9.6009	-0	0.518275	
9.6009	-0	0.518275	
9.6009	-0	0.518275	
9.6009	-0	0.518275	
9.6009	-0	0.518275	
9.6009	-0	0.518275	
9.6009	-0	0.518275	
9.6009	-0	0.518275	
9.6009	-0	0.518275	
9.6009	-0	0.518275	
9.6009	-0	0.518275	
9.6009	-0	0.518275	
9.6009	-0	0.518275	
9.6009	-0	0.518275	
9.6009	-0	0.518275	
9.6009	-0	0.518275	
9.6009	-0	0.518275	
9.6009	-0	0.518275	
9.6009	-0	0.518275	
9.6009	-0	0.518275	
9.6009	-0	0.518275	
9.6009	-0	0.518275	
9.6009	-0	0.518275	
9.6009	-0	0.518275	
9.6009	-0	0.518275	
9.6009	-0	0.518275	
9.6009	-0	0.518275	
9.6009	-0	0.518275	
9.6009	-0	0.518275	
9.6009	-0	0.518275	
9.6009	-0	0.518275	
9.6009	-0	0.518275	
9.6009	-0	0.518275	
9.6009	-0	0.518275	
9.6009	-0	0.518275	
9.6009	-0	0.518275	
9.6009	-0	0.518275	
9.6009	-0	0.518275	
9.6009	-0	0.518275	
9.6009	-0	0.518275	
9.6009	-0	0.518275	
9.6009	-0	0.518275	
9.6009	-0	0.518275	
9.6009	-0	0.518275	
9.6009	-0	0.518275	
9.6009	-0	0.518275	
9.6009	-0	0.518275	
9.6009	-0	0.518275	
9.6009	-0	0.518275	
9.6009	-0	0.518275	
9.6009	-0	0.518275	
9.6009	-0	0.518275	
9.6009	-0	0.518275	
9.6009	-0	0.518275	
9.6009	-0	0.518275	
9.6009	-0	0.518275	
9.6009	-0	0.518275	
9.6009	-0	0.518275	
9.6009	-0	0.518275	
9.6009	-0	0.518275	
9.6009	-0	0.518275	
9.6009	-0	0.518275	
9.6009	-0	0.518275	
9.6009	-0	0.518275	
9.6009	-0	0.518275	
9.6009	-0	0.518275	
9.6009	-0	0.518275	
9.6009	-0	0.518275	
9.6009	-0	0.518275	
9.6009	-0	0.518275	
9.6009	-0	0.518275	
9.6009	-0	0.518275	
9.6009	-0	0.518275	
9.6009	-0	0.518275	
9.6009	-0	0.518275	
9.6009	-0	0.518275	
9.6009	-0	0.518275	
9.6009	-0	0.518275	
9.6009	-0	0.518275	
9.6009	-0	0.518275	
9.6009	-0	0.518275	
9.6009	-0	0.518275	
9.6009	-0	0.518275	
9.6009	-0	0.518275	
9.6009	-0	0.518275	
9.6009	-0	0.518275	
9.6009	-0	0.518275	
