10	0	1	
10	0	1	
10	0	1	
10	0	1	
10	0	1	
9.99999	-0.00509681	1	
9.99997	-0.010656	0.835994	
9.99994	-0.0161708	0.820537	
9.99989	-0.0216414	0.876036	
9.99984	-0.0270683	0.953084	
9.99977	-0.0323898	1	
9.9997	-0.0369853	1	
9.99962	-0.0418442	1	
9.99952	-0.0471094	0.97637	
9.99942	-0.0523325	0.930337	
9.9993	-0.0575139	0.910816	
9.99918	-0.0626538	0.911954	
9.99904	-0.0677525	0.93043	
9.9989	-0.0728105	0.957133	
9.99874	-0.077828	0.987649	
9.99858	-0.0825709	1	
9.9984	-0.0871389	1	
9.99822	-0.0918908	1	
9.99802	-0.0967557	0.988988	
9.99782	-0.101582	0.98046	
9.99761	-0.106369	0.97808	
9.99739	-0.111118	0.982931	
9.99715	-0.115829	0.99357	
9.99691	-0.120057	1	
9.99667	-0.123376	1	
9.99642	-0.126049	1	
9.99616	-0.12812	1	
9.9959	-0.129829	1	
9.99564	-0.131118	1	
9.99537	-0.131747	1	
9.99511	-0.131701	1	
9.99485	-0.130952	1	
9.99459	-0.129403	1	
9.99434	-0.127154	1	
9.99409	-0.124297	1	
9.99384	-0.120882	1	
9.99361	-0.116898	1	
9.99339	-0.112567	1	
9.99317	-0.108062	1	
9.99296	-0.103554	1	
9.99276	-0.0990395	1	
9.99257	-0.0945167	1	
9.9924	-0.0900668	1	
9.99222	-0.0856676	1	
9.99206	-0.0813265	1	
9.99191	-0.0770926	1	
9.99176	-0.0729504	1	
9.99162	-0.0688609	1	
9.99149	-0.0648514	1	
9.99137	-0.0609052	1	
9.99126	-0.0570671	1	
9.99115	-0.0533044	1	
9.99105	-0.0496039	1	
9.99096	-0.0460282	1	
9.99087	-0.0425446	1	
9.9908	-0.0392691	1	
9.99072	-0.0361145	1	
9.99066	-0.0331687	1	
9.9906	-0.0304953	1	
9.99054	-0.0281855	1	
9.99049	-0.0262108	1	
9.99044	-0.0246286	1	
9.99039	-0.0234366	1	
9.99035	-0.0224746	1	
9.9903	-0.0216343	1	
9.99026	-0.0208991	1	
9.99022	-0.0202203	1	
9.99018	-0.0195875	1	
9.99014	-0.0189899	1	
9.99011	-0.0184076	1	
9.99007	-0.0178089	1	
9.99004	-0.0171939	1	
9.99	-0.0165773	1	
9.98997	-0.0159684	1	
9.98994	-0.0153725	1	
9.98991	-0.014793	1	
9.98988	-0.0142316	1	
9.98986	-0.013689	1	
9.98983	-0.0131656	1	
9.9898	-0.0126612	1	
9.98978	-0.0121755	1	
9.98976	-0.011708	1	
9.98973	-0.0112582	1	
9.98971	-0.0108255	1	
9.98971	-0.0108255	1	
9.98971	-0.0108255	1	
9.98971	-0.0108255	1	
9.98971	-0.0108255	1	
9.98971	-0.0108255	1	
9.98971	-0.0108255	1	
9.98971	-0.0108255	1	
9.98971	-0.0108255	1	
9.98971	-0.0108255	1	
9.98971	-0.0108255	1	
9.98971	-0.0108255	1	
9.98971	-0.0108255	1	
9.98971	-0.0108255	1	
9.98971	-0.0108255	1	
9.98971	-0.0108255	1	
9.98971	-0.0108255	1	
9.98971	-0.0108255	1	
9.98971	-0.0108255	1	
9.98971	-0.0108255	1	
9.98971	-0.0108255	1	
9.98971	-0.0108255	1	
9.98971	-0.0108255	1	
9.98971	-0.0108255	1	
9.98971	-0.0108255	1	
9.98971	-0.0108255	1	
9.98971	-0.0108255	1	
9.98971	-0.0108255	1	
9.98971	-0.0108255	1	
9.98971	-0.0108255	1	
9.98971	-0.0108255	1	
9.98971	-0.0108255	1	
9.98971	-0.0108255	1	
9.98971	-0.0108255	1	
9.98971	-0.0108255	1	
9.98971	-0.0108255	1	
9.98971	-0.0108255	1	
9.98971	-0.0108255	1	
9.98971	-0.0108255	1	
9.98971	-0.0108255	1	
9.98971	-0.0108255	1	
9.98971	-0.0108255	1	
9.98971	-0.0108255	1	
9.98971	-0.0108255	1	
9.98971	-0.0108255	1	
9.98971	-0.0108255	1	
9.98971	-0.0108255	1	
9.98971	-0.0108255	1	
9.98971	-0.0108255	1	
9.98971	-0.0108255	1	
9.98971	-0.0108255	1	
9.98971	-0.0108255	1	
9.98971	-0.0108255	1	
9.98971	-0.0108255	1	
9.98971	-0.0108255	1	
9.98971	-0.0108255	1	
9.98971	-0.0108255	1	
9.98971	-0.0108255	1	
9.98971	-0.0108255	1	
9.98971	-0.0108255	1	
9.98971	-0.0108255	1	
9.98971	-0.0108255	1	
9.98971	-0.0108255	1	
9.98971	-0.0108255	1	
9.98971	-0.0108255	1	
9.98971	-0.0108255	1	
9.98971	-0.0108255	1	
9.98971	-0.0108255	1	
9.98971	-0.0108255	1	
9.98971	-0.0108255	1	
9.98971	-0.0108255	1	
9.98971	-0.0108255	1	
9.98971	-0.0108255	1	
9.98971	-0.0108255	1	
9.98971	-0.0108255	1	
9.98971	-0.0108255	1	
9.98971	-0.0108255	1	
9.98971	-0.0108255	1	
9.98971	-0.0108255	1	
9.98971	-0.0108255	1	
9.98971	-0.0108255	1	
9.98971	-0.0108255	1	
9.98971	-0.0108255	1	
9.98971	-0.0108255	1	
9.98971	-0.0108255	1	
9.98971	-0.0108255	1	
9.98971	-0.0108255	1	
9.98971	-0.0108255	1	
9.98971	-0.0108255	1	
9.98971	-0.0108255	1	
9.98971	-0.0108255	1	
9.98971	-0.0108255	1	
9.98971	-0.0108255	1	
9.98971	-0.0108255	1	
9.98971	-0.0108255	1	
9.98971	-0.0108255	1	
9.98971	-0.0108255	1	
9.98971	-0.0108255	1	
9.98971	-0.0108255	1	
9.98971	-0.0108255	1	
9.98971	-0.0108255	1	
9.98971	-0.0108255	1	
9.98971	-0.0108255	1	
9.98971	-0.0108255	1	
9.98971	-0.0108255	1	
9.98971	-0.0108255	1	
9.98971	-0.0108255	1	
9.98971	-0.0108255	1	
9.98971	-0.0108255	1	
9.98971	-0.0108255	1	
9.98971	-0.0108255	1	
9.98971	-0.0108255	1	
9.98971	-0.0108255	1	
9.98971	-0.0108255	1	
9.98971	-0.0108255	1	
9.98971	-0.0108255	1	
9.98971	-0.0108255	1	
9.98971	-0.0108255	1	
9.98971	-0.0108255	1	
9.98971	-0.0108255	1	
9.98971	-0.0108255	1	
9.98971	-0.0108255	1	
9.98971	-0.0108255	1	
9.98971	-0.0108255	1	
9.98971	-0.0108255	1	
9.98971	-0.0108255	1	
9.98971	-0.0108255	1	
9.98971	-0.0108255	1	
9.98971	-0.0108255	1	
9.98971	-0.0108255	1	
9.98971	-0.0108255	1	
9.98971	-0.0108255	1	
9.98971	-0.0108255	1	
9.98971	-0.0108255	1	
9.98971	-0.0108255	1	
9.98971	-0.0108255	1	
9.98971	-0.0108255	1	
9.98971	-0.0108255	1	
9.98971	-0.0108255	1	
9.98971	-0.0108255	1	
9.98971	-0.0108255	1	
9.98971	-0.0108255	1	
9.98971	-0.0108255	1	
9.98971	-0.0108255	1	
9.98971	-0.0108255	1	
9.98971	-0.0108255	1	
9.98971	-0.0108255	1	
9.98971	-0.0108255	1	
9.98971	-0.0108255	1	
9.98971	-0.0108255	1	
9.98971	-0.0108255	1	
9.98971	-0.0108255	1	
9.98971	-0.0108255	1	
9.98971	-0.0108255	1	
9.98971	-0.0108255	1	
9.98971	-0.0108255	1	
9.98971	-0.0108255	1	
9.98971	-0.0108255	1	
9.98971	-0.0108255	1	
9.98971	-0.0108255	1	
9.98971	-0.0108255	1	
9.98971	-0.0108255	1	
9.98971	-0.0108255	1	
9.98971	-0.0108255	1	
9.98971	-0.0108255	1	
9.98971	-0.0108255	1	
9.98971	-0.0108255	1	
9.98971	-0.0108255	1	
9.98971	-0.0108255	1	
9.98971	-0.0108255	1	
9.98971	-0.0108255	1	
9.98971	-0.0108255	1	
9.98971	-0.0108255	1	
9.98971	-0.0108255	1	
9.98971	-0.0108255	1	
9.98971	-0.0108255	1	
9.98971	-0.0108255	1	
9.98971	-0.0108255	1	
9.98971	-0.0108255	1	
9.98971	-0.0108255	1	
9.98971	-0.0108255	1	
9.98971	-0.0108255	1	
9.98971	-0.0108255	1	
9.98971	-0.0108255	1	
9.98971	-0.00331831	1	
9.98971	0.00155481	1	
9.98972	0.00470544	1	
9.98973	0.0067999	1	
9.98975	0.00822057	1	
9.98977	0.00913575	1	
9.98979	0.00975813	1	
9.98981	0.010202	1	
9.98983	0.0104206	1	
9.98985	0.0105418	1	
9.98987	0.0105633	1	
9.98989	0.0104953	1	
9.98989	0.0104953	1	
9.98989	0.0104953	1	
9.98989	0.0104953	1	
9.98989	0.0104953	1	
9.98989	0.0104953	1	
9.98989	0.0104953	1	
9.98989	0.0104953	1	
9.98989	0.0104953	1	
9.98989	0.0104953	1	
9.98989	0.0104953	1	
9.98989	0.0104953	1	
9.98989	0.0104953	1	
9.98989	0.0104953	1	
9.98989	0.0104953	1	
9.98989	0.0104953	1	
9.98989	0.0104953	1	
9.98989	0.0104953	1	
9.98989	0.0104953	1	
9.98989	0.0104953	1	
9.98989	0.0104953	1	
9.98989	0.0104953	1	
9.98989	0.0104953	1	
9.98989	0.0104953	1	
9.98989	0.0104953	1	
9.98989	0.0104953	1	
9.98989	0.0104953	1	
9.98989	0.0104953	1	
9.98989	0.0104953	1	
9.98989	0.0104953	1	
9.98989	0.0104953	1	
9.98989	0.0104953	1	
9.98989	0.0104953	1	
9.98989	0.0104953	1	
9.98989	0.0104953	1	
9.98989	0.0104953	1	
9.98989	0.0104953	1	
9.98989	0.0104953	1	
9.98989	0.0104953	1	
9.98989	0.0104953	1	
9.98989	0.0104953	1	
9.98989	0.0104953	1	
9.98989	0.0104953	1	
9.98989	0.0104953	1	
9.98989	0.0104953	1	
9.98989	0.0104953	1	
9.98989	0.0104953	1	
9.98989	0.0104953	1	
9.98989	0.0104953	1	
9.98989	0.0104953	1	
9.98989	0.0104953	1	
9.98989	0.0104953	1	
9.98989	0.0104953	1	
9.98989	0.0104953	1	
9.98989	0.0104953	1	
9.98989	0.0104953	1	
9.98989	0.0104953	1	
9.98989	0.0104953	1	
9.98989	0.0104953	1	
9.98989	0.0104953	1	
9.98989	0.0104953	1	
9.98989	0.0104953	1	
9.98989	0.0104953	1	
9.98989	0.0104953	1	
9.98991	0.0103569	1	
9.98993	0.0103769	1	
9.98995	0.0106283	1	
9.98997	0.0108886	1	
9.99	0.0111476	1	
9.99002	0.0114075	1	
9.99004	0.011524	1	
9.99007	0.0115083	1	
9.99009	0.0113754	1	
9.99011	0.0112125	1	
9.99013	0.0111334	1	
9.99016	0.0110017	1	
9.99018	0.0109685	1	
9.9902	0.0109014	1	
9.99022	0.0106762	1	
9.99024	0.010627	1	
9.99026	0.010592	1	
9.99028	0.0104475	1	
9.9903	0.0103635	1	
9.9903	0.0103635	1	
9.99032	0.0102637	1	
9.99035	0.0103016	1	
9.99037	0.0102348	1	
9.99039	0.010277	1	
9.99041	0.0102957	1	
9.99043	0.0103762	1	
9.99045	0.0104636	1	
9.99045	0.0104636	1	
9.99045	0.0104636	1	
9.99045	0.0104636	1	
9.99045	0.0104636	1	
9.99045	0.0104636	1	
9.99045	0.0104636	1	
9.99045	0.0104636	1	
9.99045	0.0104636	1	
9.99045	0.0104636	1	
9.99045	0.0104636	1	
9.99045	0.0104636	1	
9.99045	0.0104636	1	
9.99045	0.0104636	1	
9.99045	0.0104636	1	
9.99045	0.0104636	1	
9.99045	0.0104636	1	
9.99045	0.0104636	1	
9.99045	0.0104636	1	
9.99045	0.0104636	1	
9.99045	0.0104636	1	
9.99045	0.0104636	1	
9.99045	0.0104636	1	
9.99045	0.0104636	1	
9.99045	0.0104636	1	
9.99045	0.0104636	1	
9.99045	0.0104636	1	
9.99045	0.0104636	1	
9.99045	0.0104636	1	
9.99045	0.0104636	1	
9.99045	0.0104636	1	
9.99045	0.0104636	1	
9.99047	0.0105412	1	
9.99049	0.0107958	1	
9.99051	0.0113157	1	
9.99054	0.0117678	1	
9.99056	0.0121245	1	
9.99059	0.0123897	1	
9.99061	0.0125412	1	
9.99064	0.0128054	1	
9.99066	0.0129598	1	
9.99069	0.0131467	1	
9.99072	0.0133036	1	
9.99074	0.0134429	1	
9.99077	0.0135807	1	
9.9908	0.0136106	1	
9.99082	0.0136521	1	
9.99085	0.0136051	1	
9.99088	0.0134776	1	
9.99091	0.0134951	1	
9.99093	0.0134357	1	
9.99096	0.0132079	1	
9.99099	0.0130323	1	
9.99101	0.0128192	1	
9.99104	0.0125198	1	
9.99106	0.0122489	1	
9.99109	0.0119806	1	
9.99111	0.0117745	1	
9.99113	0.0116105	1	
9.99115	0.0113715	1	
9.99118	0.0110546	1	
9.99118	0.0110546	1	
9.99118	0.0110546	1	
9.99118	0.0110546	1	
9.99118	0.0110546	1	
9.9912	0.0107478	1	
9.99122	0.0105484	1	
9.99124	0.0105571	1	
9.99126	0.0105381	1	
9.99128	0.0105847	1	
9.9913	0.0106639	1	
9.99133	0.0108528	1	
9.99135	0.0110044	1	
9.99137	0.0110857	1	
9.99139	0.0110988	1	
9.99141	0.0112358	1	
9.99144	0.0114947	1	
9.99146	0.0119353	1	
9.99149	0.0125014	1	
9.99151	0.0132409	1	
9.99154	0.0140573	1	
9.99157	0.0149831	1	
9.9916	0.0159993	1	
9.99164	0.0170686	1	
9.99167	0.0182413	1	
9.99171	0.01948	1	
9.99175	0.0206389	1	
9.9918	0.0218762	1	
9.99184	0.0231476	1	
9.99189	0.0244234	1	
9.99194	0.0258845	1	
9.992	0.0273289	1	
9.99206	0.0287018	1	
9.99212	0.0298466	1	
9.99218	0.0308858	1	
9.99224	0.0319023	1	
9.99231	0.032832	1	
9.99237	0.0337675	1	
9.99244	0.0346319	1	
9.99251	0.0354529	1	
9.99259	0.0361429	1	
9.99266	0.0366603	1	
9.99273	0.0370013	1	
9.99281	0.0371827	1	
9.99288	0.0372499	1	
9.99296	0.037185	1	
9.99303	0.0370821	1	
9.99311	0.0368137	1	
9.99318	0.036437	1	
9.99325	0.0360452	1	
9.99332	0.0357518	1	
9.99339	0.0354083	1	
9.99346	0.0349522	1	
9.99353	0.0345094	1	
9.9936	0.0341532	1	
9.99367	0.0339677	1	
9.99374	0.033933	1	
9.9938	0.0340556	1	
9.99387	0.0343146	1	
9.99394	0.034655	1	
9.99401	0.0350851	1	
9.99408	0.0355923	1	
9.99416	0.0361595	1	
9.99423	0.0366867	1	
9.9943	0.0371861	1	
9.99438	0.0376192	1	
9.99445	0.03812	1	
9.99453	0.0385709	1	
9.99461	0.0388941	1	
9.99469	0.0389918	1	
9.99477	0.0391238	1	
9.99484	0.0393783	1	
9.99492	0.0396726	1	
9.995	0.0397737	1	
9.99508	0.039635	1	
9.99516	0.0393836	1	
9.99524	0.0390456	1	
9.99532	0.0387169	1	
9.99539	0.0383086	1	
9.99547	0.0379334	1	
9.99555	0.0376756	1	
9.99562	0.0376916	1	
9.9957	0.0379677	1	
9.99577	0.0384713	1	
9.99585	0.0388478	1	
9.99593	0.0388718	1	
9.99601	0.0384556	1	
9.99608	0.0379012	1	
9.99616	0.0373035	1	
9.99623	0.0367214	1	
9.9963	0.0360858	1	
9.99637	0.0354364	1	
9.99644	0.0349227	1	
9.99651	0.0346089	1	
9.99658	0.0343668	1	
9.99665	0.034103	1	
9.99672	0.0338069	1	
9.99678	0.0334505	1	
9.99685	0.03306	1	
9.99691	0.0325879	1	
9.99698	0.0320917	1	
9.99704	0.0316391	1	
9.9971	0.0312835	1	
9.99717	0.0309823	1	
9.99723	0.030598	1	
9.99729	0.0302216	1	
9.99735	0.0296767	1	
9.99741	0.029079	1	
9.99746	0.028552	1	
9.99752	0.0280614	1	
9.99757	0.0275433	1	
9.99763	0.0268833	1	
9.99768	0.0262214	1	
9.99773	0.0256193	1	
9.99778	0.025222	1	
9.99783	0.0249265	1	
9.99788	0.024582	1	
9.99793	0.0241865	1	
9.99798	0.0236351	1	
9.99802	0.0230747	1	
9.99807	0.0225084	1	
9.99811	0.0219421	1	
9.99815	0.0213424	1	
9.9982	0.0209337	1	
9.99824	0.0207276	1	
9.99828	0.0207378	1	
9.99832	0.0210037	1	
9.99836	0.0213376	1	
9.99841	0.0216252	1	
9.99845	0.0217669	1	
9.99849	0.0218777	1	
9.99854	0.0219658	1	
9.99858	0.0221492	1	
9.99863	0.0224062	1	
9.99867	0.0226904	1	
9.99872	0.0228627	1	
9.99876	0.0230267	1	
9.99881	0.023274	1	
9.99886	0.0236095	1	
9.99891	0.0238624	1	
9.99895	0.0238311	1	
9.999	0.0234819	1	
9.99905	0.0229769	1	
9.99909	0.0224635	1	
9.99914	0.0219965	1	
9.99918	0.0216387	1	
9.99922	0.0213974	1	
9.99926	0.0211311	1	
9.99931	0.0209213	1	
9.99935	0.0206778	1	
9.99939	0.0204686	1	
9.99943	0.0200802	1	
9.99947	0.0197169	1	
9.99951	0.0194699	1	
9.99955	0.0194724	1	
9.99959	0.0197551	1	
9.99963	0.0202674	1	
9.99967	0.0208848	1	
9.99971	0.0216266	1	
9.99975	0.0224789	1	
9.9998	0.0233194	1	
9.99985	0.0242101	1	
9.9999	0.02501	1	
9.99995	0.0257986	1	
10	0.0264229	1	
10.0001	0.026921	1	
10.0001	0.0273076	1	
10.0002	0.0278493	1	
10.0002	0.0286141	1	
10.0003	0.0295541	1	
10.0003	0.0304341	1	
10.0004	0.0311691	1	
10.0005	0.0316809	1	
10.0005	0.0319502	1	
10.0006	0.0320305	1	
10.0007	0.0321161	1	
10.0007	0.0322451	1	
10.0008	0.0324	1	
10.0009	0.0324996	1	
10.0009	0.0326205	1	
10.001	0.032887	1	
10.0011	0.0333518	1	
10.0011	0.0340127	1	
10.0012	0.034784	1	
10.0013	0.0356354	1	
10.0013	0.0366562	1	
10.0014	0.0377714	1	
10.0015	0.0390075	1	
10.0016	0.0405507	1	
10.0017	0.0423934	1	
10.0017	0.0444156	1	
10.0018	0.0462511	1	
10.0019	0.0478295	1	
10.002	0.0492332	1	
10.0021	0.0505315	1	
10.0022	0.0517285	1	
10.0023	0.0526391	1	
10.0024	0.0532144	1	
10.0026	0.0533516	1	
10.0027	0.0532203	1	
10.0028	0.0527235	1	
10.0029	0.052186	1	
10.003	0.0515401	1	
10.0031	0.0507014	1	
10.0032	0.049507	1	
10.0033	0.0479771	1	
10.0034	0.0462475	1	
10.0035	0.0445604	1	
10.0035	0.0429702	1	
10.0036	0.0416926	1	
10.0037	0.0407161	1	
10.0038	0.04003	1	
10.0039	0.0396168	1	
10.0039	0.0394742	1	
10.004	0.0395889	1	
10.0041	0.0399964	1	
10.0042	0.0406776	1	
10.0043	0.041627	1	
10.0044	0.0425902	1	
10.0044	0.0433814	1	
10.0045	0.0438711	1	
10.0046	0.0441221	1	
10.0047	0.0441608	1	
10.0048	0.0438961	1	
10.0049	0.0433245	1	
10.005	0.0422016	1	
10.005	0.0405549	1	
10.0051	0.0382785	1	
10.0052	0.0355419	1	
10.0053	0.0324043	1	
10.0053	0.0290943	1	
10.0054	0.0257167	1	
10.0054	0.0224084	1	
10.0054	0.0191699	1	
10.0055	0.0162048	1	
10.0055	0.0162048	1	
10.0055	0.0162048	1	
10.0055	0.0162048	1	
10.0055	0.0162048	1	
10.0055	0.0162048	1	
10.0055	0.0162048	1	
10.0055	0.0143774	1	
10.0055	0.013878	1	
10.0056	0.0142801	1	
10.0056	0.0152212	1	
10.0056	0.0163519	1	
10.0057	0.0174341	1	
10.0057	0.0183766	1	
10.0057	0.0189384	1	
10.0058	0.0190734	1	
10.0058	0.0186387	1	
10.0058	0.0174415	1	
10.0059	0.015674	1	
10.0059	0.015674	1	
10.0059	0.015674	1	
10.0059	0.015674	1	
10.0059	0.015674	1	
10.0059	0.015674	1	
10.0059	0.015674	1	
10.0059	0.015674	1	
10.0059	0.015674	1	
10.0059	0.015674	1	
10.0059	0.015674	1	
10.0059	0.015674	1	
10.0059	0.015674	1	
10.0059	0.015674	1	
10.0059	0.015674	1	
10.0059	0.0145827	1	
10.0059	0.0148533	1	
10.006	0.0156693	1	
10.006	0.016591	1	
10.006	0.0172277	1	
10.0061	0.0174346	1	
10.0061	0.0171761	1	
10.0061	0.016415	1	
10.0062	0.0152253	1	
10.0062	0.0135313	1	
10.0062	0.0135313	1	
10.0062	0.0135313	1	
10.0062	0.0135313	1	
10.0062	0.0135313	1	
10.0062	0.0135313	1	
10.0062	0.0135313	1	
10.0062	0.0135313	1	
10.0062	0.0135313	1	
10.0062	0.0135313	1	
10.0062	0.0135313	1	
10.0062	0.0135313	1	
10.0062	0.0135313	1	
10.0062	0.0135313	1	
10.0062	0.0126619	1	
10.0062	0.0126067	1	
10.0063	0.0126561	1	
10.0063	0.0126216	1	
10.0063	0.0122172	1	
10.0063	0.0114361	1	
10.0063	0.0114361	1	
10.0063	0.0114361	1	
10.0063	0.0114361	1	
10.0063	0.0114361	1	
10.0063	0.0114361	1	
10.0063	0.0114361	1	
10.0063	0.0114361	1	
10.0063	0.0114361	1	
10.0063	0.0114361	1	
10.0063	0.0114361	1	
10.0063	0.0114361	1	
10.0063	0.0114361	1	
10.0063	0.0114361	1	
10.0063	0.0114361	1	
10.0063	0.0114361	1	
10.0063	0.0114361	1	
10.0063	0.0114361	1	
10.0063	0.0114361	1	
10.0063	0.0114361	1	
10.0063	0.0114361	1	
10.0063	0.0114361	1	
10.0063	0.0114361	1	
10.0063	0.0114361	1	
10.0063	0.0114361	1	
10.0063	0.0114361	1	
10.0063	0.0114361	1	
10.0063	0.0114361	1	
10.0063	0.0114361	1	
10.0063	0.0114361	1	
10.0063	0.0114361	1	
10.0063	0.0114361	1	
10.0063	0.0114361	1	
10.0063	0.0114361	1	
10.0063	0.0114361	1	
10.0063	0.0114361	1	
10.0063	0.0114361	1	
10.0063	0.0114361	1	
10.0063	0.0114361	1	
10.0063	0.0114361	1	
10.0063	0.0114361	1	
10.0063	0.0114361	1	
10.0063	0.0114361	1	
10.0063	0.0114361	1	
10.0063	0.0114361	1	
10.0063	0.0114361	1	
10.0063	0.0114361	1	
10.0063	0.0114361	1	
10.0063	0.0114361	1	
10.0063	0.0114361	1	
10.0063	0.0114361	1	
10.0063	0.0114361	1	
10.0063	0.0114361	1	
10.0063	0.0114361	1	
10.0063	0.0114361	1	
10.0063	0.0114361	1	
10.0063	0.0114361	1	
10.0063	0.0114361	1	
10.0063	0.0114361	1	
10.0063	0.0114361	1	
10.0063	0.0114361	1	
10.0063	0.0114361	1	
10.0063	0.0114361	1	
10.0063	0.0114361	1	
10.0064	0.00574463	0.403956	
10.0064	9.86682e-05	0.867948	
10.0063	-0.00388095	1	
10.0063	-0.00388095	1	
10.0063	-0.00388095	1	
10.0063	-0.00388095	1	
10.0063	-0.00388095	1	
10.0063	-0.00388095	1	
10.0063	-0.00388095	1	
10.0063	-0.00388095	1	
10.0063	-0.00388095	1	
10.0063	-0.00388095	1	
10.0063	-0.00388095	1	
10.0063	-0.00388095	1	
10.0063	-0.00388095	1	
10.0063	-0.00388095	1	
10.0063	-0.00388095	1	
10.0063	-0.00618903	1	
10.0063	-0.00831288	1	
10.0063	-0.0101144	1	
10.0063	-0.0113389	1	
10.0063	-0.0116734	1	
10.0062	-0.011273	1	
10.0062	-0.011273	1	
10.0062	-0.011273	1	
10.0062	-0.011273	1	
10.0062	-0.011273	1	
10.0062	-0.011273	1	
10.0062	-0.011273	1	
10.0062	-0.011273	1	
10.0062	-0.011273	1	
10.0062	-0.011273	1	
10.0062	-0.011273	1	
10.0062	-0.011273	1	
10.0062	-0.011273	1	
10.0062	-0.011273	1	
10.0062	-0.011273	1	
10.0062	-0.011273	1	
10.0062	-0.011273	1	
10.0062	-0.011273	1	
10.0062	-0.011273	1	
10.0062	-0.011273	1	
10.0062	-0.011273	1	
10.0062	-0.011273	1	
10.0062	-0.011273	1	
10.0062	-0.011273	1	
10.0062	-0.011273	1	
10.0062	-0.00351719	1	
10.0062	0.00151061	1	
10.0062	0.00151061	1	
10.0062	0.00151061	1	
10.0062	0.00151061	1	
10.0062	0.00151061	1	
10.0062	0.00151061	1	
10.0062	0.00151061	1	
10.0062	0.00151061	1	
10.0062	0.00151061	1	
10.0062	0.00151061	1	
10.0062	0.00151061	1	
10.0062	0.00151061	1	
10.0062	0.00151061	1	
10.0062	0.00151061	1	
10.0062	0.00151061	1	
10.0062	0.00513985	1	
10.0063	0.00815727	1	
10.0063	0.0104913	1	
10.0063	0.0122105	1	
10.0063	0.0132407	1	
10.0064	0.0133849	1	
10.0064	0.0127561	1	
10.0064	0.0127561	1	
10.0064	0.0127561	1	
10.0064	0.0127561	1	
10.0064	0.0127561	1	
10.0064	0.0127561	1	
10.0064	0.0127561	1	
10.0064	0.0127561	1	
10.0064	0.0127561	1	
10.0064	0.0127561	1	
10.0064	0.0127561	1	
10.0064	0.0127561	1	
10.0064	0.0127561	1	
10.0064	0.0127561	1	
10.0064	0.0127561	1	
10.0064	0.0127561	1	
10.0064	0.0117768	1	
10.0064	0.0117768	1	
10.0064	0.0117768	1	
10.0064	0.0117768	1	
10.0064	0.0117768	1	
10.0064	0.0117768	1	
10.0064	0.0117768	1	
10.0064	0.0117768	1	
10.0064	0.0117768	1	
10.0064	0.0117768	1	
10.0064	0.00608255	0.392521	
10.0064	0.00043389	0.852296	
10.0064	-0.00378037	1	
10.0064	-0.00378037	1	
10.0064	-0.00378037	1	
10.0064	-0.00378037	1	
10.0064	-0.00378037	1	
10.0064	-0.00378037	1	
10.0064	-0.00378037	1	
10.0064	-0.00378037	1	
10.0064	0.00139013	1	
10.0064	0.00485706	1	
10.0064	0.00701717	1	
10.0064	0.00701717	1	
10.0064	0.00701717	1	
10.0064	0.00701717	1	
10.0064	0.00701717	1	
10.0064	0.00701717	1	
10.0064	0.00701717	1	
10.0064	0.00701717	1	
10.0064	0.00701717	1	
10.0064	0.00701717	1	
10.0064	0.00701717	1	
10.0064	0.00701717	1	
10.0064	0.00701717	1	
10.0064	0.00701717	1	
10.0064	0.00701717	1	
10.0065	0.00862561	1	
10.0065	0.0105503	1	
10.0065	0.0123201	1	
10.0065	0.0135635	1	
10.0066	0.0141409	1	
10.0066	0.014057	1	
10.0066	0.0134321	1	
10.0066	0.0123715	1	
10.0066	0.0123715	1	
10.0066	0.0123715	1	
10.0066	0.0123715	1	
10.0066	0.0123715	1	
10.0066	0.0123715	1	
10.0066	0.0123715	1	
10.0066	0.0123715	1	
10.0066	0.0123715	1	
10.0066	0.0123715	1	
10.0066	0.0123715	1	
10.0066	0.0123715	1	
10.0066	0.0123715	1	
10.0066	0.0123715	1	
10.0066	0.0123715	1	
10.0066	0.0123715	1	
10.0066	0.0123715	1	
10.0066	0.0123715	1	
10.0066	0.0123715	1	
10.0066	0.0123715	1	
10.0066	0.0123715	1	
10.0066	0.0123715	1	
10.0066	0.0123715	1	
10.0066	0.0123715	1	
10.0066	0.0123715	1	
10.0066	0.0123715	1	
10.0066	0.0123715	1	
10.0066	0.0123715	1	
10.0066	0.00667256	0.336667	
10.0066	0.00101918	0.871957	
10.0066	-0.00295054	1	
10.0066	-0.00295054	1	
10.0066	-0.00295054	1	
10.0066	-0.00295054	1	
10.0066	-0.00295054	1	
10.0066	-0.00295054	1	
10.0066	-0.00295054	1	
10.0066	-0.00295054	1	
10.0066	-0.00295054	1	
10.0066	-0.00295054	1	
10.0066	-0.00295054	1	
10.0066	-0.00295054	1	
10.0066	-0.00295054	1	
10.0066	-0.00295054	1	
10.0066	-0.00295054	1	
10.0066	-0.00295054	1	
10.0066	-0.00295054	1	
10.0066	-0.00295054	1	
10.0066	-0.00295054	1	
10.0066	-0.00295054	1	
10.0066	-0.00295054	1	
10.0066	-0.00295054	1	
10.0066	-0.00295054	1	
10.0066	-0.00295054	1	
10.0066	-0.00295054	1	
10.0066	-0.00295054	1	
10.0066	-0.00295054	1	
10.0066	-0.00295054	1	
10.0066	-0.00295054	1	
10.0066	-0.00295054	1	
10.0066	-0.00295054	1	
10.0066	-0.00295054	1	
10.0066	-0.00295054	1	
10.0066	-0.00295054	1	
10.0066	-0.00295054	1	
10.0066	-0.00295054	1	
10.0066	-0.00295054	1	
10.0066	-0.00295054	1	
10.0066	-0.00295054	1	
10.0066	-0.00295054	1	
10.0066	-0.00295054	1	
10.0066	-0.00295054	1	
10.0066	-0.00295054	1	
10.0066	-0.00295054	1	
10.0066	-0.00295054	1	
10.0066	-0.00295054	1	
10.0066	-0.00295054	1	
10.0066	-0.00295054	1	
10.0066	-0.00295054	1	
10.0066	-0.00295054	1	
10.0066	-0.00295054	1	
10.0066	-0.00295054	1	
10.0066	-0.00295054	1	
10.0066	-0.00295054	1	
10.0066	-0.00295054	1	
10.0066	-0.00295054	1	
10.0066	-0.00295054	1	
10.0066	-0.00295054	1	
10.0066	-0.00295054	1	
10.0066	-0.00295054	1	
10.0066	-0.00295054	1	
10.0066	-0.00295054	1	
10.0066	-0.00295054	1	
10.0066	-0.00295054	1	
10.0066	-0.00295054	1	
10.0066	-0.00295054	1	
10.0066	-0.00295054	1	
10.0066	-0.00295054	1	
10.0066	-0.00295054	1	
10.0066	-0.00295054	1	
10.0066	-0.00295054	1	
10.0066	-0.00295054	1	
10.0066	-0.00295054	1	
10.0066	-0.00295054	1	
10.0066	-0.00583446	1	
10.0066	-0.00885093	1	
10.0066	-0.0121476	1	
10.0066	-0.0158959	1	
10.0065	-0.0199983	1	
10.0065	-0.0243649	1	
10.0064	-0.029043	1	
10.0063	-0.033975	1	
10.0063	-0.0391073	1	
10.0062	-0.0442331	1	
10.0061	-0.0494792	0.999142	
10.006	-0.0546593	1	
10.0058	-0.059663	1	
10.0057	-0.0643147	1	
10.0056	-0.0683562	1	
10.0054	-0.0719651	1	
10.0053	-0.0751435	1	
10.0051	-0.0780046	1	
10.005	-0.0804823	1	
10.0048	-0.0826815	1	
10.0046	-0.0847727	1	
10.0045	-0.0870688	1	
10.0043	-0.0897025	1	
10.0041	-0.0928037	1	
10.0039	-0.0963982	1	
10.0037	-0.100527	1	
10.0035	-0.105253	1	
10.0033	-0.110011	0.99032	
10.003	-0.114731	0.978278	
10.0028	-0.119413	0.963507	
10.0026	-0.124057	0.952211	
10.0023	-0.128665	0.944049	
10.002	-0.133236	0.939268	
10.0018	-0.13777	0.936527	
10.0015	-0.142268	0.937765	
10.0012	-0.146729	0.94209	
10.0009	-0.151156	0.948068	
10.0006	-0.155546	0.958369	
10.0002	-0.159902	0.969341	
9.99992	-0.164223	0.984009	
9.99958	-0.168425	1	
9.99924	-0.17145	1	
9.99889	-0.173572	1	
9.99854	-0.175343	1	
9.99819	-0.177017	1	
9.99783	-0.178867	1	
9.99747	-0.181142	1	
9.9971	-0.183863	1	
9.99672	-0.187204	1	
9.99634	-0.191016	1	
9.99595	-0.195087	0.997164	
9.99555	-0.199127	0.99202	
9.99515	-0.203134	0.984746	
9.99473	-0.207109	0.978123	
9.99431	-0.211052	0.970421	
9.99388	-0.214963	0.965527	
9.99344	-0.218844	0.96144	
9.993	-0.222693	0.959625	
9.99254	-0.226511	0.958914	
9.99208	-0.230299	0.961871	
9.99161	-0.234057	0.968203	
9.99114	-0.237784	0.977138	
9.99066	-0.241482	0.989207	
9.99017	-0.245098	1	
9.98967	-0.247625	1	
9.98917	-0.249552	1	
9.98867	-0.251183	1	
9.98816	-0.252709	1	
9.98766	-0.254279	1	
9.98714	-0.256015	1	
9.98663	-0.25816	1	
9.9861	-0.260859	1	
9.98558	-0.264348	1	
9.98504	-0.267834	0.992781	
9.9845	-0.271291	0.984418	
9.98395	-0.274721	0.977271	
9.98339	-0.278123	0.968284	
9.98283	-0.281498	0.960984	
9.98226	-0.284846	0.953918	
9.98168	-0.288167	0.949313	
9.9811	-0.291462	0.947548	
9.98051	-0.29473	0.946794	
9.97992	-0.297972	0.946332	
9.97931	-0.301188	0.947981	
9.9787	-0.304379	0.950436	
9.97809	-0.307544	0.955813	
9.97747	-0.310684	0.961949	
9.97684	-0.313798	0.969923	
9.97621	-0.316888	0.978354	
9.97557	-0.319953	0.987081	
9.97492	-0.322993	0.995623	
9.97427	-0.325644	1	
9.97361	-0.32774	1	
9.97295	-0.329853	1	
9.97229	-0.332211	1	
9.97162	-0.335153	0.999803	
9.97094	-0.338072	0.995305	
9.97026	-0.340968	0.989723	
9.96957	-0.34384	0.983583	
9.96888	-0.346689	0.975245	
9.96818	-0.349516	0.966808	
9.96748	-0.352319	0.958487	
9.96677	-0.355101	0.950918	
9.96605	-0.35786	0.943209	
9.96533	-0.360597	0.937187	
9.9646	-0.363312	0.933526	
9.96387	-0.366006	0.93213	
9.96313	-0.368678	0.931624	
9.96239	-0.371328	0.931773	
9.96164	-0.373958	0.932084	
9.96089	-0.376566	0.933495	
9.96013	-0.379154	0.934683	
9.95937	-0.38172	0.936294	
9.9586	-0.384267	0.939034	
9.95783	-0.386793	0.942432	
9.95705	-0.389298	0.94587	
9.95626	-0.391784	0.947479	
9.95547	-0.39425	0.946632	
9.95468	-0.396696	0.945217	
9.95388	-0.399122	0.942538	
9.95308	-0.401529	0.937356	
9.95227	-0.403917	0.930935	
9.95146	-0.406285	0.92254	
9.95064	-0.408635	0.91417	
9.94982	-0.410966	0.905614	
9.94899	-0.413278	0.897016	
9.94816	-0.415572	0.888687	
9.94733	-0.417848	0.880368	
9.94649	-0.420105	0.87268	
9.94564	-0.422344	0.866577	
9.94479	-0.424565	0.861856	
9.94394	-0.426769	0.859656	
9.94308	-0.428955	0.859244	
9.94222	-0.431123	0.860195	
9.94135	-0.433274	0.861512	
9.94048	-0.435408	0.862324	
9.93961	-0.437524	0.865291	
9.93873	-0.439624	0.868725	
9.93784	-0.441707	0.872801	
9.93696	-0.443774	0.877459	
9.93607	-0.445823	0.881997	
9.93517	-0.447857	0.886632	
9.93427	-0.449874	0.890263	
9.93337	-0.451875	0.893062	
9.93246	-0.45386	0.895448	
9.93155	-0.455829	0.897137	
9.93063	-0.457782	0.897962	
9.92971	-0.45972	0.897158	
9.92879	-0.461642	0.895164	
9.92786	-0.463549	0.892539	
9.92693	-0.465441	0.889954	
9.926	-0.467317	0.887864	
9.92506	-0.469179	0.887147	
9.92412	-0.471025	0.885857	
9.92317	-0.472857	0.884153	
9.92222	-0.474674	0.881995	
9.92127	-0.476477	0.88074	
9.92031	-0.478265	0.880995	
9.91935	-0.480039	0.882615	
9.91839	-0.481799	0.885463	
9.91742	-0.483544	0.888658	
9.91645	-0.485276	0.891957	
9.91548	-0.486994	0.894794	
9.9145	-0.488698	0.896663	
9.91352	-0.490388	0.898769	
9.91253	-0.492065	0.900262	
9.91155	-0.493729	0.901986	
9.91055	-0.495379	0.903411	
9.90956	-0.497016	0.903919	
9.90856	-0.49864	0.902717	
9.90756	-0.50025	0.89945	
9.90656	-0.501848	0.89471	
9.90555	-0.503434	0.889728	
9.90454	-0.505006	0.884249	
9.90353	-0.506566	0.878717	
9.90251	-0.508114	0.872338	
9.90149	-0.509649	0.865843	
9.90047	-0.511172	0.859389	
9.89945	-0.512682	0.853055	
9.89842	-0.514181	0.846755	
9.89739	-0.515667	0.840024	
9.89635	-0.517142	0.833241	
9.89532	-0.518605	0.827732	
9.89427	-0.520056	0.824411	
9.89323	-0.521496	0.822473	
9.89219	-0.522924	0.820824	
9.89114	-0.52434	0.819495	
9.89009	-0.525745	0.81825	
9.88903	-0.527139	0.817482	
9.88797	-0.528522	0.816914	
9.88692	-0.529894	0.815965	
9.88585	-0.531255	0.816258	
9.88479	-0.532605	0.816837	
9.88372	-0.533944	0.817489	
9.88265	-0.535273	0.818025	
9.88158	-0.53659	0.818052	
9.8805	-0.537898	0.817675	
9.87942	-0.539195	0.816862	
9.87834	-0.540481	0.815021	
9.87726	-0.541757	0.812662	
9.87617	-0.543023	0.810536	
9.87508	-0.544279	0.809556	
9.87399	-0.545525	0.808966	
9.8729	-0.54676	0.808803	
9.8718	-0.547986	0.808418	
9.8707	-0.549202	0.807809	
9.8696	-0.550409	0.806966	
9.8685	-0.551606	0.806728	
9.86739	-0.552793	0.806993	
9.86629	-0.55397	0.807171	
9.86518	-0.555139	0.807714	
9.86406	-0.556298	0.808458	
9.86295	-0.557447	0.810777	
9.86183	-0.558588	0.813392	
9.86071	-0.559719	0.815836	
9.85959	-0.560841	0.817451	
9.85847	-0.561954	0.817562	
9.85734	-0.563059	0.817462	
9.85621	-0.564154	0.816374	
9.85508	-0.565241	0.8146	
9.85395	-0.566319	0.812362	
9.85281	-0.567389	0.809575	
9.85168	-0.568449	0.806138	
9.85054	-0.569502	0.802535	
9.8494	-0.570546	0.79867	
9.84825	-0.571581	0.79446	
9.84711	-0.572609	0.789906	
9.84596	-0.573628	0.78547	
9.84481	-0.574639	0.781116	
9.84366	-0.575642	0.77724	
9.84251	-0.576637	0.773571	
9.84135	-0.577624	0.769937	
9.84019	-0.578603	0.766615	
9.83904	-0.579574	0.76325	
9.83787	-0.580537	0.761107	
9.83671	-0.581493	0.759285	
9.83555	-0.582441	0.75772	
9.83438	-0.583381	0.75596	
9.83321	-0.584314	0.753848	
9.83204	-0.58524	0.752051	
9.83087	-0.586158	0.750362	
9.82969	-0.587069	0.74861	
9.82852	-0.587972	0.746935	
9.82734	-0.588868	0.745613	
9.82616	-0.589757	0.744653	
9.82498	-0.590639	0.74414	
9.8238	-0.591514	0.743979	
9.82261	-0.592382	0.743694	
9.82143	-0.593228	0.742978	
9.82024	-0.594022	0.742165	
9.81905	-0.594765	0.741369	
9.81786	-0.595458	0.741546	
9.81666	-0.596102	0.742077	
9.81547	-0.596698	0.742721	
9.81428	-0.597246	0.743196	
9.81308	-0.597747	0.743994	
9.81188	-0.598201	0.745151	
9.81069	-0.59861	0.746918	
9.80949	-0.598975	0.748829	
9.80829	-0.599295	0.749502	
9.80709	-0.599571	0.749751	
9.80589	-0.599805	0.749779	
9.80469	-0.599997	0.749471	
9.80349	-0.600147	0.749405	
9.80229	-0.600256	0.748975	
9.80109	-0.600326	0.748318	
9.79989	-0.600355	0.746826	
9.79869	-0.600346	0.744903	
9.79749	-0.600299	0.742802	
9.79629	-0.600214	0.740804	
9.79509	-0.600091	0.738187	
9.79389	-0.599933	0.735084	
9.79269	-0.599738	0.731303	
9.79149	-0.599509	0.727597	
9.79029	-0.599244	0.723755	
9.78909	-0.598945	0.720438	
9.7879	-0.598613	0.717451	
9.7867	-0.598248	0.714591	
9.7855	-0.597851	0.711381	
9.78431	-0.597421	0.708269	
9.78312	-0.59696	0.705666	
9.78192	-0.596469	0.703371	
9.78073	-0.595947	0.701303	
9.77954	-0.595395	0.698979	
9.77835	-0.594814	0.696205	
9.77716	-0.594204	0.693327	
9.77597	-0.593566	0.690655	
9.77479	-0.5929	0.688243	
9.7736	-0.592207	0.685978	
9.77242	-0.591487	0.684118	
9.77124	-0.590741	0.682056	
9.77006	-0.589969	0.679969	
9.76888	-0.589171	0.677857	
9.7677	-0.588348	0.675702	
9.76653	-0.587501	0.673644	
9.76536	-0.58663	0.671795	
9.76418	-0.585736	0.67039	
9.76302	-0.584818	0.669213	
9.76185	-0.583877	0.668833	
9.76068	-0.582914	0.668904	
9.75952	-0.58193	0.668963	
9.75836	-0.580923	0.669235	
9.7572	-0.579896	0.669214	
9.75604	-0.578848	0.669195	
9.75488	-0.57778	0.669373	
9.75373	-0.576691	0.670045	
9.75258	-0.575584	0.670717	
9.75143	-0.574457	0.671002	
9.75028	-0.573311	0.671108	
9.74914	-0.572147	0.671359	
9.748	-0.570965	0.671657	
9.74686	-0.569766	0.672325	
9.74572	-0.568549	0.672688	
9.74459	-0.567315	0.672394	
9.74345	-0.566065	0.671714	
9.74232	-0.564799	0.670349	
9.7412	-0.563516	0.668872	
9.74007	-0.562218	0.667532	
9.73895	-0.560905	0.666331	
9.73783	-0.559577	0.665261	
9.73672	-0.558234	0.664224	
9.7356	-0.556877	0.662494	
9.73449	-0.555507	0.660241	
9.73338	-0.554122	0.658058	
9.73228	-0.552725	0.656161	
9.73117	-0.551314	0.654569	
9.73007	-0.54989	0.652975	
9.72898	-0.548454	0.651425	
9.72788	-0.547006	0.649256	
9.72679	-0.545547	0.647022	
9.7257	-0.544075	0.644604	
9.72462	-0.542593	0.642431	
9.72354	-0.541099	0.640021	
9.72246	-0.539595	0.637934	
9.72138	-0.53808	0.636136	
9.72031	-0.536555	0.634149	
9.71924	-0.53502	0.632086	
9.71817	-0.533475	0.630244	
9.71711	-0.531921	0.628535	
9.71605	-0.530357	0.626706	
9.71499	-0.528785	0.624745	
9.71393	-0.527204	0.622332	
9.71288	-0.525615	0.619684	
9.71184	-0.524017	0.617611	
9.71079	-0.522412	0.615858	
9.70975	-0.520799	0.614115	
9.70871	-0.519178	0.612235	
9.70768	-0.51755	0.610628	
9.70664	-0.515914	0.60891	
9.70562	-0.514272	0.607345	
9.70459	-0.512624	0.605969	
9.70357	-0.510969	0.604651	
9.70255	-0.509307	0.60348	
9.70153	-0.50764	0.602725	
9.70052	-0.505967	0.602363	
9.69951	-0.504288	0.60181	
9.69851	-0.502604	0.601171	
9.69751	-0.500915	0.600567	
9.69651	-0.49922	0.600322	
9.69551	-0.497521	0.600517	
9.69452	-0.495817	0.60086	
9.69353	-0.494109	0.601374	
9.69255	-0.492396	0.601842	
9.69157	-0.490679	0.602481	
9.69059	-0.488958	0.602927	
9.68961	-0.487234	0.603481	
9.68864	-0.485506	0.6044	
9.68768	-0.483774	0.605268	
9.68671	-0.48204	0.605512	
9.68575	-0.480302	0.605661	
9.68479	-0.478561	0.605693	
9.68384	-0.476817	0.605283	
9.68289	-0.475071	0.605285	
9.68194	-0.473323	0.605775	
9.681	-0.471572	0.60639	
9.68006	-0.469819	0.606862	
9.67912	-0.468063	0.606908	
9.67819	-0.466306	0.606978	
9.67726	-0.464548	0.60701	
9.67634	-0.462787	0.607189	
9.67542	-0.461026	0.607259	
9.6745	-0.459262	0.60723	
9.67358	-0.457498	0.607512	
9.67267	-0.455733	0.607409	
9.67176	-0.453967	0.607351	
9.67086	-0.452199	0.607494	
9.66996	-0.450432	0.607795	
9.66906	-0.448663	0.607756	
9.66817	-0.446895	0.607586	
9.66728	-0.445126	0.607216	
9.66639	-0.443357	0.607228	
9.66551	-0.441587	0.607017	
9.66463	-0.439818	0.606933	
9.66375	-0.438049	0.606335	
9.66288	-0.43628	0.605653	
9.66201	-0.434512	0.604751	
9.66114	-0.432744	0.603578	
9.66028	-0.430977	0.602075	
9.65942	-0.42921	0.60077	
9.65857	-0.427444	0.599521	
9.65772	-0.425679	0.59874	
9.65687	-0.423915	0.597798	
9.65602	-0.422153	0.596624	
9.65518	-0.420391	0.595477	
9.65435	-0.418631	0.594253	
9.65351	-0.416872	0.59275	
9.65268	-0.415114	0.591481	
9.65186	-0.413358	0.590485	
9.65103	-0.411604	0.590427	
9.65021	-0.409851	0.590179	
9.6494	-0.4081	0.589602	
9.64858	-0.406351	0.589582	
9.64777	-0.404605	0.589531	
9.64697	-0.40286	0.589265	
9.64617	-0.401117	0.588769	
9.64537	-0.399376	0.588228	
9.64457	-0.397638	0.587938	
9.64378	-0.395902	0.587727	
9.64299	-0.394169	0.587735	
9.64221	-0.392438	0.587393	
9.64143	-0.39071	0.586832	
9.64065	-0.388984	0.586263	
9.63987	-0.387261	0.585895	
9.6391	-0.385541	0.585415	
9.63834	-0.383823	0.584645	
9.63757	-0.382109	0.584112	
9.63681	-0.380397	0.584057	
9.63605	-0.378689	0.584619	
9.6353	-0.376984	0.585222	
9.63455	-0.375281	0.586224	
9.6338	-0.373583	0.586523	
9.63306	-0.371887	0.58714	
9.63232	-0.370194	0.587921	
9.63158	-0.368506	0.588983	
9.63085	-0.36682	0.589951	
9.63012	-0.365138	0.590853	
9.62939	-0.363459	0.591573	
9.62867	-0.361785	0.592491	
9.62795	-0.360113	0.59349	
9.62723	-0.358446	0.595059	
9.62652	-0.356782	0.596743	
9.6258	-0.355122	0.598383	
9.6251	-0.353466	0.599822	
9.62439	-0.351813	0.601568	
9.62369	-0.350165	0.603356	
9.623	-0.348521	0.60509	
9.6223	-0.34688	0.606751	
9.62161	-0.345244	0.608212	
9.62092	-0.343611	0.609838	
9.62024	-0.341983	0.610903	
9.61956	-0.340359	0.611902	
9.61888	-0.338739	0.61345	
9.61821	-0.337124	0.615099	
9.61754	-0.335513	0.616933	
9.61687	-0.333906	0.618858	
9.61621	-0.332303	0.620997	
9.61554	-0.330705	0.623122	
9.61489	-0.329111	0.624906	
9.61423	-0.327521	0.626364	
9.61358	-0.325936	0.627595	
9.61293	-0.324356	0.629272	
9.61228	-0.32278	0.631013	
9.61164	-0.321209	0.632871	
9.611	-0.319642	0.634231	
9.61037	-0.31808	0.635894	
9.60973	-0.316522	0.637928	
9.6091	-0.314969	0.639573	
9.60848	-0.313421	0.64172	
9.60785	-0.311878	0.643723	
9.60723	-0.310339	0.645619	
9.60662	-0.308805	0.647736	
9.606	-0.307276	0.64916	
9.60539	-0.305751	0.650268	
9.60478	-0.304232	0.65196	
9.60417	-0.302717	0.653655	
9.60357	-0.301207	0.655595	
9.60297	-0.299702	0.657256	
9.60238	-0.298202	0.659183	
9.60178	-0.296707	0.660569	
9.60119	-0.295217	0.662004	
9.60061	-0.293731	0.663189	
9.60002	-0.292251	0.66446	
9.59944	-0.290776	0.665592	
9.59886	-0.289305	0.667118	
9.59828	-0.28784	0.668842	
9.59771	-0.28638	0.67118	
9.59714	-0.284924	0.673423	
9.59658	-0.283474	0.674511	
9.59601	-0.282029	0.676229	
9.59545	-0.280589	0.677415	
9.59489	-0.279154	0.678225	
9.59434	-0.277724	0.679875	
9.59378	-0.276299	0.68096	
9.59323	-0.274879	0.682038	
9.59269	-0.273465	0.68346	
9.59214	-0.272055	0.684402	
9.5916	-0.270651	0.685306	
9.59106	-0.269252	0.686701	
9.59053	-0.267858	0.687344	
9.58999	-0.266469	0.686917	
9.58946	-0.265085	0.687291	
9.58894	-0.263707	0.687047	
9.58841	-0.262334	0.686664	
9.58789	-0.260965	0.687123	
9.58737	-0.259603	0.687858	
9.58685	-0.258245	0.688222	
9.58634	-0.256892	0.689044	
9.58583	-0.255545	0.689017	
9.58532	-0.254203	0.689337	
9.58482	-0.252866	0.689747	
9.58431	-0.251534	0.690402	
9.58381	-0.250207	0.690863	
9.58331	-0.248886	0.690948	
9.58282	-0.24757	0.691468	
9.58233	-0.246259	0.6913	
9.58184	-0.244953	0.691407	
9.58135	-0.243653	0.691282	
9.58086	-0.242358	0.69173	
9.58038	-0.241068	0.691519	
9.5799	-0.239783	0.691246	
9.57943	-0.238503	0.691241	
9.57895	-0.237229	0.691091	
9.57848	-0.23596	0.691266	
9.57801	-0.234696	0.690491	
9.57754	-0.233437	0.691271	
9.57708	-0.232183	0.691717	
9.57662	-0.230935	0.692643	
9.57616	-0.229692	0.693034	
9.5757	-0.228454	0.69439	
9.57525	-0.227221	0.694852	
9.57479	-0.225993	0.696086	
9.57435	-0.224771	0.696996	
9.5739	-0.223553	0.698266	
9.57345	-0.222341	0.698725	
9.57301	-0.221134	0.699697	
9.57257	-0.219933	0.699448	
9.57213	-0.218736	0.700351	
9.5717	-0.217544	0.700178	
9.57127	-0.216358	0.700472	
9.57084	-0.215177	0.700478	
9.57041	-0.214001	0.701311	
9.56998	-0.21283	0.701705	
9.56956	-0.211664	0.701646	
9.56914	-0.210503	0.701484	
9.56872	-0.209348	0.701485	
9.5683	-0.208197	0.701183	
9.56789	-0.207051	0.700661	
9.56748	-0.205911	0.700898	
9.56707	-0.204776	0.701075	
9.56666	-0.203645	0.702023	
9.56625	-0.20252	0.703072	
9.56585	-0.2014	0.704405	
9.56545	-0.200285	0.705048	
9.56505	-0.199175	0.707145	
9.56466	-0.19807	0.708521	
9.56426	-0.19697	0.709725	
9.56387	-0.195875	0.712242	
9.56348	-0.194784	0.713977	
9.56309	-0.193699	0.716198	
9.56271	-0.192619	0.717812	
9.56233	-0.191544	0.718886	
9.56194	-0.190474	0.720316	
9.56157	-0.189408	0.720088	
9.56119	-0.188348	0.721201	
9.56081	-0.187292	0.720969	
9.56044	-0.186242	0.721276	
9.56007	-0.185196	0.721306	
9.5597	-0.184155	0.721347	
9.55934	-0.183119	0.723088	
9.55897	-0.182088	0.723677	
9.55861	-0.181062	0.724657	
9.55825	-0.18004	0.725697	
9.55789	-0.179024	0.726064	
9.55754	-0.178012	0.727634	
9.55718	-0.177005	0.728284	
9.55683	-0.176003	0.728939	
9.55648	-0.175005	0.731244	
9.55613	-0.174013	0.732085	
9.55579	-0.173025	0.733532	
9.55544	-0.172041	0.736144	
9.5551	-0.171063	0.7375	
9.55476	-0.170089	0.737955	
9.55442	-0.16912	0.740169	
9.55409	-0.168156	0.740369	
9.55375	-0.167196	0.740686	
9.55342	-0.166241	0.742287	
9.55309	-0.16529	0.74243	
9.55276	-0.164345	0.742715	
9.55243	-0.163403	0.744937	
9.55211	-0.162467	0.745556	
9.55178	-0.161535	0.746737	
9.55146	-0.160607	0.749274	
9.55114	-0.159684	0.75043	
9.55083	-0.158766	0.751154	
9.55051	-0.157852	0.75365	
9.5502	-0.156943	0.754169	
9.54988	-0.156038	0.755049	
9.54957	-0.155138	0.756806	
9.54927	-0.154242	0.75763	
9.54896	-0.153351	0.758323	
9.54865	-0.152464	0.759742	
9.54835	-0.151581	0.760463	
9.54805	-0.150703	0.76163	
9.54775	-0.14983	0.762702	
9.54745	-0.14896	0.763865	
9.54716	-0.148096	0.764678	
9.54686	-0.147235	0.765769	
9.54657	-0.146379	0.766752	
9.54628	-0.145527	0.767683	
9.54599	-0.144679	0.768493	
9.5457	-0.143836	0.771035	
9.54541	-0.142997	0.772802	
9.54513	-0.142163	0.773742	
9.54485	-0.141332	0.775742	
9.54457	-0.140506	0.778737	
9.54429	-0.139684	0.779308	
9.54401	-0.138866	0.781114	
9.54373	-0.138053	0.784056	
9.54346	-0.137243	0.784485	
9.54319	-0.136438	0.785965	
9.54292	-0.135637	0.786488	
9.54265	-0.13484	0.788046	
9.54238	-0.134048	0.787699	
9.54211	-0.133259	0.787387	
9.54185	-0.132474	0.788407	
9.54158	-0.131694	0.78815	
9.54132	-0.130917	0.787134	
9.54106	-0.130145	0.785806	
9.5408	-0.129376	0.78685	
9.54054	-0.128612	0.785809	
9.54029	-0.127852	0.785375	
9.54003	-0.127095	0.787135	
9.53978	-0.126343	0.785763	
9.53953	-0.125594	0.786532	
9.53928	-0.12485	0.785669	
9.53903	-0.124109	0.786836	
9.53879	-0.123373	0.785667	
9.53854	-0.12264	0.785598	
9.5383	-0.121911	0.784446	
9.53805	-0.121186	0.787631	
9.53781	-0.120465	0.786434	
9.53757	-0.119747	0.786378	
9.53734	-0.119034	0.78456	
9.5371	-0.118324	0.784974	
9.53686	-0.117618	0.783115	
9.53663	-0.116916	0.78041	
9.5364	-0.116217	0.778486	
9.53617	-0.115522	0.776748	
9.53594	-0.114831	0.773812	
9.53571	-0.114144	0.772469	
9.53548	-0.11346	0.770822	
9.53526	-0.112781	0.770129	
9.53503	-0.112104	0.768447	
9.53481	-0.111432	0.767887	
9.53459	-0.110763	0.76843	
9.53437	-0.110097	0.767392	
9.53415	-0.109435	0.767344	
9.53393	-0.108777	0.767409	
9.53372	-0.108123	0.768898	
9.5335	-0.107472	0.771079	
9.53329	-0.106824	0.772287	
9.53307	-0.10618	0.773254	
9.53286	-0.105539	0.774642	
9.53265	-0.104902	0.777189	
9.53244	-0.104269	0.776433	
9.53224	-0.103639	0.777843	
9.53203	-0.103012	0.778816	
9.53183	-0.102389	0.778251	
9.53162	-0.101769	0.776291	
9.53142	-0.101153	0.776958	
9.53122	-0.10054	0.774753	
9.53102	-0.0999303	0.773441	
9.53082	-0.099324	0.769872	
9.53062	-0.0987211	0.76724	
9.53043	-0.0981215	0.765908	
9.53023	-0.0975253	0.763854	
9.53004	-0.0969323	0.762919	
9.52985	-0.0963426	0.761472	
9.52965	-0.0957562	0.762097	
9.52946	-0.095173	0.761473	
9.52927	-0.0945931	0.761715	
9.52909	-0.0940164	0.760582	
9.5289	-0.0934429	0.761273	
9.52871	-0.0928727	0.762326	
9.52853	-0.0923055	0.761002	
9.52835	-0.0917416	0.761921	
9.52816	-0.0911808	0.76208	
9.52798	-0.0906232	0.763364	
9.5278	-0.0900686	0.7621	
9.52762	-0.0895172	0.761526	
9.52745	-0.0889689	0.760568	
9.52727	-0.0884236	0.758803	
9.52709	-0.0878814	0.758424	
9.52692	-0.0873423	0.755745	
9.52674	-0.0868062	0.7559	
9.52657	-0.0862731	0.75533	
9.5264	-0.0857431	0.754391	
9.52623	-0.085216	0.753519	
9.52606	-0.0846919	0.752557	
9.52589	-0.0841708	0.752794	
9.52573	-0.0836526	0.751636	
9.52556	-0.0831373	0.753858	
9.52539	-0.082625	0.75396	
9.52523	-0.0821156	0.755624	
9.52507	-0.0816091	0.757819	
9.5249	-0.0811054	0.760183	
9.52474	-0.0806047	0.763986	
9.52458	-0.0801068	0.766067	
9.52442	-0.0796117	0.766201	
9.52427	-0.0791195	0.769229	
9.52411	-0.07863	0.769795	
9.52395	-0.0781434	0.773149	
9.5238	-0.0776595	0.775529	
9.52364	-0.0771784	0.776487	
9.52349	-0.0767001	0.778978	
9.52334	-0.0762245	0.780434	
9.52318	-0.0757517	0.780122	
9.52303	-0.0752816	0.782771	
9.52288	-0.0748141	0.781533	
9.52274	-0.0743494	0.780408	
9.52259	-0.0738874	0.782924	
9.52244	-0.073428	0.779994	
9.52229	-0.0729712	0.780301	
9.52215	-0.0725171	0.780246	
9.52201	-0.0720656	0.77837	
9.52186	-0.0716168	0.778386	
9.52172	-0.0711705	0.778451	
9.52158	-0.0707268	0.776929	
9.52144	-0.0702857	0.778804	
9.5213	-0.0698471	0.778572	
9.52116	-0.0694111	0.775855	
9.52102	-0.0689777	0.776536	
9.52088	-0.0685467	0.77676	
9.52075	-0.0681183	0.774411	
9.52061	-0.0676923	0.773333	
9.52048	-0.0672689	0.7738	
9.52034	-0.0668479	0.770166	
9.52021	-0.0664293	0.769591	
9.52008	-0.0660132	0.767474	
9.51995	-0.0655996	0.764348	
9.51982	-0.0651883	0.762798	
9.51969	-0.0647795	0.761813	
9.51956	-0.0643731	0.756462	
9.51943	-0.063969	0.75403	
9.51931	-0.0635673	0.752308	
9.51918	-0.063168	0.749838	
9.51905	-0.062771	0.749246	
9.51893	-0.0623764	0.746283	
9.5188	-0.0619841	0.742621	
9.51868	-0.0615941	0.742357	
9.51856	-0.0612064	0.740632	
9.51844	-0.0608209	0.740136	
9.51832	-0.0604378	0.741314	
9.5182	-0.0600569	0.740598	
9.51808	-0.0596782	0.742176	
9.51796	-0.0593018	0.743848	
9.51784	-0.0589277	0.743842	
9.51772	-0.0585557	0.746829	
9.51761	-0.058186	0.750837	
9.51749	-0.0578184	0.750268	
9.51738	-0.057453	0.751733	
9.51726	-0.0570898	0.756552	
9.51715	-0.0567288	0.757315	
9.51704	-0.0563698	0.759916	
9.51692	-0.0560131	0.763934	
9.51681	-0.0556584	0.764868	
9.5167	-0.0553059	0.764347	
9.51659	-0.0549554	0.767965	
9.51648	-0.0546071	0.76834	
9.51637	-0.0542608	0.768213	
9.51627	-0.0539166	0.771674	
9.51616	-0.0535745	0.77329	
9.51605	-0.0532344	0.773713	
9.51595	-0.0528963	0.776962	
9.51584	-0.0525603	0.780576	
9.51574	-0.0522263	0.779319	
9.51563	-0.0518942	0.779935	
9.51553	-0.0515642	0.782037	
9.51543	-0.0512362	0.780245	
9.51533	-0.0509101	0.780507	
9.51523	-0.0505859	0.784547	
9.51512	-0.0502638	0.785979	
9.51502	-0.0499435	0.783848	
9.51493	-0.0496252	0.785908	
9.51483	-0.0493088	0.786066	
9.51473	-0.0489943	0.783033	
9.51463	-0.0486817	0.779667	
9.51453	-0.048371	0.778991	
9.51444	-0.0480622	0.778188	
9.51434	-0.0477552	0.77365	
9.51425	-0.0474501	0.769807	
9.51415	-0.0471469	0.767369	
9.51406	-0.0468454	0.763439	
9.51397	-0.0465458	0.7589	
9.51387	-0.046248	0.758353	
9.51378	-0.0459521	0.757245	
9.51369	-0.0456579	0.754833	
9.5136	-0.0453655	0.7507	
9.51351	-0.0450748	0.751449	
9.51342	-0.044786	0.750798	
9.51333	-0.0444989	0.746724	
9.51324	-0.0442135	0.744891	
9.51316	-0.0439299	0.744327	
9.51307	-0.043648	0.746406	
9.51298	-0.0433678	0.746603	
9.5129	-0.0430893	0.745365	
9.51281	-0.0428125	0.747811	
9.51272	-0.0425374	0.74833	
9.51264	-0.042264	0.744397	
9.51256	-0.0419923	0.741891	
9.51247	-0.0417222	0.743033	
9.51239	-0.0414538	0.74285	
9.51231	-0.041187	0.743761	
9.51223	-0.0409218	0.745121	
9.51214	-0.0406583	0.74677	
9.51206	-0.0403964	0.748687	
9.51198	-0.0401361	0.747609	
9.5119	-0.0398774	0.746668	
9.51182	-0.0396202	0.747615	
9.51175	-0.0393647	0.751572	
9.51167	-0.0391107	0.753008	
9.51159	-0.0388583	0.757857	
9.51151	-0.0386074	0.760844	
9.51144	-0.0383581	0.765315	
9.51136	-0.0381103	0.76967	
9.51128	-0.037864	0.769669	
9.51121	-0.0376193	0.768093	
9.51113	-0.037376	0.769191	
9.51106	-0.0371343	0.768	
9.51099	-0.036894	0.769556	
9.51091	-0.0366553	0.769506	
9.51084	-0.036418	0.7688	
9.51077	-0.0361822	0.76987	
9.5107	-0.0359478	0.771687	
9.51062	-0.0357149	0.772017	
9.51055	-0.0354834	0.770134	
9.51048	-0.0352533	0.767298	
9.51041	-0.0350247	0.76546	
9.51034	-0.0347975	0.765561	
9.51027	-0.0345717	0.764687	
9.5102	-0.0343473	0.76481	
9.51014	-0.0341243	0.766361	
9.51007	-0.0339027	0.765954	
9.51	-0.0336825	0.767317	
9.50993	-0.0334636	0.769999	
9.50987	-0.0332461	0.771166	
9.5098	-0.0330299	0.769846	
9.50974	-0.0328151	0.768767	
9.50967	-0.0326016	0.765361	
9.50961	-0.0323894	0.764048	
9.50954	-0.0321786	0.761904	
9.50948	-0.0319691	0.760767	
9.50941	-0.0317609	0.755832	
9.50935	-0.031554	0.754102	
9.50929	-0.0313484	0.750567	
9.50923	-0.031144	0.749917	
9.50916	-0.030941	0.746192	
9.5091	-0.0307392	0.74581	
9.50904	-0.0305386	0.743412	
9.50898	-0.0303394	0.742801	
9.50892	-0.0301413	0.741387	
9.50886	-0.0299445	0.742384	
9.5088	-0.029749	0.7439	
9.50874	-0.0295546	0.746888	
9.50868	-0.0293615	0.746843	
9.50863	-0.0291696	0.749868	
9.50857	-0.0289789	0.74991	
9.50851	-0.0287894	0.752176	
9.50845	-0.0286011	0.751764	
9.5084	-0.028414	0.751204	
9.50834	-0.028228	0.755888	
9.50828	-0.0280432	0.755239	
9.50823	-0.0278596	0.757301	
9.50817	-0.0276771	0.759249	
9.50812	-0.0274958	0.759926	
9.50806	-0.0273156	0.758404	
9.50801	-0.0271366	0.760024	
9.50795	-0.0269587	0.764827	
9.5079	-0.0267819	0.769048	
9.50785	-0.0266062	0.769281	
9.50779	-0.0264316	0.76782	
9.50774	-0.0262581	0.768547	
9.50769	-0.0260857	0.767288	
9.50764	-0.0259145	0.768602	
9.50759	-0.0257442	0.767195	
9.50754	-0.0255751	0.771357	
9.50748	-0.0254071	0.774569	
9.50743	-0.0252401	0.776136	
9.50738	-0.0250741	0.77642	
9.50733	-0.0249092	0.77576	
9.50729	-0.0247454	0.772776	
9.50724	-0.0245826	0.770986	
9.50719	-0.0244208	0.768314	
9.50714	-0.02426	0.765811	
9.50709	-0.0241003	0.763644	
9.50704	-0.0239416	0.759701	
9.50699	-0.0237839	0.75906	
9.50695	-0.0236271	0.763281	
9.5069	-0.0234714	0.762791	
9.50685	-0.0233167	0.76309	
9.50681	-0.023163	0.763912	
9.50676	-0.0230102	0.757218	
9.50672	-0.0228584	0.752045	
9.50667	-0.0227076	0.749342	
9.50663	-0.0225577	0.746675	
9.50658	-0.0224088	0.744904	
9.50654	-0.0222608	0.747294	
9.50649	-0.0221138	0.750325	
9.50645	-0.0219677	0.751197	
9.5064	-0.0218225	0.753167	
9.50636	-0.0216783	0.749334	
9.50632	-0.021535	0.745776	
9.50628	-0.0213926	0.741735	
9.50623	-0.0212511	0.741751	
9.50619	-0.0211105	0.739123	
9.50615	-0.0209709	0.741139	
9.50611	-0.0208321	0.7438	
9.50607	-0.0206942	0.747853	
9.50602	-0.0205572	0.748824	
9.50598	-0.020421	0.752214	
9.50594	-0.0202857	0.754324	
9.5059	-0.0201513	0.755777	
9.50586	-0.0200178	0.757782	
9.50582	-0.0198851	0.759413	
9.50578	-0.0197532	0.76191	
9.50574	-0.0196223	0.767879	
9.5057	-0.0194921	0.771133	
9.50567	-0.0193628	0.779723	
9.50563	-0.0192343	0.780686	
9.50559	-0.0191066	0.782991	
9.50555	-0.0189798	0.782125	
9.50551	-0.0188537	0.777798	
9.50548	-0.0187285	0.776436	
9.50544	-0.0186041	0.773126	
9.5054	-0.0184805	0.768138	
9.50537	-0.0183577	0.767478	
9.50533	-0.0182356	0.767607	
9.50529	-0.0181144	0.772408	
9.50526	-0.0179939	0.775761	
9.50522	-0.0178742	0.774386	
9.50519	-0.0177553	0.777646	
9.50515	-0.0176372	0.775454	
9.50512	-0.0175198	0.771878	
9.50508	-0.0174032	0.768457	
9.50505	-0.0172873	0.769581	
9.50501	-0.0171721	0.770262	
9.50498	-0.0170578	0.769147	
9.50494	-0.0169441	0.770378	
9.50491	-0.0168312	0.768199	
9.50488	-0.016719	0.764702	
9.50484	-0.0166075	0.765282	
9.50481	-0.0164968	0.75496	
9.50478	-0.0163868	0.748262	
9.50474	-0.0162775	0.738567	
9.50471	-0.0161688	0.729392	
9.50468	-0.0160609	0.724331	
9.50465	-0.0159537	0.722618	
9.50462	-0.0158472	0.721563	
9.50459	-0.0157414	0.723937	
9.50455	-0.0156363	0.730189	
9.50452	-0.0155318	0.731549	
9.50449	-0.015428	0.730607	
9.50446	-0.0153249	0.734707	
9.50443	-0.0152225	0.736152	
9.5044	-0.0151207	0.735844	
9.50437	-0.0150196	0.73769	
9.50434	-0.0149192	0.736163	
9.50431	-0.0148194	0.740966	
9.50428	-0.0147202	0.74467	
9.50425	-0.0146217	0.743682	
9.50422	-0.0145238	0.749171	
9.50419	-0.0144266	0.746341	
9.50417	-0.01433	0.747831	
9.50414	-0.014234	0.744354	
9.50411	-0.0141387	0.744741	
9.50408	-0.014044	0.745588	
9.50405	-0.0139499	0.755751	
9.50403	-0.0138564	0.758523	
9.504	-0.0137635	0.764943	
9.50397	-0.0136712	0.774685	
9.50394	-0.0135795	0.777865	
9.50392	-0.0134884	0.777814	
9.50389	-0.0133979	0.783864	
9.50386	-0.013308	0.78866	
9.50384	-0.0132187	0.789987	
9.50381	-0.01313	0.787329	
9.50378	-0.0130419	0.783218	
9.50376	-0.0129543	0.780173	
9.50373	-0.0128673	0.772057	
9.50371	-0.0127809	0.766536	
9.50368	-0.012695	0.764857	
9.50366	-0.0126097	0.758932	
9.50363	-0.0125249	0.756646	
9.50361	-0.0124407	0.761026	
9.50358	-0.0123571	0.755341	
9.50356	-0.012274	0.752185	
9.50353	-0.0121914	0.753334	
9.50351	-0.0121094	0.747072	
9.50348	-0.012028	0.754525	
9.50346	-0.011947	0.759658	
9.50344	-0.0118666	0.761359	
9.50341	-0.0117867	0.765589	
9.50339	-0.0117074	0.766374	
9.50337	-0.0116285	0.761365	
9.50334	-0.0115502	0.761227	
9.50332	-0.0114724	0.751957	
9.5033	-0.0113951	0.744808	
9.50327	-0.0113183	0.732272	
9.50325	-0.011242	0.728833	
9.50323	-0.0111663	0.725628	
9.50321	-0.011091	0.729472	
9.50319	-0.0110162	0.735795	
9.50316	-0.0109419	0.74601	
9.50314	-0.0108681	0.750247	
9.50312	-0.0107947	0.751212	
9.5031	-0.0107219	0.750846	
9.50308	-0.0106495	0.748795	
9.50306	-0.0105776	0.74718	
9.50304	-0.0105062	0.743843	
9.50302	-0.0104353	0.748236	
9.50299	-0.0103648	0.758873	
9.50297	-0.0102948	0.779676	
9.50295	-0.0102252	0.784765	
9.50293	-0.0101562	0.804123	
9.50291	-0.0100875	0.807677	
9.50289	-0.0100193	0.796868	
9.50287	-0.0099516	0.773408	
9.50285	-0.00988431	0.751425	
9.50283	-0.00981747	0.720126	
9.50281	-0.00975106	0.709632	
9.5028	-0.0096851	0.714589	
9.50278	-0.00961957	0.730099	
9.50276	-0.00955448	0.758243	
9.50274	-0.00948981	0.795325	
9.50272	-0.00942557	0.81027	
9.5027	-0.00936176	0.818298	
9.50268	-0.00929836	0.803223	
9.50266	-0.00923539	0.786546	
9.50264	-0.00917283	0.751187	
9.50263	-0.00911069	0.714591	
9.50261	-0.00904896	0.702167	
9.50259	-0.00898764	0.712297	
9.50257	-0.00892672	0.737089	
9.50255	-0.00886621	0.76299	
9.50254	-0.00880609	0.789973	
9.50252	-0.00874638	0.807369	
9.5025	-0.00868706	0.783869	
9.50249	-0.00862813	0.743415	
9.50247	-0.0085696	0.696155	
9.50245	-0.00851145	0.658046	
9.50243	-0.00845369	0.641846	
9.50242	-0.00839631	0.656745	
9.5024	-0.00833931	0.70164	
9.50238	-0.00828269	0.75553	
9.50237	-0.00822645	0.797309	
9.50237	-0.00822645	0.797309	
9.50237	-0.00822645	0.797309	
9.50237	-0.00822645	0.797309	
9.50235	-0.00817058	0.781395	
9.50233	-0.00811508	0.752018	
9.50232	-0.00805995	0.745519	
9.5023	-0.00800519	0.740222	
9.50229	-0.00795079	0.750056	
9.50229	-0.00795079	0.750056	
9.50229	-0.00795079	0.750056	
9.50229	-0.00795079	0.750056	
9.50229	-0.00795079	0.750056	
9.50229	-0.00795079	0.750056	
9.50229	-0.00795079	0.750056	
9.50229	-0.00795079	0.750056	
9.50229	-0.00795079	0.750056	
9.50229	-0.00795079	0.750056	
9.50229	-0.00795079	0.750056	
9.50229	-0.00795079	0.750056	
9.50229	-0.00795079	0.750056	
9.50229	-0.00795079	0.750056	
9.50229	-0.00795079	0.750056	
9.50229	-0.00795079	0.750056	
9.50229	-0.00795079	0.750056	
9.50229	-0.00795079	0.750056	
9.50229	-0.00795079	0.750056	
9.50229	-0.00795079	0.750056	
9.50229	-0.00795079	0.750056	
9.50229	-0.00795079	0.750056	
9.50229	-0.00795079	0.750056	
9.50229	-0.00795079	0.750056	
9.50229	-0.00795079	0.750056	
9.50229	-0.00795079	0.750056	
9.50229	-0.00795079	0.750056	
9.50229	-0.00795079	0.750056	
9.50229	-0.00795079	0.750056	
9.50229	-0.00795079	0.750056	
9.50229	-0.00795079	0.750056	
9.50229	-0.00795079	0.750056	
9.50229	-0.00795079	0.750056	
9.50229	-0.00795079	0.750056	
9.50229	-0.00795079	0.750056	
9.50229	-0.00795079	0.750056	
9.50229	-0.00795079	0.750056	
9.50229	-0.00795079	0.750056	
9.50229	-0.00795079	0.750056	
9.50229	-0.00795079	0.750056	
9.50229	-0.00795079	0.750056	
9.50229	-0.00795079	0.750056	
9.50229	-0.00795079	0.750056	
9.50229	-0.00795079	0.750056	
9.50229	-0.00795079	0.750056	
9.50229	-0.00795079	0.750056	
9.50229	-0.00795079	0.750056	
9.50229	-0.00795079	0.750056	
9.50229	-0.00795079	0.750056	
9.50229	-0.00795079	0.750056	
9.50229	-0.00795079	0.750056	
9.50229	-0.00795079	0.750056	
9.50229	-0.00795079	0.750056	
9.50229	-0.00795079	0.750056	
9.50229	-0.00795079	0.750056	
9.50229	-0.00795079	0.750056	
9.50229	-0.00795079	0.750056	
9.50229	-0.00795079	0.750056	
9.50229	-0.00795079	0.750056	
9.50229	-0.00795079	0.750056	
9.50229	-0.00795079	0.750056	
9.50229	-0.00795079	0.750056	
9.50229	-0.00795079	0.750056	
9.50229	-0.00795079	0.750056	
9.50229	-0.00795079	0.750056	
9.50229	-0.00795079	0.750056	
9.50229	-0.00795079	0.750056	
9.50229	-0.00795079	0.750056	
9.50229	-0.00795079	0.750056	
9.50229	-0.00795079	0.750056	
9.50229	-0.00795079	0.750056	
9.50229	-0.00795079	0.750056	
9.50229	-0.00795079	0.750056	
9.50229	-0.00795079	0.750056	
9.50229	-0.00795079	0.750056	
9.50229	-0.00795079	0.750056	
9.50229	-0.00795079	0.750056	
9.50229	-0.00795079	0.750056	
9.50229	-0.00795079	0.750056	
9.50229	-0.00795079	0.750056	
9.50229	-0.00795079	0.750056	
9.50229	-0.00795079	0.750056	
9.50229	-0.00795079	0.750056	
9.50229	-0.00795079	0.750056	
9.50229	-0.00795079	0.750056	
9.50229	-0.00795079	0.750056	
9.50229	-0.00795079	0.750056	
9.50229	-0.00795079	0.750056	
9.50229	-0.00795079	0.750056	
9.50229	-0.00795079	0.750056	
9.50229	-0.00795079	0.750056	
9.50229	-0.00795079	0.750056	
9.50229	-0.00795079	0.750056	
9.50229	-0.00795079	0.750056	
9.50229	-0.00795079	0.750056	
9.50229	-0.00795079	0.750056	
9.50229	-0.00795079	0.750056	
9.50229	-0.00795079	0.750056	
9.50229	-0.00795079	0.750056	
9.50229	-0.00795079	0.750056	
9.50229	-0.00795079	0.750056	
9.50229	-0.00795079	0.750056	
9.50229	-0.00795079	0.750056	
9.50229	-0.00795079	0.750056	
9.50229	-0.00795079	0.750056	
9.50229	-0.00795079	0.750056	
9.50229	-0.00795079	0.750056	
9.50229	-0.00795079	0.750056	
9.50229	-0.00795079	0.750056	
9.50229	-0.00795079	0.750056	
9.50229	-0.00795079	0.750056	
9.50229	-0.00795079	0.750056	
9.50229	-0.00795079	0.750056	
9.50229	-0.00795079	0.750056	
9.50229	-0.00795079	0.750056	
9.50229	-0.00795079	0.750056	
9.50229	-0.00795079	0.750056	
9.50229	-0.00795079	0.750056	
9.50229	-0.00795079	0.750056	
9.50229	-0.00795079	0.750056	
9.50229	-0.00795079	0.750056	
9.50229	-0.00795079	0.750056	
9.50229	-0.00795079	0.750056	
9.50229	-0.00795079	0.750056	
9.50229	-0.00795079	0.750056	
9.50229	-0.00795079	0.750056	
9.50229	-0.00795079	0.750056	
9.50229	-0.00795079	0.750056	
9.50229	-0.00795079	0.750056	
9.50229	-0.00795079	0.750056	
9.50229	-0.00795079	0.750056	
9.50229	-0.00795079	0.750056	
9.50229	-0.00795079	0.750056	
9.50229	-0.00795079	0.750056	
9.50229	-0.00795079	0.750056	
9.50229	-0.00795079	0.750056	
9.50229	-0.00795079	0.750056	
9.50229	-0.00795079	0.750056	
9.50229	-0.00795079	0.750056	
9.50229	-0.00795079	0.750056	
9.50229	-0.00795079	0.750056	
9.50229	-0.00795079	0.750056	
9.50229	-0.00795079	0.750056	
9.50229	-0.00795079	0.750056	
9.50229	-0.00795079	0.750056	
9.50229	-0.00795079	0.750056	
9.50229	-0.00795079	0.750056	
9.50229	-0.00795079	0.750056	
9.50229	-0.00795079	0.750056	
9.50229	-0.00795079	0.750056	
9.50229	-0.00795079	0.750056	
9.50229	-0.00795079	0.750056	
9.50229	-0.00795079	0.750056	
9.50229	-0.00795079	0.750056	
9.50229	-0.00795079	0.750056	
9.50229	-0.00795079	0.750056	
9.50229	-0.00795079	0.750056	
9.50229	-0.00795079	0.750056	
9.50229	-0.00795079	0.750056	
9.50229	-0.00795079	0.750056	
9.50229	-0.00795079	0.750056	
9.50229	-0.00795079	0.750056	
9.50229	-0.00795079	0.750056	
9.50229	-0.00795079	0.750056	
9.50229	-0.00795079	0.750056	
9.50229	-0.00795079	0.750056	
9.50229	-0.00795079	0.750056	
9.50229	-0.00795079	0.750056	
9.50229	-0.00795079	0.750056	
9.50229	-0.00795079	0.750056	
9.50229	-0.00795079	0.750056	
9.50229	-0.00795079	0.750056	
9.50229	-0.00795079	0.750056	
9.50229	-0.00795079	0.750056	
9.50229	-0.00795079	0.750056	
9.50229	-0.00795079	0.750056	
9.50229	-0.00795079	0.750056	
9.50229	-0.00795079	0.750056	
9.50229	-0.00795079	0.750056	
9.50229	-0.00795079	0.750056	
9.50229	-0.00795079	0.750056	
9.50229	-0.00795079	0.750056	
9.50229	-0.00795079	0.750056	
9.50229	-0.00795079	0.750056	
9.50229	-0.00795079	0.750056	
9.50229	-0.00795079	0.750056	
9.50229	-0.00795079	0.750056	
9.50229	-0.00795079	0.750056	
9.50229	-0.00795079	0.750056	
9.50229	-0.00795079	0.750056	
9.50229	-0.00795079	0.750056	
9.50229	-0.00795079	0.750056	
9.50229	-0.00795079	0.750056	
9.50229	-0.00795079	0.750056	
9.50229	-0.00795079	0.750056	
9.50229	-0.00795079	0.750056	
9.50229	-0.00795079	0.750056	
9.50229	-0.00795079	0.750056	
9.50229	-0.00795079	0.750056	
9.50229	-0.00795079	0.750056	
9.50229	-0.00795079	0.750056	
9.50229	-0.00795079	0.750056	
9.50229	-0.00795079	0.750056	
9.50229	-0.00795079	0.750056	
9.50229	-0.00795079	0.750056	
9.50229	-0.00795079	0.750056	
9.50229	-0.00795079	0.750056	
9.50229	-0.00795079	0.750056	
9.50229	-0.00795079	0.750056	
9.50229	-0.00795079	0.750056	
9.50229	-0.00795079	0.750056	
9.50229	-0.00795079	0.750056	
9.50229	-0.00795079	0.750056	
9.50229	-0.00795079	0.750056	
9.50229	-0.00795079	0.750056	
9.50229	-0.00795079	0.750056	
9.50229	-0.00795079	0.750056	
9.50229	-0.00795079	0.750056	
9.50229	-0.00795079	0.750056	
9.50229	-0.00795079	0.750056	
9.50229	-0.00795079	0.750056	
9.50229	-0.00795079	0.750056	
9.50229	-0.00795079	0.750056	
9.50229	-0.00795079	0.750056	
9.50229	-0.00795079	0.750056	
9.50229	-0.00795079	0.750056	
9.50229	-0.00795079	0.750056	
9.50229	-0.00795079	0.750056	
9.50229	-0.00795079	0.750056	
9.50229	-0.00795079	0.750056	
9.50229	-0.00795079	0.750056	
9.50229	-0.00795079	0.750056	
9.50229	-0.00795079	0.750056	
9.50229	-0.00795079	0.750056	
9.50229	-0.00795079	0.750056	
9.50229	-0.00795079	0.750056	
9.50229	-0.00795079	0.750056	
9.50229	-0.00795079	0.750056	
9.50229	-0.00795079	0.750056	
9.50229	-0.00795079	0.750056	
9.50229	-0.00795079	0.750056	
9.50229	-0.00795079	0.750056	
9.50229	-0.00795079	0.750056	
9.50229	-0.00795079	0.750056	
9.50229	-0.00795079	0.750056	
9.50229	-0.00795079	0.750056	
9.50229	-0.00795079	0.750056	
9.50229	-0.00795079	0.750056	
9.50229	-0.00795079	0.750056	
9.50229	-0.00795079	0.750056	
9.50229	-0.00795079	0.750056	
9.50229	-0.00795079	0.750056	
9.50229	-0.00795079	0.750056	
9.50229	-0.00795079	0.750056	
9.50229	-0.00795079	0.750056	
9.50229	-0.00795079	0.750056	
9.50229	-0.00795079	0.750056	
9.50229	-0.00795079	0.750056	
9.50229	-0.00795079	0.750056	
9.50229	-0.00795079	0.750056	
9.50229	-0.00795079	0.750056	
9.50229	-0.00795079	0.750056	
9.50229	-0.00795079	0.750056	
9.50229	-0.00795079	0.750056	
9.50229	-0.00795079	0.750056	
9.50229	-0.00795079	0.750056	
9.50229	-0.00795079	0.750056	
9.50229	-0.00795079	0.750056	
9.50229	-0.00795079	0.750056	
9.50229	-0.00795079	0.750056	
9.50229	-0.00795079	0.750056	
9.50229	-0.00795079	0.750056	
9.50229	-0.00795079	0.750056	
9.50229	-0.00795079	0.750056	
9.50229	-0.00795079	0.750056	
9.50229	-0.00795079	0.750056	
9.50229	-0.00795079	0.750056	
9.50229	-0.00795079	0.750056	
9.50229	-0.00795079	0.750056	
9.50229	-0.00795079	0.750056	
9.50229	-0.00795079	0.750056	
9.50229	-0.00795079	0.750056	
9.50229	-0.00795079	0.750056	
9.50229	-0.00795079	0.750056	
9.50229	-0.00795079	0.750056	
9.50229	-0.00795079	0.750056	
9.50229	-0.00795079	0.750056	
9.50229	-0.00795079	0.750056	
9.50229	-0.00795079	0.750056	
9.50229	-0.00795079	0.750056	
9.50229	-0.00795079	0.750056	
9.50229	-0.00795079	0.750056	
9.50229	-0.00795079	0.750056	
9.50229	-0.00795079	0.750056	
9.50229	-0.00795079	0.750056	
9.50229	-0.00795079	0.750056	
9.50229	-0.00795079	0.750056	
9.50229	-0.00795079	0.750056	
9.50229	-0.00795079	0.750056	
9.50229	-0.00795079	0.750056	
9.50229	-0.00795079	0.750056	
9.50229	-0.00795079	0.750056	
9.50229	-0.00795079	0.750056	
9.50229	-0.00795079	0.750056	
9.50229	-0.00795079	0.750056	
9.50229	-0.00795079	0.750056	
9.50229	-0.00795079	0.750056	
9.50229	-0.00795079	0.750056	
9.50229	-0.00795079	0.750056	
9.50229	-0.00795079	0.750056	
9.50229	-0.00795079	0.750056	
9.50229	-0.00795079	0.750056	
9.50229	-0.00795079	0.750056	
9.50229	-0.00795079	0.750056	
9.50229	-0.00795079	0.750056	
9.50229	-0.00795079	0.750056	
9.50229	-0.00795079	0.750056	
9.50229	-0.00795079	0.750056	
9.50229	-0.00795079	0.750056	
9.50229	-0.00795079	0.750056	
9.50229	-0.00795079	0.750056	
9.50229	-0.00795079	0.750056	
9.50229	-0.00795079	0.750056	
9.50229	-0.00795079	0.750056	
9.50229	-0.00795079	0.750056	
9.50229	-0.00795079	0.750056	
9.50229	-0.00795079	0.750056	
9.50229	-0.00795079	0.750056	
9.50229	-0.00795079	0.750056	
9.50229	-0.00795079	0.750056	
9.50229	-0.00795079	0.750056	
9.50229	-0.00795079	0.750056	
9.50229	-0.00795079	0.750056	
9.50229	-0.00795079	0.750056	
9.50229	-0.00795079	0.750056	
9.50229	-0.00795079	0.750056	
9.50229	-0.00795079	0.750056	
9.50229	-0.00795079	0.750056	
9.50229	-0.00795079	0.750056	
9.50229	-0.00795079	0.750056	
9.50229	-0.00795079	0.750056	
9.50229	-0.00795079	0.750056	
9.50229	-0.00795079	0.750056	
9.50229	-0.00795079	0.750056	
9.50229	-0.00795079	0.750056	
9.50229	-0.00795079	0.750056	
9.50229	-0.00795079	0.750056	
9.50229	-0.00795079	0.750056	
9.50229	-0.00795079	0.750056	
9.50229	-0.00795079	0.750056	
9.50229	-0.00795079	0.750056	
9.50229	-0.00795079	0.750056	
9.50229	-0.00795079	0.750056	
9.50229	-0.00795079	0.750056	
9.50229	-0.00795079	0.750056	
9.50229	-0.00795079	0.750056	
9.50229	-0.00795079	0.750056	
9.50229	-0.00795079	0.750056	
9.50229	-0.00795079	0.750056	
9.50229	-0.00795079	0.750056	
9.50229	-0.00795079	0.750056	
9.50229	-0.00795079	0.750056	
9.50229	-0.00795079	0.750056	
9.50229	-0.00795079	0.750056	
9.50229	-0.00795079	0.750056	
9.50229	-0.00795079	0.750056	
9.50229	-0.00795079	0.750056	
9.50229	-0.00795079	0.750056	
9.50229	-0.00795079	0.750056	
9.50229	-0.00795079	0.750056	
9.50229	-0.00795079	0.750056	
9.50229	-0.00795079	0.750056	
9.50229	-0.00795079	0.750056	
9.50229	-0.00795079	0.750056	
9.50229	-0.00795079	0.750056	
9.50229	-0.00795079	0.750056	
9.50229	-0.00795079	0.750056	
9.50229	-0.00795079	0.750056	
9.50229	-0.00795079	0.750056	
9.50229	-0.00795079	0.750056	
9.50229	-0.00795079	0.750056	
9.50229	-0.00795079	0.750056	
9.50229	-0.00795079	0.750056	
9.50229	-0.00795079	0.750056	
9.50229	-0.00795079	0.750056	
9.50229	-0.00795079	0.750056	
9.50229	-0.00795079	0.750056	
9.50229	-0.00795079	0.750056	
9.50229	-0.00795079	0.750056	
9.50229	-0.00795079	0.750056	
9.50229	-0.00795079	0.750056	
9.50229	-0.00795079	0.750056	
9.50229	-0.00795079	0.750056	
9.50229	-0.00795079	0.750056	
9.50229	-0.00795079	0.750056	
9.50229	-0.00795079	0.750056	
9.50229	-0.00795079	0.750056	
9.50229	-0.00795079	0.750056	
9.50229	-0.00795079	0.750056	
9.50229	-0.00795079	0.750056	
9.50229	-0.00795079	0.750056	
9.50229	-0.00795079	0.750056	
9.50229	-0.00795079	0.750056	
9.50229	-0.00795079	0.750056	
9.50229	-0.00795079	0.750056	
9.50229	-0.00795079	0.750056	
9.50229	-0.00795079	0.750056	
9.50229	-0.00795079	0.750056	
9.50229	-0.00795079	0.750056	
9.50229	-0.00795079	0.750056	
9.50229	-0.00795079	0.750056	
9.50229	-0.00795079	0.750056	
9.50229	-0.00795079	0.750056	
9.50229	-0.00795079	0.750056	
9.50229	-0.00795079	0.750056	
9.50229	-0.00795079	0.750056	
9.50229	-0.00795079	0.750056	
9.50229	-0.00795079	0.750056	
9.50229	-0.00795079	0.750056	
9.50229	-0.00795079	0.750056	
9.50229	-0.00795079	0.750056	
9.50229	-0.00795079	0.750056	
9.50229	-0.00795079	0.750056	
9.50229	-0.00795079	0.750056	
9.50229	-0.00795079	0.750056	
9.50229	-0.00795079	0.750056	
9.50229	-0.00795079	0.750056	
9.50229	-0.00795079	0.750056	
9.50229	-0.00795079	0.750056	
9.50229	-0.00795079	0.750056	
9.50229	-0.00795079	0.750056	
9.50229	-0.00795079	0.750056	
9.50229	-0.00795079	0.750056	
9.50229	-0.00795079	0.750056	
9.50229	-0.00795079	0.750056	
9.50229	-0.00795079	0.750056	
9.50229	-0.00795079	0.750056	
9.50229	-0.00795079	0.750056	
9.50229	-0.00795079	0.750056	
9.50229	-0.00795079	0.750056	
9.50229	-0.00795079	0.750056	
9.50229	-0.00795079	0.750056	
9.50229	-0.00795079	0.750056	
9.50229	-0.00795079	0.750056	
9.50229	-0.00795079	0.750056	
9.50229	-0.00795079	0.750056	
9.50229	-0.00795079	0.750056	
9.50229	-0.00795079	0.750056	
9.50229	-0.00795079	0.750056	
9.50229	-0.00795079	0.750056	
9.50229	-0.00795079	0.750056	
9.50229	-0.00795079	0.750056	
9.50229	-0.00795079	0.750056	
9.50229	-0.00795079	0.750056	
9.50229	-0.00795079	0.750056	
9.50229	-0.00795079	0.750056	
9.50229	-0.00795079	0.750056	
9.50229	-0.00795079	0.750056	
9.50229	-0.00795079	0.750056	
9.50229	-0.00795079	0.750056	
9.50229	-0.00795079	0.750056	
9.50229	-0.00795079	0.750056	
9.50229	-0.00795079	0.750056	
9.50229	-0.00795079	0.750056	
9.50229	-0.00795079	0.750056	
9.50229	-0.00795079	0.750056	
9.50229	-0.00795079	0.750056	
9.50229	-0.00795079	0.750056	
9.50229	-0.00795079	0.750056	
9.50229	-0.00795079	0.750056	
9.50229	-0.00795079	0.750056	
9.50229	-0.00795079	0.750056	
9.50229	-0.00795079	0.750056	
9.50229	-0.00795079	0.750056	
9.50229	-0.00795079	0.750056	
9.50229	-0.00795079	0.750056	
9.50229	-0.00795079	0.750056	
9.50229	-0.00795079	0.750056	
9.50229	-0.00795079	0.750056	
9.50229	-0.00795079	0.750056	
9.50229	-0.00795079	0.750056	
9.50229	-0.00795079	0.750056	
9.50229	-0.00795079	0.750056	
9.50229	-0.00795079	0.750056	
9.50229	-0.00795079	0.750056	
9.50229	-0.00795079	0.750056	
9.50229	-0.00795079	0.750056	
9.50229	-0.00795079	0.750056	
9.50229	-0.00795079	0.750056	
9.50229	-0.00795079	0.750056	
9.50229	-0.00795079	0.750056	
9.50229	-0.00795079	0.750056	
9.50229	-0.00795079	0.750056	
9.50229	-0.00795079	0.750056	
9.50229	-0.00795079	0.750056	
9.50229	-0.00795079	0.750056	
9.50229	-0.00795079	0.750056	
9.50229	-0.00795079	0.750056	
9.50229	-0.00795079	0.750056	
9.50229	-0.00795079	0.750056	
9.50229	-0.00795079	0.750056	
9.50229	-0.00795079	0.750056	
9.50229	-0.00795079	0.750056	
9.50229	-0.00795079	0.750056	
9.50229	-0.00795079	0.750056	
9.50229	-0.00795079	0.750056	
9.50229	-0.00795079	0.750056	
9.50229	-0.00795079	0.750056	
9.50229	-0.00795079	0.750056	
9.50229	-0.00795079	0.750056	
9.50229	-0.00795079	0.750056	
9.50229	-0.00795079	0.750056	
9.50229	-0.00795079	0.750056	
9.50229	-0.00795079	0.750056	
9.50229	-0.00795079	0.750056	
9.50229	-0.00795079	0.750056	
9.50229	-0.00795079	0.750056	
9.50229	-0.00795079	0.750056	
9.50229	-0.00795079	0.750056	
9.50229	-0.00795079	0.750056	
9.50229	-0.00795079	0.750056	
9.50229	-0.00795079	0.750056	
9.50229	-0.00795079	0.750056	
9.50229	-0.00795079	0.750056	
9.50229	-0.00795079	0.750056	
9.50229	-0.00795079	0.750056	
9.50229	-0.00795079	0.750056	
9.50229	-0.00795079	0.750056	
9.50229	-0.00795079	0.750056	
9.50229	-0.00795079	0.750056	
9.50229	-0.00795079	0.750056	
9.50229	-0.00795079	0.750056	
9.50229	-0.00795079	0.750056	
9.50229	-0.00795079	0.750056	
9.50229	-0.00795079	0.750056	
9.50229	-0.00795079	0.750056	
9.50229	-0.00795079	0.750056	
9.50229	-0.00795079	0.750056	
9.50229	-0.00795079	0.750056	
9.50229	-0.00795079	0.750056	
9.50229	-0.00795079	0.750056	
9.50229	-0.00795079	0.750056	
9.50229	-0.00795079	0.750056	
9.50229	-0.00795079	0.750056	
9.50229	-0.00795079	0.750056	
9.50229	-0.00795079	0.750056	
9.50229	-0.00795079	0.750056	
9.50229	-0.00795079	0.750056	
9.50229	-0.00795079	0.750056	
9.50229	-0.00795079	0.750056	
9.50229	-0.00795079	0.750056	
9.50229	-0.00795079	0.750056	
9.50229	-0.00795079	0.750056	
9.50229	-0.00795079	0.750056	
9.50229	-0.00795079	0.750056	
9.50229	-0.00795079	0.750056	
9.50229	-0.00795079	0.750056	
9.50229	-0.00795079	0.750056	
9.50229	-0.00795079	0.750056	
9.50229	-0.00795079	0.750056	
9.50229	-0.00795079	0.750056	
9.50229	-0.00795079	0.750056	
9.50229	-0.00795079	0.750056	
9.50229	-0.00795079	0.750056	
9.50229	-0.00795079	0.750056	
9.50229	-0.00795079	0.750056	
9.50229	-0.00795079	0.750056	
9.50229	-0.00795079	0.750056	
9.50229	-0.00795079	0.750056	
9.50229	-0.00795079	0.750056	
9.50229	-0.00795079	0.750056	
9.50229	-0.00795079	0.750056	
9.50229	-0.00795079	0.750056	
9.50229	-0.00795079	0.750056	
9.50229	-0.00795079	0.750056	
9.50229	-0.00795079	0.750056	
9.50229	-0.00795079	0.750056	
9.50229	-0.00795079	0.750056	
9.50229	-0.00795079	0.750056	
9.50229	-0.00795079	0.750056	
9.50229	-0.00795079	0.750056	
9.50229	-0.00795079	0.750056	
9.50229	-0.00795079	0.750056	
9.50229	-0.00795079	0.750056	
9.50229	-0.00795079	0.750056	
9.50229	-0.00795079	0.750056	
9.50229	-0.00795079	0.750056	
9.50229	-0.00795079	0.750056	
9.50229	-0.00795079	0.750056	
9.50229	-0.00795079	0.750056	
9.50229	-0.00795079	0.750056	
9.50229	-0.00795079	0.750056	
9.50229	-0.00795079	0.750056	
9.50229	-0.00795079	0.750056	
9.50229	-0.00795079	0.750056	
9.50229	-0.00795079	0.750056	
9.50229	-0.00795079	0.750056	
9.50229	-0.00795079	0.750056	
9.50229	-0.00795079	0.750056	
9.50229	-0.00795079	0.750056	
9.50229	-0.00795079	0.750056	
9.50229	-0.00795079	0.750056	
9.50229	-0.00795079	0.750056	
9.50229	-0.00795079	0.750056	
9.50229	-0.00795079	0.750056	
9.50229	-0.00795079	0.750056	
9.50229	-0.00795079	0.750056	
9.50229	-0.00795079	0.750056	
9.50229	-0.00795079	0.750056	
9.50229	-0.00795079	0.750056	
9.50229	-0.00795079	0.750056	
9.50229	-0.00795079	0.750056	
9.50229	-0.00795079	0.750056	
9.50229	-0.00795079	0.750056	
9.50229	-0.00795079	0.750056	
9.50229	-0.00795079	0.750056	
9.50229	-0.00795079	0.750056	
9.50229	-0.00795079	0.750056	
9.50229	-0.00795079	0.750056	
9.50229	-0.00795079	0.750056	
9.50229	-0.00795079	0.750056	
9.50229	-0.00795079	0.750056	
9.50229	-0.00795079	0.750056	
9.50229	-0.00795079	0.750056	
9.50229	-0.00795079	0.750056	
9.50229	-0.00795079	0.750056	
9.50229	-0.00795079	0.750056	
9.50229	-0.00795079	0.750056	
9.50229	-0.00795079	0.750056	
9.50229	-0.00795079	0.750056	
9.50229	-0.00795079	0.750056	
9.50229	-0.00795079	0.750056	
9.50229	-0.00795079	0.750056	
9.50229	-0.00795079	0.750056	
9.50229	-0.00795079	0.750056	
9.50229	-0.00795079	0.750056	
9.50229	-0.00795079	0.750056	
9.50229	-0.00795079	0.750056	
9.50229	-0.00795079	0.750056	
9.50229	-0.00795079	0.750056	
9.50229	-0.00795079	0.750056	
9.50229	-0.00795079	0.750056	
9.50229	-0.00795079	0.750056	
9.50229	-0.00795079	0.750056	
9.50229	-0.00795079	0.750056	
9.50229	-0.00795079	0.750056	
9.50229	-0.00795079	0.750056	
9.50229	-0.00795079	0.750056	
9.50229	-0.00795079	0.750056	
9.50229	-0.00795079	0.750056	
9.50229	-0.00795079	0.750056	
9.50229	-0.00795079	0.750056	
9.50229	-0.00795079	0.750056	
9.50229	-0.00795079	0.750056	
9.50229	-0.00795079	0.750056	
9.50229	-0.00795079	0.750056	
9.50229	-0.00795079	0.750056	
9.50229	-0.00795079	0.750056	
9.50229	-0.00795079	0.750056	
9.50229	-0.00795079	0.750056	
9.50229	-0.00795079	0.750056	
9.50229	-0.00795079	0.750056	
9.50229	-0.00795079	0.750056	
9.50229	-0.00795079	0.750056	
9.50229	-0.00795079	0.750056	
9.50229	-0.00795079	0.750056	
9.50229	-0.00795079	0.750056	
9.50229	-0.00795079	0.750056	
9.50229	-0.00795079	0.750056	
9.50229	-0.00795079	0.750056	
9.50229	-0.00795079	0.750056	
9.50229	-0.00795079	0.750056	
9.50229	-0.00795079	0.750056	
9.50229	-0.00795079	0.750056	
9.50229	-0.00795079	0.750056	
9.50229	-0.00795079	0.750056	
9.50229	-0.00795079	0.750056	
9.50229	-0.00795079	0.750056	
9.50229	-0.00795079	0.750056	
9.50229	-0.00795079	0.750056	
9.50229	-0.00795079	0.750056	
9.50229	-0.00795079	0.750056	
9.50229	-0.00795079	0.750056	
9.50229	-0.00795079	0.750056	
9.50229	-0.00795079	0.750056	
9.50229	-0.00795079	0.750056	
9.50229	-0.00795079	0.750056	
9.50229	-0.00795079	0.750056	
9.50229	-0.00795079	0.750056	
9.50229	-0.00795079	0.750056	
9.50229	-0.00795079	0.750056	
9.50229	-0.00795079	0.750056	
9.50229	-0.00795079	0.750056	
9.50229	-0.00795079	0.750056	
9.50229	-0.00795079	0.750056	
9.50229	-0.00795079	0.750056	
9.50229	-0.00795079	0.750056	
9.50229	-0.00795079	0.750056	
9.50229	-0.00795079	0.750056	
9.50229	-0.00795079	0.750056	
9.50229	-0.00795079	0.750056	
9.50229	-0.00795079	0.750056	
9.50229	-0.00795079	0.750056	
9.50229	-0.00795079	0.750056	
9.50229	-0.00795079	0.750056	
9.50229	-0.00795079	0.750056	
9.50229	-0.00795079	0.750056	
9.50229	-0.00795079	0.750056	
9.50229	-0.00795079	0.750056	
9.50229	-0.00795079	0.750056	
9.50229	-0.00795079	0.750056	
9.50229	-0.00795079	0.750056	
9.50229	-0.00795079	0.750056	
9.50229	-0.00795079	0.750056	
9.50229	-0.00795079	0.750056	
9.50229	-0.00795079	0.750056	
9.50229	-0.00795079	0.750056	
9.50229	-0.00795079	0.750056	
9.50229	-0.00795079	0.750056	
9.50229	-0.00795079	0.750056	
9.50229	-0.00795079	0.750056	
9.50229	-0.00795079	0.750056	
9.50229	-0.00795079	0.750056	
9.50229	-0.00795079	0.750056	
9.50229	-0.00795079	0.750056	
9.50229	-0.00795079	0.750056	
9.50229	-0.00795079	0.750056	
9.50229	-0.00795079	0.750056	
9.50229	-0.00795079	0.750056	
9.50229	-0.00795079	0.750056	
9.50229	-0.00795079	0.750056	
9.50229	-0.00795079	0.750056	
9.50229	-0.00795079	0.750056	
9.50229	-0.00795079	0.750056	
9.50229	-0.00795079	0.750056	
9.50229	-0.00795079	0.750056	
9.50229	-0.00795079	0.750056	
9.50229	-0.00795079	0.750056	
9.50229	-0.00795079	0.750056	
9.50229	-0.00795079	0.750056	
9.50229	-0.00795079	0.750056	
9.50229	-0.00795079	0.750056	
9.50229	-0.00795079	0.750056	
9.50229	-0.00795079	0.750056	
9.50229	-0.00795079	0.750056	
9.50229	-0.00795079	0.750056	
9.50229	-0.00795079	0.750056	
9.50229	-0.00795079	0.750056	
9.50229	-0.00795079	0.750056	
9.50229	-0.00795079	0.750056	
9.50229	-0.00795079	0.750056	
9.50229	-0.00795079	0.750056	
9.50229	-0.00795079	0.750056	
9.50229	-0.00795079	0.750056	
9.50229	-0.00795079	0.750056	
9.50229	-0.00795079	0.750056	
9.50229	-0.00795079	0.750056	
9.50229	-0.00795079	0.750056	
9.50229	-0.00795079	0.750056	
9.50229	-0.00795079	0.750056	
9.50229	-0.00795079	0.750056	
9.50229	-0.00795079	0.750056	
9.50229	-0.00795079	0.750056	
9.50229	-0.00795079	0.750056	
9.50229	-0.00795079	0.750056	
9.50229	-0.00795079	0.750056	
9.50229	-0.00795079	0.750056	
9.50229	-0.00795079	0.750056	
9.50229	-0.00795079	0.750056	
9.50229	-0.00795079	0.750056	
9.50229	-0.00795079	0.750056	
9.50229	-0.00795079	0.750056	
9.50229	-0.00795079	0.750056	
9.50229	-0.00795079	0.750056	
9.50229	-0.00795079	0.750056	
9.50229	-0.00795079	0.750056	
9.50229	-0.00795079	0.750056	
9.50229	-0.00795079	0.750056	
9.50229	-0.00795079	0.750056	
9.50229	-0.00795079	0.750056	
9.50229	-0.00795079	0.750056	
9.50229	-0.00795079	0.750056	
9.50229	-0.00795079	0.750056	
9.50229	-0.00795079	0.750056	
9.50229	-0.00795079	0.750056	
9.50229	-0.00795079	0.750056	
9.50229	-0.00795079	0.750056	
9.50229	-0.00795079	0.750056	
9.50229	-0.00795079	0.750056	
9.50229	-0.00795079	0.750056	
9.50229	-0.00795079	0.750056	
9.50229	-0.00795079	0.750056	
9.50229	-0.00795079	0.750056	
9.50229	-0.00795079	0.750056	
9.50229	-0.00795079	0.750056	
9.50229	-0.00795079	0.750056	
9.50229	-0.00795079	0.750056	
9.50229	-0.00795079	0.750056	
9.50229	-0.00795079	0.750056	
9.50229	-0.00795079	0.750056	
9.50229	-0.00795079	0.750056	
9.50229	-0.00795079	0.750056	
9.50229	-0.00795079	0.750056	
9.50229	-0.00795079	0.750056	
9.50229	-0.00795079	0.750056	
9.50229	-0.00795079	0.750056	
9.50229	-0.00795079	0.750056	
9.50229	-0.00795079	0.750056	
9.50229	-0.00795079	0.750056	
9.50229	-0.00795079	0.750056	
9.50229	-0.00795079	0.750056	
9.50229	-0.00795079	0.750056	
9.50229	-0.00795079	0.750056	
9.50229	-0.00795079	0.750056	
9.50229	-0.00795079	0.750056	
9.50229	-0.00795079	0.750056	
9.50229	-0.00795079	0.750056	
9.50229	-0.00795079	0.750056	
9.50229	-0.00795079	0.750056	
9.50229	-0.00795079	0.750056	
9.50229	-0.00795079	0.750056	
9.50229	-0.00795079	0.750056	
9.50229	-0.00795079	0.750056	
9.50229	-0.00795079	0.750056	
9.50229	-0.00795079	0.750056	
9.50229	-0.00795079	0.750056	
9.50229	-0.00795079	0.750056	
9.50229	-0.00795079	0.750056	
9.50229	-0.00795079	0.750056	
9.50229	-0.00795079	0.750056	
9.50229	-0.00795079	0.750056	
9.50229	-0.00795079	0.750056	
9.50229	-0.00795079	0.750056	
9.50229	-0.00795079	0.750056	
9.50229	-0.00795079	0.750056	
9.50229	-0.00795079	0.750056	
9.50229	-0.00795079	0.750056	
9.50229	-0.00795079	0.750056	
9.50229	-0.00795079	0.750056	
9.50229	-0.00795079	0.750056	
9.50229	-0.00795079	0.750056	
9.50229	-0.00795079	0.750056	
9.50229	-0.00795079	0.750056	
9.50229	-0.00795079	0.750056	
9.50229	-0.00795079	0.750056	
9.50229	-0.00795079	0.750056	
9.50229	-0.00795079	0.750056	
9.50229	-0.00795079	0.750056	
9.50229	-0.00795079	0.750056	
9.50229	-0.00795079	0.750056	
9.50229	-0.00795079	0.750056	
9.50229	-0.00795079	0.750056	
9.50229	-0.00795079	0.750056	
9.50229	-0.00795079	0.750056	
9.50229	-0.00795079	0.750056	
9.50229	-0.00795079	0.750056	
9.50229	-0.00795079	0.750056	
9.50229	-0.00795079	0.750056	
9.50229	-0.00795079	0.750056	
9.50229	-0.00795079	0.750056	
9.50229	-0.00795079	0.750056	
9.50229	-0.00795079	0.750056	
9.50229	-0.00795079	0.750056	
9.50229	-0.00795079	0.750056	
9.50229	-0.00795079	0.750056	
9.50229	-0.00795079	0.750056	
9.50229	-0.00795079	0.750056	
9.50229	-0.00795079	0.750056	
9.50229	-0.00795079	0.750056	
9.50229	-0.00795079	0.750056	
9.50229	-0.00795079	0.750056	
9.50229	-0.00795079	0.750056	
9.50229	-0.00795079	0.750056	
9.50229	-0.00795079	0.750056	
9.50229	-0.00795079	0.750056	
9.50229	-0.00795079	0.750056	
9.50229	-0.00795079	0.750056	
9.50229	-0.00795079	0.750056	
9.50229	-0.00795079	0.750056	
9.50229	-0.00795079	0.750056	
9.50229	-0.00795079	0.750056	
9.50229	-0.00795079	0.750056	
9.50229	-0.00795079	0.750056	
9.50229	-0.00795079	0.750056	
9.50229	-0.00795079	0.750056	
9.50229	-0.00795079	0.750056	
9.50229	-0.00795079	0.750056	
9.50229	-0.00795079	0.750056	
9.50229	-0.00795079	0.750056	
9.50229	-0.00795079	0.750056	
9.50229	-0.00795079	0.750056	
9.50229	-0.00795079	0.750056	
9.50229	-0.00795079	0.750056	
9.50229	-0.00795079	0.750056	
9.50229	-0.00795079	0.750056	
9.50229	-0.00795079	0.750056	
9.50229	-0.00795079	0.750056	
9.50229	-0.00795079	0.750056	
9.50229	-0.00795079	0.750056	
9.50229	-0.00795079	0.750056	
9.50229	-0.00795079	0.750056	
9.50229	-0.00795079	0.750056	
9.50229	-0.00795079	0.750056	
9.50229	-0.00795079	0.750056	
9.50229	-0.00795079	0.750056	
9.50229	-0.00795079	0.750056	
9.50229	-0.00795079	0.750056	
9.50229	-0.00795079	0.750056	
9.50229	-0.00795079	0.750056	
9.50229	-0.00795079	0.750056	
9.50229	-0.00795079	0.750056	
9.50229	-0.00795079	0.750056	
9.50229	-0.00795079	0.750056	
9.50229	-0.00795079	0.750056	
9.50229	-0.00795079	0.750056	
9.50229	-0.00795079	0.750056	
9.50229	-0.00795079	0.750056	
9.50229	-0.00795079	0.750056	
9.50229	-0.00795079	0.750056	
9.50229	-0.00795079	0.750056	
9.50229	-0.00795079	0.750056	
9.50229	-0.00795079	0.750056	
9.50229	-0.00795079	0.750056	
9.50229	-0.00795079	0.750056	
9.50229	-0.00795079	0.750056	
9.50229	-0.00795079	0.750056	
9.50229	-0.00795079	0.750056	
9.50229	-0.00795079	0.750056	
9.50229	-0.00795079	0.750056	
9.50229	-0.00795079	0.750056	
9.50229	-0.00795079	0.750056	
9.50229	-0.00795079	0.750056	
9.50229	-0.00795079	0.750056	
9.50229	-0.00795079	0.750056	
9.50229	-0.00795079	0.750056	
9.50229	-0.00795079	0.750056	
9.50229	-0.00795079	0.750056	
9.50229	-0.00795079	0.750056	
9.50229	-0.00795079	0.750056	
9.50229	-0.00795079	0.750056	
9.50229	-0.00795079	0.750056	
9.50229	-0.00795079	0.750056	
9.50229	-0.00795079	0.750056	
9.50229	-0.00795079	0.750056	
9.50229	-0.00795079	0.750056	
9.50229	-0.00795079	0.750056	
9.50229	-0.00795079	0.750056	
9.50229	-0.00795079	0.750056	
9.50229	-0.00795079	0.750056	
9.50229	-0.00795079	0.750056	
9.50229	-0.00795079	0.750056	
9.50229	-0.00795079	0.750056	
9.50229	-0.00795079	0.750056	
9.50229	-0.00795079	0.750056	
9.50229	-0.00795079	0.750056	
9.50229	-0.00795079	0.750056	
9.50229	-0.00795079	0.750056	
9.50229	-0.00795079	0.750056	
9.50229	-0.00795079	0.750056	
9.50229	-0.00795079	0.750056	
9.50229	-0.00795079	0.750056	
9.50229	-0.00795079	0.750056	
9.50229	-0.00795079	0.750056	
9.50229	-0.00795079	0.750056	
9.50229	-0.00795079	0.750056	
9.50229	-0.00795079	0.750056	
9.50229	-0.00795079	0.750056	
9.50229	-0.00795079	0.750056	
9.50229	-0.00795079	0.750056	
9.50229	-0.00795079	0.750056	
9.50229	-0.00795079	0.750056	
9.50229	-0.00795079	0.750056	
9.50229	-0.00795079	0.750056	
9.50229	-0.00795079	0.750056	
9.50229	-0.00795079	0.750056	
9.50229	-0.00795079	0.750056	
9.50229	-0.00795079	0.750056	
9.50229	-0.00795079	0.750056	
9.50229	-0.00795079	0.750056	
9.50229	-0.00795079	0.750056	
9.50229	-0.00795079	0.750056	
9.50229	-0.00795079	0.750056	
9.50229	-0.00795079	0.750056	
9.50229	-0.00795079	0.750056	
9.50229	-0.00795079	0.750056	
9.50229	-0.00795079	0.750056	
9.50229	-0.00795079	0.750056	
9.50229	-0.00795079	0.750056	
9.50229	-0.00795079	0.750056	
9.50229	-0.00795079	0.750056	
9.50229	-0.00795079	0.750056	
9.50229	-0.00795079	0.750056	
9.50229	-0.00795079	0.750056	
9.50229	-0.00795079	0.750056	
9.50229	-0.00795079	0.750056	
9.50229	-0.00795079	0.750056	
9.50229	-0.00795079	0.750056	
9.50229	-0.00795079	0.750056	
9.50229	-0.00795079	0.750056	
9.50229	-0.00795079	0.750056	
9.50229	-0.00795079	0.750056	
9.50229	-0.00795079	0.750056	
9.50229	-0.00795079	0.750056	
9.50229	-0.00795079	0.750056	
9.50229	-0.00795079	0.750056	
9.50229	-0.00795079	0.750056	
9.50229	-0.00795079	0.750056	
9.50229	-0.00795079	0.750056	
9.50229	-0.00795079	0.750056	
9.50229	-0.00795079	0.750056	
9.50229	-0.00795079	0.750056	
9.50229	-0.00795079	0.750056	
9.50229	-0.00795079	0.750056	
9.50229	-0.00795079	0.750056	
9.50229	-0.00795079	0.750056	
9.50229	-0.00795079	0.750056	
9.50229	-0.00795079	0.750056	
9.50229	-0.00795079	0.750056	
9.50229	-0.00795079	0.750056	
9.50229	-0.00795079	0.750056	
9.50229	-0.00795079	0.750056	
9.50229	-0.00795079	0.750056	
9.50229	-0.00795079	0.750056	
9.50229	-0.00795079	0.750056	
9.50229	-0.00795079	0.750056	
9.50229	-0.00795079	0.750056	
9.50229	-0.00795079	0.750056	
9.50229	-0.00795079	0.750056	
9.50229	-0.00795079	0.750056	
9.50229	-0.00795079	0.750056	
9.50229	-0.00795079	0.750056	
9.50229	-0.00795079	0.750056	
9.50229	-0.00795079	0.750056	
9.50229	-0.00795079	0.750056	
9.50229	-0.00795079	0.750056	
9.50229	-0.00795079	0.750056	
9.50229	-0.00795079	0.750056	
9.50229	-0.00795079	0.750056	
9.50229	-0.00795079	0.750056	
9.50229	-0.00795079	0.750056	
9.50229	-0.00795079	0.750056	
9.50229	-0.00795079	0.750056	
9.50229	-0.00795079	0.750056	
9.50229	-0.00795079	0.750056	
9.50229	-0.00795079	0.750056	
9.50229	-0.00795079	0.750056	
9.50229	-0.00795079	0.750056	
9.50229	-0.00795079	0.750056	
9.50229	-0.00795079	0.750056	
9.50229	-0.00795079	0.750056	
9.50229	-0.00795079	0.750056	
9.50229	-0.00795079	0.750056	
9.50229	-0.00795079	0.750056	
9.50229	-0.00795079	0.750056	
9.50229	-0.00795079	0.750056	
9.50229	-0.00795079	0.750056	
9.50229	-0.00795079	0.750056	
9.50229	-0.00795079	0.750056	
9.50229	-0.00795079	0.750056	
9.50229	-0.00795079	0.750056	
9.50229	-0.00795079	0.750056	
9.50229	-0.00795079	0.750056	
9.50229	-0.00795079	0.750056	
9.50229	-0.00795079	0.750056	
9.50229	-0.00795079	0.750056	
9.50229	-0.00795079	0.750056	
9.50229	-0.00795079	0.750056	
9.50229	-0.00795079	0.750056	
9.50229	-0.00795079	0.750056	
9.50229	-0.00795079	0.750056	
9.50229	-0.00795079	0.750056	
9.50229	-0.00795079	0.750056	
9.50229	-0.00795079	0.750056	
9.50229	-0.00795079	0.750056	
9.50229	-0.00795079	0.750056	
9.50229	-0.00795079	0.750056	
9.50229	-0.00795079	0.750056	
9.50229	-0.00795079	0.750056	
9.50229	-0.00795079	0.750056	
9.50229	-0.00795079	0.750056	
9.50229	-0.00795079	0.750056	
9.50229	-0.00795079	0.750056	
9.50229	-0.00795079	0.750056	
9.50229	-0.00795079	0.750056	
9.50229	-0.00795079	0.750056	
9.50229	-0.00795079	0.750056	
9.50229	-0.00795079	0.750056	
9.50229	-0.00795079	0.750056	
9.50229	-0.00795079	0.750056	
9.50229	-0.00795079	0.750056	
9.50229	-0.00795079	0.750056	
9.50229	-0.00795079	0.750056	
9.50229	-0.00795079	0.750056	
9.50229	-0.00795079	0.750056	
9.50229	-0.00795079	0.750056	
9.50229	-0.00795079	0.750056	
9.50229	-0.00795079	0.750056	
9.50229	-0.00795079	0.750056	
9.50229	-0.00795079	0.750056	
9.50229	-0.00795079	0.750056	
9.50229	-0.00795079	0.750056	
9.50229	-0.00795079	0.750056	
9.50229	-0.00795079	0.750056	
9.50229	-0.00795079	0.750056	
9.50229	-0.00795079	0.750056	
9.50229	-0.00795079	0.750056	
9.50229	-0.00795079	0.750056	
9.50229	-0.00795079	0.750056	
9.50229	-0.00795079	0.750056	
9.50229	-0.00795079	0.750056	
9.50229	-0.00795079	0.750056	
9.50229	-0.00795079	0.750056	
9.50229	-0.00795079	0.750056	
9.50229	-0.00795079	0.750056	
9.50229	-0.00795079	0.750056	
9.50229	-0.00795079	0.750056	
9.50229	-0.00795079	0.750056	
9.50229	-0.00795079	0.750056	
9.50229	-0.00795079	0.750056	
9.50229	-0.00795079	0.750056	
9.50229	-0.00795079	0.750056	
9.50229	-0.00795079	0.750056	
9.50229	-0.00795079	0.750056	
9.50229	-0.00795079	0.750056	
9.50229	-0.00795079	0.750056	
9.50229	-0.00795079	0.750056	
9.50229	-0.00795079	0.750056	
9.50229	-0.00795079	0.750056	
9.50229	-0.00795079	0.750056	
9.50229	-0.00795079	0.750056	
9.50229	-0.00795079	0.750056	
9.50229	-0.00795079	0.750056	
9.50229	-0.00795079	0.750056	
9.50229	-0.00795079	0.750056	
9.50229	-0.00795079	0.750056	
9.50229	-0.00795079	0.750056	
9.50229	-0.00795079	0.750056	
9.50229	-0.00795079	0.750056	
9.50229	-0.00795079	0.750056	
9.50229	-0.00795079	0.750056	
9.50229	-0.00795079	0.750056	
9.50229	-0.00795079	0.750056	
9.50229	-0.00795079	0.750056	
9.50229	-0.00795079	0.750056	
9.50229	-0.00795079	0.750056	
9.50229	-0.00795079	0.750056	
9.50229	-0.00795079	0.750056	
9.50229	-0.00795079	0.750056	
9.50229	-0.00795079	0.750056	
9.50229	-0.00795079	0.750056	
9.50229	-0.00795079	0.750056	
9.50229	-0.00795079	0.750056	
9.50229	-0.00795079	0.750056	
9.50229	-0.00795079	0.750056	
9.50229	-0.00795079	0.750056	
9.50229	-0.00795079	0.750056	
9.50229	-0.00795079	0.750056	
9.50229	-0.00795079	0.750056	
9.50229	-0.00795079	0.750056	
9.50229	-0.00795079	0.750056	
9.50229	-0.00795079	0.750056	
9.50229	-0.00795079	0.750056	
9.50229	-0.00795079	0.750056	
9.50229	-0.00795079	0.750056	
9.50229	-0.00795079	0.750056	
9.50229	-0.00795079	0.750056	
9.50229	-0.00795079	0.750056	
9.50229	-0.00795079	0.750056	
9.50229	-0.00795079	0.750056	
9.50229	-0.00795079	0.750056	
9.50229	-0.00795079	0.750056	
9.50229	-0.00795079	0.750056	
9.50229	-0.00795079	0.750056	
9.50229	-0.00795079	0.750056	
9.50229	-0.00795079	0.750056	
9.50229	-0.00795079	0.750056	
9.50229	-0.00795079	0.750056	
9.50229	-0.00795079	0.750056	
9.50229	-0.00795079	0.750056	
9.50229	-0.00795079	0.750056	
9.50229	-0.00795079	0.750056	
9.50229	-0.00795079	0.750056	
9.50229	-0.00795079	0.750056	
9.50229	-0.00795079	0.750056	
9.50229	-0.00795079	0.750056	
9.50229	-0.00795079	0.750056	
9.50229	-0.00795079	0.750056	
9.50229	-0.00795079	0.750056	
9.50229	-0.00795079	0.750056	
9.50229	-0.00795079	0.750056	
9.50229	-0.00795079	0.750056	
9.50229	-0.00795079	0.750056	
9.50229	-0.00795079	0.750056	
9.50229	-0.00795079	0.750056	
9.50229	-0.00795079	0.750056	
9.50229	-0.00795079	0.750056	
9.50229	-0.00795079	0.750056	
9.50229	-0.00795079	0.750056	
9.50229	-0.00795079	0.750056	
9.50229	-0.00795079	0.750056	
9.50229	-0.00795079	0.750056	
9.50229	-0.00795079	0.750056	
9.50229	-0.00795079	0.750056	
9.50229	-0.00795079	0.750056	
9.50229	-0.00795079	0.750056	
9.50229	-0.00795079	0.750056	
9.50229	-0.00795079	0.750056	
9.50229	-0.00795079	0.750056	
9.50229	-0.00795079	0.750056	
9.50229	-0.00795079	0.750056	
9.50229	-0.00795079	0.750056	
9.50229	-0.00795079	0.750056	
9.50229	-0.00795079	0.750056	
9.50229	-0.00795079	0.750056	
9.50229	-0.00795079	0.750056	
9.50229	-0.00795079	0.750056	
9.50229	-0.00795079	0.750056	
9.50229	-0.00795079	0.750056	
9.50229	-0.00795079	0.750056	
9.50229	-0.00795079	0.750056	
9.50229	-0.00795079	0.750056	
9.50229	-0.00795079	0.750056	
9.50229	-0.00795079	0.750056	
9.50229	-0.00795079	0.750056	
9.50229	-0.00795079	0.750056	
9.50229	-0.00795079	0.750056	
9.50229	-0.00795079	0.750056	
9.50229	-0.00795079	0.750056	
9.50229	-0.00795079	0.750056	
9.50229	-0.00795079	0.750056	
9.50229	-0.00795079	0.750056	
9.50229	-0.00795079	0.750056	
9.50229	-0.00795079	0.750056	
9.50229	-0.00795079	0.750056	
9.50229	-0.00795079	0.750056	
9.50229	-0.00795079	0.750056	
9.50229	-0.00795079	0.750056	
9.50229	-0.00795079	0.750056	
9.50229	-0.00795079	0.750056	
9.50229	-0.00795079	0.750056	
9.50229	-0.00795079	0.750056	
9.50229	-0.00795079	0.750056	
9.50229	-0.00795079	0.750056	
9.50229	-0.00795079	0.750056	
9.50229	-0.00795079	0.750056	
9.50229	-0.00795079	0.750056	
9.50229	-0.00795079	0.750056	
9.50229	-0.00795079	0.750056	
9.50229	-0.00795079	0.750056	
9.50229	-0.00795079	0.750056	
9.50229	-0.00795079	0.750056	
9.50229	-0.00795079	0.750056	
9.50229	-0.00795079	0.750056	
9.50229	-0.00795079	0.750056	
9.50229	-0.00795079	0.750056	
9.50229	-0.00795079	0.750056	
9.50229	-0.00795079	0.750056	
9.50229	-0.00795079	0.750056	
9.50229	-0.00795079	0.750056	
9.50229	-0.00795079	0.750056	
9.50229	-0.00795079	0.750056	
9.50229	-0.00795079	0.750056	
9.50229	-0.00795079	0.750056	
9.50229	-0.00795079	0.750056	
9.50229	-0.00795079	0.750056	
9.50229	-0.00795079	0.750056	
9.50229	-0.00795079	0.750056	
9.50229	-0.00795079	0.750056	
9.50229	-0.00795079	0.750056	
9.50229	-0.00795079	0.750056	
9.50229	-0.00795079	0.750056	
9.50229	-0.00795079	0.750056	
9.50229	-0.00795079	0.750056	
9.50229	-0.00795079	0.750056	
9.50229	-0.00795079	0.750056	
9.50229	-0.00795079	0.750056	
9.50229	-0.00795079	0.750056	
9.50229	-0.00795079	0.750056	
9.50229	-0.00795079	0.750056	
9.50229	-0.00795079	0.750056	
9.50229	-0.00795079	0.750056	
9.50229	-0.00795079	0.750056	
9.50229	-0.00795079	0.750056	
9.50229	-0.00795079	0.750056	
9.50229	-0.00795079	0.750056	
9.50229	-0.00795079	0.750056	
9.50229	-0.00795079	0.750056	
9.50229	-0.00795079	0.750056	
9.50229	-0.00795079	0.750056	
9.50229	-0.00795079	0.750056	
9.50229	-0.00795079	0.750056	
9.50229	-0.00795079	0.750056	
9.50229	-0.00795079	0.750056	
9.50229	-0.00795079	0.750056	
9.50229	-0.00795079	0.750056	
9.50229	-0.00795079	0.750056	
9.50229	-0.00795079	0.750056	
9.50229	-0.00795079	0.750056	
9.50229	-0.00795079	0.750056	
9.50229	-0.00795079	0.750056	
9.50229	-0.00795079	0.750056	
9.50229	-0.00795079	0.750056	
9.50229	-0.00795079	0.750056	
9.50229	-0.00795079	0.750056	
9.50229	-0.00795079	0.750056	
9.50229	-0.00795079	0.750056	
9.50229	-0.00795079	0.750056	
9.50229	-0.00795079	0.750056	
9.50229	-0.00795079	0.750056	
9.50229	-0.00795079	0.750056	
9.50229	-0.00795079	0.750056	
9.50229	-0.00795079	0.750056	
9.50229	-0.00795079	0.750056	
9.50229	-0.00795079	0.750056	
9.50229	-0.00795079	0.750056	
9.50229	-0.00795079	0.750056	
9.50229	-0.00795079	0.750056	
9.50229	-0.00795079	0.750056	
9.50229	-0.00795079	0.750056	
9.50229	-0.00795079	0.750056	
9.50229	-0.00795079	0.750056	
