10	0	1	
10	0	1	
10	0	1	
10	-0.000791369	1	
9.99998	-0.00779553	1	
9.99994	-0.0212675	1	
9.99987	-0.0368175	1	
9.99976	-0.0512441	1	
9.99964	-0.0638204	1	
9.99949	-0.0748608	1	
9.99932	-0.0851969	1	
9.99912	-0.0957395	1	
9.99891	-0.107584	1	
9.99867	-0.120782	1	
9.9984	-0.134836	1	
9.9981	-0.148279	1	
9.99778	-0.160445	1	
9.99744	-0.170727	1	
9.99708	-0.179465	1	
9.99671	-0.186963	1	
9.99632	-0.193504	1	
9.99592	-0.199304	1	
9.99551	-0.204438	1	
9.99509	-0.208862	1	
9.99467	-0.212791	1	
9.99424	-0.216112	1	
9.9938	-0.218779	1	
9.99336	-0.220241	1	
9.99292	-0.22059	1	
9.99248	-0.219714	1	
9.99204	-0.21782	1	
9.99161	-0.214792	1	
9.99119	-0.210732	1	
9.99078	-0.205673	1	
9.99038	-0.199629	1	
9.99	-0.192575	1	
9.98963	-0.184935	1	
9.98927	-0.176555	1	
9.98894	-0.167512	1	
9.98862	-0.158	1	
9.98833	-0.148194	1	
9.98805	-0.138393	1	
9.98779	-0.128707	1	
9.98755	-0.119215	1	
9.98733	-0.110188	1	
9.98713	-0.101642	1	
9.98694	-0.0936802	1	
9.98677	-0.0863682	1	
9.98661	-0.0800292	1	
9.98646	-0.0749412	1	
9.98632	-0.0710386	1	
9.98618	-0.0679814	1	
9.98605	-0.0654009	1	
9.98592	-0.0631507	1	
9.9858	-0.0611089	1	
9.98568	-0.059039	1	
9.98557	-0.0569269	1	
9.98546	-0.054879	1	
9.98535	-0.0531056	1	
9.98525	-0.0514935	1	
9.98515	-0.0498033	1	
9.98505	-0.0481145	1	
9.98496	-0.0463244	1	
9.98487	-0.0445336	1	
9.98479	-0.0428256	1	
9.9847	-0.0410381	1	
9.98463	-0.0392349	1	
9.98455	-0.0375449	1	
9.98448	-0.0359598	1	
9.98441	-0.0345045	1	
9.98434	-0.0331932	1	
9.98428	-0.0319933	1	
9.98422	-0.0308655	1	
9.98416	-0.0299067	1	
9.9841	-0.0290291	1	
9.98405	-0.0281449	1	
9.98399	-0.027211	1	
9.98394	-0.0262595	1	
9.98389	-0.0253104	1	
9.98384	-0.0243759	1	
9.98379	-0.0234633	1	
9.98375	-0.0225191	1	
9.9837	-0.0216247	1	
9.98366	-0.0207764	1	
9.98362	-0.0199652	1	
9.98358	-0.0191911	1	
9.98355	-0.0184475	1	
9.98351	-0.0177344	1	
9.98348	-0.0171093	1	
9.98344	-0.0165516	1	
9.98341	-0.0161064	1	
9.98338	-0.0157963	1	
9.98335	-0.015508	1	
9.98332	-0.0152409	1	
9.98329	-0.0150531	1	
9.98326	-0.0147868	1	
9.98323	-0.0144802	1	
9.9832	-0.0141555	1	
9.98317	-0.0137597	1	
9.98315	-0.0133256	1	
9.98312	-0.012874	1	
9.9831	-0.0124178	1	
9.98307	-0.0119651	1	
9.98305	-0.0115209	1	
9.98303	-0.0111104	1	
9.98301	-0.0106816	1	
9.98299	-0.0102922	1	
9.98297	-0.00991004	1	
9.98295	-0.00947314	1	
9.98293	-0.00907312	1	
9.98291	-0.00870132	1	
9.98289	-0.0083505	1	
9.98288	-0.00798261	1	
9.98286	-0.00764568	1	
9.98285	-0.00733248	1	
9.98283	-0.00703822	1	
9.98282	-0.00675968	1	
9.98281	-0.00655919	1	
9.98279	-0.0063435	1	
9.98278	-0.00612443	1	
9.98277	-0.00590332	1	
9.98276	-0.00568552	1	
9.98275	-0.00549965	1	
9.98274	-0.00537299	1	
9.98273	-0.00522065	1	
9.98272	-0.00513741	1	
9.98271	-0.00507702	1	
9.9827	-0.00499462	1	
9.98269	-0.00492899	1	
9.98268	-0.00490015	1	
9.98267	-0.00487907	1	
9.98266	-0.0048236	1	
9.98265	-0.0046882	1	
9.98264	-0.0046011	1	
9.98263	-0.00448224	1	
9.98262	-0.00433341	1	
9.98261	-0.00418181	1	
9.98261	-0.0039695	1	
9.9826	-0.0037759	1	
9.98259	-0.00356655	1	
9.98258	-0.00337844	1	
9.98258	-0.00320457	1	
9.98257	-0.00300653	1	
9.98257	-0.00282142	1	
9.98256	-0.00266843	1	
9.98256	-0.00250663	1	
9.98255	-0.00243428	1	
9.98255	-0.0023583	1	
9.98254	-0.00230699	1	
9.98254	-0.00240073	1	
9.98253	-0.0025296	1	
9.98253	-0.00270806	1	
9.98252	-0.00289573	1	
9.98251	-0.00317893	1	
9.98251	-0.00346073	1	
9.9825	-0.0036984	1	
9.98249	-0.00394447	1	
9.98248	-0.00409985	1	
9.98248	-0.0041288	1	
9.98247	-0.00407581	1	
9.98246	-0.00397878	1	
9.98245	-0.00383482	1	
9.98244	-0.00367607	1	
9.98244	-0.00347696	1	
9.98243	-0.00325091	1	
9.98242	-0.0030205	1	
9.98242	-0.00271622	1	
9.98241	-0.00247429	1	
9.98241	-0.00223165	1	
9.98241	-0.00196911	1	
9.9824	-0.0017237	1	
9.9824	-0.00151627	1	
9.9824	-0.00136455	1	
9.98239	-0.00121517	1	
9.98239	-0.00106388	1	
9.98239	-0.00099968	1	
9.98239	-0.000928113	1	
9.98239	-0.000944022	1	
9.98238	-0.00102595	1	
9.98238	-0.00118911	1	
9.98238	-0.00134437	1	
9.98238	-0.00159899	1	
9.98237	-0.00180606	1	
9.98237	-0.00199228	1	
9.98236	-0.0022289	1	
9.98236	-0.00249544	1	
9.98235	-0.00275164	1	
9.98235	-0.00286848	1	
9.98234	-0.00291885	1	
9.98234	-0.00285569	1	
9.98233	-0.00269269	1	
9.98233	-0.00240736	1	
9.98232	-0.00208637	1	
9.98232	-0.00172696	1	
9.98232	-0.00131059	1	
9.98231	-0.000883749	1	
9.98231	-0.00036224	1	
9.98231	1.81476e-05	1	
9.98231	0.000354208	1	
9.98232	0.000647965	1	
9.98232	0.000898782	1	
9.98232	0.00101524	1	
9.98232	0.00106286	1	
9.98232	0.00106681	1	
9.98233	0.000946635	1	
9.98233	0.000796147	1	
9.98233	0.000555955	1	
9.98233	0.000355378	1	
9.98233	0.000188678	1	
9.98233	0.000102841	1	
9.98233	0.000114693	1	
9.98233	0.000171742	1	
9.98233	0.000289229	1	
9.98233	0.000444452	1	
9.98233	0.000588796	1	
9.98233	0.000792569	1	
9.98234	0.0010592	1	
9.98234	0.00130568	1	
9.98234	0.00150018	1	
9.98235	0.00164877	1	
9.98235	0.00173555	1	
9.98235	0.00174121	1	
9.98236	0.00165157	1	
9.98236	0.00156499	1	
9.98236	0.00138745	1	
9.98236	0.00115865	1	
9.98237	0.000942183	1	
9.98237	0.000789196	1	
9.98237	0.000656518	1	
9.98237	0.000570905	1	
9.98237	0.000499604	1	
9.98237	0.000497287	1	
9.98237	0.000628486	1	
9.98237	0.000778576	1	
9.98238	0.000810152	1	
9.98238	0.000841462	1	
9.98238	0.000964108	1	
9.98238	0.0011219	1	
9.98238	0.00144034	1	
9.98239	0.00180285	1	
9.98239	0.00230401	1	
9.9824	0.00289043	1	
9.98241	0.00350115	1	
9.98241	0.00393149	1	
9.98242	0.00444015	1	
9.98243	0.00495099	1	
9.98244	0.00544536	1	
9.98246	0.00609696	1	
9.98247	0.00677305	1	
9.98248	0.00743015	1	
9.9825	0.007967	1	
9.98252	0.00846098	1	
9.98253	0.00897464	1	
9.98255	0.00932517	1	
9.98257	0.00972521	1	
9.98259	0.0101173	1	
9.98261	0.010411	1	
9.98264	0.0106758	1	
9.98266	0.0109266	1	
9.98268	0.0111402	1	
9.9827	0.0113616	1	
9.98273	0.0114035	1	
9.98275	0.0113734	1	
9.98277	0.0111773	1	
9.98279	0.0108712	1	
9.98281	0.0105296	1	
9.98283	0.0102123	1	
9.98285	0.00975919	1	
9.98287	0.0092928	1	
9.98289	0.00884079	1	
9.98291	0.00841092	1	
9.98292	0.00794216	1	
9.98294	0.00753563	1	
9.98295	0.0072901	1	
9.98297	0.00732767	1	
9.98298	0.00751031	1	
9.983	0.00794921	1	
9.98301	0.00875242	1	
9.98303	0.00976071	1	
9.98306	0.0110981	1	
9.98308	0.0126415	1	
9.98311	0.0143793	1	
9.98314	0.0160911	1	
9.98318	0.017753	1	
9.98322	0.0193825	1	
9.98326	0.0209651	1	
9.9833	0.0224669	1	
9.98335	0.0240164	1	
9.9834	0.025606	1	
9.98346	0.0272746	1	
9.98352	0.0290408	1	
9.98358	0.0306462	1	
9.98364	0.0322603	1	
9.98371	0.0337953	1	
9.98378	0.03526	1	
9.98385	0.0366437	1	
9.98393	0.0379936	1	
9.98401	0.0394024	1	
9.98409	0.0407073	1	
9.98417	0.0419722	1	
9.98426	0.0432114	1	
9.98435	0.0443472	1	
9.98444	0.0452856	1	
9.98453	0.0460923	1	
9.98462	0.0467299	1	
9.98472	0.0472851	1	
9.98481	0.047632	1	
9.98491	0.0479817	1	
9.98501	0.0482271	1	
9.9851	0.0483462	1	
9.9852	0.0482892	1	
9.9853	0.0480125	1	
9.98539	0.0475078	1	
9.98548	0.04674	1	
9.98558	0.0458694	1	
9.98567	0.044893	1	
9.98575	0.0438997	1	
9.98584	0.0429885	1	
9.98592	0.0421848	1	
9.98601	0.0414744	1	
9.98609	0.0406886	1	
9.98617	0.0399184	1	
9.98625	0.0391924	1	
9.98632	0.0386066	1	
9.9864	0.038137	1	
9.98647	0.0376227	1	
9.98655	0.0371528	1	
9.98662	0.0366487	1	
9.9867	0.0362055	1	
9.98677	0.0358801	1	
9.98684	0.0356849	1	
9.98691	0.0356218	1	
9.98698	0.0356462	1	
9.98705	0.0357108	1	
9.98712	0.0358127	1	
9.9872	0.0359104	1	
9.98727	0.0359544	1	
9.98734	0.0360205	1	
9.98741	0.036019	1	
9.98748	0.0359957	1	
9.98756	0.0358598	1	
9.98763	0.0356495	1	
9.9877	0.0353934	1	
9.98777	0.0350839	1	
9.98784	0.034654	1	
9.98791	0.0341615	1	
9.98797	0.0336133	1	
9.98804	0.0330161	1	
9.9881	0.0325158	1	
9.98817	0.0320536	1	
9.98823	0.0316783	1	
9.98829	0.0314078	1	
9.98836	0.0311233	1	
9.98842	0.0308846	1	
9.98848	0.0307102	1	
9.98854	0.0305312	1	
9.9886	0.0303996	1	
9.98866	0.0302139	1	
9.98872	0.0300579	1	
9.98878	0.0299124	1	
9.98884	0.0297001	1	
9.9889	0.0295466	1	
9.98896	0.0294558	1	
9.98902	0.0293728	1	
9.98908	0.0293646	1	
9.98913	0.0294678	1	
9.98919	0.0296567	1	
9.98925	0.0299957	1	
9.98932	0.0304771	1	
9.98938	0.0309517	1	
9.98944	0.0315194	1	
9.9895	0.0321122	1	
9.98957	0.0327494	1	
9.98964	0.0335769	1	
9.98971	0.034368	1	
9.98978	0.035141	1	
9.98985	0.0358067	1	
9.98992	0.0363581	1	
9.98999	0.0368038	1	
9.99007	0.0370552	1	
9.99014	0.0373055	1	
9.99022	0.0374285	1	
9.99029	0.0372987	1	
9.99037	0.0369822	1	
9.99044	0.036687	1	
9.99051	0.0364753	1	
9.99059	0.0363339	1	
9.99066	0.0362056	1	
9.99073	0.0361903	1	
9.9908	0.0364297	1	
9.99088	0.0368276	1	
9.99095	0.0370255	1	
9.99102	0.0372394	1	
9.9911	0.0375583	1	
9.99118	0.037744	1	
9.99125	0.0380791	1	
9.99133	0.038604	1	
9.99141	0.038964	1	
9.99149	0.0393055	1	
9.99156	0.0395551	1	
9.99164	0.0398227	1	
9.99172	0.0401553	1	
9.99181	0.0402588	1	
9.99189	0.0401866	1	
9.99197	0.0398054	1	
9.99204	0.039386	1	
9.99212	0.0387281	1	
9.9922	0.038136	1	
9.99227	0.0373689	1	
9.99235	0.0369279	1	
9.99242	0.0364929	1	
9.99249	0.0362234	1	
9.99256	0.0362951	1	
9.99264	0.036521	1	
9.99271	0.0369311	1	
9.99279	0.0373232	1	
9.99286	0.0375914	1	
9.99294	0.0375579	1	
9.99301	0.0375211	1	
9.99309	0.0373436	1	
9.99316	0.0371162	1	
9.99323	0.0369938	1	
9.99331	0.0368222	1	
9.99338	0.0365608	1	
9.99345	0.0362283	1	
9.99352	0.0354997	1	
9.99359	0.0343606	1	
9.99366	0.0331338	1	
9.99372	0.0318257	1	
9.99378	0.0307135	1	
9.99384	0.0296843	1	
9.9939	0.0287076	1	
9.99396	0.0279707	1	
9.99401	0.0273658	1	
9.99407	0.0269794	1	
9.99412	0.0263448	1	
9.99417	0.0255877	1	
9.99422	0.0248588	1	
9.99427	0.0244217	1	
9.99432	0.0241572	1	
9.99436	0.0241547	1	
9.99441	0.0242225	1	
9.99446	0.024487	1	
9.99451	0.0247356	1	
9.99456	0.0249578	1	
9.99461	0.0252444	1	
9.99466	0.0253172	1	
9.99471	0.0254809	1	
9.99477	0.0258259	1	
9.99482	0.0265924	1	
9.99487	0.0274238	1	
9.99493	0.0282293	1	
9.99499	0.0291077	1	
9.99505	0.0299347	1	
9.99511	0.0309532	1	
9.99517	0.0321325	1	
9.99524	0.0335799	1	
9.99531	0.0349453	1	
9.99538	0.0361579	1	
9.99546	0.0372674	1	
9.99553	0.0381529	1	
9.99561	0.0388232	1	
9.99569	0.0393392	1	
9.99577	0.0395212	1	
9.99585	0.0393985	1	
9.99593	0.0390618	1	
9.996	0.0385596	1	
9.99608	0.0378364	1	
9.99615	0.0370527	1	
9.99623	0.0362519	1	
9.9963	0.0355374	1	
9.99637	0.0349175	1	
9.99644	0.0343396	1	
9.9965	0.033806	1	
9.99657	0.0332586	1	
9.99664	0.0327285	1	
9.9967	0.0319652	1	
9.99676	0.0312267	1	
9.99682	0.0302587	1	
9.99688	0.0292925	1	
9.99694	0.0284865	1	
9.99699	0.0280163	1	
9.99705	0.027728	1	
9.9971	0.0275811	1	
9.99716	0.0275632	1	
9.99722	0.0276256	1	
9.99727	0.0279672	1	
9.99733	0.028612	1	
9.99739	0.0294228	1	
9.99745	0.03021	1	
9.99751	0.0309056	1	
9.99757	0.0314649	1	
9.99764	0.0319232	1	
9.9977	0.0323081	1	
9.99777	0.0328001	1	
9.99783	0.0336179	1	
9.9979	0.0345525	1	
9.99797	0.0357038	1	
9.99805	0.0368331	1	
9.99812	0.0380538	1	
9.9982	0.0391636	1	
9.99828	0.0401523	1	
9.99836	0.0410708	1	
9.99845	0.0418787	1	
9.99853	0.0428703	1	
9.99862	0.0439248	1	
9.99871	0.0450832	1	
9.9988	0.0461004	1	
9.9989	0.0473093	1	
9.999	0.048454	1	
9.99909	0.0495669	1	
9.9992	0.0504224	1	
9.9993	0.0510771	1	
9.9994	0.0514553	1	
9.9995	0.0514943	1	
9.99961	0.0514984	1	
9.99971	0.0513249	1	
9.99981	0.0511873	1	
9.99991	0.0507707	1	
10	0.0502982	1	
10.0001	0.0498805	1	
10.0002	0.0498013	1	
10.0003	0.0502848	1	
10.0004	0.0512214	1	
10.0005	0.0521055	1	
10.0006	0.0526699	1	
10.0007	0.0530054	1	
10.0008	0.0531165	1	
10.0009	0.0533629	1	
10.0011	0.053826	1	
10.0012	0.0544666	1	
10.0013	0.0552558	1	
10.0014	0.0562406	1	
10.0015	0.0572441	1	
10.0016	0.0583749	1	
10.0017	0.0593344	1	
10.0019	0.060043	1	
10.002	0.0605441	1	
10.0021	0.0610961	1	
10.0022	0.0618579	1	
10.0023	0.0628221	1	
10.0025	0.0635544	1	
10.0026	0.0640222	1	
10.0027	0.0643175	1	
10.0029	0.0646612	1	
10.003	0.0651538	1	
10.0031	0.0656957	1	
10.0033	0.0659253	1	
10.0034	0.0655694	1	
10.0035	0.0647449	1	
10.0036	0.0638607	1	
10.0038	0.0633773	1	
10.0039	0.0631909	1	
10.004	0.0629402	1	
10.0041	0.0624645	1	
10.0043	0.0617955	1	
10.0044	0.0610751	1	
10.0045	0.0603677	1	
10.0046	0.0594099	1	
10.0047	0.0580932	1	
10.0049	0.0565514	1	
10.005	0.0547668	1	
10.0051	0.0531259	1	
10.0052	0.0515311	1	
10.0053	0.050101	1	
10.0054	0.0486272	1	
10.0055	0.0474453	1	
10.0056	0.0465468	1	
10.0057	0.0460713	1	
10.0057	0.0460494	1	
10.0058	0.0461457	1	
10.0059	0.0462142	1	
10.006	0.0462353	1	
10.0061	0.0463845	1	
10.0062	0.0465673	1	
10.0063	0.0467088	1	
10.0064	0.0466697	1	
10.0065	0.0464531	1	
10.0066	0.045968	1	
10.0067	0.0449123	1	
10.0068	0.0435262	1	
10.0068	0.0414311	1	
10.0069	0.0388395	1	
10.007	0.035713	1	
10.0071	0.0322907	1	
10.0071	0.0286535	1	
10.0072	0.024957	1	
10.0072	0.0213451	1	
10.0072	0.0182136	1	
10.0073	0.0155681	1	
10.0073	0.0132054	1	
10.0073	0.011382	1	
10.0073	0.00984434	1	
10.0074	0.00871965	1	
10.0074	0.00777115	1	
10.0074	0.00694262	1	
10.0074	0.0063202	1	
10.0074	0.00612362	1	
10.0074	0.00652179	1	
10.0074	0.00732501	1	
10.0075	0.00834397	1	
10.0075	0.00912976	1	
10.0075	0.00976754	1	
10.0075	0.00989477	1	
10.0075	0.00952398	1	
10.0076	0.00866459	1	
10.0076	0.00708353	1	
10.0076	0.00507942	1	
10.0076	0.00240645	1	
10.0076	-0.000717754	1	
10.0076	-0.0038558	1	
10.0076	-0.00712641	1	
10.0075	-0.0100523	1	
10.0075	-0.0123377	1	
10.0075	-0.014231	1	
10.0075	-0.0157396	1	
10.0074	-0.0169058	1	
10.0074	-0.0176812	1	
10.0073	-0.0176347	1	
10.0073	-0.0164384	1	
10.0073	-0.0143199	1	
10.0073	-0.0116398	1	
10.0072	-0.00867061	1	
10.0072	-0.00583351	1	
10.0072	-0.00310436	1	
10.0072	-0.000518465	1	
10.0072	0.00197084	1	
10.0072	0.00420346	1	
10.0073	0.00622601	1	
10.0073	0.00784269	1	
10.0073	0.00865262	1	
10.0073	0.00881928	1	
10.0073	0.00818866	1	
10.0073	0.00691413	1	
10.0073	0.0052556	1	
10.0074	0.00318087	1	
10.0074	0.00083789	1	
10.0074	-0.00137383	1	
10.0073	-0.00350201	1	
10.0073	-0.00527503	1	
10.0073	-0.00628208	1	
10.0073	-0.00658627	1	
10.0073	-0.0059566	1	
10.0073	-0.00441861	1	
10.0073	-0.00212891	1	
10.0073	0.000866582	1	
10.0073	0.00453004	1	
10.0073	0.00898585	1	
10.0073	0.0137607	1	
10.0074	0.018456	1	
10.0074	0.0228728	1	
10.0075	0.0270851	1	
10.0075	0.0309036	1	
10.0076	0.034042	1	
10.0077	0.0365267	1	
10.0078	0.0378824	1	
10.0078	0.038387	1	
10.0079	0.0383264	1	
10.008	0.037727	1	
10.0081	0.036588	1	
10.0081	0.034989	1	
10.0082	0.0330877	1	
10.0083	0.0311681	1	
10.0083	0.0294958	1	
10.0084	0.0287177	1	
10.0084	0.0283948	1	
10.0085	0.0286621	1	
10.0085	0.0295615	1	
10.0086	0.0308083	1	
10.0087	0.0325371	1	
10.0087	0.0346302	1	
10.0088	0.037022	1	
10.0089	0.0400609	1	
10.009	0.0431194	1	
10.0091	0.046057	1	
10.0092	0.0488095	1	
10.0093	0.0509991	1	
10.0094	0.0526393	1	
10.0095	0.053282	1	
10.0096	0.0529266	1	
10.0097	0.0518356	1	
10.0098	0.0498121	1	
10.0099	0.0470502	1	
10.01	0.0437866	1	
10.0101	0.0399966	1	
10.0101	0.0360097	1	
10.0102	0.0320632	1	
10.0102	0.0286163	1	
10.0103	0.025828	1	
10.0103	0.0241487	1	
10.0104	0.0233691	1	
10.0104	0.0232964	1	
10.0105	0.0240458	1	
10.0105	0.0253542	1	
10.0106	0.0270794	1	
10.0107	0.0292636	1	
10.0107	0.0317989	1	
10.0108	0.0345139	1	
10.0109	0.0369807	1	
10.0109	0.0393588	1	
10.011	0.04091	1	
10.0111	0.0413295	1	
10.0112	0.0405041	1	
10.0113	0.0383726	1	
10.0113	0.0352817	1	
10.0114	0.0316268	1	
10.0114	0.0278422	1	
10.0115	0.0237373	1	
10.0115	0.0196331	1	
10.0116	0.0156751	1	
10.0116	0.0121116	1	
10.0116	0.00908236	1	
10.0116	0.00661162	1	
10.0116	0.00474632	1	
10.0116	0.00374311	1	
10.0116	0.00343434	1	
10.0117	0.00419889	1	
10.0117	0.00548906	1	
10.0117	0.0070922	1	
10.0117	0.009009	1	
10.0117	0.0107614	1	
10.0117	0.012174	1	
10.0118	0.0130435	1	
10.0118	0.0130678	1	
10.0118	0.0121721	1	
10.0118	0.010554	1	
10.0119	0.00843012	1	
10.0119	0.00606874	1	
10.0119	0.00376852	1	
10.0119	0.0016137	1	
10.0119	-0.000414435	1	
10.0119	-0.00250915	1	
10.0119	-0.00415591	1	
10.0119	-0.00538744	1	
10.0118	-0.00587451	1	
10.0118	-0.00558283	1	
10.0118	-0.00435532	1	
10.0118	-0.00248383	1	
10.0118	-0.00017225	1	
10.0118	0.00232592	1	
10.0118	0.00497795	1	
10.0119	0.00789188	1	
10.0119	0.0104786	1	
10.0119	0.0125533	1	
10.0119	0.0136671	1	
10.012	0.0135598	1	
10.012	0.0120096	1	
10.012	0.00945473	1	
10.012	0.00605854	1	
10.012	0.00220144	1	
10.012	-0.00144423	1	
10.012	-0.00508525	1	
10.012	-0.00869401	1	
10.012	-0.0120011	1	
10.0119	-0.014898	1	
10.0119	-0.0171254	1	
10.0119	-0.0182316	1	
10.0118	-0.0181336	1	
10.0118	-0.0170208	1	
10.0118	-0.0150369	1	
10.0117	-0.0123337	1	
10.0117	-0.00922086	1	
10.0117	-0.00598166	1	
10.0117	-0.00273922	1	
10.0117	-0.000160161	1	
10.0117	0.00162432	1	
10.0117	0.00225725	1	
10.0117	0.00188173	1	
10.0117	0.000622987	1	
10.0117	-0.00144367	1	
10.0117	-0.00399924	1	
10.0117	-0.0068472	1	
10.0117	-0.0097139	1	
10.0116	-0.0123562	1	
10.0116	-0.0145481	1	
10.0116	-0.0162505	1	
10.0115	-0.0172529	1	
10.0115	-0.017336	1	
10.0115	-0.0165092	1	
10.0114	-0.0145728	1	
10.0114	-0.0118279	1	
10.0114	-0.00832797	1	
10.0114	-0.0046755	1	
10.0114	-0.00109295	1	
10.0114	0.00193184	1	
10.0114	0.00407937	1	
10.0114	0.00527417	1	
10.0114	0.00533639	1	
10.0114	0.00441208	1	
10.0114	0.00251883	1	
10.0114	-0.000319325	1	
10.0114	-0.00365481	1	
10.0114	-0.00742255	1	
10.0114	-0.0113376	1	
10.0114	-0.0152625	1	
10.0113	-0.0185815	1	
10.0113	-0.0214315	1	
10.0112	-0.0235352	1	
10.0112	-0.0247855	1	
10.0111	-0.0251205	1	
10.0111	-0.024846	1	
10.011	-0.0236921	1	
10.011	-0.0221599	1	
10.011	-0.0203506	1	
10.0109	-0.0187711	1	
10.0109	-0.0176511	1	
10.0108	-0.0171028	1	
10.0108	-0.0170106	1	
10.0108	-0.0172174	1	
10.0107	-0.0175203	1	
10.0107	-0.017911	1	
10.0107	-0.0183726	1	
10.0106	-0.0188605	1	
10.0106	-0.0191157	1	
10.0106	-0.0189906	1	
10.0105	-0.0184459	1	
10.0105	-0.0175467	1	
10.0105	-0.0159193	1	
10.0104	-0.0138426	1	
10.0104	-0.0113057	1	
10.0104	-0.00844567	1	
10.0104	-0.00551334	1	
10.0104	-0.00291405	1	
10.0104	-0.000962558	1	
10.0104	0.000197886	1	
10.0104	0.000223875	1	
10.0104	-0.000624224	1	
10.0104	-0.00235786	1	
10.0104	-0.00486344	1	
10.0103	-0.00783541	1	
10.0103	-0.0110125	1	
10.0103	-0.0141705	1	
10.0103	-0.0169654	1	
10.0102	-0.0191456	1	
10.0102	-0.020603	1	
10.0101	-0.0213834	1	
10.0101	-0.0216166	1	
10.01	-0.0212405	1	
10.01	-0.0202898	1	
10.01	-0.0189215	1	
10.0099	-0.0173715	1	
10.0099	-0.0159359	1	
10.0099	-0.0148855	1	
10.0098	-0.0146187	1	
10.0098	-0.0152855	1	
10.0098	-0.0169374	1	
10.0097	-0.0193132	1	
10.0097	-0.0220521	1	
10.0096	-0.0249149	1	
10.0096	-0.0277502	1	
10.0095	-0.0305705	1	
10.0095	-0.0331487	1	
10.0094	-0.03529	1	
10.0093	-0.036722	1	
10.0092	-0.0370378	1	
10.0092	-0.0360177	1	
10.0091	-0.0337969	1	
10.009	-0.0307842	1	
10.009	-0.0272711	1	
10.0089	-0.0235946	1	
10.0089	-0.0202445	1	
10.0089	-0.0176273	1	
10.0088	-0.0155001	1	
10.0088	-0.0139846	1	
10.0088	-0.0130979	1	
10.0088	-0.0126336	1	
10.0087	-0.0126875	1	
10.0087	-0.0132122	1	
10.0087	-0.0141272	1	
10.0086	-0.0153974	1	
10.0086	-0.0168671	1	
10.0086	-0.0183796	1	
10.0085	-0.0195736	1	
10.0085	-0.0201534	1	
10.0085	-0.0199836	1	
10.0084	-0.0189211	1	
10.0084	-0.0171461	1	
10.0084	-0.0150776	1	
10.0083	-0.0128524	1	
10.0083	-0.011074	1	
10.0083	-0.0100905	1	
10.0083	-0.00995878	1	
10.0082	-0.0106628	1	
10.0082	-0.0120474	1	
10.0082	-0.0139474	1	
10.0082	-0.0161393	1	
10.0081	-0.0185889	1	
10.0081	-0.0212554	1	
10.008	-0.0240353	1	
10.008	-0.0268865	1	
10.0079	-0.0296781	1	
10.0079	-0.03224	1	
10.0078	-0.0343303	1	
10.0077	-0.0357537	1	
10.0076	-0.036372	1	
10.0076	-0.036518	1	
10.0075	-0.0362633	1	
10.0074	-0.0358567	1	
10.0074	-0.0357743	1	
10.0073	-0.0361984	1	
10.0072	-0.037287	1	
10.0071	-0.0387602	1	
10.007	-0.0403462	1	
10.007	-0.0420485	1	
10.0069	-0.0437126	1	
10.0068	-0.0453764	1	
10.0067	-0.0470717	1	
10.0066	-0.0486794	1	
10.0065	-0.0500115	1	
10.0064	-0.0507934	1	
10.0063	-0.0508306	1	
10.0062	-0.0499484	1	
10.0061	-0.0482533	1	
10.006	-0.0455285	1	
10.0059	-0.0422076	1	
10.0058	-0.0385231	1	
10.0058	-0.0349831	1	
10.0057	-0.0318326	1	
10.0056	-0.0295448	1	
10.0056	-0.0279445	1	
10.0055	-0.0270437	1	
10.0055	-0.0268704	1	
10.0054	-0.027307	1	
10.0054	-0.0283398	1	
10.0053	-0.0298423	1	
10.0052	-0.031727	1	
10.0052	-0.0337364	1	
10.0051	-0.0356467	1	
10.005	-0.0372097	1	
10.005	-0.0382574	1	
10.0049	-0.0386964	1	
10.0048	-0.038064	1	
10.0047	-0.0364639	1	
10.0047	-0.0338674	1	
10.0046	-0.0307444	1	
10.0045	-0.0273014	1	
10.0045	-0.0241097	1	
10.0045	-0.0213785	1	
10.0044	-0.0194166	1	
10.0044	-0.0180496	1	
10.0043	-0.017548	1	
10.0043	-0.0177693	1	
10.0043	-0.0186852	1	
10.0042	-0.0202094	1	
10.0042	-0.0220536	1	
10.0041	-0.0239687	1	
10.0041	-0.0258453	1	
10.004	-0.027503	1	
10.004	-0.0288675	1	
10.0039	-0.0298331	1	
10.0039	-0.0300508	1	
10.0038	-0.0292315	1	
10.0037	-0.0274131	1	
10.0037	-0.0247923	1	
10.0037	-0.0214059	1	
10.0036	-0.0177727	1	
10.0036	-0.0141567	1	
10.0036	-0.0109525	1	
10.0036	-0.00848659	1	
10.0035	-0.00671001	1	
10.0035	-0.00558137	1	
10.0035	-0.00509367	1	
10.0035	-0.00502735	1	
10.0035	-0.00524698	1	
10.0035	-0.00561182	1	
10.0035	-0.00623866	1	
10.0035	-0.00712364	1	
10.0034	-0.00810268	1	
10.0034	-0.00903373	1	
10.0034	-0.0098387	1	
10.0034	-0.0101891	1	
10.0034	-0.0100369	1	
10.0033	-0.00926408	1	
10.0033	-0.00803822	1	
10.0033	-0.00644236	1	
10.0033	-0.00472252	1	
10.0033	-0.00331463	1	
10.0033	-0.00244133	1	
10.0033	-0.00222209	1	
10.0033	-0.00269795	1	
10.0033	-0.00353895	1	
10.0033	-0.00455379	1	
10.0033	-0.00568144	1	
10.0032	-0.00688991	1	
10.0032	-0.00822528	1	
10.0032	-0.00983557	1	
10.0032	-0.011615	1	
10.0032	-0.0135759	1	
10.0031	-0.0155296	1	
10.0031	-0.0174932	1	
10.0031	-0.0192252	1	
10.003	-0.0206708	1	
10.003	-0.0215481	1	
10.0029	-0.0219391	1	
10.0029	-0.022046	1	
10.0028	-0.0219333	1	
10.0028	-0.0218793	1	
10.0027	-0.0220896	1	
10.0027	-0.0225191	1	
10.0027	-0.0232545	1	
10.0026	-0.024208	1	
10.0026	-0.0253005	1	
10.0025	-0.0264474	1	
10.0024	-0.0276525	1	
10.0024	-0.0287681	1	
10.0023	-0.0298346	1	
10.0023	-0.0307765	1	
10.0022	-0.0316889	1	
10.0021	-0.0326153	1	
10.0021	-0.0335617	1	
10.002	-0.0344157	1	
10.0019	-0.0348837	1	
10.0019	-0.0346571	1	
10.0018	-0.0336711	1	
10.0017	-0.0318858	1	
10.0017	-0.0296825	1	
10.0016	-0.0271671	1	
10.0016	-0.024716	1	
10.0015	-0.0224842	1	
10.0015	-0.0205517	1	
10.0014	-0.0189397	1	
10.0014	-0.0179013	1	
10.0014	-0.0172981	1	
10.0013	-0.0169963	1	
10.0013	-0.0169223	1	
10.0013	-0.0171191	1	
10.0012	-0.0176771	1	
10.0012	-0.0185577	1	
10.0012	-0.0195306	1	
10.0011	-0.0206418	1	
10.0011	-0.0218129	1	
10.001	-0.0228617	1	
10.001	-0.0236184	1	
10.0009	-0.0238514	1	
10.0009	-0.0234087	1	
10.0008	-0.0222439	1	
10.0008	-0.0203721	1	
10.0008	-0.0179611	1	
10.0007	-0.0152524	1	
10.0007	-0.0123242	1	
10.0007	-0.00937004	1	
10.0007	-0.0067021	1	
10.0007	-0.00473072	1	
10.0007	-0.00355493	1	
10.0007	-0.00315056	1	
10.0007	-0.00370057	1	
10.0006	-0.00507409	1	
10.0006	-0.0069849	1	
10.0006	-0.00933566	1	
10.0006	-0.0119102	1	
10.0006	-0.0149558	1	
10.0005	-0.0181282	1	
10.0005	-0.0213762	1	
10.0004	-0.0240916	1	
10.0004	-0.0266685	1	
10.0003	-0.0285469	1	
10.0003	-0.0295659	1	
10.0002	-0.0297603	1	
10.0001	-0.0291093	1	
10.0001	-0.0275976	1	
10	-0.0253116	1	
9.99999	-0.0226056	1	
9.99995	-0.0197097	1	
9.99992	-0.0170446	1	
9.99989	-0.0149911	1	
9.99986	-0.0136893	1	
9.99983	-0.013629	1	
9.9998	-0.0148129	1	
9.99977	-0.0172504	1	
9.99973	-0.0205359	1	
9.99968	-0.0246787	1	
9.99962	-0.029347	1	
9.99955	-0.0345221	1	
9.99947	-0.0401115	1	
9.99938	-0.0457749	1	
9.99928	-0.0514619	1	
9.99916	-0.0566503	1	
9.99904	-0.0614408	1	
9.99891	-0.0655657	1	
9.99877	-0.0689959	1	
9.99863	-0.0716198	1	
9.99848	-0.0735049	1	
9.99833	-0.0744528	1	
9.99818	-0.07455	1	
9.99803	-0.0740936	1	
9.99789	-0.0735891	1	
9.99774	-0.073514	1	
9.99759	-0.0741255	1	
9.99744	-0.0757778	1	
9.99728	-0.0783937	1	
9.99712	-0.0823183	1	
9.99694	-0.0875251	1	
9.99676	-0.0938727	1	
9.99655	-0.101307	1	
9.99634	-0.109644	1	
9.9961	-0.118763	1	
9.99584	-0.128449	1	
9.99556	-0.138737	1	
9.99526	-0.149158	1	
9.99495	-0.159533	1	
9.99461	-0.169829	1	
9.99425	-0.17989	1	
9.99387	-0.190043	1	
9.99347	-0.199751	1	
9.99305	-0.20939	1	
9.99261	-0.218685	1	
9.99216	-0.227739	1	
9.99168	-0.236703	1	
9.99119	-0.245704	1	
9.99068	-0.255203	1	
9.99015	-0.265184	1	
9.9896	-0.276055	1	
9.98902	-0.288	1	
9.98842	-0.301212	1	
9.98779	-0.315692	1	
9.98712	-0.331493	1	
9.98643	-0.348265	1	
9.9857	-0.365879	1	
9.98493	-0.384036	1	
9.98412	-0.402519	1	
9.98328	-0.42112	1	
9.9824	-0.439633	1	
9.98149	-0.457866	1	
9.98053	-0.475749	1	
9.97955	-0.49319	1	
9.97853	-0.51004	1	
9.97748	-0.526086	1	
9.97639	-0.54143	1	
9.97528	-0.556117	1	
9.97414	-0.57047	1	
9.97297	-0.584491	1	
9.97177	-0.598254	1	
9.97055	-0.61181	1	
9.9693	-0.625816	1	
9.96802	-0.640556	1	
9.96671	-0.656104	1	
9.96536	-0.672433	1	
9.96398	-0.689904	1	
9.96256	-0.708501	1	
9.96111	-0.728205	1	
9.95961	-0.748854	1	
9.95807	-0.770539	1	
9.95648	-0.792813	1	
9.95485	-0.815429	1	
9.95318	-0.838343	1	
9.95145	-0.861551	1	
9.94968	-0.884696	1	
9.94787	-0.907721	1	
9.94601	-0.930494	1	
9.9441	-0.952652	1	
9.94215	-0.97392	1	
9.94016	-0.994167	1	
9.93814	-1.01321	1	
9.93608	-1.03159	1	
9.93398	-1.04966	1	
9.93184	-1.06787	1	
9.92967	-1.08637	1	
9.92746	-1.10564	1	
9.9252	-1.12581	1	
9.92291	-1.14693	1	
9.92057	-1.16909	1	
9.91819	-1.19222	1	
9.91576	-1.21626	1	
9.91327	-1.24078	1	
9.91074	-1.26585	1	
9.90816	-1.29109	1	
9.90553	-1.31591	1	
9.90285	-1.33992	1	
9.90012	-1.36327	1	
9.89735	-1.38613	1	
9.89453	-1.40842	1	
9.89167	-1.42995	1	
9.88877	-1.44997	1	
9.88584	-1.46863	1	
9.88286	-1.48588	1	
9.87986	-1.5016	1	
9.87683	-1.51559	1	
9.87377	-1.52853	1	
9.87069	-1.54083	1	
9.86758	-1.55338	1	
9.86445	-1.56624	1	
9.86129	-1.57974	1	
9.8581	-1.59394	1	
9.85489	-1.60927	1	
9.85163	-1.62556	1	
9.84835	-1.64282	1	
9.84503	-1.66136	1	
9.84166	-1.68143	1	
9.83826	-1.70322	1	
9.8348	-1.72648	1	
9.8313	-1.75083	1	
9.82775	-1.77607	1	
9.82415	-1.80149	1	
9.82049	-1.82669	1	
9.81679	-1.85202	1	
9.81304	-1.87709	1	
9.80923	-1.90127	1	
9.80538	-1.92415	1	
9.80149	-1.94601	1	
9.79756	-1.96695	1	
9.79358	-1.9873	1	
9.78957	-2.00694	1	
9.78552	-2.02558	1	
9.78143	-2.04308	1	
9.77731	-2.05947	1	
9.77316	-2.07574	1	
9.76898	-2.09242	1	
9.76476	-2.10948	1	
9.7605	-2.12701	1	
9.75622	-2.14503	1	
9.75189	-2.16307	1	
9.74753	-2.18117	1	
9.74313	-2.19958	1	
9.73869	-2.21803	1	
9.73422	-2.23691	1	
9.7297	-2.25628	1	
9.72515	-2.27645	1	
9.72056	-2.29728	1	
9.71592	-2.31834	1	
9.71124	-2.33962	1	
9.70652	-2.36095	1	
9.70175	-2.38226	1	
9.69695	-2.40361	1	
9.6921	-2.42573	1	
9.6872	-2.44873	1	
9.68225	-2.4724	1	
9.67726	-2.49629	1	
9.67222	-2.51988	1	
9.66714	-2.54319	1	
9.662	-2.56601	1	
9.65683	-2.58821	1	
9.65161	-2.6097	1	
9.64635	-2.6308	1	
9.64104	-2.65157	1	
9.6357	-2.67225	1	
9.63031	-2.69223	1	
9.62489	-2.71077	1	
9.61944	-2.72757	1	
9.61395	-2.74287	1	
9.60844	-2.75705	1	
9.6029	-2.77068	1	
9.59733	-2.78461	1	
9.59173	-2.79924	1	
9.5861	-2.81446	1	
9.58044	-2.82994	1	
9.57475	-2.846	1	
9.56902	-2.86263	1	
9.56326	-2.88024	1	
9.55746	-2.89977	1	
9.55162	-2.92147	1	
9.54573	-2.94478	1	
9.53979	-2.9691	1	
9.5338	-2.99402	1	
9.52777	-3.01871	1	
9.52168	-3.04254	1	
9.51555	-3.06546	1	
9.50937	-3.08743	1	
9.50316	-3.10909	1	
9.4969	-3.12938	1	
9.4906	-3.14808	1	
9.48427	-3.16486	1	
9.47791	-3.18031	1	
9.47152	-3.19502	1	
9.4651	-3.20976	1	
9.45865	-3.22493	1	
9.45217	-3.24052	1	
9.44566	-3.25622	1	
9.43912	-3.27179	1	
9.43254	-3.28805	1	
9.42593	-3.30576	1	
9.41928	-3.32528	1	
9.41258	-3.34683	1	
9.40584	-3.36984	1	
9.39906	-3.39339	1	
9.39222	-3.41653	1	
9.38534	-3.43947	1	
9.37842	-3.4626	1	
9.37145	-3.4854	1	
9.36444	-3.50697	1	
9.35738	-3.52685	1	
9.35029	-3.54481	1	
9.34317	-3.56214	1	
9.33601	-3.57999	1	
9.32881	-3.59879	1	
9.32157	-3.61855	1	
9.3143	-3.63859	1	
9.30698	-3.65843	1	
9.29962	-3.67861	1	
9.29222	-3.69911	1	
9.28478	-3.71994	1	
9.2773	-3.74063	1	
9.26978	-3.76037	1	
9.26222	-3.77867	1	
9.25463	-3.79556	1	
9.24701	-3.81165	1	
9.23936	-3.82718	1	
9.23167	-3.84179	1	
9.22396	-3.85597	1	
9.21622	-3.87058	1	
9.20845	-3.88641	1	
9.20064	-3.904	1	
9.19279	-3.9239	1	
9.1849	-3.94585	1	
9.17696	-3.96974	1	
9.16897	-3.99495	1	
9.16093	-4.02031	1	
9.15284	-4.04576	1	
9.14469	-4.071	1	
9.1365	-4.09574	1	
9.12826	-4.11941	1	
9.11998	-4.14202	1	
9.11165	-4.16324	1	
9.10329	-4.18292	1	
9.09488	-4.20138	1	
9.08645	-4.21931	1	
9.07797	-4.23807	1	
9.06945	-4.25841	1	
9.06089	-4.28033	1	
9.05229	-4.30377	1	
9.04363	-4.32809	1	
9.03492	-4.35332	1	
9.02617	-4.37868	1	
9.01736	-4.40367	1	
9.0085	-4.4276	1	
8.9996	-4.44971	1	
8.99066	-4.46992	1	
8.98169	-4.48841	1	
8.97268	-4.50572	1	
8.96363	-4.52133	1	
8.95456	-4.53532	1	
8.94546	-4.549	1	
8.93634	-4.56389	1	
8.92717	-4.58127	1	
8.91797	-4.60096	1	
8.90873	-4.6231	1	
8.89943	-4.64707	1	
8.89009	-4.67208	1	
8.88069	-4.69782	1	
8.87124	-4.72341	1	
8.86175	-4.74734	1	
8.85221	-4.76908	1	
8.84263	-4.78941	1	
8.83301	-4.80901	1	
8.82336	-4.82767	1	
8.81367	-4.84585	1	
8.80394	-4.86432	1	
8.79417	-4.8844	1	
8.78436	-4.90704	1	
8.77449	-4.93198	1	
8.76457	-4.95895	1	
8.7546	-4.9866	1	
8.74457	-5.01398	1	
8.7345	-5.0392	1	
8.72437	-5.0611	1	
8.71421	-5.0794	1	
8.70402	-5.09486	1	
8.69381	-5.10717	1	
8.68358	-5.11603	1	
8.67333	-5.12207	1	
8.66308	-5.12535	1	
8.65283	-5.12551	1	
8.64259	-5.12141	1	
8.63237	-5.11079	1	
8.62218	-5.09145	1	
8.61206	-5.06171	1	
8.60202	-5.02089	1	
8.59208	-4.96844	1	
8.58227	-4.90411	1	
8.57262	-4.82791	1	
8.56314	-4.74068	1	
8.55385	-4.64354	1	
8.54478	-4.53758	1	
8.53593	-4.42341	1	
8.52733	-4.30056	1	
8.51899	-4.16811	1	
8.51094	-4.0262	1	
8.50319	-3.87504	1	
8.49576	-3.71539	1	
8.48866	-3.54835	1	
8.48191	-3.37572	1	
8.47551	-3.19865	1	
8.46947	-3.01877	1	
8.4638	-2.8378	1	
8.45848	-2.65735	1	
8.45353	-2.47898	1	
8.44892	-2.30375	1	
8.44465	-2.13249	1	
8.44072	-1.96618	1	
8.43711	-1.80596	1	
8.4338	-1.65256	1	
8.43079	-1.50642	1	
8.42806	-1.36757	1	
8.42558	-1.23592	1	
8.42336	-1.11128	1	
8.42137	-0.993617	1	
8.41961	-0.883008	1	
8.41805	-0.779199	1	
8.41669	-0.681923	1	
8.4155	-0.590862	1	
8.41449	-0.505628	1	
8.41364	-0.425732	1	
8.41294	-0.350398	1	
8.41238	-0.278899	1	
8.41196	-0.210524	1	
8.41167	-0.144862	1	
8.41151	-0.0818093	1	
8.41147	-0.0216478	1	
8.41154	0.0354955	1	
8.41172	0.0893262	1	
8.41199	0.139532	1	
8.41237	0.185683	1	
8.41282	0.227109	1	
8.41335	0.263566	1	
8.41394	0.295217	1	
8.41458	0.321751	1	
8.41527	0.343307	1	
8.41599	0.359908	1	
8.41673	0.371819	1	
8.41749	0.379348	1	
8.41826	0.38314	1	
8.41902	0.383812	1	
8.41979	0.381682	1	
8.42054	0.377086	1	
8.42128	0.370318	1	
8.42201	0.362418	1	
8.42271	0.35348	1	
8.4234	0.343738	1	
8.42407	0.333476	1	
8.42471	0.322756	1	
8.42534	0.311813	1	
8.42594	0.30088	1	
8.42652	0.290005	1	
8.42708	0.278695	1	
8.42761	0.266655	1	
8.42812	0.253419	1	
8.42859	0.239087	1	
8.42904	0.22382	1	
8.42946	0.207849	1	
8.42984	0.191247	1	
8.43019	0.174029	1	
8.4305	0.155891	1	
8.43077	0.136841	1	
8.43101	0.117391	1	
8.4312	0.0980982	1	
8.43136	0.0792436	1	
8.43149	0.0609689	1	
8.43157	0.0430449	1	
8.43162	0.0255858	1	
8.43164	0.00831395	1	
8.43162	-0.00852763	1	
8.43157	-0.0243784	1	
8.4315	-0.0390015	1	
8.43139	-0.052306	1	
8.43126	-0.0641361	1	
8.43111	-0.0746489	1	
8.43095	-0.0837939	1	
8.43076	-0.0920843	1	
8.43056	-0.0995916	1	
8.43035	-0.106205	1	
8.43013	-0.111885	1	
8.42989	-0.116835	1	
8.42965	-0.120874	1	
8.4294	-0.124298	1	
8.42915	-0.127303	1	
8.42889	-0.129838	1	
8.42862	-0.131899	1	
8.42836	-0.133512	1	
8.42809	-0.1347	1	
8.42782	-0.135273	1	
8.42755	-0.135159	1	
8.42728	-0.134611	1	
8.42701	-0.133428	1	
8.42675	-0.131516	1	
8.42649	-0.128879	1	
8.42624	-0.125647	1	
8.42599	-0.121942	1	
8.42576	-0.118043	1	
8.42553	-0.114027	1	
8.42531	-0.10986	1	
8.4251	-0.105674	1	
8.4249	-0.101566	1	
8.4247	-0.0975971	1	
8.42451	-0.0937089	1	
8.42433	-0.0899917	1	
8.42416	-0.0863405	1	
8.424	-0.0828401	1	
8.42384	-0.0794693	1	
8.42368	-0.0761028	1	
8.42354	-0.0728791	1	
8.4234	-0.0696912	1	
8.42327	-0.0665765	1	
8.42314	-0.0634524	1	
8.42302	-0.0602675	1	
8.4229	-0.0570236	1	
8.4228	-0.0537937	1	
8.4227	-0.0506396	1	
8.4226	-0.0475478	1	
8.42251	-0.0445714	1	
8.42243	-0.0418209	1	
8.42235	-0.0392869	1	
8.42228	-0.0369042	1	
8.42221	-0.0347993	1	
8.42214	-0.0329355	1	
8.42208	-0.0313318	1	
8.42202	-0.0298924	1	
8.42196	-0.0285928	1	
8.42191	-0.0274644	1	
8.42185	-0.0263898	1	
8.4218	-0.0254366	1	
8.42175	-0.0245512	1	
8.42171	-0.0236664	1	
8.42166	-0.0227934	1	
8.42162	-0.0219947	1	
8.42157	-0.0211987	1	
8.42153	-0.0204154	1	
8.42149	-0.0196336	1	
8.42146	-0.0188613	1	
8.42142	-0.0180514	1	
8.42138	-0.0173765	1	
8.42135	-0.0166472	1	
8.42132	-0.0160413	1	
8.42129	-0.0154464	1	
8.42126	-0.0147929	1	
8.42123	-0.0141859	1	
8.4212	-0.0136159	1	
8.42118	-0.0130767	1	
8.42115	-0.0125638	1	
8.42113	-0.0120742	1	
8.4211	-0.0116057	1	
8.42108	-0.0111033	1	
8.42106	-0.0106404	1	
8.42104	-0.0102083	1	
8.42102	-0.00980095	1	
8.421	-0.00941459	1	
8.42098	-0.00904648	1	
8.42097	-0.00871403	1	
8.42095	-0.00844218	1	
8.42093	-0.00812086	1	
8.42092	-0.00786484	1	
8.4209	-0.00754423	1	
8.42089	-0.00731598	1	
8.42087	-0.00702006	1	
8.42086	-0.00674075	1	
8.42085	-0.00647554	1	
8.42084	-0.00622267	1	
8.42082	-0.00598089	1	
8.42081	-0.0057493	1	
8.4208	-0.00552717	1	
8.42079	-0.00536811	1	
8.42078	-0.00514174	1	
8.42077	-0.00493124	1	
8.42076	-0.00473419	1	
8.42075	-0.00454661	1	
8.42074	-0.004369	1	
8.42073	-0.0041992	1	
8.42073	-0.00403657	1	
8.42072	-0.0038806	1	
8.42071	-0.00373089	1	
8.4207	-0.0035871	1	
8.4207	-0.00344894	1	
8.42069	-0.00331617	1	
8.42068	-0.00320712	1	
8.42068	-0.0030956	1	
8.42067	-0.00300268	1	
8.42067	-0.00290393	1	
8.42066	-0.00280295	1	
8.42066	-0.00270199	1	
8.42065	-0.00260246	1	
8.42064	-0.00250517	1	
8.42064	-0.00241061	1	
8.42064	-0.00224555	1	
8.42063	-0.00211287	1	
8.42063	-0.00200197	1	
8.42062	-0.00190601	1	
8.42062	-0.00182056	1	
8.42062	-0.00174277	1	
8.42061	-0.00167077	1	
8.42061	-0.00160333	1	
8.42061	-0.00153962	1	
8.4206	-0.0014791	1	
8.4206	-0.00142138	1	
8.4206	-0.00136618	1	
8.4206	-0.00131329	1	
8.42059	-0.00126256	1	
8.42059	-0.00121386	1	
8.42059	-0.00116709	1	
8.42059	-0.00112137	1	
8.42058	-0.00115198	1	
8.42058	-0.00115487	1	
8.42058	-0.00115768	1	
8.42058	-0.00114338	1	
8.42057	-0.00110173	1	
8.42057	-0.00107786	1	
8.42057	-0.00103123	1	
8.42057	-0.00100527	1	
8.42057	-0.000958362	1	
8.42056	-0.000916223	1	
8.42056	-0.000803329	1	
8.42056	-0.000723506	1	
8.42056	-0.000663593	1	
8.42056	-0.000618309	1	
8.42056	-0.00058188	1	
8.42056	-0.000550632	1	
8.42056	-0.000524553	1	
8.42055	-0.000500467	1	
8.42055	-0.000460146	1	
8.42055	-0.000428962	1	
8.42055	-0.000403832	1	
8.42055	-0.000382776	1	
8.42055	-0.000364519	1	
8.42055	-0.000422513	1	
8.42055	-0.000452351	1	
8.42055	-0.00046445	1	
8.42055	-0.000465465	1	
8.42055	-0.000459644	1	
8.42054	-0.000449698	1	
8.42054	-0.000437351	1	
8.42054	-0.000423697	1	
8.42054	-0.000409428	1	
8.42054	-0.000394978	1	
8.42054	-0.000361274	1	
8.42054	-0.000336304	1	
8.42054	-0.000315508	1	
8.42054	-0.000298342	1	
8.42054	-0.000283647	1	
8.42054	-0.000251334	1	
8.42054	-0.000228743	1	
8.42054	-0.0002109	1	
8.42054	-0.000196999	1	
8.42054	-0.000185717	1	
8.42054	-0.000176203	1	
8.42054	-9.44056e-05	1	
8.42054	-0.000116264	1	
8.42054	-0.000128106	1	
8.42054	-0.00013362	1	
8.42054	-0.000135162	1	
8.42053	-0.00013424	1	
8.42053	-0.000132588	1	
8.42053	-0.000128961	1	
8.42053	-0.000124944	1	
8.42053	-0.000121516	1	
8.42053	-0.00011695	1	
8.42053	-5.83605e-05	1	
8.42053	-9.50004e-05	1	
8.42053	-4.27298e-05	1	
8.42053	-8.34745e-05	1	
8.42053	-3.38895e-05	1	
8.42053	-7.64092e-05	1	
8.42053	-2.72407e-05	1	
8.42053	2.62031e-06	1	
8.42053	2.17338e-05	1	
8.42053	3.24212e-05	1	
8.42053	3.85492e-05	1	
8.42053	4.25603e-05	1	
8.42053	4.44393e-05	1	
8.42053	4.42066e-05	1	
8.42053	4.34513e-05	1	
8.42053	4.31586e-05	1	
8.42053	4.16072e-05	1	
8.42053	4.08501e-05	1	
8.42053	3.90448e-05	1	
8.42053	3.73933e-05	1	
8.42053	3.58592e-05	1	
8.42053	1.58495e-05	1	
8.42053	3.31638e-06	1	
8.42053	-4.44223e-06	1	
8.42053	-9.15525e-06	1	
8.42053	-1.19288e-05	1	
8.42053	-1.34704e-05	1	
8.42053	-1.42326e-05	1	
8.42053	-1.45046e-05	1	
8.42053	-1.44711e-05	1	
8.42053	-1.42502e-05	1	
8.42053	-1.39169e-05	1	
8.42053	-1.35191e-05	1	
8.42053	5.4226e-05	1	
8.42053	2.78514e-05	1	
8.42053	7.85483e-05	1	
8.42053	4.13457e-05	1	
8.42053	1.78793e-05	1	
8.42053	7.05041e-05	1	
8.42053	3.45992e-05	1	
8.42053	1.20248e-05	1	
8.42053	-2.03366e-06	1	
8.42053	-1.06568e-05	1	
8.42053	-1.58159e-05	1	
8.42053	-1.87716e-05	1	
8.42053	-2.03307e-05	1	
8.42053	-2.10086e-05	1	
8.42053	-2.11349e-05	1	
8.42053	-2.09199e-05	1	
8.42053	-2.0498e-05	1	
8.42053	-1.99546e-05	1	
8.42053	-1.93438e-05	1	
8.42053	-1.87002e-05	1	
8.42053	-1.80451e-05	1	
8.42053	-1.73922e-05	1	
8.42053	-1.67495e-05	1	
8.42053	2.44698e-06	1	
8.42053	-4.3428e-06	1	
8.42053	1.01081e-05	1	
8.42053	1.96348e-05	1	
8.42053	2.52255e-05	1	
8.42053	2.75429e-05	1	
8.42053	2.93614e-05	1	
8.42053	3.00739e-05	1	
8.42053	3.00959e-05	1	
8.42053	2.96928e-05	1	
8.42053	2.90336e-05	1	
8.42053	2.82259e-05	1	
8.42053	2.73381e-05	1	
8.42053	2.64132e-05	1	
8.42053	2.54783e-05	1	
8.42053	2.45502e-05	1	
8.42053	2.36391e-05	1	
8.42053	2.27512e-05	1	
8.42053	2.18897e-05	1	
8.42053	2.10565e-05	1	
8.42053	2.02522e-05	1	
8.42053	1.87031e-05	1	
8.42053	1.82646e-05	1	
8.42053	1.77418e-05	1	
8.42053	1.71745e-05	1	
8.42053	1.65875e-05	1	
8.42053	1.5223e-05	1	
8.42053	1.49461e-05	1	
8.42053	1.45689e-05	1	
8.42053	1.4135e-05	1	
8.42053	1.36722e-05	1	
8.42053	1.31982e-05	1	
8.42054	3.12928e-05	1	
8.42054	2.34256e-05	1	
8.42054	1.82598e-05	1	
8.42054	1.48281e-05	1	
8.42054	1.25109e-05	1	
8.42054	1.01381e-05	1	
8.42054	9.31116e-06	1	
8.42054	7.89967e-06	1	
8.42054	7.69539e-06	1	
8.42054	7.46313e-06	1	
8.42054	6.44315e-06	1	
8.42054	6.49997e-06	1	
8.42054	5.67122e-06	1	
8.42054	5.85641e-06	1	
8.42054	5.11558e-06	1	
8.42054	5.36256e-06	1	
8.42054	4.66658e-06	1	
8.42054	4.94739e-06	1	
8.42054	5.05169e-06	1	
8.42054	5.04593e-06	1	
8.42054	4.97252e-06	1	
8.42054	4.85849e-06	1	
8.42054	4.72105e-06	1	
8.42054	3.79739e-06	1	
8.42054	3.95012e-06	1	
8.42054	3.2157e-06	1	
8.42054	3.49293e-06	1	
8.42054	3.61518e-06	1	
8.42054	-1.57025e-05	1	
8.42054	-8.03004e-06	1	
8.42054	-2.25402e-05	1	
8.42054	-3.11574e-05	1	
8.42054	-3.60289e-05	1	
8.42054	-3.85279e-05	1	
8.42054	-3.95323e-05	1	
8.42053	-3.9603e-05	1	
8.42053	-3.90981e-05	1	
8.42053	-3.82461e-05	1	
8.42053	-3.71922e-05	1	
8.42053	-3.60287e-05	1	
8.42053	-3.48139e-05	1	
8.42053	-3.35842e-05	1	
8.42053	-3.23625e-05	1	
8.42053	-3.11626e-05	1	
8.42053	-2.99927e-05	1	
8.42053	-2.88575e-05	1	
8.42053	-2.77593e-05	1	
8.42053	-2.66991e-05	1	
8.42053	-2.56771e-05	1	
8.42053	-2.46926e-05	1	
8.42053	-2.37448e-05	1	
8.42053	-2.28328e-05	1	
8.42053	-2.61258e-06	1	
8.42053	-9.47604e-06	1	
8.42053	5.77435e-06	1	
8.42053	1.50793e-05	1	
8.42053	1.2537e-06	1	
8.42053	1.12975e-05	1	
8.42053	-1.24734e-06	1	
8.42053	9.6192e-06	1	
8.42053	-2.39603e-06	1	
8.42053	9.58601e-06	1	
8.42053	-2.51601e-06	1	
8.42053	9.41429e-06	1	
8.42053	-2.7172e-06	1	
8.42053	9.19775e-06	1	
8.42053	1.64027e-05	1	
8.42053	1.2665e-06	1	
8.42053	1.12773e-05	1	
8.42053	-2.06129e-06	1	
8.42053	9.10178e-06	1	
8.42053	1.58453e-05	1	
8.42053	1.97758e-05	1	
8.42053	2.19208e-05	1	
8.42053	2.29372e-05	1	
8.42053	2.24714e-05	1	
8.42053	2.26473e-05	1	
8.42053	2.2442e-05	1	
8.42053	2.20049e-05	1	
8.42053	2.14313e-05	1	
8.42053	2.07815e-05	1	
8.42053	2.00939e-05	1	
8.42053	1.93925e-05	1	
8.42053	1.86924e-05	1	
8.42053	1.80028e-05	1	
8.42053	1.73291e-05	1	
8.42053	1.66746e-05	1	
8.42053	1.60409e-05	1	
8.42053	1.54289e-05	1	
8.42053	1.48386e-05	1	
8.42053	1.42699e-05	1	
8.42053	1.37224e-05	1	
8.42053	1.31954e-05	1	
8.42054	1.26884e-05	1	
8.42054	1.22007e-05	1	
8.42054	1.17317e-05	1	
8.42054	1.12806e-05	1	
8.42054	1.08468e-05	1	
8.42054	1.04297e-05	1	
8.42054	1.00286e-05	1	
8.42054	9.6429e-06	1	
8.42054	9.27204e-06	1	
8.42054	8.91543e-06	1	
8.42054	8.57253e-06	1	
8.42054	8.24283e-06	1	
8.42054	7.9258e-06	1	
8.42054	7.62096e-06	1	
8.42054	7.32785e-06	1	
8.42054	7.04601e-06	1	
8.42054	6.00129e-06	1	
8.42054	6.04901e-06	1	
8.42054	5.99462e-06	1	
8.42054	5.10444e-06	1	
8.42054	5.25967e-06	1	
8.42054	-1.40605e-05	1	
8.42054	-6.41228e-06	1	
8.42054	-2.09598e-05	1	
8.42054	-2.96218e-05	1	
8.42054	-3.45422e-05	1	
8.42054	-3.70918e-05	1	
8.42053	-3.81473e-05	1	
8.42053	-3.82686e-05	1	
8.42053	-3.78134e-05	1	
8.42053	-3.70096e-05	1	
8.42053	-3.60026e-05	1	
8.42053	-3.48844e-05	1	
8.42053	-3.37133e-05	1	
8.42053	-3.25258e-05	1	
8.42053	3.59685e-05	1	
8.42053	1.03076e-05	1	
8.42053	-5.62637e-06	1	
8.42053	-1.5354e-05	1	
8.42053	-2.11277e-05	1	
8.42053	-2.43881e-05	1	
8.42053	-2.60569e-05	1	
8.42053	-2.6723e-05	1	
8.42053	-2.6763e-05	1	
8.42053	-2.6417e-05	1	
8.42053	-2.58383e-05	1	
8.42053	-2.51244e-05	1	
8.42053	-2.43372e-05	1	
8.42053	-2.35158e-05	1	
8.42053	-2.26847e-05	1	
8.42053	-2.18592e-05	1	
8.42053	-2.10485e-05	1	
8.42053	-2.02582e-05	1	
8.42053	-1.94914e-05	1	
8.42053	4.93373e-05	1	
8.42053	2.29234e-05	1	
8.42053	6.35129e-06	1	
8.42053	6.33783e-05	1	
8.42053	3.02811e-05	1	
8.42053	7.75812e-05	1	
8.42053	3.75279e-05	1	
8.42053	1.23601e-05	1	
8.42053	-3.29893e-06	1	
8.42053	-1.28896e-05	1	
8.42053	-1.8613e-05	1	
8.42053	-2.18774e-05	1	
8.42053	-2.35834e-05	1	
8.42053	-2.43067e-05	1	
8.42053	-2.44152e-05	1	
8.42053	-2.41439e-05	1	
8.42053	-2.36427e-05	1	
8.42053	-2.30069e-05	1	
8.42053	-2.95422e-06	1	
8.42053	9.42679e-06	1	
8.42053	1.69154e-05	1	
8.42053	2.12895e-05	1	
8.42053	2.36865e-05	1	
8.42053	2.48336e-05	1	
8.42053	2.51957e-05	1	
8.42053	2.42959e-05	1	
8.42053	2.34058e-05	1	
8.42053	2.33077e-05	1	
8.42053	2.29245e-05	1	
8.42053	2.23714e-05	1	
8.42053	2.17212e-05	1	
8.42053	2.02466e-05	1	
8.42053	1.98326e-05	1	
8.42053	1.85295e-05	1	
8.42053	1.82447e-05	1	
8.42053	1.78168e-05	1	
8.42053	1.65331e-05	1	
8.42053	1.62879e-05	1	
8.42053	1.59115e-05	1	
8.42053	1.54596e-05	1	
8.42053	1.49674e-05	1	
8.42053	1.44573e-05	1	
8.42053	1.39432e-05	1	
8.42053	1.34338e-05	1	
8.42054	1.29343e-05	1	
8.42054	1.24478e-05	1	
8.42054	1.19761e-05	1	
8.42054	1.152e-05	1	
8.42054	1.10798e-05	1	
8.42054	9.88175e-06	1	
8.42054	9.7814e-06	1	
8.42054	8.8105e-06	1	
8.42054	8.86474e-06	1	
8.42054	8.77538e-06	1	
8.42054	8.59889e-06	1	
8.42054	8.37121e-06	1	
8.42054	8.11519e-06	1	
8.42054	7.84528e-06	1	
8.42054	7.57056e-06	1	
8.42054	7.29667e-06	1	
8.42054	7.02709e-06	1	
8.42054	-1.2579e-05	1	
8.42054	-2.447e-05	1	
8.42054	-3.14488e-05	1	
8.42054	-3.5308e-05	1	
8.42054	-3.7194e-05	1	
8.42053	-3.78396e-05	1	
8.42053	-3.7713e-05	1	
8.42053	-3.71129e-05	1	
8.42053	-3.62297e-05	1	
8.42053	-3.51846e-05	1	
8.42053	-3.40543e-05	1	
8.42053	-3.28872e-05	1	
8.42053	-3.17136e-05	1	
8.42053	-3.05523e-05	1	
8.42053	-2.94146e-05	1	
8.42053	-2.83072e-05	1	
8.42053	-2.72338e-05	1	
8.42053	-2.61961e-05	1	
8.42053	-2.51949e-05	1	
8.42053	4.30833e-05	1	
8.42053	1.71909e-05	1	
8.42053	1.01915e-06	1	
8.42053	-8.94683e-06	1	
8.42053	-1.49559e-05	1	
8.42053	-1.84466e-05	1	
8.42053	-2.03394e-05	1	
8.42053	-2.12226e-05	1	
8.42053	-2.14722e-05	1	
8.42053	-2.13285e-05	1	
8.42053	-2.09447e-05	1	
8.42053	-2.04186e-05	1	
8.42053	-1.98121e-05	1	
8.42053	-1.91645e-05	1	
8.42053	-1.85007e-05	1	
8.42053	-1.7836e-05	1	
8.42053	-1.718e-05	1	
8.42053	-1.65384e-05	1	
8.42053	-1.59146e-05	1	
8.42053	-1.53104e-05	1	
8.42053	-1.47266e-05	1	
8.42053	-1.41634e-05	1	
8.42053	-1.36207e-05	1	
8.42053	-1.30981e-05	1	
8.42053	-1.25952e-05	1	
8.42053	-1.21113e-05	1	
8.42053	-1.16459e-05	1	
8.42053	8.1447e-06	1	
8.42053	8.67874e-07	1	
8.42053	-3.62219e-06	1	
8.42053	-6.33515e-06	1	
8.42053	-7.91695e-06	1	
8.42053	1.05621e-05	1	
8.42053	2.44474e-06	1	
8.42053	1.67584e-05	1	
8.42053	2.53348e-05	1	
8.42053	3.02618e-05	1	
8.42053	3.21011e-05	1	
8.42053	3.35622e-05	1	
8.42053	3.32229e-05	1	
8.42053	1.3985e-05	1	
8.42053	2.12954e-05	1	
8.42053	2.54993e-05	1	
8.42053	2.77333e-05	1	
8.42053	2.79503e-05	1	
8.42053	2.84706e-05	1	
8.42053	2.83965e-05	1	
8.42053	2.79578e-05	1	
8.42053	2.73007e-05	1	
8.42053	2.65183e-05	1	
8.42053	2.56696e-05	1	
8.42053	2.4792e-05	1	
8.42053	2.39086e-05	1	
8.42053	2.30339e-05	1	
8.42053	2.21768e-05	1	
8.42053	2.05685e-05	1	
8.42053	2.00677e-05	1	
8.42053	1.94817e-05	1	
8.42053	1.80776e-05	1	
8.42053	1.77369e-05	1	
8.42053	1.6508e-05	1	
8.42053	1.62969e-05	1	
8.42053	1.51676e-05	1	
8.42053	1.50363e-05	1	
8.42053	1.39737e-05	1	
8.42053	1.38999e-05	1	
8.42053	1.36621e-05	1	
8.42053	1.33266e-05	1	
8.42053	1.29356e-05	1	
8.42054	1.25159e-05	1	
8.42054	1.20843e-05	1	
8.42054	1.08777e-05	1	
8.42054	1.07582e-05	1	
8.42054	1.05358e-05	1	
8.42054	1.0253e-05	1	
8.42054	9.93699e-06	1	
8.42054	-9.7379e-06	1	
8.42054	-2.36784e-06	1	
8.42054	-1.71425e-05	1	
8.42054	-2.59972e-05	1	
8.42053	-3.10863e-05	1	
8.42053	-3.37877e-05	1	
8.42053	-3.49822e-05	1	
8.42053	-3.52329e-05	1	
8.42053	-3.48994e-05	1	
8.42053	-3.42109e-05	1	
8.42053	-3.33135e-05	1	
8.42053	-3.23e-05	1	
8.42053	-3.12291e-05	1	
8.42053	-3.01377e-05	1	
8.42053	-2.90487e-05	1	
8.42053	-2.79764e-05	1	
8.42053	-2.69292e-05	1	
8.42053	-2.59118e-05	1	
8.42053	-2.4927e-05	1	
8.42053	-2.39758e-05	1	
8.42053	-2.30585e-05	1	
8.42053	-2.21747e-05	1	
8.42053	-2.13238e-05	1	
8.42053	-2.05049e-05	1	
8.42053	-1.97171e-05	1	
8.42053	-1.89593e-05	1	
8.42053	-1.82304e-05	1	
8.42053	-1.75294e-05	1	
8.42053	-1.68554e-05	1	
8.42053	-1.62072e-05	1	
8.42053	-1.55839e-05	1	
8.42053	-1.49845e-05	1	
8.42053	-1.44082e-05	1	
8.42053	-1.38541e-05	1	
8.42053	-1.33212e-05	1	
8.42053	-1.28089e-05	1	
8.42053	-1.23162e-05	1	
8.42053	-1.18425e-05	1	
8.42053	-1.13871e-05	1	
8.42053	-1.09491e-05	1	
8.42053	-1.0528e-05	1	
8.42053	-1.01231e-05	1	
8.42053	-9.73371e-06	1	
8.42053	-9.35934e-06	1	
8.42053	-8.99936e-06	1	
8.42053	-8.65323e-06	1	
8.42053	-8.32042e-06	1	
8.42053	-8.0004e-06	1	
8.42053	-7.69269e-06	1	
8.42053	-7.39682e-06	1	
8.42053	-7.11233e-06	1	
8.42053	1.25041e-05	1	
8.42053	5.05972e-06	1	
8.42053	1.97514e-05	1	
8.42053	9.17606e-06	1	
8.42053	2.1884e-05	1	
8.42053	2.86275e-05	1	
8.42053	1.38119e-05	1	
8.42053	2.30724e-05	1	
8.42053	2.92255e-05	1	
8.42053	3.26073e-05	1	
8.42053	3.34633e-05	1	
8.42053	3.43004e-05	1	
8.42053	3.43406e-05	1	
8.42053	3.31161e-05	1	
8.42053	3.26778e-05	1	
8.42053	3.11819e-05	1	
8.42053	3.06033e-05	1	
8.42053	2.90498e-05	1	
8.42053	2.84653e-05	1	
8.42053	2.77114e-05	1	
8.42053	2.68638e-05	1	
8.42053	2.59703e-05	1	
8.42053	2.50608e-05	1	
8.42053	2.33804e-05	1	
8.42053	2.27963e-05	1	
8.42053	2.21212e-05	1	
8.42053	2.06258e-05	1	
8.42053	2.01936e-05	1	
8.42053	1.88744e-05	1	
8.42053	1.85749e-05	1	
8.42053	1.81334e-05	1	
8.42053	1.6837e-05	1	
8.42053	1.65797e-05	1	
8.42053	1.54181e-05	1	
8.42053	1.52635e-05	1	
8.42053	1.41834e-05	1	
8.42053	1.33222e-05	1	
8.42053	1.33816e-05	1	
8.42053	1.24591e-05	1	
8.42053	1.24926e-05	1	
8.42053	-7.00258e-06	1	
8.42053	-3.33525e-07	1	
8.42053	4.54884e-06	1	
8.42053	-1.18525e-05	1	
8.42053	-3.21233e-06	1	
8.42053	-1.642e-05	1	
8.42053	-4.97756e-06	1	
8.42053	-1.721e-05	1	
8.42053	-2.44994e-05	1	
8.42053	-2.86459e-05	1	
8.42053	-3.0801e-05	1	
8.42053	-3.17007e-05	1	
8.42053	-3.18155e-05	1	
8.42053	-3.14456e-05	1	
8.42053	-3.07825e-05	1	
8.42053	-2.99483e-05	1	
8.42053	-2.90202e-05	1	
8.42053	-2.80473e-05	1	
8.42053	-2.70602e-05	1	
8.42053	-2.60781e-05	1	
8.42053	-2.51127e-05	1	
8.42053	-2.41708e-05	1	
8.42053	-2.32566e-05	1	
8.42053	-2.23719e-05	1	
8.42053	-2.15178e-05	1	
8.42053	-2.06942e-05	1	
8.42053	-1.99009e-05	1	
8.42053	-1.91371e-05	1	
8.42053	-1.84021e-05	1	
8.42053	-1.7695e-05	1	
8.42053	-1.70149e-05	1	
8.42053	-1.63607e-05	1	
8.42053	-1.57316e-05	1	
8.42053	-1.51267e-05	1	
8.42053	-1.4545e-05	1	
8.42053	-1.39856e-05	1	
8.42053	-1.34477e-05	1	
8.42053	-1.29305e-05	1	
8.42053	-1.24332e-05	1	
8.42053	-1.1955e-05	1	
8.42053	-1.14952e-05	1	
8.42053	-1.10531e-05	1	
8.42053	-1.0628e-05	1	
8.42053	-1.02192e-05	1	
8.42053	-9.82616e-06	1	
8.42053	-9.44823e-06	1	
8.42053	-9.08484e-06	1	
8.42053	-8.73542e-06	1	
8.42053	-8.39944e-06	1	
8.42053	-8.07639e-06	1	
8.42053	-7.76576e-06	1	
8.42053	-7.46708e-06	1	
8.42053	-7.17988e-06	1	
8.42053	-6.90373e-06	1	
8.42053	1.19309e-05	1	
8.42053	4.78716e-06	1	
8.42053	1.88939e-05	1	
8.42053	8.74414e-06	1	
8.42053	2.172e-05	1	
8.42053	2.86306e-05	1	
8.42053	3.32606e-05	1	
8.42053	3.48756e-05	1	
8.42053	1.68174e-05	1	
8.42053	2.48147e-05	1	
8.42053	1.00496e-05	1	
8.42053	2.01672e-05	1	
8.42053	6.77123e-06	1	
8.42053	1.77767e-05	1	
8.42053	2.43031e-05	1	
8.42053	2.79829e-05	1	
8.42053	2.98599e-05	1	
8.42053	3.06016e-05	1	
8.42053	2.98605e-05	1	
8.42053	2.97648e-05	1	
8.42053	2.92937e-05	1	
8.42053	2.85982e-05	1	
8.42053	2.77743e-05	1	
8.42053	2.61089e-05	1	
8.42053	2.54963e-05	1	
8.42053	2.39926e-05	1	
8.42053	2.35087e-05	1	
8.42053	2.28854e-05	1	
8.42053	2.2185e-05	1	
8.42053	2.14468e-05	1	
8.42053	2.06956e-05	1	
8.42053	1.99467e-05	1	
8.42053	1.92097e-05	1	
8.42053	1.84902e-05	1	
8.42053	1.70177e-05	1	
8.42053	1.66496e-05	1	
8.42053	1.54188e-05	1	
8.42053	1.52217e-05	1	
8.42053	1.48896e-05	1	
8.42053	1.37053e-05	1	
8.42053	1.35605e-05	1	
8.42053	1.25099e-05	1	
8.42053	-6.87897e-06	1	
8.42053	6.2752e-07	1	
8.42053	-1.41046e-05	1	
8.42053	-3.63245e-06	1	
8.42053	-1.64806e-05	1	
8.42053	-2.41589e-05	1	
8.42053	-2.85496e-05	1	
8.42053	-3.08562e-05	1	
8.42053	-3.18484e-05	1	
8.42053	-3.2018e-05	1	
8.42053	-3.16791e-05	1	
8.42053	-3.10319e-05	1	
8.42053	-3.02039e-05	1	
8.42053	-2.92762e-05	1	
8.42053	-2.82999e-05	1	
8.42053	-2.73073e-05	1	
8.42053	-2.63183e-05	1	
8.42053	-2.53454e-05	1	
8.42053	-2.43957e-05	1	
8.42053	-2.34734e-05	1	
8.42053	-2.25809e-05	1	
8.42053	-2.1719e-05	1	
8.42053	-2.08879e-05	1	
8.42053	-2.00872e-05	1	
8.42053	-1.93163e-05	1	
8.42053	-1.85745e-05	1	
8.42053	-1.78608e-05	1	
8.42053	-1.71743e-05	1	
8.42053	-1.6514e-05	1	
8.42053	-1.58791e-05	1	
8.42053	-1.52685e-05	1	
8.42053	-1.46813e-05	1	
8.42053	-1.41167e-05	1	
8.42053	-1.35738e-05	1	
8.42053	-1.30517e-05	1	
8.42053	-1.25497e-05	1	
8.42053	-1.20671e-05	1	
8.42053	-1.16029e-05	1	
8.42053	-1.11567e-05	1	
8.42053	-1.07276e-05	1	
8.42053	-1.0315e-05	1	
8.42053	-9.91826e-06	1	
8.42053	-9.53679e-06	1	
8.42053	-9.16999e-06	1	
8.42053	-8.81729e-06	1	
8.42053	-8.47817e-06	1	
8.42053	-8.15209e-06	1	
8.42053	-7.83854e-06	1	
8.42053	-7.53706e-06	1	
8.42053	-7.24718e-06	1	
8.42053	-6.96844e-06	1	
8.42053	-6.70042e-06	1	
8.42053	-6.44271e-06	1	
8.42053	-6.19492e-06	1	
8.42053	-5.95665e-06	1	
8.42053	-5.72755e-06	1	
8.42053	-5.50726e-06	1	
8.42053	-5.29544e-06	1	
8.42053	-5.09177e-06	1	
8.42053	-4.89593e-06	1	
8.42053	1.38615e-05	1	
8.42053	6.64349e-06	1	
8.42053	2.14525e-05	1	
8.42053	3.02687e-05	1	
8.42053	3.52749e-05	1	
8.42053	1.85244e-05	1	
8.42053	2.73028e-05	1	
8.42053	3.15531e-05	1	
8.42053	3.45055e-05	1	
8.42053	3.58446e-05	1	
8.42053	1.68295e-05	1	
8.42053	2.42377e-05	1	
8.42053	2.8461e-05	1	
8.42053	3.06659e-05	1	
8.42053	3.15982e-05	1	
8.42053	3.17343e-05	1	
8.42053	3.0605e-05	1	
8.42053	3.026e-05	1	
8.42053	2.96287e-05	1	
8.42053	2.883e-05	1	
8.42053	2.79393e-05	1	
8.42053	2.62306e-05	1	
8.42053	2.55896e-05	1	
8.42053	2.40671e-05	1	
8.42053	2.2797e-05	1	
8.42053	2.24734e-05	1	
8.42053	2.11894e-05	1	
8.42053	2.08796e-05	1	
8.42053	1.05695e-06	1	
8.42053	8.18663e-06	1	
8.42053	1.24608e-05	1	
8.42053	1.49185e-05	1	
8.42053	1.62244e-05	1	
8.42053	-2.53953e-06	1	
8.42053	5.29148e-06	1	
8.42053	-9.30556e-06	1	
8.42053	-1.81595e-05	1	
8.42053	-4.01379e-06	1	
8.42053	-1.4596e-05	1	
8.42053	-2.09061e-05	1	
8.42053	-2.44997e-05	1	
8.42053	-2.63719e-05	1	
8.42053	-2.71589e-05	1	
8.42053	-2.72672e-05	1	
8.42053	-2.69563e-05	1	
8.42053	-2.63917e-05	1	
8.42053	-2.56788e-05	1	
8.42053	-2.48846e-05	1	
8.42053	-2.40513e-05	1	
8.42053	-2.32055e-05	1	
8.42053	-2.23636e-05	1	
8.42053	-2.1536e-05	1	
8.42053	-2.07284e-05	1	
8.42053	-1.99445e-05	1	
8.42053	-1.91859e-05	1	
8.42053	-1.84534e-05	1	
8.42053	-1.77471e-05	1	
8.42053	-1.70668e-05	1	
8.42053	-1.64118e-05	1	
8.42053	-1.57815e-05	1	
8.42053	-1.51751e-05	1	
8.42053	-1.45918e-05	1	
8.42053	-1.40308e-05	1	
8.42053	-1.34913e-05	1	
8.42053	-1.29725e-05	1	
8.42053	-1.24737e-05	1	
8.42053	-1.19939e-05	1	
8.42053	-1.15327e-05	1	
8.42053	-1.10891e-05	1	
8.42053	-1.06626e-05	1	
8.42053	-1.02525e-05	1	
8.42053	-9.85821e-06	1	
8.42053	-9.47905e-06	1	
8.42053	-9.11447e-06	1	
8.42053	-8.76392e-06	1	
8.42053	-8.42684e-06	1	
8.42053	-8.10273e-06	1	
8.42053	-7.79109e-06	1	
8.42053	-7.49143e-06	1	
8.42053	-7.2033e-06	1	
8.42053	-6.92625e-06	1	
8.42053	-6.65986e-06	1	
8.42053	-6.40371e-06	1	
8.42053	-6.15741e-06	1	
8.42053	-5.92059e-06	1	
8.42053	-5.69288e-06	1	
8.42053	-5.47392e-06	1	
8.42053	-5.26338e-06	1	
8.42053	-5.06095e-06	1	
8.42053	-4.8663e-06	1	
8.42053	-4.67913e-06	1	
8.42053	-4.49916e-06	1	
8.42053	-4.32612e-06	1	
8.42053	-4.15973e-06	1	
8.42053	-3.99974e-06	1	
8.42053	-3.8459e-06	1	
8.42053	-3.69799e-06	1	
8.42053	-3.55576e-06	1	
8.42053	-3.419e-06	1	
8.42053	-3.2875e-06	1	
8.42053	1.61818e-05	1	
8.42053	8.596e-06	1	
8.42053	2.31516e-05	1	
8.42053	1.24455e-05	1	
8.42053	5.68486e-06	1	
8.42053	1.44572e-06	1	
8.42053	1.81599e-05	1	
8.42053	2.74203e-05	1	
8.42053	3.35131e-05	1	
8.42053	3.67985e-05	1	
8.42053	1.89679e-05	1	
8.42053	2.70755e-05	1	
8.42053	1.2347e-05	1	
8.42053	2.24552e-05	1	
8.42053	9.02186e-06	1	
8.42053	6.30272e-07	1	
8.42053	1.48003e-05	1	
8.42053	3.97261e-06	1	
8.42053	-2.74561e-06	1	
8.42053	-6.84189e-06	1	
8.42053	1.00749e-05	1	
8.42053	1.0029e-06	1	
8.42053	1.47491e-05	1	
8.42053	3.66121e-06	1	
8.42053	-3.21279e-06	1	
8.42053	-7.39847e-06	1	
8.42053	-9.87182e-06	1	
8.42053	8.08565e-06	1	
8.42053	-3.18404e-07	1	
8.42053	1.38571e-05	1	
8.42053	3.04582e-06	1	
8.42053	-3.64947e-06	1	
8.42053	1.085e-05	1	
8.42053	1.05342e-06	1	
8.42053	-4.98985e-06	1	
8.42053	-8.63969e-06	1	
8.42053	-1.07661e-05	1	
8.42053	-1.19256e-05	1	
8.42053	-1.2474e-05	1	
8.42053	-1.26388e-05	1	
8.42053	-1.25652e-05	1	
8.42053	-1.23459e-05	1	
8.42053	-1.20401e-05	1	
8.42053	-1.16851e-05	1	
8.42053	-1.13049e-05	1	
8.42053	-1.09144e-05	1	
8.42053	-1.05229e-05	1	
8.42053	-1.01364e-05	1	
8.42053	-9.75811e-06	1	
8.42053	-9.39023e-06	1	
8.42053	-9.03383e-06	1	
8.42053	-8.68941e-06	1	
8.42053	-8.35715e-06	1	
8.42053	-8.03697e-06	1	
8.42053	-7.72866e-06	1	
8.42053	-7.43191e-06	1	
8.42053	-7.1464e-06	1	
8.42053	-6.87174e-06	1	
8.42053	-6.60758e-06	1	
8.42053	-6.35353e-06	1	
8.42053	-6.10922e-06	1	
8.42053	-5.87428e-06	1	
8.42053	-5.64837e-06	1	
8.42053	-5.43114e-06	1	
8.42053	-5.22226e-06	1	
8.42053	-5.02141e-06	1	
8.42053	-4.82828e-06	1	
8.42053	-4.64258e-06	1	
8.42053	-4.46402e-06	1	
8.42053	-4.29233e-06	1	
8.42053	-4.12724e-06	1	
8.42053	-3.9685e-06	1	
8.42053	-3.81587e-06	1	
8.42053	-3.6691e-06	1	
8.42053	-3.52798e-06	1	
8.42053	-3.39229e-06	1	
8.42053	-3.26182e-06	1	
8.42053	-3.13637e-06	1	
8.42053	-3.01574e-06	1	
8.42053	-2.89975e-06	1	
8.42053	-2.78822e-06	1	
8.42053	-2.68098e-06	1	
8.42053	-2.57786e-06	1	
8.42053	-2.47872e-06	1	
8.42053	-2.38338e-06	1	
8.42053	-2.29171e-06	1	
8.42053	-2.20357e-06	1	
8.42053	-2.11882e-06	1	
8.42053	-2.03732e-06	1	
8.42053	-1.95897e-06	1	
8.42053	1.74592e-05	1	
8.42053	9.8243e-06	1	
8.42053	4.98985e-06	1	
8.42053	1.94571e-06	1	
8.42053	4.54547e-08	1	
8.42053	1.82183e-05	1	
8.42053	9.80647e-06	1	
8.42053	4.49418e-06	1	
8.42053	1.16285e-06	1	
8.42053	-9.03296e-07	1	
8.42053	1.71806e-05	1	
8.42053	8.7284e-06	1	
8.42053	2.19753e-05	1	
8.42053	1.12539e-05	1	
8.42053	4.50024e-06	1	
8.42053	1.8851e-05	1	
8.42053	8.85205e-06	1	
8.42053	2.5763e-06	1	
8.42053	1.80215e-05	1	
8.42053	7.93382e-06	1	
8.42053	1.61618e-06	1	
8.42053	1.70489e-05	1	
8.42053	6.96701e-06	1	
8.42053	2.00092e-05	1	
8.42053	8.41521e-06	1	
8.42053	1.16395e-06	1	
8.42053	1.60284e-05	1	
8.42053	5.61092e-06	1	
8.42053	1.84653e-05	1	
8.42053	6.77724e-06	1	
8.42053	-5.09286e-07	1	
8.42053	-4.98625e-06	1	
8.42053	-7.67226e-06	1	
8.42053	-9.21896e-06	1	
8.42053	-1.00431e-05	1	
8.42053	-1.04113e-05	1	
8.42053	-1.04936e-05	1	
8.42053	-1.0399e-05	1	
8.42053	-1.01968e-05	1	
8.42053	9.41164e-06	1	
8.42053	2.00523e-06	1	
8.42053	-2.58033e-06	1	
8.42053	-5.36649e-06	1	
8.42053	-7.00674e-06	1	
8.42053	1.14237e-05	1	
8.42053	3.26455e-06	1	
8.42053	-1.80169e-06	1	
8.42053	-4.89443e-06	1	
8.42053	-6.72989e-06	1	
8.42053	-7.76622e-06	1	
8.42053	-8.29643e-06	1	
8.42053	-8.50783e-06	1	
8.42053	-8.52013e-06	1	
8.42053	-8.40973e-06	1	
8.42053	-8.22534e-06	1	
8.42053	-7.99799e-06	1	
8.42053	-7.74734e-06	1	
8.42053	-7.48582e-06	1	
8.42053	-7.22123e-06	1	
8.42053	-6.95843e-06	1	
8.42053	-6.70035e-06	1	
8.42053	-6.44876e-06	1	
8.42053	1.31382e-05	1	
8.42053	5.66696e-06	1	
8.42053	9.90803e-07	1	
8.42053	-1.90055e-06	1	
8.42053	-3.65353e-06	1	
8.42053	-4.6817e-06	1	
8.42053	-5.2496e-06	1	
8.42053	-5.52638e-06	1	
8.42053	-5.6202e-06	1	
8.42053	-5.60011e-06	1	
8.42053	-5.51021e-06	1	
8.42053	-5.37859e-06	1	
8.42053	-5.22312e-06	1	
8.42053	-5.05513e-06	1	
8.42053	-4.88175e-06	1	
8.42053	-4.70747e-06	1	
8.42053	-4.53503e-06	1	
8.42053	-4.36613e-06	1	
8.42053	-4.20173e-06	1	
8.42053	-4.04239e-06	1	
8.42053	-3.88836e-06	1	
8.42053	-3.73973e-06	1	
8.42053	-3.59649e-06	1	
8.42053	-3.45854e-06	1	
8.42053	-3.32576e-06	1	
8.42053	-3.19801e-06	1	
8.42053	-3.0751e-06	1	
8.42053	-2.95689e-06	1	
8.42053	-2.84321e-06	1	
8.42053	-2.73388e-06	1	
8.42053	-2.62875e-06	1	
8.42053	-2.52765e-06	1	
8.42053	1.69124e-05	1	
8.42053	9.2985e-06	1	
8.42053	2.38271e-05	1	
8.42053	1.3095e-05	1	
8.42053	6.30938e-06	1	
8.42053	2.04622e-06	1	
8.42053	-6.05595e-07	1	
8.42053	-2.2291e-06	1	
8.42053	-3.19731e-06	1	
8.42053	-3.74886e-06	1	
8.42053	-4.03637e-06	1	
8.42053	-4.15741e-06	1	
8.42053	-4.17434e-06	1	
8.42053	-4.12695e-06	1	
8.42053	-4.04065e-06	1	
8.42053	-3.93159e-06	1	
8.42053	1.55328e-05	1	
8.42053	7.95298e-06	1	
8.42053	3.17835e-06	1	
8.42053	1.96111e-07	1	
8.42053	-1.64183e-06	1	
8.42053	-2.75014e-06	1	
8.42053	-3.39409e-06	1	
8.42053	6.35698e-05	1	
8.42053	3.6585e-05	1	
8.42053	1.94724e-05	1	
8.42053	8.67191e-06	1	
8.42053	1.90541e-06	1	
8.42053	-2.28497e-06	1	
8.42053	-4.83203e-06	1	
8.42053	-6.33255e-06	1	
8.42053	-7.16826e-06	1	
8.42053	-7.58329e-06	1	
8.42053	-7.7337e-06	1	
8.42053	-7.71917e-06	1	
8.42053	-7.60336e-06	1	
8.42053	-7.4268e-06	1	
8.42053	-7.21533e-06	1	
8.42053	-6.98528e-06	1	
8.42053	-6.74699e-06	1	
8.42053	-6.50694e-06	1	
8.42053	-6.26911e-06	1	
8.42053	-6.03596e-06	1	
8.42053	-5.8089e-06	1	
8.42053	6.17244e-05	1	
8.42053	3.51156e-05	1	
8.42053	1.82547e-05	1	
8.42053	7.62599e-06	1	
8.42053	9.79672e-07	1	
8.42053	-3.12394e-06	1	
8.42053	-5.60598e-06	1	
8.42053	-7.05577e-06	1	
