10	0	1	
10	0	1	
10	0	1	
10	0	1	
10	0	1	
10	0	1	
10	0	1	
10	0	1	
10	0	1	
10	0	1	
10	0	1	
10	0	1	
10	0	1	
10	0	1	
10	0	1	
10	0	1	
10	0	1	
10	0	1	
10	0	1	
10	0	1	
10	0	1	
10	0	1	
10	0	1	
10	0	1	
10	0	1	
10	0	1	
10	0	1	
10	0	1	
10	0	1	
10	0	1	
10	0	1	
10	0	1	
10	0	1	
10	0	1	
10	0	1	
10	0	1	
10	0	1	
10	0	1	
10	0	1	
10	0	1	
10	0	1	
10	0	1	
10	0	1	
10	0	1	
10	0	1	
10	0	1	
10	0	1	
10	0	1	
10	0	1	
10	0	1	
10	0	1	
10	0	1	
10	0	1	
10	0	1	
10	0	1	
10	0	1	
10	0	1	
10	0	1	
10	0	1	
10	0	1	
10	0	1	
10	0	1	
10	0	1	
10	0	1	
10	0	1	
10	0	1	
10	0	1	
10	0	1	
10	0	1	
10	0	1	
10	0	1	
10	0	1	
10	0	1	
10	0	1	
10	0	1	
10	0	1	
10	0	1	
10	0	1	
10	0	1	
10	0	1	
10	0	1	
10	0	1	
10	0	1	
10	0	1	
10	0	1	
10	0	1	
10	0	1	
10	0	1	
10	0	1	
10	0	1	
10	0	1	
10	0	1	
10	0	1	
10	0	1	
10	0	1	
10	0	1	
10	0	1	
10	0	1	
10	0	1	
10	0	1	
10	0	1	
10	0	1	
10	0	1	
10	0	1	
10	0	1	
10	0	1	
10	0	1	
10	0	1	
10	0	1	
10	0	1	
10	0	1	
10	0	1	
10	0	1	
10	0	1	
10	0	1	
10	0	1	
10	0	1	
10	0	1	
10	0	1	
10	0	1	
10	0	1	
10	0	1	
10	0	1	
10	0	1	
10	0	1	
10	0	1	
10	0	1	
10	0	1	
10	0	1	
10	0	1	
10	0	1	
10	0	1	
10	0	1	
10	0	1	
10	0	1	
10	0	1	
10	0	1	
10	0	1	
10	0	1	
10	0	1	
10	0	1	
10	0	1	
10	0	1	
10	0	1	
10	0	1	
10	0	1	
10	0	1	
10	0	1	
10	0	1	
10	0	1	
10	0	1	
10	0	1	
10	0	1	
10	0	1	
10	0	1	
10	0	1	
10	0	1	
10	0	1	
10	0	1	
10	0	1	
10	0	1	
10	0	1	
10	0	1	
10	0	1	
10	0	1	
10	0	1	
10	0	1	
10	0	1	
10	0	1	
10	0	1	
10	0	1	
10	0	1	
10	0	1	
10	0	1	
10	0	1	
10	0	1	
10	0	1	
10	0	1	
10	0	1	
10	0	1	
10	0	1	
10	0	1	
10	0	1	
10	0	1	
10	0	1	
10	0	1	
10	0	1	
10	0	1	
10	0	1	
10	0	1	
10	0	1	
10	0	1	
10	0	1	
10	0	1	
10	0	1	
10	0	1	
10	0	1	
10	0	1	
10	0	1	
10	0	1	
10	0	1	
10	0	1	
10	0	1	
10	0	1	
10	0	1	
10	0	1	
10	0	1	
10	0	1	
10	0	1	
10	0	1	
10	0	1	
10	0	1	
10	0	1	
10	0	1	
10	0	1	
10	-0.0020054	1	
9.99999	-0.00371268	1	
9.99998	-0.0051779	1	
9.99997	-0.00646285	1	
9.99995	-0.00760755	1	
9.99993	-0.00864927	1	
9.99991	-0.00960465	1	
9.99989	-0.0105031	1	
9.99987	-0.0113617	1	
9.99985	-0.0121904	1	
9.99982	-0.0129956	1	
9.99979	-0.0137846	1	
9.99976	-0.0145638	1	
9.99973	-0.0153477	1	
9.9997	-0.0161286	1	
9.99967	-0.0169112	1	
9.99963	-0.0176914	1	
9.99959	-0.0185085	1	
9.99955	-0.0193459	1	
9.99951	-0.0201798	1	
9.99947	-0.0210319	1	
9.99943	-0.021917	1	
9.99938	-0.0228211	1	
9.99934	-0.023739	1	
9.99929	-0.0246752	1	
9.99924	-0.0256347	1	
9.99918	-0.0266076	1	
9.99913	-0.027619	1	
9.99907	-0.0286583	1	
9.99901	-0.0297203	1	
9.99895	-0.0307969	1	
9.99888	-0.031872	1	
9.99882	-0.0329712	1	
9.99875	-0.0341022	1	
9.99868	-0.0352325	1	
9.99861	-0.0363943	1	
9.99853	-0.0375675	1	
9.99845	-0.0387515	1	
9.99837	-0.0399474	1	
9.99829	-0.0411819	1	
9.99821	-0.0424667	1	
9.99812	-0.0437585	1	
9.99803	-0.045105	1	
9.99794	-0.0464682	1	
9.99784	-0.0479082	1	
9.99774	-0.04938	1	
9.99764	-0.0508628	1	
9.99754	-0.0524137	1	
9.99743	-0.0540013	1	
9.99732	-0.0556476	1	
9.9972	-0.0573482	1	
9.99708	-0.059116	1	
9.99696	-0.0609353	1	
9.99684	-0.0627888	1	
9.99671	-0.0646885	1	
9.99657	-0.0666404	1	
9.99644	-0.0686635	1	
9.99629	-0.070725	1	
9.99615	-0.0728356	1	
9.996	-0.0749688	1	
9.99584	-0.0771719	1	
9.99569	-0.0793776	1	
9.99552	-0.0816489	1	
9.99535	-0.0839327	1	
9.99518	-0.0863023	1	
9.995	-0.0886823	1	
9.99482	-0.0911592	1	
9.99463	-0.0936952	1	
9.99444	-0.0962871	1	
9.99424	-0.0989203	1	
9.99404	-0.101633	1	
9.99383	-0.104436	1	
9.99362	-0.107237	1	
9.9934	-0.110113	1	
9.99317	-0.113056	1	
9.99294	-0.115998	1	
9.9927	-0.119054	1	
9.99246	-0.122146	1	
9.99221	-0.125235	1	
9.99195	-0.128423	1	
9.99169	-0.131681	1	
9.99142	-0.134957	1	
9.99114	-0.138309	1	
9.99086	-0.14171	1	
9.99057	-0.145195	1	
9.99027	-0.148742	1	
9.98996	-0.152367	1	
9.98965	-0.156044	1	
9.98933	-0.159768	1	
9.98901	-0.163573	1	
9.98867	-0.167425	1	
9.98833	-0.171392	1	
9.98798	-0.175438	1	
9.98762	-0.179576	1	
9.98725	-0.18381	1	
9.98687	-0.18813	1	
9.98649	-0.192493	1	
9.98609	-0.196922	1	
9.98569	-0.201379	1	
9.98528	-0.205878	1	
9.98486	-0.210412	1	
9.98443	-0.215003	1	
9.98399	-0.219641	1	
9.98354	-0.224354	1	
9.98308	-0.22911	1	
9.98262	-0.233968	1	
9.98214	-0.238877	1	
9.98165	-0.243837	1	
9.98115	-0.248774	1	
9.98064	-0.253755	1	
9.98013	-0.258759	1	
9.9796	-0.263789	1	
9.97906	-0.26881	1	
9.97851	-0.27391	1	
9.97796	-0.279079	1	
9.97739	-0.284312	1	
9.97681	-0.289598	1	
9.97622	-0.294915	1	
9.97562	-0.30031	1	
9.97501	-0.305813	1	
9.97438	-0.311474	1	
9.97375	-0.317265	1	
9.9731	-0.323174	1	
9.97244	-0.329267	1	
9.97177	-0.335454	1	
9.97109	-0.341865	1	
9.97039	-0.348605	1	
9.96968	-0.355603	1	
9.96896	-0.362928	1	
9.96821	-0.37048	1	
9.96746	-0.378253	1	
9.96669	-0.386141	1	
9.9659	-0.39417	1	
9.96509	-0.402387	1	
9.96427	-0.410833	1	
9.96343	-0.419494	1	
9.96257	-0.428319	1	
9.9617	-0.437293	1	
9.96081	-0.446482	1	
9.9599	-0.455953	1	
9.95896	-0.465692	1	
9.95801	-0.475779	1	
9.95704	-0.486178	1	
9.95605	-0.496887	1	
9.95503	-0.507931	1	
9.95399	-0.51922	1	
9.95293	-0.530617	1	
9.95185	-0.542131	1	
9.95074	-0.553694	1	
9.94961	-0.565323	1	
9.94845	-0.577034	1	
9.94728	-0.588934	1	
9.94607	-0.600935	1	
9.94485	-0.612975	1	
9.9436	-0.624972	1	
9.94232	-0.636971	1	
9.94103	-0.648991	1	
9.9397	-0.661024	1	
9.93836	-0.673129	1	
9.93699	-0.685249	1	
9.93559	-0.697369	1	
9.93417	-0.709721	1	
9.93273	-0.72228	1	
9.93126	-0.735199	1	
9.92976	-0.748404	1	
9.92824	-0.76177	1	
9.92669	-0.775319	1	
9.92511	-0.789048	1	
9.9235	-0.803017	1	
9.92187	-0.817235	1	
9.92021	-0.831873	1	
9.91851	-0.846771	1	
9.91679	-0.861941	1	
9.91503	-0.877349	1	
9.91325	-0.892982	1	
9.91143	-0.908723	1	
9.90958	-0.924613	1	
9.9077	-0.940505	1	
9.90579	-0.956594	1	
9.90384	-0.97295	1	
9.90186	-0.989628	1	
9.89985	-1.00667	1	
9.8978	-1.02405	1	
9.89572	-1.04171	1	
9.8936	-1.0598	1	
9.89144	-1.07825	1	
9.88925	-1.09713	1	
9.88701	-1.11626	1	
9.88474	-1.13559	1	
9.88243	-1.15499	1	
9.88008	-1.17424	1	
9.8777	-1.19353	1	
9.87527	-1.21306	1	
9.8728	-1.23299	1	
9.8703	-1.2535	1	
9.86775	-1.27437	1	
9.86516	-1.29543	1	
9.86252	-1.31649	1	
9.85985	-1.33757	1	
9.85713	-1.35868	1	
9.85437	-1.37995	1	
9.85157	-1.40152	1	
9.84872	-1.42313	1	
9.84583	-1.44483	1	
9.8429	-1.46667	1	
9.83992	-1.48909	1	
9.8369	-1.51199	1	
9.83383	-1.53533	1	
9.83071	-1.55902	1	
9.82754	-1.58292	1	
9.82433	-1.60732	1	
9.82106	-1.63216	1	
9.81775	-1.65747	1	
9.81438	-1.6834	1	
9.81096	-1.70994	1	
9.80749	-1.7372	1	
9.80396	-1.76528	1	
9.80037	-1.79421	1	
9.79672	-1.82387	1	
9.79301	-1.85418	1	
9.78924	-1.88522	1	
9.78541	-1.91696	1	
9.78151	-1.94896	1	
9.77755	-1.98119	1	
9.77352	-2.01363	1	
9.76943	-2.04656	1	
9.76527	-2.08027	1	
9.76104	-2.11481	1	
9.75674	-2.15002	1	
9.75237	-2.18552	1	
9.74793	-2.2207	1	
9.74341	-2.25541	1	
9.73884	-2.29003	1	
9.73419	-2.32498	1	
9.72946	-2.36065	1	
9.72467	-2.39662	1	
9.7198	-2.43265	1	
9.71487	-2.46841	1	
9.70986	-2.50372	1	
9.70478	-2.53833	1	
9.69964	-2.57229	1	
9.69443	-2.60589	1	
9.68915	-2.63915	1	
9.68381	-2.6722	1	
9.6784	-2.70508	1	
9.67292	-2.73772	1	
9.66738	-2.76991	1	
9.66178	-2.80133	1	
9.65611	-2.83229	1	
9.65039	-2.86309	1	
9.6446	-2.89385	1	
9.63875	-2.92454	1	
9.63284	-2.95527	1	
9.62687	-2.98601	1	
9.62083	-3.01716	1	
9.61473	-3.04942	1	
9.60857	-3.08342	1	
9.60233	-3.11932	1	
9.59601	-3.15705	1	
9.58962	-3.19642	1	
9.58315	-3.23707	1	
9.57659	-3.27879	1	
9.56995	-3.32173	1	
9.56321	-3.36617	1	
9.55639	-3.41242	1	
9.54947	-3.46035	1	
9.54245	-3.50986	1	
9.53533	-3.5607	1	
9.5281	-3.61269	1	
9.52077	-3.66545	1	
9.51333	-3.71823	1	
9.50579	-3.7703	1	
9.49815	-3.82169	1	
9.4904	-3.87337	1	
9.48255	-3.92569	1	
9.4746	-3.97834	1	
9.46653	-4.03093	1	
9.45837	-4.08268	1	
9.4501	-4.13329	1	
9.44174	-4.18285	1	
9.43327	-4.23138	1	
9.42472	-4.27937	1	
9.41606	-4.32718	1	
9.40731	-4.37512	1	
9.39846	-4.4235	1	
9.38952	-4.47224	1	
9.38048	-4.52127	1	
9.37134	-4.57017	1	
9.3621	-4.61878	1	
9.35276	-4.66819	1	
9.34332	-4.7189	1	
9.33378	-4.77127	1	
9.32413	-4.82474	1	
9.31437	-4.87854	1	
9.30451	-4.93247	1	
9.29454	-4.98641	1	
9.28446	-5.04099	1	
9.27426	-5.09604	1	
9.26396	-5.15138	1	
9.25355	-5.20686	1	
9.24302	-5.262	1	
9.23239	-5.31679	1	
9.22165	-5.37099	1	
9.2108	-5.42505	1	
9.19984	-5.47908	1	
9.18877	-5.53303	1	
9.1776	-5.58656	1	
9.16632	-5.64042	1	
9.15493	-5.69569	1	
9.14342	-5.75332	1	
9.13179	-5.8136	1	
9.12004	-5.87644	1	
9.10816	-5.94181	1	
9.09614	-6.00991	1	
9.08398	-6.08095	1	
9.07167	-6.15453	1	
9.05921	-6.22927	1	
9.0466	-6.3042	1	
9.03384	-6.37835	1	
9.02094	-6.45166	1	
9.00789	-6.52439	1	
8.9947	-6.59682	1	
8.98136	-6.66819	1	
8.96789	-6.73774	1	
8.95428	-6.80509	1	
8.94053	-6.87026	1	
8.92667	-6.93282	1	
8.91268	-6.99237	1	
8.89859	-7.04915	1	
8.88438	-7.1044	1	
8.87006	-7.15919	1	
8.85563	-7.2145	1	
8.84109	-7.27063	1	
8.82643	-7.32767	1	
8.81166	-7.38579	1	
8.79677	-7.44541	1	
8.78176	-7.50642	1	
8.76662	-7.56838	1	
8.75136	-7.62999	1	
8.73598	-7.69081	1	
8.72048	-7.75122	1	
8.70485	-7.81097	1	
8.68911	-7.8701	1	
8.67326	-7.92884	1	
8.65728	-7.98809	1	
8.64118	-8.04893	1	
8.62496	-8.112	1	
8.6086	-8.17783	1	
8.59211	-8.24628	1	
8.57548	-8.31762	1	
8.55869	-8.39177	1	
8.54175	-8.4685	1	
8.52466	-8.54727	1	
8.50741	-8.62779	1	
8.48999	-8.70991	1	
8.4724	-8.79309	1	
8.45464	-8.87737	1	
8.43672	-8.96309	1	
8.41862	-9.04951	1	
8.40035	-9.1362	1	
8.3819	-9.22224	1	
8.36329	-9.30736	1	
8.34451	-9.39089	1	
8.32556	-9.47248	1	
8.30646	-9.55252	1	
8.28719	-9.63159	1	
8.26777	-9.7093	1	
8.2482	-9.78549	1	
8.22848	-9.86015	1	
8.20862	-9.933	1	
8.18861	-10.0029	1	
8.16847	-10.0689	1	
8.14821	-10.1311	1	
8.12783	-10.1895	1	
8.10734	-10.2449	1	
8.08675	-10.2982	1	
8.06605	-10.3498	1	
8.04524	-10.4013	1	
8.02434	-10.4538	1	
8.00332	-10.509	1	
7.98218	-10.5674	1	
7.96093	-10.6282	1	
7.93954	-10.6916	1	
7.91803	-10.7566	1	
7.89639	-10.8217	1	
7.87462	-10.8855	1	
7.85272	-10.9473	1	
7.83071	-11.0073	1	
7.80857	-11.0663	1	
7.78632	-11.125	1	
7.76396	-11.1841	1	
7.74154	-11.2062	0.983292	
7.71924	-11.1534	0.946565	
7.69715	-11.0442	0.911249	
7.67536	-10.8922	0.877132	
7.65395	-10.7075	0.844031	
7.63294	-10.5051	0.815351	
7.61236	-10.2874	0.787383	
7.59225	-10.0573	0.760689	
7.57261	-9.8182	0.73542	
7.55347	-9.57329	0.711886	
7.53481	-9.32754	0.690691	
7.51662	-9.09435	0.675765	
7.49887	-8.87458	0.662797	
7.48154	-8.66875	0.65156	
7.46458	-8.47599	0.641177	
7.44799	-8.2951	0.631086	
7.43175	-8.12315	0.620724	
7.41581	-7.96614	0.61344	
7.40018	-7.81709	0.604414	
7.38484	-7.6708	0.594212	
7.36979	-7.52409	0.583301	
7.35504	-7.37612	0.572653	
7.34058	-7.22811	0.563079	
7.3264	-7.09161	0.558817	
7.31247	-6.96586	0.555196	
7.29877	-6.85063	0.552041	
7.28528	-6.74554	0.5491	
7.27198	-6.64896	0.545654	
7.25886	-6.55879	0.541151	
7.2459	-6.48126	0.539441	
7.23308	-6.40987	0.535786	
7.2204	-6.3406	0.530762	
7.20785	-6.27087	0.525032	
7.19545	-6.20083	0.51959	
7.18319	-6.1329	0.515227	
7.17103	-6.08021	0.517088	
7.15894	-6.04296	0.520657	
7.1469	-6.02238	0.526325	
7.13486	-6.01925	0.533669	
7.12279	-6.03388	0.542452	
7.11066	-6.06541	0.552195	
7.09841	-6.12215	0.566416	
7.08602	-6.19582	0.578388	
7.07347	-6.27872	0.587717	
7.06074	-6.36448	0.594409	
7.04784	-6.44783	0.598892	
7.03479	-6.5254	0.60181	
7.02158	-6.60489	0.607908	
7.00822	-6.68112	0.612151	
6.99471	-6.75241	0.615333	
6.98107	-6.81916	0.618085	
6.96731	-6.88223	0.620418	
6.95343	-6.94212	0.622368	
6.93941	-7.00938	0.628109	
6.92525	-7.0798	0.632107	
6.91095	-7.14992	0.634458	
6.89652	-7.21613	0.635052	
6.88196	-7.27615	0.634366	
6.86731	-7.32906	0.632864	
6.85254	-7.38478	0.635006	
6.83766	-7.43994	0.636155	
6.82267	-7.49314	0.636906	
6.80758	-7.54388	0.637851	
6.7924	-7.5931	0.639501	
6.77711	-7.64232	0.641938	
6.76171	-7.70111	0.648442	
6.74618	-7.76605	0.654299	
6.73051	-7.83418	0.659299	
6.7147	-7.90316	0.663444	
6.69876	-7.97077	0.66641	
6.68269	-8.03369	0.667686	
6.6665	-8.09778	0.670653	
6.65019	-8.15497	0.670662	
6.63379	-8.19956	0.66802	
6.61733	-8.22734	0.663266	
6.60086	-8.23749	0.657359	
6.5844	-8.23158	0.65134	
6.56795	-8.22124	0.649361	
6.55154	-8.20773	0.647859	
6.53515	-8.19339	0.647173	
6.51879	-8.1796	0.647048	
6.50246	-8.16703	0.647003	
6.48615	-8.1553	0.646693	
6.46984	-8.15219	0.649363	
6.45354	-8.15389	0.650962	
6.43722	-8.15761	0.651725	
6.4209	-8.16162	0.652056	
6.40457	-8.16519	0.652354	
6.38823	-8.16777	0.652744	
6.37188	-8.17742	0.656633	
6.35549	-8.19137	0.660407	
6.33908	-8.20831	0.664499	
6.32262	-8.22809	0.669144	
6.30612	-8.25136	0.674294	
6.28956	-8.27845	0.67972	
6.27293	-8.31681	0.688174	
6.2562	-8.36234	0.695492	
6.23938	-8.41101	0.701551	
6.22246	-8.45952	0.706538	
6.20545	-8.50522	0.710376	
6.18836	-8.54636	0.713074	
6.17118	-8.5897	0.717903	
6.15392	-8.63151	0.720959	
6.13658	-8.66901	0.722501	
6.11918	-8.70055	0.723096	
6.10172	-8.72606	0.723488	
6.08423	-8.74618	0.724354	
6.06669	-8.77071	0.729404	
6.04909	-8.79909	0.734736	
6.03143	-8.83145	0.740407	
6.01369	-8.86832	0.746366	
5.99587	-8.9097	0.752201	
5.97796	-8.95491	0.757549	
5.95994	-9.01072	0.765636	
5.9418	-9.07214	0.77232	
5.92353	-9.13537	0.777864	
5.90513	-9.19741	0.782363	
5.88662	-9.25604	0.785795	
5.868	-9.30946	0.788272	
5.84927	-9.3642	0.793205	
5.83044	-9.41675	0.796902	
5.81151	-9.46501	0.799689	
5.79249	-9.50838	0.802184	
5.7734	-9.54743	0.80464	
5.75423	-9.58247	0.807105	
5.73499	-9.62127	0.812645	
5.71567	-9.66044	0.817138	
5.69628	-9.69697	0.820482	
5.67682	-9.72856	0.82259	
5.65731	-9.7537	0.823623	
5.63777	-9.77144	0.823691	
5.61819	-9.78935	0.826194	
5.59858	-9.80414	0.827198	
5.57896	-9.81305	0.82703	
5.55933	-9.81426	0.826257	
5.53971	-9.80831	0.825678	
5.52012	-9.79709	0.825885	
5.50053	-9.79135	0.830344	
5.48095	-9.79122	0.835207	
5.46136	-9.79644	0.840348	
5.44174	-9.80649	0.84543	
5.4221	-9.82026	0.850002	
5.40243	-9.83593	0.853573	
5.38271	-9.85925	0.859127	
5.36294	-9.88515	0.86268	
5.34312	-9.90927	0.864225	
5.32327	-9.92789	0.863808	
5.30339	-9.93788	0.861686	
5.28352	-9.93723	0.858287	
5.26365	-9.93263	0.857343	
5.24381	-9.92257	0.855671	
5.224	-9.90629	0.85369	
5.20423	-9.88433	0.8517	
5.18451	-9.85745	0.849588	
5.16486	-9.8256	0.847299	
5.14527	-9.79715	0.848362	
5.12573	-9.77019	0.84898	
5.10624	-9.74389	0.848941	
5.08681	-9.71679	0.847778	
5.06743	-9.68653	0.845453	
5.04813	-9.65121	0.842322	
5.02889	-9.6179	0.842258	
5.00973	-9.58356	0.841376	
4.99063	-9.5465	0.840066	
4.97162	-9.50678	0.838872	
4.95269	-9.46554	0.838492	
4.93384	-9.42542	0.839489	
4.91504	-9.39693	0.84576	
4.89629	-9.37908	0.852961	
4.87754	-9.37137	0.860642	
4.8588	-9.37212	0.868028	
4.84004	-9.37822	0.874033	
4.82127	-9.38578	0.878093	
4.80247	-9.39863	0.883975	
4.78365	-9.4109	0.887605	
4.76481	-9.41903	0.889446	
4.74597	-9.42056	0.889872	
4.72714	-9.41446	0.8896	
4.70834	-9.40161	0.889403	
4.68956	-9.39006	0.893073	
4.6708	-9.37896	0.896773	
4.65207	-9.36852	0.900828	
4.63335	-9.35964	0.905357	
4.61464	-9.3531	0.910207	
4.59594	-9.34888	0.914994	
4.57724	-9.35351	0.922701	
4.55851	-9.36241	0.928371	
4.53977	-9.37128	0.931982	
4.52101	-9.37754	0.934106	
4.50225	-9.37928	0.934992	
4.4835	-9.37542	0.935148	
4.46476	-9.37347	0.939	
4.44601	-9.37113	0.942965	
4.42728	-9.36918	0.948111	
4.40854	-9.36998	0.954804	
4.38978	-9.37574	0.963066	
4.37101	-9.38871	0.972617	
4.35217	-9.41697	0.986731	
4.33326	-9.45677	1	
4.3143	-9.48134	1	
4.29531	-9.49464	1	
4.27631	-9.49959	1	
4.25731	-9.49782	1	
4.23833	-9.48971	1	
4.21938	-9.47511	1	
4.20048	-9.45407	1	
4.18162	-9.42629	1	
4.16284	-9.39188	1	
4.14414	-9.35173	1	
4.12552	-9.30671	1	
4.10701	-9.258	1	
4.08859	-9.20699	1	
4.07028	-9.155	1	
4.05208	-9.10323	1	
4.03397	-9.05236	1	
4.01597	-9.00242	1	
3.99806	-8.95355	1	
3.98025	-8.90526	1	
3.96254	-8.85623	1	
3.94493	-8.80497	1	
3.92743	-8.75022	1	
3.91004	-8.69205	1	
3.89278	-8.63095	1	
3.87564	-8.56782	1	
3.85864	-8.50386	1	
3.84176	-8.43993	1	
3.825	-8.3769	1	
3.80837	-8.31549	1	
3.79186	-8.25601	1	
3.77546	-8.19828	1	
3.75918	-8.1412	1	
3.74301	-8.08322	1	
3.72697	-8.02298	1	
3.71105	-7.95948	1	
3.69526	-7.89285	1	
3.67962	-7.8241	1	
3.66411	-7.7541	1	
3.64874	-7.68373	1	
3.63351	-7.61336	1	
3.61843	-7.54327	1	
3.60348	-7.474	1	
3.58867	-7.40615	1	
3.57399	-7.33982	1	
3.55944	-7.27508	1	
3.54501	-7.21118	1	
3.53072	-7.1471	1	
3.51656	-7.08125	1	
3.50253	-7.01294	1	
3.48865	-6.94231	1	
3.47491	-6.87001	1	
3.46131	-6.79728	1	
3.44786	-6.72527	1	
3.43455	-6.65493	1	
3.42138	-6.58664	1	
3.40834	-6.5203	1	
3.39543	-6.45531	1	
3.38264	-6.39139	1	
3.36999	-6.32786	1	
3.35746	-6.2642	1	
3.34506	-6.19988	1	
3.33279	-6.13426	1	
3.32066	-6.06697	1	
3.30866	-5.99813	1	
3.29681	-5.92793	1	
3.28509	-5.85711	1	
3.27352	-5.78668	1	
3.26208	-5.7175	1	
3.25078	-5.65023	1	
3.23961	-5.58471	1	
3.22857	-5.52042	1	
3.21766	-5.45682	1	
3.20687	-5.39326	1	
3.19621	-5.329	1	
3.18569	-5.26364	1	
3.17529	-5.19686	1	
3.16504	-5.12884	1	
3.15492	-5.06013	1	
3.14493	-4.99137	1	
3.13509	-4.92317	1	
3.12537	-4.85602	1	
3.11579	-4.79003	1	
3.10634	-4.72519	1	
3.09702	-4.66133	1	
3.08783	-4.59826	1	
3.07875	-4.53586	1	
3.06981	-4.47393	1	
3.06098	-4.41221	1	
3.05228	-4.35053	1	
3.0437	-4.28864	1	
3.03525	-4.22637	1	
3.02692	-4.16366	1	
3.01872	-4.10063	1	
3.01065	-4.03744	1	
3.0027	-3.97449	1	
2.99487	-3.91227	1	
2.98717	-3.85115	1	
2.97959	-3.79137	1	
2.97212	-3.73286	1	
2.96477	-3.67539	1	
2.95753	-3.61869	1	
2.95041	-3.56238	1	
2.9434	-3.50625	1	
2.9365	-3.45001	1	
2.92971	-3.3934	1	
2.92304	-3.33635	1	
2.91648	-3.27896	1	
2.91004	-3.22165	1	
2.90371	-3.1647	1	
2.89749	-3.10855	1	
2.89138	-3.05338	1	
2.88538	-2.99916	1	
2.87949	-2.94588	1	
2.87371	-2.89336	1	
2.86802	-2.84138	1	
2.86244	-2.78992	1	
2.85697	-2.73889	1	
2.85159	-2.6882	1	
2.84631	-2.63772	1	
2.84114	-2.58747	1	
2.83606	-2.53742	1	
2.83109	-2.48765	1	
2.82621	-2.43826	1	
2.82143	-2.38934	1	
2.81675	-2.34103	1	
2.81216	-2.29346	1	
2.80767	-2.24673	1	
2.80327	-2.20085	1	
2.79896	-2.15585	1	
2.79473	-2.11171	1	
2.7906	-2.06838	1	
2.78655	-2.02579	1	
2.78258	-1.98383	1	
2.77869	-1.94251	1	
2.77489	-1.90178	1	
2.77117	-1.86155	1	
2.76752	-1.82181	1	
2.76396	-1.78246	1	
2.76047	-1.74347	1	
2.75706	-1.70486	1	
2.75373	-1.66672	1	
2.75047	-1.62917	1	
2.74728	-1.59228	1	
2.74417	-1.55607	1	
2.74113	-1.52056	1	
2.73816	-1.48577	1	
2.73526	-1.45167	1	
2.73242	-1.41823	1	
2.72965	-1.38541	1	
2.72694	-1.35313	1	
2.7243	-1.32139	1	
2.72172	-1.29021	1	
2.7192	-1.25955	1	
2.71674	-1.22944	1	
2.71434	-1.19985	1	
2.712	-1.17073	1	
2.70972	-1.14211	1	
2.70749	-1.11392	1	
2.70532	-1.08616	1	
2.7032	-1.05881	1	
2.70114	-1.03185	1	
2.69912	-1.0053	1	
2.69717	-0.97914	1	
2.69526	-0.953348	1	
2.6934	-0.927958	1	
2.6916	-0.902919	1	
2.68984	-0.878274	1	
2.68813	-0.853981	1	
2.68647	-0.830086	1	
2.68486	-0.806594	1	
2.68329	-0.783476	1	
2.68177	-0.760797	1	
2.68029	-0.73853	1	
2.67886	-0.716723	1	
2.67747	-0.695372	1	
2.67612	-0.674477	1	
2.67481	-0.654067	1	
2.67354	-0.634153	1	
2.67232	-0.614701	1	
2.67112	-0.595755	1	
2.66997	-0.57733	1	
2.66885	-0.55937	1	
2.66777	-0.541918	1	
2.66672	-0.524935	1	
2.6657	-0.508426	1	
2.66472	-0.492353	1	
2.66376	-0.476647	1	
2.66284	-0.461266	1	
2.66195	-0.446137	1	
2.66108	-0.431258	1	
2.66025	-0.416599	1	
2.65945	-0.40216	1	
2.65867	-0.387881	1	
2.65792	-0.373703	1	
2.6572	-0.359674	1	
2.65651	-0.345803	1	
2.65585	-0.332078	1	
2.65521	-0.318532	1	
2.6546	-0.305151	1	
2.65402	-0.291929	1	
2.65346	-0.278928	1	
2.65293	-0.266144	1	
2.65242	-0.253656	1	
2.65194	-0.241453	1	
2.65148	-0.22959	1	
2.65104	-0.218124	1	
2.65063	-0.207103	1	
2.65023	-0.196477	1	
2.64986	-0.186273	1	
2.64951	-0.176458	1	
2.64918	-0.166982	1	
2.64886	-0.15777	1	
2.64856	-0.148775	1	
2.64828	-0.139988	1	
2.64802	-0.131367	1	
2.64777	-0.122988	1	
2.64754	-0.114872	1	
2.64733	-0.106988	1	
2.64713	-0.099404	1	
2.64695	-0.0920862	1	
2.64678	-0.0850095	1	
2.64662	-0.0781389	1	
2.64648	-0.0714527	1	
2.64635	-0.0650187	1	
2.64623	-0.0588597	1	
2.64612	-0.052992	1	
2.64603	-0.0474108	1	
2.64594	-0.0420658	1	
2.64587	-0.0370367	1	
2.64581	-0.0322952	1	
2.64575	-0.0278674	1	
2.6457	-0.0243251	1	
2.64566	-0.0214913	1	
2.64562	-0.0192243	1	
2.64559	-0.0174107	1	
2.64555	-0.0159597	1	
2.64552	-0.014799	1	
2.6455	-0.0138704	1	
2.64547	-0.0131276	1	
2.64545	-0.00844746	1	
2.64544	-0.00444539	1	
2.64544	-0.000986577	1	
2.64545	0.00194518	1	
2.64546	0.00439687	1	
2.64547	0.0063686	1	
2.64548	0.00789895	1	
2.6455	0.0091041	1	
2.64552	0.00998243	1	
2.64554	0.0105646	1	
2.64556	0.0108361	1	
2.64559	0.0108292	1	
2.64561	0.0108237	1	
2.64563	0.0108193	1	
2.64565	0.0108158	1	
2.64567	0.0108129	1	
2.64569	0.0108107	1	
2.64572	0.0108089	1	
2.64574	0.0108074	1	
2.64576	0.0108063	1	
2.64578	0.0108053	1	
2.64579	0.00660162	1	
2.6458	0.00279239	1	
2.6458	-0.000658283	1	
2.64579	-0.00386427	1	
2.64578	-0.00696052	1	
2.64576	-0.00997436	1	
2.64573	-0.0129633	1	
2.6457	-0.0159641	1	
2.64566	-0.019019	1	
2.64562	-0.0221506	1	
2.64557	-0.0254115	1	
2.64551	-0.0287543	1	
2.64544	-0.0322002	1	
2.64537	-0.035719	1	
2.64529	-0.0393109	1	
2.64521	-0.0429448	1	
2.64511	-0.0466449	1	
2.64501	-0.0503933	1	
2.64491	-0.0541401	1	
2.64479	-0.0578653	1	
2.64467	-0.061529	1	
2.64454	-0.0651361	1	
2.6444	-0.0686232	1	
2.64426	-0.0719805	1	
2.6441	-0.0751602	1	
2.64395	-0.0781998	1	
2.64379	-0.0810221	1	
2.64362	-0.0836592	1	
2.64345	-0.0861499	1	
2.64327	-0.0884959	1	
2.64309	-0.090706	1	
2.6429	-0.0927959	1	
2.64271	-0.0948279	1	
2.64252	-0.0968362	1	
2.64232	-0.0988216	1	
2.64212	-0.100801	1	
2.64191	-0.102713	1	
2.64171	-0.104599	1	
2.64149	-0.106416	1	
2.64128	-0.108206	1	
2.64106	-0.109935	1	
2.64083	-0.111635	1	
2.64061	-0.113275	1	
2.64038	-0.11487	1	
2.64014	-0.116343	1	
2.63991	-0.117759	1	
2.63967	-0.119064	1	
2.63943	-0.120286	1	
2.63919	-0.121387	1	
2.63894	-0.122388	1	
2.6387	-0.123303	1	
2.63845	-0.124143	1	
2.6382	-0.124918	1	
2.63795	-0.125595	1	
2.63769	-0.126221	1	
2.63744	-0.12679	1	
2.63719	-0.127319	1	
2.63693	-0.127804	1	
2.63667	-0.128259	1	
2.63642	-0.128699	1	
2.63616	-0.129104	1	
2.6359	-0.129505	1	
2.63564	-0.129858	1	
2.63538	-0.130201	1	
2.63512	-0.130538	1	
2.63486	-0.130878	1	
2.63459	-0.131168	1	
2.63433	-0.131385	1	
2.63407	-0.131551	1	
2.6338	-0.131678	1	
2.63354	-0.131772	1	
2.63328	-0.131767	1	
2.63301	-0.131724	1	
2.63275	-0.131598	1	
2.63249	-0.13144	1	
2.63223	-0.13122	1	
2.63196	-0.130986	1	
2.6317	-0.130747	1	
2.63144	-0.130504	1	
2.63118	-0.130246	1	
2.63092	-0.129961	1	
2.63066	-0.129664	1	
2.6304	-0.129351	1	
2.63014	-0.129022	1	
2.62989	-0.128626	1	
2.62963	-0.128218	1	
2.62938	-0.127734	1	
2.62912	-0.127263	1	
2.62887	-0.126715	1	
2.62862	-0.126142	1	
2.62836	-0.125554	1	
2.62811	-0.124946	1	
2.62787	-0.12428	1	
2.62762	-0.123564	1	
2.62737	-0.122822	1	
2.62713	-0.122042	1	
2.62689	-0.121247	1	
2.62665	-0.120384	1	
2.62641	-0.119517	1	
2.62617	-0.11864	1	
2.62593	-0.117781	1	
2.6257	-0.11691	1	
2.62547	-0.115995	1	
2.62524	-0.115089	1	
2.62501	-0.114184	1	
2.62478	-0.113281	1	
2.62456	-0.112384	1	
2.62434	-0.111451	1	
2.62411	-0.110513	1	
2.62389	-0.109577	1	
2.62368	-0.108598	1	
2.62346	-0.107578	1	
2.62325	-0.106556	1	
2.62304	-0.105501	1	
2.62283	-0.104422	1	
2.62262	-0.10332	1	
2.62242	-0.102189	1	
2.62222	-0.101047	1	
2.62202	-0.0999382	1	
2.62182	-0.0987856	1	
2.62162	-0.0976479	1	
2.62143	-0.0965369	1	
2.62124	-0.0954068	1	
2.62105	-0.094322	1	
2.62086	-0.093276	1	
2.62068	-0.0922546	1	
2.6205	-0.0912931	1	
2.62032	-0.090356	1	
2.62014	-0.0894015	1	
2.61996	-0.0885244	1	
2.61979	-0.0876944	1	
2.61961	-0.086868	1	
2.61944	-0.086075	1	
2.61927	-0.0853182	1	
2.6191	-0.0845549	1	
2.61893	-0.0838343	1	
2.61877	-0.0831543	1	
2.6186	-0.0824811	1	
2.61844	-0.0818606	1	
2.61827	-0.0812611	1	
2.61811	-0.0806939	1	
2.61795	-0.0801471	1	
2.61779	-0.0796122	1	
2.61764	-0.0791242	1	
2.61748	-0.0786734	1	
2.61732	-0.0782323	1	
2.61717	-0.0777906	1	
2.61701	-0.0773	1	
2.61686	-0.0768283	1	
2.61671	-0.076399	1	
2.61655	-0.0759807	1	
2.6164	-0.0755752	1	
2.61625	-0.0751413	1	
2.6161	-0.0747621	1	
2.61595	-0.0744452	1	
2.61581	-0.0741283	1	
2.61566	-0.0738538	1	
2.61551	-0.0735923	1	
2.61536	-0.0733232	1	
2.61522	-0.0730963	1	
2.61507	-0.0729137	1	
2.61493	-0.0727797	1	
2.61478	-0.072685	1	
2.61464	-0.072596	1	
2.61449	-0.072563	1	
2.61435	-0.0726009	1	
2.6142	-0.0726556	1	
2.61405	-0.0727535	1	
2.61391	-0.072885	1	
2.61376	-0.0730037	1	
2.61362	-0.0731161	1	
2.61347	-0.0732583	1	
2.61332	-0.0733909	1	
2.61318	-0.073548	1	
2.61303	-0.0737206	1	
2.61288	-0.0738733	1	
2.61273	-0.0740114	1	
2.61258	-0.0741788	1	
2.61244	-0.0743693	1	
2.61229	-0.0745322	1	
2.61214	-0.0747374	1	
2.61199	-0.0749318	1	
2.61184	-0.0751273	1	
2.61169	-0.0753602	1	
2.61154	-0.0756351	1	
2.61138	-0.0759526	1	
2.61123	-0.0762674	1	
2.61108	-0.0766205	1	
2.61092	-0.0769912	1	
2.61077	-0.0773508	1	
2.61061	-0.0777526	1	
2.61046	-0.0782046	1	
2.6103	-0.0786401	1	
2.61014	-0.0790957	1	
2.60998	-0.0795381	1	
2.60982	-0.0799747	1	
2.60966	-0.080428	1	
2.6095	-0.08087	1	
2.60934	-0.0812633	1	
2.60917	-0.0816449	1	
2.60901	-0.0820118	1	
2.60884	-0.0823286	1	
2.60868	-0.0826502	1	
2.60851	-0.0829777	1	
2.60835	-0.0832971	1	
2.60818	-0.0836261	1	
2.60801	-0.0839686	1	
2.60784	-0.0842984	1	
2.60767	-0.0846513	1	
2.6075	-0.0850115	1	
2.60733	-0.08537	1	
2.60716	-0.0857258	1	
2.60699	-0.0860539	1	
2.60682	-0.0863794	1	
2.60664	-0.0866915	1	
2.60647	-0.0870173	1	
2.60629	-0.0873386	1	
2.60612	-0.0875966	1	
2.60594	-0.0878444	1	
2.60577	-0.0880814	1	
2.60559	-0.0883131	1	
2.60541	-0.0885438	1	
2.60524	-0.0887104	1	
2.60506	-0.0888678	1	
2.60488	-0.0889739	1	
2.6047	-0.0890669	1	
2.60452	-0.0891246	1	
2.60435	-0.0891202	1	
2.60417	-0.0890748	1	
2.60399	-0.0889871	1	
2.60381	-0.088821	1	
2.60364	-0.0886241	1	
2.60346	-0.0884003	1	
2.60328	-0.0881192	1	
2.60311	-0.087816	1	
2.60293	-0.0874998	1	
2.60276	-0.0871497	1	
2.60258	-0.0867847	1	
2.60241	-0.0864286	1	
2.60224	-0.0860593	1	
2.60207	-0.0856835	1	
2.6019	-0.0853143	1	
2.60173	-0.0849536	1	
2.60156	-0.0846069	1	
2.60139	-0.0843071	1	
2.60122	-0.0840304	1	
2.60105	-0.0837071	1	
2.60089	-0.0833954	1	
2.60072	-0.0830741	1	
2.60056	-0.0826892	1	
2.60039	-0.0822952	1	
2.60023	-0.0818712	1	
2.60006	-0.0813869	1	
2.5999	-0.0808582	1	
2.59974	-0.0803079	1	
2.59958	-0.0797249	1	
2.59942	-0.0791039	1	
2.59927	-0.0784867	1	
2.59911	-0.0778458	1	
2.59896	-0.077195	1	
2.5988	-0.076503	1	
2.59865	-0.0758491	1	
2.5985	-0.0752037	1	
2.59835	-0.0745476	1	
2.59821	-0.0739444	1	
2.59806	-0.0733486	1	
2.59791	-0.0727778	1	
2.59777	-0.0722183	1	
2.59763	-0.0717087	1	
2.59748	-0.0712325	1	
2.59734	-0.0707363	1	
2.5972	-0.0702797	1	
2.59706	-0.069811	1	
2.59692	-0.0693264	1	
2.59678	-0.0688363	1	
2.59665	-0.0683619	1	
2.59651	-0.067907	1	
2.59638	-0.0674519	1	
2.59624	-0.0670421	1	
2.59611	-0.0666553	1	
2.59598	-0.0662874	1	
2.59585	-0.0659323	1	
2.59571	-0.0656141	1	
2.59558	-0.0653495	1	
2.59545	-0.0650849	1	
2.59532	-0.0648876	1	
2.59519	-0.0647308	1	
2.59506	-0.0645785	1	
2.59494	-0.064424	1	
2.59481	-0.064271	1	
2.59468	-0.0641009	1	
2.59455	-0.0638883	1	
2.59442	-0.0636643	1	
2.5943	-0.0634168	1	
2.59417	-0.0630865	1	
2.59405	-0.0627241	1	
2.59392	-0.0622946	1	
2.5938	-0.0618214	1	
2.59367	-0.0612881	1	
2.59355	-0.0607359	1	
2.59343	-0.0601615	1	
2.59331	-0.059577	1	
2.5932	-0.0589584	1	
2.59308	-0.0583101	1	
2.59296	-0.0576905	1	
2.59285	-0.0570667	1	
2.59274	-0.0564515	1	
2.59263	-0.0558273	1	
2.59251	-0.0552298	1	
2.59241	-0.0546736	1	
2.5923	-0.0541506	1	
2.59219	-0.0536381	1	
2.59208	-0.0531197	1	
2.59198	-0.0526406	1	
2.59187	-0.0521637	1	
2.59177	-0.0517034	1	
2.59167	-0.0512318	1	
2.59157	-0.05077	1	
2.59147	-0.050306	1	
2.59137	-0.049828	1	
2.59127	-0.0493464	1	
2.59117	-0.0488469	1	
2.59107	-0.0483392	1	
2.59098	-0.047861	1	
2.59088	-0.0473827	1	
2.59079	-0.046906	1	
2.5907	-0.0464321	1	
2.5906	-0.0459718	1	
2.59051	-0.0455014	1	
2.59042	-0.0450586	1	
2.59033	-0.0446173	1	
2.59025	-0.0441781	1	
2.59016	-0.0437796	1	
2.59007	-0.0433865	1	
2.58999	-0.0429947	1	
2.5899	-0.0426423	1	
2.58982	-0.0423003	1	
2.58973	-0.0419431	1	
2.58965	-0.041618	1	
2.58957	-0.0412961	1	
2.58948	-0.0409642	1	
2.5894	-0.04068	1	
2.58932	-0.0404105	1	
2.58924	-0.0401407	1	
2.58916	-0.0399	1	
2.58908	-0.0396595	1	
2.589	-0.039444	1	
2.58892	-0.0392661	1	
2.58885	-0.0390974	1	
2.58877	-0.0389328	1	
2.58869	-0.0388122	1	
2.58861	-0.0386701	1	
2.58854	-0.0385345	1	
2.58846	-0.0384299	1	
2.58838	-0.0383044	1	
2.58831	-0.0381549	1	
2.58823	-0.0380098	1	
2.58816	-0.0378669	1	
2.58808	-0.0376998	1	
2.588	-0.0375287	1	
2.58793	-0.0373624	1	
2.58786	-0.0371754	1	
2.58778	-0.036975	1	
2.58771	-0.0367957	1	
2.58763	-0.0366117	1	
2.58756	-0.0364123	1	
2.58749	-0.0362224	1	
2.58742	-0.036056	1	
2.58735	-0.035908	1	
2.58727	-0.0357692	1	
2.5872	-0.0356585	1	
2.58713	-0.0355637	1	
2.58706	-0.0354714	1	
2.58699	-0.0353756	1	
2.58692	-0.0352652	1	
2.58685	-0.0351767	1	
2.58678	-0.0350877	1	
2.58671	-0.0349802	1	
2.58664	-0.0348723	1	
2.58657	-0.0347489	1	
2.5865	-0.0346115	1	
2.58643	-0.0344532	1	
2.58636	-0.0342553	1	
2.58629	-0.0340218	1	
2.58623	-0.0337487	1	
2.58616	-0.0334296	1	
2.58609	-0.0331051	1	
2.58603	-0.0327522	1	
2.58596	-0.0323995	1	
2.5859	-0.0320317	1	
2.58584	-0.0316424	1	
2.58577	-0.031248	1	
2.58571	-0.0308394	1	
2.58565	-0.0304274	1	
2.58559	-0.0300346	1	
2.58553	-0.0296366	1	
2.58547	-0.029238	1	
2.58542	-0.0288431	1	
2.58536	-0.0284617	1	
2.5853	-0.0280799	1	
2.58525	-0.0276995	1	
2.58519	-0.0273341	1	
2.58514	-0.0269799	1	
2.58509	-0.0266438	1	
2.58503	-0.0262973	1	
2.58498	-0.0259452	1	
2.58493	-0.0255915	1	
2.58488	-0.0252286	1	
2.58483	-0.0248727	1	
2.58478	-0.0245397	1	
2.58473	-0.0242181	1	
2.58468	-0.0239044	1	
2.58464	-0.0236004	1	
2.58459	-0.0232942	1	
2.58454	-0.0229861	1	
2.5845	-0.0226871	1	
2.58445	-0.022405	1	
2.58441	-0.0221367	1	
2.58437	-0.0218903	1	
2.58432	-0.0216532	1	
2.58428	-0.0214212	1	
2.58424	-0.0212022	1	
2.5842	-0.021	1	
2.58415	-0.0208114	1	
2.58411	-0.0206198	1	
2.58407	-0.0204297	1	
2.58403	-0.0202487	1	
2.58399	-0.0200706	1	
2.58395	-0.019872	1	
2.58391	-0.0196784	1	
2.58387	-0.019474	1	
2.58384	-0.0192936	1	
2.5838	-0.019127	1	
2.58376	-0.0189732	1	
2.58372	-0.018821	1	
2.58368	-0.0186892	1	
2.58365	-0.0185741	1	
2.58361	-0.018479	1	
2.58357	-0.0183985	1	
2.58354	-0.01835	1	
2.5835	-0.0182802	1	
2.58346	-0.0182151	1	
2.58343	-0.0181421	1	
2.58339	-0.0180598	1	
2.58335	-0.0179674	1	
2.58332	-0.0178495	1	
2.58328	-0.0177114	1	
2.58325	-0.0175587	1	
2.58321	-0.0173935	1	
2.58318	-0.0172151	1	
2.58315	-0.017039	1	
2.58311	-0.0168504	1	
2.58308	-0.0166693	1	
2.58305	-0.0164716	1	
2.58301	-0.0162917	1	
2.58298	-0.0161039	1	
2.58295	-0.0159301	1	
2.58292	-0.0157665	1	
2.58289	-0.0156068	1	
2.58286	-0.0154499	1	
2.58282	-0.015308	1	
2.58279	-0.0151732	1	
2.58276	-0.0150694	1	
2.58273	-0.0149829	1	
2.5827	-0.0149178	1	
2.58267	-0.0148857	1	
2.58264	-0.0148467	1	
2.58262	-0.0148091	1	
2.58259	-0.0147728	1	
2.58256	-0.0147505	1	
2.58253	-0.0147187	1	
2.5825	-0.0146876	1	
2.58247	-0.0146481	1	
2.58244	-0.0146191	1	
2.58241	-0.0145807	1	
2.58238	-0.0145403	1	
2.58235	-0.0145091	1	
2.58232	-0.0144707	1	
2.58229	-0.014439	1	
2.58226	-0.014412	1	
2.58224	-0.0143893	1	
2.58221	-0.0143638	1	
2.58218	-0.0143457	1	
2.58215	-0.014323	1	
2.58212	-0.0142956	1	
2.58209	-0.0142775	1	
2.58206	-0.0142538	1	
2.58204	-0.0142456	1	
2.58201	-0.0142299	1	
2.58198	-0.0142181	1	
2.58195	-0.0142183	1	
2.58192	-0.0142395	1	
2.58189	-0.0142716	1	
2.58186	-0.0142927	1	
2.58184	-0.0143197	1	
2.58181	-0.0143584	1	
2.58178	-0.0144272	1	
2.58175	-0.014496	1	
2.58172	-0.0145694	1	
2.58169	-0.0146405	1	
2.58166	-0.0147095	1	
2.58163	-0.0147774	1	
2.5816	-0.0148338	1	
2.58157	-0.014885	1	
2.58154	-0.0149302	1	
2.58151	-0.0149687	1	
2.58148	-0.0150136	1	
2.58145	-0.0150364	1	
2.58142	-0.0150376	1	
2.58139	-0.0150244	1	
2.58136	-0.0149943	1	
2.58133	-0.0149344	1	
2.5813	-0.0148628	1	
2.58127	-0.0147601	1	
2.58124	-0.0146574	1	
2.58122	-0.0145274	1	
2.58119	-0.014421	1	
2.58116	-0.0142936	1	
2.58113	-0.0141768	1	
2.5811	-0.0140805	1	
2.58107	-0.0139944	1	
2.58105	-0.013909	1	
2.58102	-0.0138113	1	
2.58099	-0.0137211	1	
2.58096	-0.0136225	1	
2.58094	-0.0135096	1	
2.58091	-0.0134065	1	
2.58088	-0.0132718	1	
2.58086	-0.0131357	1	
2.58083	-0.0129962	1	
2.58081	-0.0128438	1	
2.58078	-0.0126892	1	
2.58075	-0.0125288	1	
2.58073	-0.0123589	1	
2.58071	-0.0121735	1	
2.58068	-0.0119988	1	
2.58066	-0.0118151	1	
2.58063	-0.0116418	1	
2.58061	-0.0114712	1	
2.58059	-0.0113048	1	
2.58057	-0.0111542	1	
2.58054	-0.0110157	1	
2.58052	-0.0108761	1	
2.5805	-0.0107524	1	
2.58048	-0.0106476	1	
2.58046	-0.0105512	1	
2.58044	-0.0104795	1	
2.58042	-0.0104042	1	
2.5804	-0.0103243	1	
2.58038	-0.0102604	1	
2.58036	-0.0102093	1	
2.58034	-0.0101684	1	
2.58032	-0.0101357	1	
2.58029	-0.0101096	1	
2.58027	-0.0100886	1	
2.58025	-0.0100719	1	
2.58023	-0.0100585	1	
2.58021	-0.0100477	1	
2.58019	-0.0100392	1	
2.58017	-0.0100323	1	
2.58015	-0.0100268	1	
2.58013	-0.0100224	1	
2.58011	-0.0100189	1	
2.58009	-0.0100161	1	
2.58007	-0.0100136	1	
2.58005	-0.0100242	1	
2.58003	-0.0100316	1	
2.58001	-0.0100377	1	
2.57999	-0.0100362	1	
2.57997	-0.0100345	1	
2.57995	-0.010033	1	
2.57993	-0.0100319	1	
2.57991	-0.010031	1	
2.57989	-0.0100303	1	
2.57987	-0.0100297	1	
2.57985	-0.0100292	1	
2.57983	-0.0100288	1	
2.57981	-0.0100285	1	
2.57979	-0.0100283	1	
2.57977	-0.0100281	1	
2.57975	-0.010028	1	
2.57973	-0.0100278	1	
2.57971	-0.0100277	1	
2.57969	-0.0100277	1	
2.57967	-0.0100276	1	
2.57965	-0.0100276	1	
2.57963	-0.0100275	1	
2.57961	-0.0100275	1	
2.57959	-0.0100275	1	
2.57957	-0.0100274	1	
2.57955	-0.0100274	1	
2.57953	-0.0100274	1	
2.57951	-0.0100274	1	
2.57949	-0.0100274	1	
2.57947	-0.0100274	1	
2.57945	-0.0100274	1	
2.57943	-0.0100274	1	
2.57941	-0.0100274	1	
2.57939	-0.0100274	1	
2.57937	-0.0100274	1	
2.57935	-0.0100274	1	
2.57933	-0.0100274	1	
2.57931	-0.0100274	1	
2.57929	-0.0100274	1	
2.57927	-0.0100274	1	
2.57925	-0.0100274	1	
2.57923	-0.0100274	1	
2.57921	-0.0100274	1	
2.57919	-0.0100274	1	
2.57917	-0.0100274	1	
2.57915	-0.0100274	1	
2.57913	-0.0100274	1	
2.57911	-0.0100274	1	
2.57909	-0.0100274	1	
2.57907	-0.0100274	1	
2.57905	-0.0100274	1	
2.57903	-0.0100274	1	
2.57901	-0.0100274	1	
2.57899	-0.0100274	1	
2.57897	-0.0100274	1	
2.57895	-0.0100274	1	
2.57893	-0.0100274	1	
2.57891	-0.0100274	1	
2.57889	-0.0100274	1	
2.57887	-0.0100274	1	
2.57885	-0.0100274	1	
2.57883	-0.0100274	1	
2.57881	-0.0100274	1	
2.57879	-0.0100274	1	
2.57877	-0.0100274	1	
2.57875	-0.0100274	1	
2.57873	-0.0100274	1	
2.57871	-0.0100274	1	
2.57869	-0.0100274	1	
2.57867	-0.0100274	1	
2.57865	-0.0100274	1	
2.57863	-0.0100274	1	
2.57861	-0.0100274	1	
2.57859	-0.0100274	1	
2.57857	-0.0100274	1	
2.57855	-0.0100274	1	
2.57853	-0.0100274	1	
2.57851	-0.0100274	1	
2.57849	-0.0100274	1	
2.57847	-0.0100274	1	
2.57845	-0.0100274	1	
2.57843	-0.0100274	1	
2.57841	-0.0100274	1	
2.57839	-0.0100274	1	
2.57837	-0.0100274	1	
2.57835	-0.0100274	1	
2.57833	-0.0100274	1	
2.57831	-0.0100274	1	
2.57829	-0.0100274	1	
2.57827	-0.0100274	1	
2.57825	-0.0100274	1	
2.57823	-0.0100274	1	
2.57821	-0.0100274	1	
2.57819	-0.0100274	1	
2.57817	-0.0100274	1	
2.57815	-0.0100274	1	
2.57813	-0.0100274	1	
2.57811	-0.0100274	1	
2.57809	-0.0100274	1	
2.57807	-0.0100274	1	
2.57805	-0.0100274	1	
2.57803	-0.0100274	1	
2.57801	-0.0100274	1	
2.57799	-0.0100274	1	
2.57797	-0.0100274	1	
2.57795	-0.0100274	1	
2.57793	-0.0100274	1	
2.57791	-0.0100274	1	
2.57789	-0.0100274	1	
2.57787	-0.0100274	1	
2.57785	-0.0100274	1	
2.57783	-0.0100274	1	
2.57781	-0.0100274	1	
2.57779	-0.0100274	1	
2.57777	-0.0100274	1	
2.57775	-0.0100274	1	
2.57773	-0.0100274	1	
2.57771	-0.0100274	1	
2.57769	-0.0100274	1	
2.57767	-0.0100274	1	
2.57765	-0.0100274	1	
2.57763	-0.0100274	1	
2.57761	-0.0100274	1	
2.57759	-0.0100274	1	
2.57757	-0.0100274	1	
2.57755	-0.0100274	1	
2.57753	-0.0100274	1	
2.57751	-0.0100274	1	
2.57749	-0.0100274	1	
2.57747	-0.0100274	1	
2.57745	-0.0100274	1	
2.57743	-0.0100274	1	
2.57741	-0.0100274	1	
2.57739	-0.0100274	1	
2.57737	-0.0100274	1	
2.57735	-0.0100274	1	
2.57733	-0.0100274	1	
2.57731	-0.0100274	1	
2.57729	-0.0100274	1	
2.57727	-0.0100274	1	
2.57725	-0.0100274	1	
2.57723	-0.0100274	1	
2.57721	-0.0100274	1	
2.57719	-0.0100274	1	
2.57717	-0.0100274	1	
2.57715	-0.0100274	1	
2.57713	-0.0100274	1	
2.57711	-0.0100274	1	
2.57709	-0.0100274	1	
2.57707	-0.0100274	1	
2.57705	-0.0100274	1	
2.57703	-0.0100274	1	
2.57701	-0.0100274	1	
2.57699	-0.0100274	1	
2.57697	-0.0100274	1	
2.57695	-0.0100274	1	
2.57693	-0.0100274	1	
2.57691	-0.0100274	1	
2.57689	-0.0100274	1	
2.57687	-0.0100274	1	
2.57684	-0.0100274	1	
2.57682	-0.0100274	1	
2.5768	-0.0100274	1	
2.57678	-0.0100274	1	
2.57676	-0.0100274	1	
2.57674	-0.0100274	1	
2.57672	-0.0100274	1	
2.5767	-0.0100274	1	
2.57668	-0.0100274	1	
2.57666	-0.0100274	1	
2.57664	-0.0100274	1	
2.57662	-0.0100274	1	
2.5766	-0.0100274	1	
2.57658	-0.0100274	1	
2.57656	-0.0100274	1	
2.57654	-0.0100274	1	
2.57652	-0.0100274	1	
2.5765	-0.0100274	1	
2.57648	-0.0100274	1	
2.57646	-0.0100274	1	
2.57644	-0.0100274	1	
2.57642	-0.0100274	1	
2.5764	-0.0100274	1	
2.57638	-0.0100274	1	
2.57636	-0.0100274	1	
2.57634	-0.0100274	1	
2.57632	-0.0100274	1	
2.5763	-0.0100274	1	
2.57628	-0.0100274	1	
2.57626	-0.0100274	1	
2.57624	-0.0100274	1	
2.57622	-0.0100274	1	
2.5762	-0.0100274	1	
2.57618	-0.0100274	1	
2.57616	-0.0100274	1	
2.57614	-0.0100274	1	
2.57612	-0.0100274	1	
2.5761	-0.0100274	1	
2.57608	-0.0100274	1	
2.57606	-0.0100274	1	
2.57604	-0.0100274	1	
2.57602	-0.0100274	1	
2.576	-0.0100274	1	
2.57598	-0.0100274	1	
2.57596	-0.0100274	1	
2.57594	-0.0100274	1	
2.57592	-0.0100274	1	
2.5759	-0.0100274	1	
2.57588	-0.0100274	1	
2.57586	-0.0100274	1	
2.57584	-0.0100274	1	
2.57582	-0.0100274	1	
2.5758	-0.0100274	1	
2.57578	-0.0100274	1	
2.57576	-0.0100274	1	
2.57574	-0.0100274	1	
2.57572	-0.0100274	1	
2.5757	-0.0100274	1	
2.57568	-0.0100274	1	
2.57566	-0.0100274	1	
2.57564	-0.0100274	1	
2.57562	-0.0100274	1	
2.5756	-0.0100274	1	
2.57558	-0.0100274	1	
2.57556	-0.0100274	1	
2.57554	-0.0100274	1	
2.57552	-0.0100274	1	
2.5755	-0.0100274	1	
2.57548	-0.0100274	1	
2.57546	-0.0100274	1	
2.57544	-0.0100274	1	
2.57542	-0.0100274	1	
2.5754	-0.0100274	1	
2.57538	-0.0100274	1	
2.57536	-0.0100274	1	
2.57534	-0.0100274	1	
2.57532	-0.0100274	1	
2.5753	-0.0100274	1	
2.57528	-0.0100274	1	
2.57526	-0.0100274	1	
2.57524	-0.0100274	1	
2.57522	-0.0100274	1	
2.5752	-0.0100274	1	
2.57518	-0.0100274	1	
2.57516	-0.0100274	1	
2.57514	-0.0100274	1	
2.57512	-0.0100274	1	
2.5751	-0.0100274	1	
2.57508	-0.0100274	1	
2.57506	-0.0100274	1	
2.57504	-0.0100274	1	
2.57502	-0.0100274	1	
2.575	-0.0100274	1	
2.57498	-0.0100274	1	
2.57496	-0.0100274	1	
2.57494	-0.0100274	1	
2.57492	-0.0100274	1	
2.5749	-0.0100274	1	
2.57488	-0.0100274	1	
2.57486	-0.0100274	1	
2.57484	-0.0100274	1	
2.57482	-0.0100274	1	
2.5748	-0.0100274	1	
2.57478	-0.0100274	1	
2.57476	-0.0100274	1	
2.57474	-0.0100274	1	
2.57472	-0.0100274	1	
2.5747	-0.0100274	1	
2.57468	-0.0100274	1	
2.57466	-0.0100274	1	
2.57464	-0.0100274	1	
2.57462	-0.0100274	1	
2.5746	-0.0100274	1	
2.57458	-0.0100274	1	
2.57456	-0.0100274	1	
2.57454	-0.0100274	1	
2.57452	-0.0100274	1	
2.5745	-0.0100274	1	
2.57448	-0.0100274	1	
2.57446	-0.0100274	1	
2.57444	-0.0100274	1	
2.57442	-0.0100274	1	
2.5744	-0.0100274	1	
2.57438	-0.0100274	1	
2.57436	-0.0100274	1	
2.57434	-0.0100274	1	
2.57432	-0.0100274	1	
2.5743	-0.0100274	1	
2.57428	-0.0100274	1	
2.57426	-0.0100274	1	
2.57424	-0.0100274	1	
2.57422	-0.0100274	1	
2.5742	-0.0100274	1	
2.57418	-0.0100274	1	
2.57416	-0.0100274	1	
2.57414	-0.0100274	1	
2.57412	-0.0100274	1	
2.5741	-0.0100274	1	
2.57408	-0.0100274	1	
2.57406	-0.0100274	1	
2.57404	-0.0100274	1	
2.57402	-0.0100274	1	
2.574	-0.0100274	1	
2.57398	-0.0100274	1	
2.57396	-0.0100274	1	
2.57394	-0.0100274	1	
2.57392	-0.0100274	1	
2.5739	-0.0100274	1	
2.57388	-0.0100274	1	
2.57386	-0.0100274	1	
2.57384	-0.0100274	1	
2.57382	-0.0100274	1	
2.5738	-0.0100274	1	
2.57378	-0.0100274	1	
2.57376	-0.0100274	1	
2.57374	-0.0100274	1	
2.57372	-0.0100274	1	
2.5737	-0.0100274	1	
2.57368	-0.0100274	1	
2.57366	-0.0100274	1	
2.57364	-0.0100274	1	
2.57362	-0.0100274	1	
2.5736	-0.0100274	1	
2.57358	-0.0100274	1	
2.57356	-0.0100274	1	
2.57354	-0.0100274	1	
2.57352	-0.0100274	1	
2.5735	-0.0100274	1	
2.57348	-0.0100274	1	
2.57346	-0.0100274	1	
2.57344	-0.0100274	1	
2.57342	-0.0100274	1	
2.5734	-0.0100274	1	
2.57338	-0.0100274	1	
2.57336	-0.0100274	1	
2.57334	-0.0100274	1	
2.57332	-0.0100274	1	
2.5733	-0.0100274	1	
2.57328	-0.0100274	1	
2.57326	-0.0100274	1	
2.57324	-0.0100274	1	
2.57322	-0.0100274	1	
2.57319	-0.0100274	1	
2.57317	-0.0100274	1	
2.57315	-0.0100274	1	
2.57313	-0.0100274	1	
2.57311	-0.0100274	1	
2.57309	-0.0100274	1	
2.57307	-0.0100274	1	
2.57305	-0.0100274	1	
2.57303	-0.0100274	1	
2.57301	-0.0100274	1	
2.57299	-0.0100274	1	
2.57297	-0.0100274	1	
2.57295	-0.0100274	1	
2.57293	-0.0100274	1	
2.57291	-0.0100274	1	
2.57289	-0.0100274	1	
2.57287	-0.0100274	1	
2.57285	-0.0100274	1	
2.57283	-0.0100274	1	
2.57281	-0.0100274	1	
2.57279	-0.0100274	1	
2.57277	-0.0100274	1	
2.57275	-0.0100274	1	
2.57273	-0.0100274	1	
2.57271	-0.0100274	1	
2.57269	-0.0100274	1	
2.57267	-0.0100274	1	
2.57265	-0.0100274	1	
2.57263	-0.0100274	1	
2.57261	-0.0100274	1	
2.57259	-0.0100274	1	
2.57257	-0.0100274	1	
2.57255	-0.0100274	1	
2.57253	-0.0100274	1	
2.57251	-0.0100274	1	
2.57249	-0.0100274	1	
2.57247	-0.0100274	1	
2.57245	-0.0100274	1	
2.57243	-0.0100274	1	
2.57241	-0.0100274	1	
2.57239	-0.0100274	1	
2.57237	-0.0100274	1	
2.57235	-0.0100274	1	
2.57233	-0.0100274	1	
2.57231	-0.0100274	1	
2.57229	-0.0100274	1	
2.57227	-0.0100274	1	
2.57225	-0.0100274	1	
2.57223	-0.0100274	1	
2.57221	-0.0100274	1	
2.57219	-0.0100274	1	
2.57217	-0.0100274	1	
2.57215	-0.0100274	1	
2.57213	-0.0100274	1	
2.57211	-0.0100274	1	
2.57209	-0.0100274	1	
2.57207	-0.0100274	1	
2.57205	-0.0100274	1	
2.57203	-0.0100274	1	
2.57201	-0.0100274	1	
2.57199	-0.0100274	1	
2.57197	-0.0100274	1	
2.57195	-0.0100274	1	
2.57193	-0.0100274	1	
2.57191	-0.0100274	1	
2.57189	-0.0100274	1	
2.57187	-0.0100274	1	
2.57185	-0.0100274	1	
2.57183	-0.0100274	1	
2.57181	-0.0100274	1	
2.57179	-0.0100274	1	
2.57177	-0.0100274	1	
2.57175	-0.0100274	1	
2.57173	-0.0100274	1	
2.57171	-0.0100274	1	
2.57169	-0.0100274	1	
2.57167	-0.0100274	1	
2.57165	-0.0100274	1	
2.57163	-0.0100274	1	
2.57161	-0.0100274	1	
2.57159	-0.0100274	1	
2.57157	-0.0100274	1	
2.57155	-0.0100274	1	
2.57153	-0.0100274	1	
2.57151	-0.0100274	1	
2.57149	-0.0100274	1	
2.57147	-0.0100274	1	
2.57145	-0.0100274	1	
2.57143	-0.0100274	1	
2.57141	-0.0100274	1	
2.57139	-0.0100274	1	
2.57137	-0.0100274	1	
2.57135	-0.0100274	1	
2.57133	-0.0100274	1	
2.57131	-0.0100274	1	
2.57129	-0.0100274	1	
2.57127	-0.0100274	1	
2.57125	-0.0100274	1	
2.57123	-0.0100274	1	
2.57121	-0.0100274	1	
2.57119	-0.0100274	1	
2.57117	-0.0100274	1	
2.57115	-0.0100274	1	
2.57113	-0.0100274	1	
2.57111	-0.0100274	1	
2.57109	-0.0100274	1	
2.57107	-0.0100274	1	
2.57105	-0.0100274	1	
2.57103	-0.0100274	1	
2.57101	-0.0100274	1	
2.57099	-0.0100274	1	
2.57097	-0.0100274	1	
2.57095	-0.0100274	1	
2.57093	-0.0100274	1	
2.57091	-0.0100274	1	
2.57089	-0.0100274	1	
2.57087	-0.0100274	1	
2.57085	-0.0100274	1	
2.57083	-0.0100274	1	
2.57081	-0.0100274	1	
2.57079	-0.0100274	1	
2.57077	-0.0100274	1	
2.57075	-0.0100274	1	
2.57073	-0.0100274	1	
2.57071	-0.0100274	1	
2.57069	-0.0100274	1	
2.57067	-0.0100274	1	
2.57065	-0.0100274	1	
2.57063	-0.0100274	1	
2.57061	-0.0100274	1	
2.57059	-0.0100274	1	
2.57057	-0.0100274	1	
2.57055	-0.0100274	1	
2.57053	-0.0100274	1	
2.57051	-0.0100274	1	
2.57049	-0.0100274	1	
2.57047	-0.0100274	1	
2.57045	-0.0100274	1	
2.57043	-0.0100274	1	
2.57041	-0.0100274	1	
2.57039	-0.0100274	1	
2.57037	-0.0100274	1	
2.57035	-0.0100274	1	
2.57033	-0.0100274	1	
2.57031	-0.0100274	1	
2.57029	-0.0100274	1	
2.57027	-0.0100274	1	
2.57025	-0.0100274	1	
2.57023	-0.0100274	1	
2.57021	-0.0100274	1	
2.57019	-0.0100274	1	
2.57017	-0.0100274	1	
2.57015	-0.0100274	1	
2.57013	-0.0100274	1	
2.57011	-0.0100274	1	
2.57009	-0.0100274	1	
2.57007	-0.0100274	1	
2.57005	-0.0100274	1	
2.57003	-0.0100274	1	
2.57001	-0.0100274	1	
2.56999	-0.0100274	1	
2.56997	-0.0100274	1	
2.56995	-0.0100274	1	
2.56993	-0.0100274	1	
2.56991	-0.0100274	1	
2.56989	-0.0100274	1	
2.56987	-0.0100274	1	
2.56985	-0.0100274	1	
2.56983	-0.0100274	1	
2.56981	-0.0100274	1	
2.56979	-0.0100274	1	
2.56977	-0.0100274	1	
2.56975	-0.0100274	1	
2.56973	-0.0100274	1	
2.56971	-0.0100274	1	
2.56969	-0.0100274	1	
2.56967	-0.0100274	1	
2.56965	-0.0100274	1	
2.56963	-0.0100274	1	
2.56961	-0.0100274	1	
2.56959	-0.0100274	1	
2.56957	-0.0100274	1	
2.56955	-0.0100274	1	
2.56953	-0.0100274	1	
2.5695	-0.0100274	1	
2.56948	-0.0100274	1	
2.56946	-0.0100274	1	
2.56944	-0.0100274	1	
2.56942	-0.0100274	1	
2.5694	-0.0100274	1	
2.56938	-0.0100274	1	
2.56936	-0.0100274	1	
2.56934	-0.0100274	1	
2.56932	-0.0100274	1	
2.5693	-0.0100274	1	
2.56928	-0.0100274	1	
2.56926	-0.0100274	1	
2.56924	-0.0100274	1	
2.56922	-0.0100274	1	
2.5692	-0.0100274	1	
2.56918	-0.0100274	1	
2.56916	-0.0100274	1	
2.56914	-0.0100274	1	
2.56912	-0.0100274	1	
2.5691	-0.0100274	1	
2.56908	-0.0100274	1	
2.56906	-0.0100274	1	
2.56904	-0.0100274	1	
2.56902	-0.0100274	1	
2.569	-0.0100274	1	
2.56898	-0.0100274	1	
2.56896	-0.0100274	1	
2.56894	-0.0100274	1	
2.56892	-0.0100274	1	
2.5689	-0.0100274	1	
2.56888	-0.0100274	1	
2.56886	-0.0100274	1	
2.56884	-0.0100274	1	
2.56882	-0.0100274	1	
2.5688	-0.0100274	1	
2.56878	-0.0100274	1	
2.56876	-0.0100274	1	
2.56874	-0.0100274	1	
2.56872	-0.0100274	1	
2.5687	-0.0100274	1	
2.56868	-0.0100274	1	
2.56866	-0.0100274	1	
2.56864	-0.0100274	1	
2.56862	-0.0100274	1	
2.5686	-0.0100274	1	
2.56858	-0.0100274	1	
2.56856	-0.0100274	1	
2.56854	-0.0100274	1	
2.56852	-0.0100274	1	
2.5685	-0.0100274	1	
2.56848	-0.0100274	1	
2.56846	-0.0100274	1	
2.56844	-0.0100274	1	
2.56842	-0.0100274	1	
2.5684	-0.0100274	1	
2.56838	-0.0100274	1	
2.56836	-0.0100274	1	
2.56834	-0.0100274	1	
2.56832	-0.0100274	1	
2.5683	-0.0100274	1	
2.56828	-0.0100274	1	
2.56826	-0.0100274	1	
2.56824	-0.0100274	1	
2.56822	-0.0100274	1	
2.5682	-0.0100274	1	
2.56818	-0.0100274	1	
2.56816	-0.0100274	1	
2.56814	-0.0100274	1	
2.56812	-0.0100274	1	
2.5681	-0.0100274	1	
2.56808	-0.0100274	1	
2.56806	-0.0100274	1	
2.56804	-0.0100274	1	
2.56802	-0.0100274	1	
2.568	-0.0100274	1	
2.56798	-0.0100274	1	
2.56796	-0.0100274	1	
2.56794	-0.0100274	1	
2.56792	-0.0100274	1	
2.5679	-0.0100274	1	
2.56788	-0.0100274	1	
2.56786	-0.0100274	1	
2.56784	-0.0100274	1	
2.56782	-0.0100274	1	
2.5678	-0.0100274	1	
2.56778	-0.0100274	1	
2.56776	-0.0100274	1	
2.56774	-0.0100274	1	
2.56772	-0.0100274	1	
2.5677	-0.0100274	1	
2.56768	-0.0100274	1	
2.56766	-0.0100274	1	
2.56764	-0.0100274	1	
2.56762	-0.0100274	1	
2.5676	-0.0100274	1	
2.56758	-0.0100274	1	
2.56756	-0.0100274	1	
2.56754	-0.0100274	1	
2.56752	-0.0100274	1	
2.5675	-0.0100274	1	
2.56748	-0.0100274	1	
2.56746	-0.0100274	1	
2.56744	-0.0100274	1	
2.56742	-0.0100274	1	
2.5674	-0.0100274	1	
2.56738	-0.0100274	1	
2.56736	-0.0100274	1	
2.56734	-0.0100274	1	
2.56732	-0.0100274	1	
2.5673	-0.0100274	1	
2.56728	-0.0100274	1	
2.56726	-0.0100274	1	
2.56724	-0.0100274	1	
2.56722	-0.0100274	1	
2.5672	-0.0100274	1	
2.56718	-0.0100274	1	
2.56716	-0.0100274	1	
2.56714	-0.0100274	1	
2.56712	-0.0100274	1	
2.5671	-0.0100274	1	
2.56708	-0.0100274	1	
2.56706	-0.0100274	1	
2.56704	-0.0100274	1	
2.56702	-0.0100274	1	
2.567	-0.0100274	1	
2.56698	-0.0100274	1	
2.56696	-0.0100274	1	
2.56694	-0.0100274	1	
2.56692	-0.0100274	1	
2.5669	-0.0100274	1	
2.56688	-0.0100274	1	
2.56686	-0.0100274	1	
2.56684	-0.0100274	1	
2.56682	-0.0100274	1	
2.5668	-0.0100274	1	
2.56678	-0.0100274	1	
2.56676	-0.0100274	1	
2.56674	-0.0100274	1	
2.56672	-0.0100274	1	
2.5667	-0.0100274	1	
2.56668	-0.0100274	1	
2.56666	-0.0100274	1	
2.56664	-0.0100274	1	
2.56662	-0.0100274	1	
2.5666	-0.0100274	1	
2.56658	-0.0100274	1	
2.56656	-0.0100274	1	
2.56654	-0.0100274	1	
2.56652	-0.0100274	1	
2.5665	-0.0100274	1	
2.56648	-0.0100274	1	
2.56646	-0.0100274	1	
2.56644	-0.0100274	1	
2.56642	-0.0100274	1	
2.5664	-0.0100274	1	
2.56638	-0.0100274	1	
2.56636	-0.0100274	1	
2.56634	-0.0100274	1	
2.56632	-0.0100274	1	
2.5663	-0.0100274	1	
2.56628	-0.0100274	1	
2.56626	-0.0100274	1	
2.56624	-0.0100274	1	
2.56622	-0.0100274	1	
2.5662	-0.0100274	1	
2.56618	-0.0100274	1	
2.56616	-0.0100274	1	
2.56614	-0.0100274	1	
2.56612	-0.0100274	1	
2.5661	-0.0100274	1	
2.56608	-0.0100274	1	
2.56606	-0.0100274	1	
2.56604	-0.0100274	1	
2.56602	-0.0100274	1	
2.566	-0.0100274	1	
2.56598	-0.0100274	1	
2.56596	-0.0100274	1	
2.56594	-0.0100274	1	
2.56592	-0.0100274	1	
2.5659	-0.0100274	1	
2.56588	-0.0100274	1	
2.56586	-0.0100274	1	
2.56583	-0.0100274	1	
2.56581	-0.0100274	1	
2.56579	-0.0100274	1	
2.56577	-0.0100274	1	
2.56575	-0.0100274	1	
2.56573	-0.0100274	1	
2.56571	-0.0100274	1	
2.56569	-0.0100274	1	
2.56567	-0.0100274	1	
2.56565	-0.0100274	1	
2.56563	-0.0100274	1	
2.56561	-0.0100274	1	
2.56559	-0.0100274	1	
2.56557	-0.0100274	1	
2.56555	-0.0100274	1	
2.56553	-0.0100274	1	
2.56551	-0.0100274	1	
2.56549	-0.0100274	1	
2.56547	-0.0100274	1	
2.56545	-0.0100274	1	
2.56543	-0.0100274	1	
2.56541	-0.0100274	1	
2.56539	-0.0100274	1	
2.56537	-0.0100274	1	
2.56535	-0.0100274	1	
2.56533	-0.0100274	1	
2.56531	-0.0100274	1	
2.56529	-0.0100274	1	
2.56527	-0.0100274	1	
2.56525	-0.0100274	1	
2.56523	-0.0100274	1	
2.56521	-0.0100274	1	
2.56519	-0.0100274	1	
2.56517	-0.0100274	1	
2.56515	-0.0100274	1	
2.56513	-0.0100274	1	
2.56511	-0.0100274	1	
2.56509	-0.0100274	1	
2.56507	-0.0100274	1	
2.56505	-0.0100274	1	
2.56503	-0.0100274	1	
2.56501	-0.0100274	1	
2.56499	-0.0100274	1	
2.56497	-0.0100274	1	
2.56495	-0.0100274	1	
2.56493	-0.0100274	1	
2.56491	-0.0100274	1	
2.56489	-0.0100274	1	
2.56487	-0.0100274	1	
2.56485	-0.0100274	1	
2.56483	-0.0100274	1	
2.56481	-0.0100274	1	
2.56479	-0.0100274	1	
2.56477	-0.0100274	1	
2.56475	-0.0100274	1	
2.56473	-0.0100274	1	
2.56471	-0.0100274	1	
2.56469	-0.0100274	1	
2.56467	-0.0100274	1	
2.56465	-0.0100274	1	
2.56463	-0.0100274	1	
2.56461	-0.0100274	1	
2.56459	-0.0100274	1	
2.56457	-0.0100274	1	
2.56455	-0.0100274	1	
2.56453	-0.0100274	1	
2.56451	-0.0100274	1	
2.56449	-0.0100274	1	
2.56447	-0.0100274	1	
2.56445	-0.0100274	1	
2.56443	-0.0100274	1	
2.56441	-0.0100274	1	
2.56439	-0.0100274	1	
2.56437	-0.0100274	1	
2.56435	-0.0100274	1	
2.56433	-0.0100274	1	
2.56431	-0.0100274	1	
2.56429	-0.0100274	1	
2.56427	-0.0100274	1	
2.56425	-0.0100274	1	
2.56423	-0.0100274	1	
2.56421	-0.0100274	1	
2.56419	-0.0100274	1	
2.56417	-0.0100274	1	
2.56415	-0.0100274	1	
2.56413	-0.0100274	1	
2.56411	-0.0100274	1	
2.56409	-0.0100274	1	
2.56407	-0.0100274	1	
2.56405	-0.0100274	1	
2.56403	-0.0100274	1	
2.56401	-0.0100274	1	
2.56399	-0.0100274	1	
2.56397	-0.0100274	1	
2.56395	-0.0100274	1	
2.56393	-0.0100274	1	
2.56391	-0.0100274	1	
2.56389	-0.0100274	1	
2.56387	-0.0100274	1	
2.56385	-0.0100274	1	
2.56383	-0.0100274	1	
2.56381	-0.0100274	1	
2.56379	-0.0100274	1	
2.56377	-0.0100274	1	
2.56375	-0.0100274	1	
2.56373	-0.0100274	1	
2.56371	-0.0100274	1	
2.56369	-0.0100274	1	
2.56367	-0.0100274	1	
2.56365	-0.0100274	1	
2.56363	-0.0100274	1	
2.56361	-0.0100274	1	
2.56359	-0.0100274	1	
2.56357	-0.0100274	1	
2.56355	-0.0100274	1	
2.56353	-0.0100274	1	
2.56351	-0.0100274	1	
2.56349	-0.0100274	1	
2.56347	-0.0100274	1	
2.56345	-0.0100274	1	
2.56343	-0.0100274	1	
2.56341	-0.0100274	1	
2.56339	-0.0100274	1	
2.56337	-0.0100274	1	
2.56335	-0.0100274	1	
2.56333	-0.0100274	1	
2.56331	-0.0100274	1	
2.56329	-0.0100274	1	
2.56327	-0.0100274	1	
2.56325	-0.0100274	1	
2.56323	-0.0100274	1	
2.56321	-0.0100274	1	
2.56319	-0.0100274	1	
2.56317	-0.0100274	1	
2.56315	-0.0100274	1	
2.56313	-0.0100274	1	
2.56311	-0.0100274	1	
2.56309	-0.0100274	1	
2.56307	-0.0100274	1	
2.56305	-0.0100274	1	
2.56303	-0.0100274	1	
2.56301	-0.0100274	1	
2.56299	-0.0100274	1	
2.56297	-0.0100274	1	
2.56295	-0.0100274	1	
2.56293	-0.0100274	1	
2.56291	-0.0100274	1	
2.56289	-0.0100274	1	
2.56287	-0.0100274	1	
2.56285	-0.0100274	1	
2.56283	-0.0100274	1	
2.56281	-0.0100274	1	
2.56279	-0.0100274	1	
2.56277	-0.0100274	1	
2.56275	-0.0100274	1	
2.56273	-0.0100274	1	
2.56271	-0.0100274	1	
2.56269	-0.0100274	1	
2.56267	-0.0100274	1	
2.56265	-0.0100274	1	
2.56263	-0.0100274	1	
2.56261	-0.0100274	1	
2.56259	-0.0100274	1	
2.56257	-0.0100274	1	
2.56255	-0.0100274	1	
2.56253	-0.0100274	1	
2.56251	-0.0100274	1	
2.56249	-0.0100274	1	
2.56247	-0.0100274	1	
2.56245	-0.0100274	1	
2.56243	-0.0100274	1	
2.56241	-0.0100274	1	
2.56239	-0.0100274	1	
2.56237	-0.0100274	1	
2.56235	-0.0100274	1	
2.56233	-0.0100274	1	
2.56231	-0.0100274	1	
2.56229	-0.0100274	1	
2.56227	-0.0100274	1	
2.56225	-0.0100274	1	
2.56223	-0.0100274	1	
2.56221	-0.0100274	1	
2.56219	-0.0100274	1	
2.56217	-0.0100274	1	
2.56214	-0.0100274	1	
2.56212	-0.0100274	1	
2.5621	-0.0100274	1	
2.56208	-0.0100274	1	
2.56206	-0.0100274	1	
2.56204	-0.0100274	1	
2.56202	-0.0100274	1	
2.562	-0.0100274	1	
2.56198	-0.0100274	1	
2.56196	-0.0100274	1	
2.56194	-0.0100274	1	
2.56192	-0.0100274	1	
2.5619	-0.0100274	1	
2.56188	-0.0100274	1	
2.56186	-0.0100274	1	
2.56184	-0.0100274	1	
2.56182	-0.0100274	1	
2.5618	-0.0100274	1	
2.56178	-0.0100274	1	
2.56176	-0.0100274	1	
2.56174	-0.0100274	1	
2.56172	-0.0100274	1	
2.5617	-0.0100274	1	
2.56168	-0.0100274	1	
2.56166	-0.0100274	1	
2.56164	-0.0100274	1	
2.56162	-0.0100274	1	
2.5616	-0.0100274	1	
2.56158	-0.0100274	1	
2.56156	-0.0100274	1	
2.56154	-0.0100274	1	
2.56152	-0.0100274	1	
2.5615	-0.0100274	1	
2.56148	-0.0100274	1	
2.56146	-0.0100274	1	
2.56144	-0.0100274	1	
2.56142	-0.0100274	1	
2.5614	-0.0100274	1	
2.56138	-0.0100274	1	
2.56136	-0.0100274	1	
2.56134	-0.0100274	1	
2.56132	-0.0100274	1	
2.5613	-0.0100274	1	
2.56128	-0.0100274	1	
2.56126	-0.0100274	1	
2.56124	-0.0100274	1	
2.56122	-0.0100274	1	
2.5612	-0.0100274	1	
2.56118	-0.0100274	1	
2.56116	-0.0100274	1	
2.56114	-0.0100274	1	
2.56112	-0.0100274	1	
2.5611	-0.0100274	1	
2.56108	-0.0100274	1	
2.56106	-0.0100274	1	
2.56104	-0.0100274	1	
2.56102	-0.0100274	1	
2.561	-0.0100274	1	
2.56098	-0.0100274	1	
2.56096	-0.0100274	1	
2.56094	-0.0100274	1	
2.56092	-0.0100274	1	
2.5609	-0.0100274	1	
2.56088	-0.0100274	1	
2.56086	-0.0100274	1	
2.56084	-0.0100274	1	
2.56082	-0.0100274	1	
2.5608	-0.0100274	1	
2.56078	-0.0100274	1	
2.56076	-0.0100274	1	
2.56074	-0.0100274	1	
2.56072	-0.0100274	1	
2.5607	-0.0100274	1	
2.56068	-0.0100274	1	
2.56066	-0.0100274	1	
2.56064	-0.0100274	1	
2.56062	-0.0100274	1	
2.5606	-0.0100274	1	
2.56058	-0.0100274	1	
2.56056	-0.0100274	1	
2.56054	-0.0100274	1	
2.56052	-0.0100274	1	
2.5605	-0.0100274	1	
2.56048	-0.0100274	1	
2.56046	-0.0100274	1	
2.56044	-0.0100274	1	
2.56042	-0.0100274	1	
2.5604	-0.0100274	1	
2.56038	-0.0100274	1	
2.56036	-0.0100274	1	
2.56034	-0.0100274	1	
2.56032	-0.0100274	1	
2.5603	-0.0100274	1	
2.56028	-0.0100274	1	
2.56026	-0.0100274	1	
2.56024	-0.0100274	1	
2.56022	-0.0100274	1	
2.5602	-0.0100274	1	
2.56018	-0.0100274	1	
2.56016	-0.0100274	1	
2.56014	-0.0100274	1	
2.56012	-0.0100274	1	
2.5601	-0.0100274	1	
2.56008	-0.0100274	1	
2.56006	-0.0100274	1	
2.56004	-0.0100274	1	
2.56002	-0.0100274	1	
2.56	-0.0100274	1	
2.55998	-0.0100274	1	
2.55996	-0.0100274	1	
2.55994	-0.0100274	1	
2.55992	-0.0100274	1	
2.5599	-0.0100274	1	
2.55988	-0.0100274	1	
2.55986	-0.0100274	1	
2.55984	-0.0100274	1	
2.55982	-0.0100274	1	
2.5598	-0.0100274	1	
2.55978	-0.0100274	1	
2.55976	-0.0100274	1	
2.55974	-0.0100274	1	
2.55972	-0.0100274	1	
2.5597	-0.0100274	1	
2.55968	-0.0100274	1	
2.55966	-0.0100274	1	
2.55964	-0.0100274	1	
2.55962	-0.0100274	1	
2.5596	-0.0100274	1	
2.55958	-0.0100274	1	
2.55956	-0.0100274	1	
2.55954	-0.0100274	1	
2.55952	-0.0100274	1	
2.5595	-0.0100274	1	
2.55948	-0.0100274	1	
2.55946	-0.0100274	1	
2.55944	-0.0100274	1	
2.55942	-0.0100274	1	
2.5594	-0.0100274	1	
2.55938	-0.0100274	1	
2.55936	-0.0100274	1	
2.55934	-0.0100274	1	
2.55932	-0.0100274	1	
2.5593	-0.0100274	1	
2.55928	-0.0100274	1	
2.55926	-0.0100274	1	
2.55924	-0.0100274	1	
2.55922	-0.0100274	1	
2.5592	-0.0100274	1	
2.55918	-0.0100274	1	
2.55916	-0.0100274	1	
2.55914	-0.0100274	1	
2.55912	-0.0100274	1	
2.5591	-0.0100274	1	
2.55908	-0.0100274	1	
2.55906	-0.0100274	1	
2.55904	-0.0100274	1	
2.55902	-0.0100274	1	
2.559	-0.0100274	1	
2.55898	-0.0100274	1	
2.55896	-0.0100274	1	
2.55894	-0.0100274	1	
2.55892	-0.0100274	1	
2.5589	-0.0100274	1	
2.55888	-0.0100274	1	
2.55886	-0.0100274	1	
2.55884	-0.0100274	1	
2.55882	-0.0100274	1	
2.5588	-0.0100274	1	
2.55878	-0.0100274	1	
2.55876	-0.0100274	1	
2.55874	-0.0100274	1	
2.55872	-0.0100274	1	
2.5587	-0.0100274	1	
2.55868	-0.0100274	1	
2.55866	-0.0100274	1	
2.55864	-0.0100274	1	
2.55862	-0.0100274	1	
2.5586	-0.0100274	1	
2.55858	-0.0100274	1	
2.55856	-0.0100274	1	
2.55854	-0.0100274	1	
2.55852	-0.0100274	1	
2.5585	-0.0100274	1	
2.55848	-0.0100274	1	
2.55845	-0.0100274	1	
2.55843	-0.0100274	1	
2.55841	-0.0100274	1	
2.55839	-0.0100274	1	
2.55837	-0.0100274	1	
2.55835	-0.0100274	1	
2.55833	-0.0100274	1	
2.55831	-0.0100274	1	
2.55829	-0.0100274	1	
2.55827	-0.0100274	1	
2.55825	-0.0100274	1	
2.55823	-0.0100274	1	
2.55821	-0.0100274	1	
2.55819	-0.0100274	1	
2.55817	-0.0100274	1	
2.55815	-0.0100274	1	
2.55813	-0.0100274	1	
2.55811	-0.0100274	1	
2.55809	-0.0100274	1	
2.55807	-0.0100274	1	
2.55805	-0.0100274	1	
2.55803	-0.0100274	1	
2.55801	-0.0100274	1	
2.55799	-0.0100274	1	
2.55797	-0.0100274	1	
2.55795	-0.0100274	1	
2.55793	-0.0100274	1	
2.55791	-0.0100274	1	
2.55789	-0.0100274	1	
2.55787	-0.0100274	1	
2.55785	-0.0100274	1	
2.55783	-0.0100274	1	
2.55781	-0.0100274	1	
2.55779	-0.0100274	1	
2.55777	-0.0100274	1	
2.55775	-0.0100274	1	
2.55773	-0.0100274	1	
2.55771	-0.0100274	1	
2.55769	-0.0100274	1	
2.55767	-0.0100274	1	
2.55765	-0.0100274	1	
2.55763	-0.0100274	1	
2.55761	-0.0100274	1	
2.55759	-0.0100274	1	
2.55757	-0.0100274	1	
2.55755	-0.0100274	1	
2.55753	-0.0100274	1	
2.55751	-0.0100274	1	
2.55749	-0.0100274	1	
2.55747	-0.0100274	1	
2.55745	-0.0100274	1	
2.55743	-0.0100274	1	
2.55741	-0.0100274	1	
2.55739	-0.0100274	1	
2.55737	-0.0100274	1	
2.55735	-0.0100274	1	
2.55733	-0.0100274	1	
2.55731	-0.0100274	1	
2.55729	-0.0100274	1	
2.55727	-0.0100274	1	
2.55725	-0.0100274	1	
2.55723	-0.0100274	1	
2.55721	-0.0100274	1	
2.55719	-0.0100274	1	
2.55717	-0.0100274	1	
2.55715	-0.0100274	1	
2.55713	-0.0100274	1	
2.55711	-0.0100274	1	
2.55709	-0.0100274	1	
2.55707	-0.0100274	1	
2.55705	-0.0100274	1	
2.55703	-0.0100274	1	
2.55701	-0.0100274	1	
2.55699	-0.0100274	1	
2.55697	-0.0100274	1	
2.55695	-0.0100274	1	
2.55693	-0.0100274	1	
2.55691	-0.0100274	1	
2.55689	-0.0100274	1	
2.55687	-0.0100274	1	
2.55685	-0.0100274	1	
2.55683	-0.0100274	1	
2.55681	-0.0100274	1	
2.55679	-0.0100274	1	
2.55677	-0.0100274	1	
2.55675	-0.0100274	1	
2.55673	-0.0100274	1	
2.55671	-0.0100274	1	
2.55669	-0.0100274	1	
2.55667	-0.0100274	1	
2.55665	-0.0100274	1	
2.55663	-0.0100274	1	
2.55661	-0.0100274	1	
2.55659	-0.0100274	1	
2.55657	-0.0100274	1	
2.55655	-0.0100274	1	
2.55653	-0.0100274	1	
2.55651	-0.0100274	1	
2.55649	-0.0100274	1	
2.55647	-0.0100274	1	
2.55645	-0.0100274	1	
2.55643	-0.0100274	1	
2.55641	-0.0100274	1	
2.55639	-0.0100274	1	
2.55637	-0.0100274	1	
2.55635	-0.0100274	1	
2.55633	-0.0100274	1	
2.55631	-0.0100274	1	
2.55629	-0.0100274	1	
2.55627	-0.0100274	1	
2.55625	-0.0100274	1	
2.55623	-0.0100274	1	
2.55621	-0.0100274	1	
2.55619	-0.0100274	1	
2.55617	-0.0100274	1	
2.55615	-0.0100274	1	
2.55613	-0.0100274	1	
2.55611	-0.0100274	1	
2.55609	-0.0100274	1	
2.55607	-0.0100274	1	
2.55605	-0.0100274	1	
2.55603	-0.0100274	1	
2.55601	-0.0100274	1	
2.55599	-0.0100274	1	
2.55597	-0.0100274	1	
2.55595	-0.0100274	1	
2.55593	-0.0100274	1	
2.55591	-0.0100274	1	
2.55589	-0.0100274	1	
2.55587	-0.0100274	1	
2.55585	-0.0100274	1	
2.55583	-0.0100274	1	
2.55581	-0.0100274	1	
2.55579	-0.0100274	1	
2.55577	-0.0100274	1	
2.55575	-0.0100274	1	
2.55573	-0.0100274	1	
2.55571	-0.0100274	1	
2.55569	-0.0100274	1	
2.55567	-0.0100274	1	
2.55565	-0.0100274	1	
2.55563	-0.0100274	1	
2.55561	-0.0100274	1	
2.55559	-0.0100274	1	
2.55557	-0.0100274	1	
2.55555	-0.0100274	1	
2.55553	-0.0100274	1	
2.55551	-0.0100274	1	
2.55549	-0.0100274	1	
2.55547	-0.0100274	1	
2.55545	-0.0100274	1	
2.55543	-0.0100274	1	
2.55541	-0.0100274	1	
2.55539	-0.0100274	1	
2.55537	-0.0100274	1	
2.55535	-0.0100274	1	
2.55533	-0.0100274	1	
2.55531	-0.0100274	1	
2.55529	-0.0100274	1	
2.55527	-0.0100274	1	
2.55525	-0.0100274	1	
2.55523	-0.0100274	1	
2.55521	-0.0100274	1	
2.55519	-0.0100274	1	
2.55517	-0.0100274	1	
2.55515	-0.0100274	1	
2.55513	-0.0100274	1	
2.55511	-0.0100274	1	
2.55509	-0.0100274	1	
2.55507	-0.0100274	1	
2.55505	-0.0100274	1	
2.55503	-0.0100274	1	
2.55501	-0.0100274	1	
2.55499	-0.0100274	1	
2.55497	-0.0100274	1	
2.55495	-0.0100274	1	
