10	0.00015269	1	
10	0.000274841	1	
10	0.000372563	1	
10	0.00045074	1	
10	0.000513282	1	
10	0.000563315	1	
10	0.000603342	1	
10	0.000635363	1	
10	0.00066098	1	
10	0.000681474	1	
10	0.000697869	1	
10	0.000710985	1	
10	0.000721478	1	
10	0.000729872	1	
10	0.000736587	1	
10	0.000741959	1	
10	0.000746257	1	
10	0.000749696	1	
10	0.000752446	1	
10	0.000754647	1	
10	0.000756407	1	
10	0.000757815	1	
10	0.000758942	1	
10	0.000759843	1	
10	0.000760564	1	
10	0.000761141	1	
10	0.000761603	1	
10	0.000761972	1	
10	0.000762267	1	
10	0.000762503	1	
10	0.000762693	1	
10	0.000762844	1	
10	0.000762965	1	
10	0.000763062	1	
10	0.000763139	1	
10	0.000763201	1	
10.0001	0.00076325	1	
10.0001	0.00076329	1	
10.0001	0.000763322	1	
10.0001	0.000763347	1	
10.0001	0.000763367	1	
10.0001	0.000763384	1	
10.0001	0.000763397	1	
10.0001	0.000763407	1	
10.0001	0.000763415	1	
10.0001	0.000763422	1	
10.0001	0.000763427	1	
10.0001	0.000763432	1	
10.0001	0.000763435	1	
10.0001	0.000763438	1	
10.0001	0.00076344	1	
10.0001	0.000763442	1	
10.0001	0.000763443	1	
10.0001	0.000763444	1	
10.0001	0.000763445	1	
10.0001	0.000763446	1	
10.0001	0.000763446	1	
10.0001	0.000763447	1	
10.0001	0.000763447	1	
10.0001	0.000763447	1	
10.0001	0.000763448	1	
10.0001	0.000763448	1	
10.0001	0.000763448	1	
10.0001	0.000763448	1	
10.0001	0.000763448	1	
10.0001	0.000763448	1	
10.0001	0.000763448	1	
10.0001	0.000763448	1	
10.0001	0.000763448	1	
10.0001	0.000763448	1	
10.0001	0.000763448	1	
10.0001	0.000763449	1	
10.0001	0.000763449	1	
10.0001	0.000763449	1	
10.0001	0.000763449	1	
10.0001	0.000763449	1	
10.0001	0.000763449	1	
10.0001	0.000763449	1	
10.0001	0.000763449	1	
10.0001	0.000763449	1	
10.0001	0.000763449	1	
10.0001	0.000763449	1	
10.0001	0.000763449	1	
10.0001	0.000763449	1	
10.0001	0.000763449	1	
10.0001	0.000763449	1	
10.0001	0.000763449	1	
10.0001	0.000763449	1	
10.0001	0.000763449	1	
10.0001	0.000763449	1	
10.0001	0.000763449	1	
10.0001	0.000763449	1	
10.0001	0.000763449	1	
10.0001	0.000763449	1	
10.0001	0.000763449	1	
10.0001	0.000763449	1	
10.0001	0.000763449	1	
10.0001	0.000763449	1	
10.0001	0.000763449	1	
10.0001	0.000763449	1	
10.0001	0.000763449	1	
10.0001	0.000763449	1	
10.0002	0.000763449	1	
10.0002	0.000763449	1	
10.0002	0.000763449	1	
10.0002	0.000763449	1	
10.0002	0.000763449	1	
10.0002	0.000763449	1	
10.0002	0.000763449	1	
10.0002	0.000763449	1	
10.0002	0.000763449	1	
10.0002	0.000763449	1	
10.0002	0.000763449	1	
10.0002	0.000763449	1	
10.0002	0.000763449	1	
10.0002	0.000763449	1	
10.0002	0.000763449	1	
10.0002	0.000763449	1	
10.0002	0.000763449	1	
10.0002	0.000763449	1	
10.0002	0.000763449	1	
10.0002	0.000763449	1	
10.0002	0.000763449	1	
10.0002	0.000763449	1	
10.0002	0.000763449	1	
10.0002	0.000763449	1	
10.0002	0.000763449	1	
10.0002	0.000763449	1	
10.0002	0.000763449	1	
10.0002	0.000763449	1	
10.0002	0.000763449	1	
10.0002	0.000763449	1	
10.0002	0.000763449	1	
10.0002	0.000763449	1	
10.0002	0.000763449	1	
10.0002	0.000763449	1	
10.0002	0.000763449	1	
10.0002	0.000763449	1	
10.0002	0.000763449	1	
10.0002	0.000763449	1	
10.0002	0.000763449	1	
10.0002	0.000763449	1	
10.0002	0.000763449	1	
10.0002	0.000763449	1	
10.0002	0.000763449	1	
10.0002	0.000763449	1	
10.0002	0.000763449	1	
10.0002	0.000763449	1	
10.0002	0.000763449	1	
10.0002	0.000763449	1	
10.0002	0.000763449	1	
10.0002	0.000763449	1	
10.0002	0.000763449	1	
10.0002	0.000763449	1	
10.0002	0.000763449	1	
10.0002	0.000763449	1	
10.0002	0.000763449	1	
10.0002	0.000763449	1	
10.0002	0.000763449	1	
10.0002	0.000763449	1	
10.0002	0.000763449	1	
10.0002	0.000763449	1	
10.0002	0.000763449	1	
10.0002	0.000763449	1	
10.0002	0.000763449	1	
10.0002	0.000763449	1	
10.0002	0.000763449	1	
10.0003	0.000763449	1	
10.0003	0.000763449	1	
10.0003	0.000763449	1	
10.0003	0.000763449	1	
10.0003	0.000763449	1	
10.0003	0.000763449	1	
10.0003	0.000763449	1	
10.0003	0.000763449	1	
10.0003	0.000763449	1	
10.0003	0.000763449	1	
10.0003	0.000763449	1	
10.0003	0.000763449	1	
10.0003	0.000763449	1	
10.0003	0.000763449	1	
10.0003	0.000763449	1	
10.0003	0.000763449	1	
10.0003	0.000763449	1	
10.0003	0.000763449	1	
10.0003	0.000763449	1	
10.0003	0.000763449	1	
10.0003	0.000763449	1	
10.0003	0.000763449	1	
10.0003	0.000763449	1	
10.0003	0.000763449	1	
10.0003	0.000763449	1	
10.0003	0.000763449	1	
10.0003	0.000763449	1	
10.0003	0.000763449	1	
10.0003	0.000763449	1	
10.0003	0.000763449	1	
10.0003	0.000763449	1	
10.0003	0.000763449	1	
10.0003	0.000763449	1	
10.0003	0.000763449	1	
10.0003	0.000763449	1	
10.0003	0.000763449	1	
10.0003	0.000763449	1	
10.0003	0.000763449	1	
10.0003	0.000763449	1	
10.0003	0.000763449	1	
10.0003	0.000763449	1	
10.0003	0.000763449	1	
10.0003	0.000763449	1	
10.0003	0.000763449	1	
10.0003	0.000763449	1	
10.0003	0.000763449	1	
10.0003	0.000763449	1	
10.0003	0.000763449	1	
10.0003	0.000763449	1	
10.0003	0.000763449	1	
10.0003	0.000763449	1	
10.0003	0.000763449	1	
10.0003	0.000763449	1	
10.0003	0.000763449	1	
10.0003	0.000763449	1	
10.0003	0.000763449	1	
10.0003	0.000763449	1	
10.0003	0.000763449	1	
10.0003	0.000763449	1	
10.0003	0.000763449	1	
10.0003	0.000763449	1	
10.0003	0.000763449	1	
10.0003	0.000763449	1	
10.0003	0.000763449	1	
10.0003	0.000763449	1	
10.0003	0.000763449	1	
10.0004	0.000763449	1	
10.0004	0.000763449	1	
10.0004	0.000763449	1	
10.0004	0.000763449	1	
10.0004	0.000763449	1	
10.0004	0.000763449	1	
10.0004	0.000763449	1	
10.0004	0.000763449	1	
10.0004	0.000763449	1	
10.0004	0.000763449	1	
10.0004	0.000763449	1	
10.0004	0.000763449	1	
10.0004	0.000763449	1	
10.0004	0.000763449	1	
10.0004	0.000763449	1	
10.0004	0.000763449	1	
10.0004	0.000763449	1	
10.0004	-0.00755248	1	
10.0003	-0.0144178	1	
10.0003	-0.0201192	1	
10.0002	-0.0248788	1	
10.0002	-0.0289052	1	
10.0001	-0.0323472	1	
10	-0.0353405	1	
9.99997	-0.037961	1	
9.99989	-0.040271	1	
9.99981	-0.0423824	1	
9.99972	-0.0443291	1	
9.99963	-0.0461477	1	
9.99953	-0.0478553	1	
9.99943	-0.0495103	1	
9.99933	-0.0511159	1	
9.99922	-0.0527038	1	
9.99911	-0.0542934	1	
9.999	-0.0558628	1	
9.99889	-0.0574453	1	
9.99877	-0.0590548	1	
9.99865	-0.060682	1	
9.99852	-0.0623399	1	
9.9984	-0.0640353	1	
9.99827	-0.0657751	1	
9.99813	-0.0675049	1	
9.99799	-0.0692749	1	
9.99785	-0.07108	1	
9.9977	-0.0729433	1	
9.99755	-0.0748388	1	
9.9974	-0.0767867	1	
9.99724	-0.0788371	1	
9.99708	-0.0809337	1	
9.99691	-0.0830786	1	
9.99674	-0.0852829	1	
9.99657	-0.0874998	1	
9.99639	-0.0898006	1	
9.99621	-0.0921515	1	
9.99602	-0.0945624	1	
9.99582	-0.0969848	1	
9.99562	-0.0994645	1	
9.99542	-0.102042	1	
9.99521	-0.104661	1	
9.995	-0.107382	1	
9.99477	-0.110162	1	
9.99455	-0.113027	1	
9.99432	-0.115985	1	
9.99408	-0.119033	1	
9.99383	-0.122178	1	
9.99358	-0.125441	1	
9.99333	-0.128781	1	
9.99306	-0.132183	1	
9.99279	-0.135692	1	
9.99251	-0.139274	1	
9.99223	-0.142949	1	
9.99193	-0.146737	1	
9.99163	-0.150622	1	
9.99132	-0.154603	1	
9.991	-0.15865	1	
9.99068	-0.162752	1	
9.99035	-0.166953	1	
9.99	-0.171235	1	
9.98965	-0.175519	1	
9.98929	-0.179889	1	
9.98892	-0.184242	1	
9.98855	-0.188641	1	
9.98816	-0.193047	1	
9.98776	-0.197564	1	
9.98736	-0.202171	1	
9.98695	-0.206836	1	
9.98652	-0.211546	1	
9.98609	-0.216345	1	
9.98565	-0.221184	1	
9.9852	-0.226054	1	
9.98473	-0.231023	1	
9.98426	-0.236145	1	
9.98378	-0.24137	1	
9.98329	-0.246693	1	
9.98278	-0.252163	1	
9.98227	-0.257716	1	
9.98174	-0.263373	1	
9.9812	-0.269146	1	
9.98065	-0.275115	1	
9.98009	-0.281238	1	
9.97951	-0.287601	1	
9.97892	-0.294082	1	
9.97832	-0.300694	1	
9.97771	-0.307419	1	
9.97708	-0.314198	1	
9.97644	-0.321075	1	
9.97578	-0.328117	1	
9.97511	-0.335307	1	
9.97443	-0.34269	1	
9.97373	-0.35019	1	
9.97301	-0.357848	1	
9.97228	-0.365677	1	
9.97153	-0.373751	1	
9.97077	-0.38199	1	
9.96999	-0.390468	1	
9.96919	-0.399227	1	
9.96837	-0.408361	1	
9.96754	-0.417754	1	
9.96668	-0.427444	1	
9.96581	-0.43735	1	
9.96491	-0.447386	1	
9.964	-0.457496	1	
9.96306	-0.467694	1	
9.9621	-0.478059	1	
9.96113	-0.488572	1	
9.96013	-0.499276	1	
9.95911	-0.51016	1	
9.95807	-0.521199	1	
9.957	-0.532369	1	
9.95591	-0.543582	1	
9.9548	-0.554886	1	
9.95367	-0.566251	1	
9.95252	-0.577773	1	
9.95134	-0.589467	1	
9.95013	-0.601411	1	
9.94891	-0.613492	1	
9.94766	-0.625692	1	
9.94638	-0.638072	1	
9.94508	-0.650707	1	
9.94375	-0.663694	1	
9.9424	-0.677049	1	
9.94102	-0.690741	1	
9.93961	-0.704722	1	
9.93817	-0.718824	1	
9.9367	-0.732845	1	
9.93521	-0.746886	1	
9.93369	-0.761	1	
9.93214	-0.775348	1	
9.93056	-0.789899	1	
9.92895	-0.804595	1	
9.92731	-0.819281	1	
9.92564	-0.833947	1	
9.92394	-0.848542	1	
9.92222	-0.863185	1	
9.92046	-0.878008	1	
9.91868	-0.893089	1	
9.91686	-0.90832	1	
9.91501	-0.923636	1	
9.91313	-0.939019	1	
9.91122	-0.95446	1	
9.90928	-0.970152	1	
9.90731	-0.986122	1	
9.90531	-1.00244	1	
9.90327	-1.01913	1	
9.9012	-1.03616	1	
9.89909	-1.05339	1	
9.89695	-1.07085	1	
9.89477	-1.08853	1	
9.89256	-1.10642	1	
9.89031	-1.1247	1	
9.88802	-1.14334	1	
9.8857	-1.16236	1	
9.88333	-1.1816	1	
9.88093	-1.20106	1	
9.87849	-1.22077	1	
9.87601	-1.24074	1	
9.87349	-1.26112	1	
9.87092	-1.28187	1	
9.86832	-1.3029	1	
9.86567	-1.3241	1	
9.86298	-1.34549	1	
9.86024	-1.36716	1	
9.85746	-1.38929	1	
9.85464	-1.41184	1	
9.85177	-1.43475	1	
9.84886	-1.45781	1	
9.84589	-1.48107	1	
9.84289	-1.50466	1	
9.83983	-1.52852	1	
9.83672	-1.55245	1	
9.83357	-1.57656	1	
9.83037	-1.6012	1	
9.82711	-1.62663	1	
9.82381	-1.65286	1	
9.82045	-1.67967	1	
9.81703	-1.70693	1	
9.81357	-1.73455	1	
9.81004	-1.76275	1	
9.80646	-1.79155	1	
9.80282	-1.82114	1	
9.79911	-1.85166	1	
9.79535	-1.88286	1	
9.79152	-1.91466	1	
9.78762	-1.94693	1	
9.78366	-1.97943	1	
9.77964	-2.01224	1	
9.77555	-2.04548	1	
9.77139	-2.07904	1	
9.76717	-2.11263	1	
9.76287	-2.1463	1	
9.75851	-2.17999	1	
9.75408	-2.21383	1	
9.74959	-2.24767	1	
9.74503	-2.28154	1	
9.7404	-2.31531	1	
9.7357	-2.34875	1	
9.73094	-2.38183	1	
9.72611	-2.41478	1	
9.72121	-2.44778	1	
9.71625	-2.48101	1	
9.71122	-2.51467	1	
9.70612	-2.54848	1	
9.70096	-2.58219	1	
9.69573	-2.61543	1	
9.69043	-2.64848	1	
9.68507	-2.68182	1	
9.67963	-2.71547	1	
9.67414	-2.74914	1	
9.66857	-2.78268	1	
9.66294	-2.81593	1	
9.65724	-2.8491	1	
9.65148	-2.88231	1	
9.64564	-2.91612	1	
9.63974	-2.95074	1	
9.63377	-2.98621	1	
9.62773	-3.02245	1	
9.62161	-3.05901	1	
9.61542	-3.0959	1	
9.60915	-3.13298	1	
9.60281	-3.17044	1	
9.59639	-3.20887	1	
9.58989	-3.24841	1	
9.58331	-3.28939	1	
9.57665	-3.33167	1	
9.5699	-3.37481	1	
9.56307	-3.41859	1	
9.55614	-3.46258	1	
9.54913	-3.50629	1	
9.54203	-3.5496	1	
9.53484	-3.59234	1	
9.52757	-3.63497	1	
9.52022	-3.67806	1	
9.51277	-3.7219	1	
9.50524	-3.76644	1	
9.49762	-3.8114	1	
9.4899	-3.85673	1	
9.4821	-3.90232	1	
9.4742	-3.94815	1	
9.46621	-3.99446	1	
9.45813	-4.04196	1	
9.44995	-4.09112	1	
9.44166	-4.14173	1	
9.43328	-4.19398	1	
9.42478	-4.24779	1	
9.41617	-4.30308	1	
9.40746	-4.35957	1	
9.39862	-4.41695	1	
9.38967	-4.47526	1	
9.3806	-4.5347	1	
9.37141	-4.59519	1	
9.3621	-4.65616	1	
9.35267	-4.71676	1	
9.34311	-4.77643	1	
9.33344	-4.83421	1	
9.32367	-4.88969	1	
9.31378	-4.94293	1	
9.30379	-4.99442	1	
9.2937	-5.04499	1	
9.28351	-5.09438	1	
9.27323	-5.14202	1	
9.26285	-5.18728	1	
9.25239	-5.23025	1	
9.24185	-5.27149	1	
9.23123	-5.31221	1	
9.22052	-5.35384	1	
9.20972	-5.39687	1	
9.19884	-5.44204	1	
9.18786	-5.48963	1	
9.17678	-5.53952	1	
9.1656	-5.59186	1	
9.1543	-5.64689	1	
9.14289	-5.70539	1	
9.13136	-5.76749	1	
9.11969	-5.83253	1	
9.10789	-5.89971	1	
9.09596	-5.96819	1	
9.08388	-6.03753	1	
9.07167	-6.10725	1	
9.05931	-6.17734	1	
9.04682	-6.24775	1	
9.03418	-6.31831	1	
9.0214	-6.38896	1	
9.00848	-6.45962	1	
8.99542	-6.53011	1	
8.98222	-6.6	1	
8.96889	-6.66929	1	
8.95541	-6.73875	1	
8.94179	-6.80929	1	
8.92803	-6.88102	1	
8.91412	-6.95351	1	
8.90007	-7.02623	1	
8.88587	-7.09927	1	
8.87152	-7.17264	1	
8.85703	-7.24605	1	
8.84239	-7.31842	1	
8.82762	-7.38833	1	
8.81271	-7.45505	1	
8.79767	-7.51804	1	
8.78252	-7.57804	1	
8.76724	-7.63612	1	
8.75186	-7.69307	1	
8.73636	-7.74865	1	
8.72075	-7.80304	1	
8.70504	-7.85629	1	
8.68923	-7.90824	1	
8.67331	-7.95965	1	
8.65728	-8.01175	1	
8.64115	-8.0656	1	
8.62491	-8.12166	1	
8.60855	-8.18036	1	
8.59206	-8.24236	1	
8.57545	-8.30776	1	
8.55869	-8.37622	1	
8.5418	-8.44691	1	
8.52476	-8.51876	1	
8.50758	-8.59154	1	
8.49025	-8.66533	1	
8.47277	-8.73961	1	
8.45514	-8.81409	1	
8.43737	-8.88842	1	
8.41944	-8.96333	1	
8.40136	-9.0397	1	
8.38312	-9.1186	1	
8.36472	-9.20014	1	
8.34615	-9.28441	1	
8.32741	-9.37103	1	
8.30849	-9.4595	1	
8.28939	-9.5487	1	
8.27012	-9.63748	1	
8.25067	-9.72428	1	
8.23106	-9.80789	1	
8.21128	-9.88724	1	
8.19135	-9.9629	1	
8.17128	-10.0359	1	
8.15107	-10.1066	1	
8.13072	-10.175	1	
8.11024	-10.2414	1	
8.08963	-10.306	1	
8.06889	-10.3693	1	
8.04802	-10.432	1	
8.02703	-10.4945	1	
8.00592	-10.558	1	
7.98467	-10.6231	1	
7.96329	-10.689	1	
7.94178	-10.7542	1	
7.92015	-10.816	1	
7.89841	-10.8736	1	
7.87655	-10.9269	1	
7.8546	-10.9768	1	
7.83255	-11.0239	1	
7.81041	-11.0698	1	
7.78818	-11.1165	1	
7.76584	-11.1662	1	
7.74347	-11.1851	0.984683	
7.72121	-11.134	0.949609	
7.69915	-11.027	0.915276	
7.6774	-10.8758	0.881859	
7.65602	-10.6902	0.849552	
7.63506	-10.4785	0.818583	
7.61457	-10.2476	0.789281	
7.59454	-10.013	0.765474	
7.57499	-9.77803	0.743133	
7.5559	-9.54505	0.722488	
7.53726	-9.31584	0.703401	
7.51908	-9.09163	0.685731	
7.50133	-8.87432	0.669569	
7.48398	-8.67395	0.658295	
7.46701	-8.48663	0.64677	
7.45039	-8.30847	0.634645	
7.43412	-8.13619	0.622178	
7.41819	-7.96782	0.609777	
7.40258	-7.80195	0.597889	
7.38729	-7.64708	0.59046	
7.37229	-7.50013	0.583349	
7.35757	-7.36044	0.577034	
7.34311	-7.22872	0.571746	
7.3289	-7.1064	0.567335	
7.31491	-6.99363	0.5632	
7.30111	-6.89845	0.562905	
7.28748	-6.81471	0.560947	
7.27401	-6.73682	0.557169	
7.26069	-6.66006	0.551533	
7.24753	-6.58025	0.544283	
7.23454	-6.49596	0.536113	
7.2217	-6.41724	0.53212	
7.20902	-6.34236	0.528266	
7.19647	-6.27192	0.525452	
7.18406	-6.20855	0.524435	
7.17175	-6.1555	0.525455	
7.15951	-6.11612	0.528767	
7.14731	-6.10239	0.538493	
7.13509	-6.11087	0.54852	
7.12281	-6.1379	0.558154	
7.11045	-6.1793	0.566841	
7.09799	-6.23105	0.574506	
7.08541	-6.28948	0.581105	
7.07269	-6.36101	0.59088	
7.05981	-6.43858	0.598768	
7.04678	-6.51784	0.605325	
7.03359	-6.59607	0.61111	
7.02024	-6.67251	0.616699	
7.00674	-6.74756	0.622265	
6.99308	-6.83086	0.631648	
6.97925	-6.91823	0.639338	
6.96523	-7.00605	0.645186	
6.95105	-7.09121	0.649007	
6.93671	-7.17071	0.650579	
6.92223	-7.24184	0.650174	
6.9076	-7.31254	0.652384	
6.89285	-7.37804	0.65258	
6.87798	-7.43531	0.651383	
6.86301	-7.4839	0.649595	
6.84796	-7.52526	0.648019	
6.83283	-7.56209	0.647339	
6.81762	-7.60661	0.651713	
6.8023	-7.65784	0.656315	
6.78687	-7.71453	0.660884	
6.77133	-7.77504	0.665221	
6.75565	-7.8379	0.669346	
6.73985	-7.90137	0.672854	
6.7239	-7.97287	0.679155	
6.70781	-8.04628	0.683331	
6.69158	-8.11627	0.685406	
6.67522	-8.179	0.685548	
6.65876	-8.23105	0.683809	
6.64222	-8.26954	0.680459	
6.62561	-8.30118	0.679106	
6.60897	-8.32174	0.675883	
6.59231	-8.32965	0.671595	
6.57566	-8.32564	0.666951	
6.55904	-8.31169	0.662445	
6.54246	-8.29018	0.658341	
6.52591	-8.27237	0.658278	
6.5094	-8.25618	0.65772	
6.49292	-8.23978	0.65654	
6.47648	-8.22177	0.654812	
6.46007	-8.20131	0.652861	
6.44372	-8.17892	0.650934	
6.42739	-8.16366	0.65239	
6.41108	-8.15316	0.653372	
6.39479	-8.14562	0.654255	
6.37851	-8.14032	0.655513	
6.36224	-8.13741	0.657402	
6.34596	-8.13764	0.660103	
6.32966	-8.14951	0.666755	
6.31332	-8.17057	0.673439	
6.29692	-8.19911	0.679976	
6.28045	-8.23344	0.686109	
6.26391	-8.27112	0.691314	
6.24729	-8.30951	0.695082	
6.23059	-8.35372	0.700624	
6.21379	-8.39763	0.704141	
6.19692	-8.43724	0.706163	
6.17998	-8.47047	0.70708	
6.16298	-8.49649	0.707158	
6.14595	-8.51496	0.706625	
6.12888	-8.5343	0.709066	
6.11178	-8.55251	0.711036	
6.09464	-8.56942	0.713197	
6.07747	-8.58577	0.715938	
6.06026	-8.60288	0.719254	
6.04302	-8.62216	0.723085	
6.02571	-8.65324	0.730897	
6.00833	-8.69339	0.738257	
5.99084	-8.74003	0.744861	
5.97326	-8.79028	0.750348	
5.95558	-8.84161	0.754794	
5.9378	-8.89226	0.758614	
5.9199	-8.94933	0.765196	
5.90188	-9.00869	0.770301	
5.88375	-9.06691	0.77404	
5.8655	-9.12139	0.776709	
5.84716	-9.17027	0.77858	
5.82874	-9.21241	0.779987	
5.81023	-9.25572	0.784479	
5.79163	-9.29756	0.788266	
5.77296	-9.33614	0.791426	
5.75422	-9.3709	0.794008	
5.73542	-9.40131	0.795907	
5.71656	-9.42693	0.797118	
5.69765	-9.4551	0.80095	
5.67869	-9.48169	0.803339	
5.65968	-9.50419	0.804645	
5.64064	-9.52159	0.805444	
5.62157	-9.53309	0.805664	
5.60249	-9.53845	0.805544	
5.5834	-9.54577	0.808609	
5.5643	-9.55331	0.811452	
5.54517	-9.56106	0.814746	
5.52603	-9.57036	0.818744	
5.50687	-9.58223	0.823288	
5.48767	-9.59722	0.828179	
5.46843	-9.62269	0.836203	
5.44912	-9.65499	0.843164	
5.42974	-9.69048	0.848669	
5.41029	-9.72577	0.852723	
5.39077	-9.75765	0.855272	
5.3712	-9.78392	0.856439	
5.35158	-9.81014	0.859232	
5.33192	-9.8323	0.859902	
5.31222	-9.84732	0.85886	
5.29252	-9.85325	0.856734	
5.27282	-9.84976	0.854223	
5.25314	-9.83757	0.851736	
5.23349	-9.82568	0.852559	
5.21386	-9.81272	0.853	
5.19427	-9.79772	0.853039	
5.17471	-9.78033	0.85278	
5.15519	-9.76048	0.852281	
5.13571	-9.73881	0.851594	
5.11626	-9.72318	0.853798	
5.09684	-9.70976	0.854641	
5.07745	-9.69529	0.854271	
5.0581	-9.67724	0.852974	
5.03879	-9.65416	0.851145	
5.01954	-9.62622	0.849243	
5.00033	-9.60227	0.851095	
4.98117	-9.58053	0.853108	
4.96205	-9.56085	0.855744	
4.94296	-9.54384	0.859142	
4.9239	-9.52995	0.863137	
4.90486	-9.52018	0.867668	
4.88582	-9.52194	0.875617	
4.86676	-9.53108	0.882173	
4.84767	-9.54349	0.886992	
4.82856	-9.55489	0.890037	
4.80944	-9.56154	0.891576	
4.79031	-9.56149	0.891975	
4.77119	-9.56093	0.894801	
4.75208	-9.55685	0.89641	
4.73298	-9.54763	0.897127	
4.71392	-9.53233	0.89736	
4.6949	-9.51151	0.897822	
4.67592	-9.48732	0.899037	
4.65698	-9.46934	0.904461	
4.63807	-9.45601	0.909639	
4.61918	-9.4457	0.914276	
4.60031	-9.43655	0.918094	
4.58145	-9.42732	0.920984	
4.56262	-9.41666	0.922742	
4.5438	-9.41049	0.927125	
4.52499	-9.40512	0.930037	
4.50619	-9.39766	0.931635	
4.48742	-9.38611	0.932396	
4.46868	-9.37006	0.932979	
4.44998	-9.35079	0.934438	
4.4313	-9.33854	0.941326	
4.41263	-9.33398	0.949435	
4.39396	-9.33756	0.958534	
4.37526	-9.34892	0.968095	
4.35653	-9.3667	0.977495	
4.33775	-9.38915	0.986402	
4.31891	-9.42143	0.998327	
4.30002	-9.44246	1	
4.28112	-9.45211	1	
4.26221	-9.4533	1	
4.24331	-9.44724	1	
4.22445	-9.43409	1	
4.20562	-9.41399	1	
4.18684	-9.38716	1	
4.16814	-9.3545	1	
4.1495	-9.31726	1	
4.13095	-9.27619	1	
4.11248	-9.23229	1	
4.09411	-9.18639	1	
4.07583	-9.13983	1	
4.05764	-9.09387	1	
4.03955	-9.04859	1	
4.02154	-9.00381	1	
4.00362	-8.95926	1	
3.98579	-8.9144	1	
3.96805	-8.86852	1	
3.95041	-8.82065	1	
3.93287	-8.76989	1	
3.91544	-8.71572	1	
3.89813	-8.6585	1	
3.88093	-8.59888	1	
3.86385	-8.53768	1	
3.8469	-8.47591	1	
3.83007	-8.41438	1	
3.81336	-8.35376	1	
3.79678	-8.29437	1	
3.7803	-8.23609	1	
3.76395	-8.17809	1	
3.74771	-8.11947	1	
3.73159	-8.05933	1	
3.7156	-7.99687	1	
3.69973	-7.93175	1	
3.684	-7.86418	1	
3.66841	-7.7944	1	
3.65297	-7.72317	1	
3.63767	-7.65164	1	
3.6225	-7.58071	1	
3.60748	-7.51134	1	
3.59259	-7.44362	1	
3.57784	-7.37741	1	
3.56321	-7.31218	1	
3.54872	-7.24731	1	
3.53436	-7.18179	1	
3.52013	-7.11519	1	
3.50603	-7.04694	1	
3.49208	-6.97707	1	
3.47827	-6.90612	1	
3.4646	-6.83452	1	
3.45107	-6.76249	1	
3.43769	-6.69052	1	
3.42445	-6.6192	1	
3.41135	-6.54945	1	
3.39839	-6.48162	1	
3.38556	-6.41564	1	
3.37286	-6.35107	1	
3.36028	-6.28705	1	
3.34784	-6.22263	1	
3.33552	-6.15674	1	
3.32335	-6.08902	1	
3.31131	-6.01985	1	
3.29941	-5.94993	1	
3.28765	-5.87985	1	
3.27603	-5.81008	1	
3.26454	-5.74107	1	
3.2532	-5.673	1	
3.24199	-5.60596	1	
3.23091	-5.53981	1	
3.21996	-5.47461	1	
3.20914	-5.41041	1	
3.19844	-5.34676	1	
3.18788	-5.28309	1	
3.17744	-5.21872	1	
3.16713	-5.15298	1	
3.15696	-5.08586	1	
3.14693	-5.01791	1	
3.13703	-4.94975	1	
3.12726	-4.88218	1	
3.11763	-4.81579	1	
3.10813	-4.75096	1	
3.09875	-4.68784	1	
3.0895	-4.62608	1	
3.08037	-4.56539	1	
3.07136	-4.50534	1	
3.06247	-4.4456	1	
3.0537	-4.38593	1	
3.04504	-4.32609	1	
3.03651	-4.26605	1	
3.0281	-4.20561	1	
3.01981	-4.14493	1	
3.01164	-4.08415	1	
3.0036	-4.02355	1	
2.99567	-3.96341	1	
2.98786	-3.9039	1	
2.98017	-3.84509	1	
2.9726	-3.78692	1	
2.96514	-3.72929	1	
2.95779	-3.672	1	
2.95056	-3.61504	1	
2.94345	-3.55838	1	
2.93644	-3.5019	1	
2.92955	-3.44543	1	
2.92278	-3.38882	1	
2.91611	-3.33201	1	
2.90956	-3.27507	1	
2.90312	-3.2183	1	
2.8968	-3.16197	1	
2.89059	-3.10641	1	
2.88448	-3.05177	1	
2.87849	-2.99807	1	
2.8726	-2.94538	1	
2.86681	-2.89359	1	
2.86113	-2.84251	1	
2.85554	-2.7921	1	
2.85006	-2.74222	1	
2.84467	-2.69273	1	
2.83938	-2.64351	1	
2.83419	-2.5945	1	
2.8291	-2.54564	1	
2.82411	-2.49691	1	
2.81921	-2.44848	1	
2.81441	-2.40041	1	
2.80971	-2.35285	1	
2.80509	-2.30585	1	
2.80058	-2.25943	1	
2.79615	-2.21369	1	
2.79181	-2.16867	1	
2.78756	-2.12432	1	
2.7834	-2.08066	1	
2.77933	-2.03761	1	
2.77534	-1.99516	1	
2.77143	-1.95338	1	
2.7676	-1.9122	1	
2.76386	-1.87156	1	
2.7602	-1.83145	1	
2.75661	-1.79185	1	
2.75311	-1.75271	1	
2.74968	-1.71414	1	
2.74633	-1.67618	1	
2.74305	-1.63889	1	
2.73985	-1.6022	1	
2.73671	-1.56624	1	
2.73365	-1.53094	1	
2.73066	-1.4963	1	
2.72774	-1.46229	1	
2.72488	-1.42887	1	
2.72209	-1.39602	1	
2.71936	-1.36364	1	
2.71669	-1.33178	1	
2.71409	-1.3004	1	
2.71155	-1.26948	1	
2.70908	-1.23895	1	
2.70666	-1.20884	1	
2.7043	-1.17911	1	
2.702	-1.14981	1	
2.69976	-1.1209	1	
2.69757	-1.0925	1	
2.69545	-1.06463	1	
2.69337	-1.03735	1	
2.69135	-1.01065	1	
2.68938	-0.984569	1	
2.68746	-0.959101	1	
2.68559	-0.934242	1	
2.68377	-0.909988	1	
2.682	-0.886324	1	
2.68027	-0.863269	1	
2.67859	-0.840763	1	
2.67696	-0.818732	1	
2.67536	-0.797151	1	
2.67381	-0.775947	1	
2.6723	-0.755132	1	
2.67083	-0.734649	1	
2.6694	-0.714395	1	
2.66801	-0.694396	1	
2.66666	-0.674644	1	
2.66535	-0.655066	1	
2.66408	-0.635725	1	
2.66285	-0.61661	1	
2.66165	-0.597705	1	
2.66049	-0.579057	1	
2.65937	-0.560712	1	
2.65829	-0.542667	1	
2.65724	-0.524929	1	
2.65622	-0.507554	1	
2.65524	-0.49054	1	
2.65429	-0.473872	1	
2.65338	-0.457607	1	
2.65249	-0.441744	1	
2.65164	-0.426273	1	
2.65082	-0.411178	1	
2.65003	-0.39638	1	
2.64926	-0.381869	1	
2.64853	-0.36761	1	
2.64782	-0.353549	1	
2.64714	-0.339633	1	
2.64649	-0.325799	1	
2.64587	-0.312064	1	
2.64527	-0.298405	1	
2.6447	-0.284777	1	
2.64416	-0.271252	1	
2.64364	-0.25787	1	
2.64315	-0.244658	1	
2.64269	-0.231703	1	
2.64225	-0.219085	1	
2.64184	-0.206797	1	
2.64145	-0.194931	1	
2.64108	-0.183546	1	
2.64073	-0.172632	1	
2.64041	-0.162241	1	
2.64011	-0.152355	1	
2.63982	-0.142939	1	
2.63955	-0.133961	1	
2.6393	-0.125472	1	
2.63907	-0.117434	1	
2.63885	-0.109803	1	
2.63864	-0.102625	1	
2.63845	-0.0957597	1	
2.63827	-0.0891641	1	
2.63811	-0.0827527	1	
2.63795	-0.0764915	1	
2.63781	-0.0703301	1	
2.63768	-0.065401	1	
2.63756	-0.0614577	1	
2.63744	-0.0583031	1	
2.63733	-0.0557794	1	
2.63722	-0.0537604	1	
2.63712	-0.0521453	1	
2.63702	-0.0508531	1	
2.63692	-0.0498194	1	
2.63682	-0.0489925	1	
2.63672	-0.0483309	1	
2.63663	-0.0478016	1	
2.63653	-0.0473782	1	
2.63644	-0.0470395	1	
2.63634	-0.0467685	1	
2.63625	-0.0465517	1	
2.63616	-0.0463783	1	
2.63607	-0.0462396	1	
2.63597	-0.0461286	1	
2.63592	-0.0287465	1	
2.63589	-0.0144094	1	
2.63588	-0.00256402	1	
2.6359	0.00716789	1	
2.63593	0.015203	1	
2.63597	0.0217858	1	
2.63603	0.0271234	1	
2.63609	0.0314089	1	
2.63616	0.0347805	1	
2.63623	0.0373604	1	
2.63631	0.0392595	1	
2.63639	0.0406329	1	
2.63648	0.0414696	1	
2.63656	0.0419001	1	
2.63664	0.0419519	1	
2.63673	0.0416687	1	
2.63681	0.0414421	1	
2.63689	0.0412609	1	
2.63697	0.0411159	1	
2.63706	0.0409998	1	
2.63714	0.040907	1	
2.63722	0.0408328	1	
2.6373	0.0407734	1	
2.63738	0.0407259	1	
2.63746	0.0406879	1	
2.63754	0.0406575	1	
2.63763	0.0406331	1	
2.63771	0.0406137	1	
2.63779	0.0405981	1	
2.63787	0.0405856	1	
2.63795	0.0405757	1	
2.63803	0.0405677	1	
2.63811	0.0405613	1	
2.63819	0.0405562	1	
2.63828	0.0405521	1	
2.63836	0.0405489	1	
2.63844	0.0405463	1	
2.63852	0.0405442	1	
2.6386	0.0405425	1	
2.63868	0.0405412	1	
2.63876	0.0405401	1	
2.63884	0.0405392	1	
2.63892	0.0405386	1	
2.63901	0.040538	1	
2.63909	0.0405376	1	
2.63917	0.0405372	1	
2.63925	0.0405369	1	
2.63933	0.0405367	1	
2.63938	0.0239633	1	
2.6394	0.0102102	1	
2.63939	-0.00131451	1	
2.63937	-0.0110806	1	
2.63933	-0.0193934	1	
2.63928	-0.0266149	1	
2.63921	-0.0329233	1	
2.63914	-0.0384911	1	
2.63905	-0.0434401	1	
2.63896	-0.0479339	1	
2.63885	-0.0520218	1	
2.63874	-0.0556808	1	
2.63862	-0.0590166	1	
2.6385	-0.0620585	1	
2.63837	-0.0648193	1	
2.63823	-0.0672786	1	
2.63809	-0.069505	1	
2.63795	-0.0715227	1	
2.6378	-0.0733468	1	
2.63765	-0.0750213	1	
2.6375	-0.0765233	1	
2.63735	-0.0779315	1	
2.63719	-0.0792137	1	
2.63703	-0.0804187	1	
2.63686	-0.0815356	1	
2.6367	-0.0826379	1	
2.63653	-0.0837146	1	
2.63636	-0.0848021	1	
2.63619	-0.0858536	1	
2.63602	-0.0869144	1	
2.63584	-0.0879756	1	
2.63566	-0.0889622	1	
2.63548	-0.0898865	1	
2.6353	-0.0907119	1	
2.63512	-0.0913962	1	
2.63493	-0.0919612	1	
2.63475	-0.0923903	1	
2.63456	-0.0926926	1	
2.63438	-0.0928213	1	
2.63419	-0.0928622	1	
2.63401	-0.0927859	1	
2.63382	-0.0925891	1	
2.63364	-0.0922718	1	
2.63345	-0.0918722	1	
2.63327	-0.0914658	1	
2.63309	-0.0910316	1	
2.63291	-0.0906337	1	
2.63273	-0.0902382	1	
2.63255	-0.089919	1	
2.63237	-0.0896769	1	
2.63219	-0.089488	1	
2.63201	-0.089391	1	
2.63183	-0.089384	1	
2.63165	-0.089429	1	
2.63147	-0.0895042	1	
2.63129	-0.0896289	1	
2.63111	-0.0897769	1	
2.63093	-0.0898771	1	
2.63075	-0.0899291	1	
2.63057	-0.0899451	1	
2.63039	-0.0898663	1	
2.63022	-0.0897558	1	
2.63004	-0.0895706	1	
2.62986	-0.0893146	1	
2.62968	-0.0889718	1	
2.6295	-0.0886179	1	
2.62933	-0.0882372	1	
2.62915	-0.0878598	1	
2.62898	-0.0874778	1	
2.6288	-0.0871896	1	
2.62863	-0.0869754	1	
2.62845	-0.0868428	1	
2.62828	-0.0867987	1	
2.62811	-0.0868918	1	
2.62793	-0.0871299	1	
2.62776	-0.0874462	1	
2.62758	-0.0878589	1	
2.6274	-0.08835	1	
2.62723	-0.0889149	1	
2.62705	-0.0895387	1	
2.62687	-0.0901444	1	
2.62669	-0.0907741	1	
2.6265	-0.0913765	1	
2.62632	-0.091882	1	
2.62613	-0.0923513	1	
2.62595	-0.0927821	1	
2.62576	-0.0930985	1	
2.62558	-0.0933709	1	
2.62539	-0.0935739	1	
2.6252	-0.0937226	1	
2.62501	-0.0938894	1	
2.62483	-0.0940853	1	
2.62464	-0.0943228	1	
2.62445	-0.0946156	1	
2.62426	-0.0950111	1	
2.62407	-0.0954455	1	
2.62387	-0.0959987	1	
2.62368	-0.0966463	1	
2.62349	-0.0973818	1	
2.62329	-0.0982123	1	
2.62309	-0.0990508	1	
2.62289	-0.099972	1	
2.62269	-0.100894	1	
2.62249	-0.101827	1	
2.62228	-0.102749	1	
2.62207	-0.103668	1	
2.62186	-0.104537	1	
2.62165	-0.105266	1	
2.62144	-0.105919	1	
2.62123	-0.106438	1	
2.62102	-0.106884	1	
2.6208	-0.107254	1	
2.62059	-0.107451	1	
2.62037	-0.107576	1	
2.62016	-0.107663	1	
2.61994	-0.1077	1	
2.61972	-0.107732	1	
2.61951	-0.107692	1	
2.61929	-0.107675	1	
2.61908	-0.107667	1	
2.61886	-0.107634	1	
2.61865	-0.107639	1	
2.61843	-0.107659	1	
2.61822	-0.107677	1	
2.618	-0.107748	1	
2.61779	-0.107821	1	
2.61757	-0.107928	1	
2.61735	-0.108043	1	
2.61714	-0.108163	1	
2.61692	-0.108296	1	
2.6167	-0.108357	1	
2.61649	-0.108382	1	
2.61627	-0.1084	1	
2.61605	-0.108364	1	
2.61584	-0.108331	1	
2.61562	-0.108215	1	
2.61541	-0.108096	1	
2.61519	-0.107967	1	
2.61497	-0.107852	1	
2.61476	-0.107763	1	
2.61454	-0.107712	1	
2.61433	-0.10765	1	
2.61411	-0.107659	1	
2.6139	-0.107724	1	
2.61368	-0.107812	1	
2.61347	-0.107962	1	
2.61325	-0.108182	1	
2.61303	-0.108474	1	
2.61281	-0.10882	1	
2.6126	-0.10918	1	
2.61238	-0.109611	1	
2.61216	-0.110087	1	
2.61194	-0.110636	1	
2.61171	-0.111217	1	
2.61149	-0.111806	1	
2.61126	-0.112417	1	
2.61104	-0.112982	1	
2.61081	-0.113553	1	
2.61058	-0.114083	1	
2.61035	-0.114562	1	
2.61012	-0.11502	1	
2.60989	-0.115429	1	
2.60966	-0.115846	1	
2.60943	-0.11625	1	
2.6092	-0.116689	1	
2.60896	-0.117174	1	
2.60873	-0.11765	1	
2.60849	-0.118161	1	
2.60825	-0.118659	1	
2.60801	-0.119216	1	
2.60777	-0.119797	1	
2.60753	-0.120445	1	
2.60729	-0.121111	1	
2.60705	-0.121804	1	
2.6068	-0.122529	1	
2.60656	-0.123299	1	
2.60631	-0.124037	1	
2.60606	-0.12474	1	
2.60581	-0.125395	1	
2.60556	-0.126026	1	
2.6053	-0.126584	1	
2.60505	-0.127101	1	
2.60479	-0.12756	1	
2.60454	-0.127962	1	
2.60428	-0.128285	1	
2.60402	-0.128513	1	
2.60377	-0.12868	1	
2.60351	-0.128766	1	
2.60325	-0.128822	1	
2.60299	-0.128815	1	
2.60274	-0.12872	1	
2.60248	-0.128606	1	
2.60222	-0.128457	1	
2.60196	-0.128345	1	
2.60171	-0.128206	1	
2.60145	-0.128077	1	
2.6012	-0.128007	1	
2.60094	-0.127938	1	
2.60068	-0.127928	1	
2.60043	-0.127894	1	
2.60017	-0.127867	1	
2.59992	-0.12784	1	
2.59966	-0.127826	1	
2.59941	-0.127773	1	
2.59915	-0.127668	1	
2.5989	-0.127529	1	
2.59864	-0.127337	1	
2.59839	-0.127144	1	
2.59813	-0.126906	1	
2.59788	-0.126581	1	
2.59763	-0.126224	1	
2.59738	-0.125804	1	
2.59713	-0.125351	1	
2.59688	-0.124831	1	
2.59663	-0.124194	1	
2.59638	-0.123545	1	
2.59613	-0.122873	1	
2.59589	-0.122155	1	
2.59565	-0.121464	1	
2.59541	-0.120779	1	
2.59517	-0.120084	1	
2.59493	-0.119403	1	
2.59469	-0.118725	1	
2.59445	-0.118058	1	
2.59422	-0.117417	1	
2.59398	-0.116741	1	
2.59375	-0.116077	1	
2.59352	-0.115449	1	
2.59329	-0.11481	1	
2.59306	-0.114203	1	
2.59284	-0.113609	1	
2.59261	-0.112989	1	
2.59239	-0.11232	1	
2.59216	-0.111605	1	
2.59194	-0.110816	1	
2.59172	-0.10999	1	
2.5915	-0.109149	1	
2.59129	-0.10821	1	
2.59107	-0.107263	1	
2.59086	-0.106295	1	
2.59065	-0.105284	1	
2.59044	-0.104323	1	
2.59023	-0.103348	1	
2.59003	-0.102369	1	
2.58983	-0.101364	1	
2.58962	-0.100381	1	
2.58943	-0.0994269	1	
2.58923	-0.0984661	1	
2.58903	-0.0975635	1	
2.58884	-0.0966994	1	
2.58865	-0.0958318	1	
2.58846	-0.0950093	1	
2.58827	-0.0942213	1	
2.58808	-0.0934664	1	
2.5879	-0.0926938	1	
2.58771	-0.0919505	1	
2.58753	-0.0911884	1	
2.58735	-0.0904437	1	
2.58717	-0.0896826	1	
2.58699	-0.0889795	1	
2.58682	-0.0882683	1	
2.58664	-0.087579	1	
2.58647	-0.086851	1	
2.5863	-0.0861853	1	
2.58612	-0.0855511	1	
2.58595	-0.0849705	1	
2.58579	-0.0843927	1	
2.58562	-0.0838786	1	
2.58545	-0.0834082	1	
2.58529	-0.0829553	1	
2.58512	-0.0825114	1	
2.58496	-0.0821593	1	
2.58479	-0.0818261	1	
2.58463	-0.0815425	1	
2.58447	-0.0812291	1	
2.58431	-0.0810048	1	
2.58414	-0.0808247	1	
2.58398	-0.0806629	1	
2.58382	-0.0804776	1	
2.58366	-0.0803339	1	
2.5835	-0.0801682	1	
2.58334	-0.0799954	1	
2.58318	-0.0797677	1	
2.58302	-0.0795767	1	
2.58286	-0.0793688	1	
2.5827	-0.0791643	1	
2.58255	-0.0789216	1	
2.58239	-0.0786672	1	
2.58223	-0.0784721	1	
2.58208	-0.0782382	1	
2.58192	-0.0780138	1	
2.58176	-0.0777589	1	
2.58161	-0.077532	1	
2.58145	-0.0772958	1	
2.5813	-0.0770577	1	
2.58115	-0.0767941	1	
2.58099	-0.0765377	1	
2.58084	-0.0762844	1	
2.58069	-0.0760161	1	
2.58054	-0.0757068	1	
2.58039	-0.075352	1	
2.58024	-0.0749838	1	
2.58009	-0.0745846	1	
2.57994	-0.0741375	1	
2.57979	-0.0736876	1	
2.57965	-0.073196	1	
2.5795	-0.0726757	1	
2.57936	-0.0721487	1	
2.57921	-0.0715867	1	
2.57907	-0.0710164	1	
2.57893	-0.0704318	1	
2.57879	-0.0698068	1	
2.57865	-0.0691986	1	
2.57851	-0.0686209	1	
2.57838	-0.068038	1	
2.57824	-0.0674661	1	
2.57811	-0.0669144	1	
2.57798	-0.0663585	1	
2.57785	-0.0658592	1	
2.57771	-0.0653885	1	
2.57758	-0.0649171	1	
2.57746	-0.0644848	1	
2.57733	-0.0640252	1	
2.5772	-0.0635807	1	
2.57707	-0.0631451	1	
2.57695	-0.0626907	1	
2.57682	-0.0622463	1	
2.5767	-0.0617738	1	
2.57658	-0.0612489	1	
2.57646	-0.0607141	1	
2.57634	-0.0601906	1	
2.57622	-0.0596442	1	
2.5761	-0.059098	1	
2.57598	-0.0585497	1	
2.57587	-0.0579893	1	
2.57575	-0.0574123	1	
2.57564	-0.0568767	1	
2.57553	-0.0563686	1	
2.57541	-0.0558737	1	
2.5753	-0.0554131	1	
2.57519	-0.0549516	1	
2.57508	-0.054515	1	
2.57498	-0.0541428	1	
2.57487	-0.0538038	1	
2.57476	-0.0535244	1	
2.57465	-0.0532894	1	
2.57455	-0.0530686	1	
2.57444	-0.0528925	1	
2.57434	-0.0527278	1	
2.57423	-0.0525357	1	
2.57413	-0.0523712	1	
2.57402	-0.0521913	1	
2.57392	-0.0519663	1	
2.57381	-0.0517434	1	
2.57371	-0.0515475	1	
2.57361	-0.0512901	1	
2.57351	-0.0510149	1	
2.57341	-0.0507171	1	
2.57331	-0.0503729	1	
2.5732	-0.0499819	1	
2.57311	-0.0495957	1	
2.57301	-0.0492444	1	
2.57291	-0.0488655	1	
2.57281	-0.0485049	1	
2.57272	-0.0481687	1	
2.57262	-0.047849	1	
2.57253	-0.0475523	1	
2.57243	-0.047274	1	
2.57234	-0.0470289	1	
2.57224	-0.0468274	1	
2.57215	-0.0466466	1	
2.57206	-0.0464852	1	
2.57196	-0.0463449	1	
2.57187	-0.0462051	1	
2.57178	-0.0460564	1	
2.57169	-0.0459347	1	
2.5716	-0.0457999	1	
2.57151	-0.0456206	1	
2.57141	-0.0454358	1	
2.57132	-0.0452289	1	
2.57123	-0.0449988	1	
2.57114	-0.0447296	1	
2.57106	-0.0444359	1	
2.57097	-0.0441314	1	
2.57088	-0.0438063	1	
2.57079	-0.043458	1	
2.57071	-0.0430918	1	
2.57062	-0.0427032	1	
2.57054	-0.0423077	1	
2.57045	-0.0419244	1	
2.57037	-0.0415519	1	
2.57029	-0.0412538	1	
2.5702	-0.0410154	1	
2.57012	-0.0408247	1	
2.57004	-0.0406721	1	
2.56996	-0.0405501	1	
2.56988	-0.0404524	1	
2.5698	-0.0403743	1	
2.56972	-0.0403118	1	
2.56964	-0.0402618	1	
2.56956	-0.0402218	1	
2.56948	-0.0401898	1	
2.5694	-0.0401642	1	
2.56932	-0.0401437	1	
2.56924	-0.0401273	1	
2.56916	-0.0401142	1	
2.56908	-0.0401037	1	
2.569	-0.0400954	1	
2.56892	-0.0400886	1	
2.56884	-0.0400833	1	
2.56876	-0.040079	1	
2.56868	-0.0400756	1	
2.56859	-0.0400728	1	
2.56851	-0.0400706	1	
2.56843	-0.0400688	1	
2.56835	-0.0400674	1	
2.56827	-0.0400663	1	
2.56819	-0.0400654	1	
2.56811	-0.0400647	1	
2.56803	-0.0400641	1	
2.56795	-0.0400637	1	
2.56787	-0.0400633	1	
2.56779	-0.040063	1	
2.56771	-0.0400628	1	
2.56763	-0.0400626	1	
2.56755	-0.0400624	1	
2.56747	-0.0400623	1	
2.56739	-0.0400622	1	
2.56731	-0.0400621	1	
2.56723	-0.0400621	1	
2.56715	-0.040062	1	
2.56707	-0.040062	1	
2.56699	-0.0400619	1	
2.56691	-0.0400619	1	
2.56683	-0.0400619	1	
2.56675	-0.0400619	1	
2.56667	-0.0400619	1	
2.56659	-0.0400619	1	
2.56651	-0.0400618	1	
2.56643	-0.0400618	1	
2.56635	-0.0400618	1	
2.56627	-0.0400618	1	
2.56619	-0.0400618	1	
2.56611	-0.0400618	1	
2.56603	-0.0400618	1	
2.56595	-0.0400618	1	
2.56587	-0.0400618	1	
2.56579	-0.0400618	1	
2.56571	-0.0400618	1	
2.56563	-0.0400618	1	
2.56555	-0.0400618	1	
2.56547	-0.0400618	1	
2.56539	-0.0400618	1	
2.56531	-0.0400618	1	
2.56523	-0.0400618	1	
2.56515	-0.0400618	1	
2.56507	-0.0400618	1	
2.56499	-0.0400618	1	
2.56491	-0.0400618	1	
2.56483	-0.0400618	1	
2.56475	-0.0400618	1	
2.56467	-0.0400618	1	
2.56459	-0.0400618	1	
2.56451	-0.0400618	1	
2.56443	-0.0400618	1	
2.56435	-0.0400618	1	
2.56427	-0.0400618	1	
2.56419	-0.0400618	1	
2.56411	-0.0400618	1	
2.56403	-0.0400618	1	
2.56395	-0.0400618	1	
2.56387	-0.0400618	1	
2.56379	-0.0400618	1	
2.56371	-0.0400618	1	
2.56363	-0.0400618	1	
2.56355	-0.0400618	1	
2.56347	-0.0400618	1	
2.56339	-0.0400618	1	
2.56331	-0.0400618	1	
2.56323	-0.0400618	1	
2.56315	-0.0400618	1	
2.56307	-0.0400618	1	
2.56299	-0.0400618	1	
2.56291	-0.0400618	1	
2.56283	-0.0400618	1	
2.56275	-0.0400618	1	
2.56267	-0.0400618	1	
2.56259	-0.0400618	1	
2.56251	-0.0400618	1	
2.56243	-0.0400618	1	
2.56235	-0.0400618	1	
2.56227	-0.0400618	1	
2.56219	-0.0400618	1	
2.5621	-0.0400618	1	
2.56202	-0.0400618	1	
2.56194	-0.0400618	1	
2.56186	-0.0400618	1	
2.56178	-0.0400618	1	
2.5617	-0.0400618	1	
2.56162	-0.0400618	1	
2.56154	-0.0400618	1	
2.56146	-0.0400618	1	
2.56138	-0.0400618	1	
2.5613	-0.0400618	1	
2.56122	-0.0400618	1	
2.56114	-0.0400618	1	
2.56106	-0.0400618	1	
2.56098	-0.0400618	1	
2.5609	-0.0400618	1	
2.56082	-0.0400618	1	
2.56074	-0.0400618	1	
2.56066	-0.0400618	1	
2.56058	-0.0400618	1	
2.5605	-0.0400618	1	
2.56042	-0.0400618	1	
2.56034	-0.0400618	1	
2.56026	-0.0400618	1	
2.56018	-0.0400618	1	
2.5601	-0.0400618	1	
2.56002	-0.0400618	1	
2.55994	-0.0400618	1	
2.55986	-0.0400618	1	
2.55978	-0.0400618	1	
2.5597	-0.0400618	1	
2.55962	-0.0400618	1	
2.55954	-0.0400618	1	
2.55946	-0.0400618	1	
2.55938	-0.0400618	1	
2.5593	-0.0400618	1	
2.55922	-0.0400618	1	
2.55914	-0.0400618	1	
2.55906	-0.0400618	1	
2.55898	-0.0400618	1	
2.5589	-0.0400618	1	
2.55882	-0.0400618	1	
2.55874	-0.0400618	1	
2.55866	-0.0400618	1	
2.55858	-0.0400618	1	
2.5585	-0.0400618	1	
2.55842	-0.0400618	1	
2.55834	-0.0400618	1	
2.55826	-0.0400618	1	
2.55818	-0.0400618	1	
2.5581	-0.0400618	1	
2.55802	-0.0400618	1	
2.55794	-0.0400618	1	
2.55786	-0.0400618	1	
2.55778	-0.0400618	1	
2.5577	-0.0400618	1	
2.55762	-0.0400618	1	
2.55754	-0.0400618	1	
2.55746	-0.0400618	1	
2.55738	-0.0400618	1	
2.5573	-0.0400618	1	
2.55722	-0.0400618	1	
2.55714	-0.0400618	1	
2.55706	-0.0400618	1	
2.55698	-0.0400825	1	
2.5569	-0.0401703	1	
2.55682	-0.040311	1	
2.55674	-0.0404638	1	
2.55665	-0.0406314	1	
2.55657	-0.0408229	1	
2.55649	-0.0410249	1	
2.55641	-0.0412187	1	
2.55632	-0.0414459	1	
2.55624	-0.0416483	1	
2.55616	-0.0418604	1	
2.55607	-0.0420646	1	
2.55599	-0.0422259	1	
2.5559	-0.0423682	1	
2.55582	-0.0425151	1	
2.55573	-0.0426222	1	
2.55565	-0.0427417	1	
2.55556	-0.0428452	1	
2.55548	-0.0429279	1	
2.55539	-0.0430014	1	
2.55531	-0.043062	1	
2.55522	-0.0430783	1	
2.55513	-0.0430843	1	
2.55505	-0.0431002	1	
2.55496	-0.0430926	1	
2.55487	-0.0430913	1	
2.55479	-0.0431061	1	
2.5547	-0.0430965	1	
2.55462	-0.0430573	1	
2.55453	-0.0430097	1	
2.55444	-0.042966	1	
2.55436	-0.0429048	1	
2.55427	-0.0428023	1	
2.55419	-0.0427247	1	
2.5541	-0.0426226	1	
2.55402	-0.0424888	1	
2.55393	-0.0423711	1	
2.55385	-0.0422565	1	
2.55376	-0.0421285	1	
2.55368	-0.0419875	1	
2.5536	-0.041825	1	
2.55351	-0.0416508	1	
2.55343	-0.0414847	1	
2.55335	-0.0412916	1	
2.55326	-0.0411144	1	
2.55318	-0.0409631	1	
2.5531	-0.040804	1	
2.55302	-0.0406768	1	
2.55294	-0.040575	1	
2.55286	-0.0404936	1	
2.55278	-0.0404284	1	
2.5527	-0.0403763	1	
2.55261	-0.0403346	1	
2.55253	-0.0403012	1	
2.55245	-0.0402746	1	
2.55237	-0.0402532	1	
2.55229	-0.0402361	1	
2.55221	-0.0402225	1	
2.55213	-0.0402115	1	
2.55205	-0.0402028	1	
2.55197	-0.0401958	1	
2.55189	-0.0401902	1	
2.55181	-0.0401857	1	
2.55173	-0.0401822	1	
2.55165	-0.0401793	1	
2.55157	-0.040177	1	
2.55149	-0.0401752	1	
2.55141	-0.0401737	1	
2.55133	-0.0401725	1	
2.55125	-0.0401716	1	
2.55117	-0.0401708	1	
2.55109	-0.0401702	1	
2.55101	-0.0401697	1	
2.55093	-0.0401694	1	
2.55085	-0.0401691	1	
2.55077	-0.0401688	1	
2.55069	-0.0401686	1	
2.55061	-0.0401685	1	
2.55052	-0.0401683	1	
2.55044	-0.0401682	1	
2.55036	-0.0401682	1	
2.55028	-0.0401681	1	
2.5502	-0.040168	1	
2.55012	-0.040168	1	
2.55004	-0.040168	1	
2.54996	-0.0401679	1	
2.54988	-0.0401679	1	
2.5498	-0.0401679	1	
2.54972	-0.0401679	1	
2.54964	-0.0401679	1	
2.54956	-0.0401679	1	
2.54948	-0.0401679	1	
2.5494	-0.0401678	1	
2.54932	-0.0401678	1	
2.54924	-0.0401678	1	
2.54916	-0.0401678	1	
2.54908	-0.0401678	1	
2.549	-0.0401678	1	
2.54892	-0.0401678	1	
2.54884	-0.0401678	1	
2.54876	-0.0401678	1	
2.54868	-0.0401678	1	
2.5486	-0.0401678	1	
2.54852	-0.0401678	1	
2.54844	-0.0401678	1	
2.54836	-0.0401678	1	
2.54828	-0.0401678	1	
2.5482	-0.0401678	1	
2.54811	-0.0401678	1	
2.54803	-0.0401678	1	
2.54795	-0.0401678	1	
2.54787	-0.0401678	1	
2.54779	-0.0401678	1	
2.54771	-0.0401678	1	
2.54763	-0.0401678	1	
2.54755	-0.0401678	1	
2.54747	-0.0401678	1	
2.54739	-0.0401678	1	
2.54731	-0.0401678	1	
2.54723	-0.0401678	1	
2.54715	-0.0401678	1	
2.54707	-0.0401678	1	
2.54699	-0.0401678	1	
2.54691	-0.0401678	1	
2.54683	-0.0401678	1	
2.54675	-0.0401678	1	
2.54667	-0.0401678	1	
2.54659	-0.0401678	1	
2.54651	-0.0401678	1	
2.54643	-0.0401678	1	
2.54635	-0.0401678	1	
2.54627	-0.0401678	1	
2.54619	-0.0401678	1	
2.54611	-0.0401678	1	
2.54603	-0.0401678	1	
2.54595	-0.0401678	1	
2.54587	-0.0401678	1	
2.54579	-0.0401678	1	
2.5457	-0.0401678	1	
2.54562	-0.0401678	1	
2.54554	-0.0401678	1	
2.54546	-0.0401678	1	
2.54538	-0.0401678	1	
2.5453	-0.0401678	1	
2.54522	-0.0401678	1	
2.54514	-0.0401678	1	
2.54506	-0.0401678	1	
2.54498	-0.0401678	1	
2.5449	-0.0401678	1	
2.54482	-0.0401678	1	
2.54474	-0.0401678	1	
2.54466	-0.0401678	1	
2.54458	-0.0401678	1	
2.5445	-0.0401678	1	
2.54442	-0.0401678	1	
2.54434	-0.0401678	1	
2.54426	-0.0401678	1	
2.54418	-0.0401678	1	
2.5441	-0.0401678	1	
2.54402	-0.0401678	1	
2.54394	-0.0401678	1	
2.54386	-0.0401678	1	
2.54378	-0.0401678	1	
2.5437	-0.0401678	1	
2.54362	-0.0401678	1	
2.54354	-0.0401678	1	
2.54346	-0.0401678	1	
2.54338	-0.0401678	1	
2.54329	-0.0401678	1	
2.54321	-0.0401678	1	
2.54313	-0.0401678	1	
2.54305	-0.0401678	1	
2.54297	-0.0401678	1	
2.54289	-0.0401678	1	
2.54281	-0.0401678	1	
2.54273	-0.0401678	1	
2.54265	-0.0401678	1	
2.54257	-0.0401678	1	
2.54249	-0.0401678	1	
2.54241	-0.0401678	1	
2.54233	-0.0401678	1	
2.54225	-0.0401678	1	
2.54217	-0.0401678	1	
2.54209	-0.0401678	1	
2.54201	-0.0401678	1	
2.54193	-0.0401678	1	
2.54185	-0.0401678	1	
2.54177	-0.0401678	1	
2.54169	-0.0401678	1	
2.54161	-0.0401678	1	
2.54153	-0.0401678	1	
2.54145	-0.0401678	1	
2.54137	-0.0401678	1	
2.54129	-0.0401678	1	
2.54121	-0.0401678	1	
2.54113	-0.0401678	1	
2.54105	-0.0401678	1	
2.54096	-0.0401678	1	
2.54088	-0.0401678	1	
2.5408	-0.0401678	1	
2.54072	-0.0401678	1	
2.54064	-0.0401678	1	
2.54056	-0.0401678	1	
2.54048	-0.0401678	1	
2.5404	-0.0401678	1	
2.54032	-0.0401678	1	
2.54024	-0.0401678	1	
2.54016	-0.0401678	1	
2.54008	-0.0401678	1	
2.54	-0.0401678	1	
2.53992	-0.0401678	1	
2.53984	-0.0401678	1	
2.53976	-0.0401678	1	
2.53968	-0.0401678	1	
2.5396	-0.0401678	1	
2.53952	-0.0401678	1	
2.53944	-0.0401678	1	
2.53936	-0.0401678	1	
2.53928	-0.0401678	1	
2.5392	-0.0401678	1	
2.53912	-0.0401678	1	
2.53904	-0.0401678	1	
2.53896	-0.0401678	1	
2.53888	-0.0401678	1	
2.5388	-0.0401678	1	
2.53872	-0.0401678	1	
2.53864	-0.0401678	1	
2.53855	-0.0401678	1	
2.53847	-0.0401678	1	
2.53839	-0.0401678	1	
2.53831	-0.0401678	1	
2.53823	-0.0401678	1	
2.53815	-0.0401678	1	
2.53807	-0.0401678	1	
2.53799	-0.0401678	1	
2.53791	-0.0401678	1	
2.53783	-0.0401678	1	
2.53775	-0.0401678	1	
2.53767	-0.0401678	1	
2.53759	-0.0401678	1	
2.53751	-0.0401678	1	
2.53743	-0.0401678	1	
2.53735	-0.0401678	1	
2.53727	-0.0401678	1	
2.53719	-0.0401678	1	
2.53711	-0.0401678	1	
2.53703	-0.0401678	1	
2.53695	-0.0401678	1	
2.53687	-0.0401678	1	
2.53679	-0.0401678	1	
2.53671	-0.0401678	1	
2.53663	-0.0401678	1	
2.53655	-0.0401678	1	
2.53647	-0.0401678	1	
2.53639	-0.0401678	1	
2.53631	-0.0401678	1	
2.53623	-0.0401678	1	
2.53614	-0.0401678	1	
2.53606	-0.0401678	1	
2.53598	-0.0401678	1	
2.5359	-0.0401678	1	
2.53582	-0.0401678	1	
2.53574	-0.0401678	1	
2.53566	-0.0401678	1	
2.53558	-0.0401678	1	
2.5355	-0.0401678	1	
2.53542	-0.0401678	1	
2.53534	-0.0401678	1	
2.53526	-0.0401678	1	
2.53518	-0.0401678	1	
2.5351	-0.0401678	1	
2.53502	-0.0401678	1	
2.53494	-0.0401678	1	
2.53486	-0.0401678	1	
2.53478	-0.0401678	1	
2.5347	-0.0401678	1	
2.53462	-0.0401678	1	
2.53454	-0.0401678	1	
2.53446	-0.0401678	1	
2.53438	-0.0401678	1	
2.5343	-0.0401678	1	
2.53422	-0.0401678	1	
2.53414	-0.0401678	1	
2.53406	-0.0401678	1	
2.53398	-0.0401678	1	
2.5339	-0.0401678	1	
2.53382	-0.0401678	1	
2.53373	-0.0401678	1	
2.53365	-0.0401678	1	
2.53357	-0.0401678	1	
2.53349	-0.0401678	1	
2.53341	-0.0401678	1	
2.53333	-0.0401678	1	
2.53325	-0.0401678	1	
2.53317	-0.0401678	1	
2.53309	-0.0401678	1	
2.53301	-0.0401678	1	
2.53293	-0.0401678	1	
2.53285	-0.0401678	1	
2.53277	-0.0401678	1	
2.53269	-0.0401678	1	
2.53261	-0.0401678	1	
2.53253	-0.0401678	1	
2.53245	-0.0401678	1	
2.53237	-0.0401678	1	
2.53229	-0.0401678	1	
2.53221	-0.0401678	1	
2.53213	-0.0401678	1	
2.53205	-0.0401678	1	
2.53197	-0.0401678	1	
2.53189	-0.0401678	1	
2.53181	-0.0401678	1	
2.53173	-0.0401678	1	
2.53165	-0.0401678	1	
2.53157	-0.0401678	1	
2.53149	-0.0401678	1	
2.5314	-0.0401678	1	
2.53132	-0.0401678	1	
2.53124	-0.0401678	1	
2.53116	-0.0401678	1	
2.53108	-0.0401678	1	
2.531	-0.0401678	1	
2.53092	-0.0401678	1	
2.53084	-0.0401678	1	
2.53076	-0.0401678	1	
2.53068	-0.0401678	1	
2.5306	-0.0401678	1	
2.53052	-0.0401678	1	
2.53044	-0.0401678	1	
2.53036	-0.0401678	1	
2.53028	-0.0401678	1	
2.5302	-0.0401678	1	
2.53012	-0.0401678	1	
2.53004	-0.0401678	1	
2.52996	-0.0401678	1	
2.52988	-0.0401678	1	
2.5298	-0.0401678	1	
2.52972	-0.0401678	1	
2.52964	-0.0401678	1	
2.52956	-0.0401678	1	
2.52948	-0.0401678	1	
2.5294	-0.0401678	1	
2.52932	-0.0401678	1	
2.52924	-0.0401678	1	
2.52916	-0.0401678	1	
2.52908	-0.0401678	1	
2.529	-0.0401678	1	
2.52891	-0.0401678	1	
2.52883	-0.0401678	1	
2.52875	-0.0401678	1	
2.52867	-0.0401678	1	
2.52859	-0.0401678	1	
2.52851	-0.0401678	1	
2.52843	-0.0401678	1	
2.52835	-0.0401678	1	
2.52827	-0.0401678	1	
2.52819	-0.0401678	1	
2.52811	-0.0401678	1	
2.52803	-0.0401678	1	
2.52795	-0.0401678	1	
2.52787	-0.0401678	1	
2.52779	-0.0401678	1	
2.52771	-0.0401678	1	
2.52763	-0.0401678	1	
2.52755	-0.0401678	1	
2.52747	-0.0401678	1	
2.52739	-0.0401678	1	
2.52731	-0.0401678	1	
2.52723	-0.0401678	1	
2.52715	-0.0401678	1	
2.52707	-0.0401678	1	
2.52699	-0.0401678	1	
2.52691	-0.0401678	1	
2.52683	-0.0401678	1	
2.52675	-0.0401678	1	
2.52667	-0.0401678	1	
2.52658	-0.0401678	1	
2.5265	-0.0401678	1	
2.52642	-0.0401678	1	
2.52634	-0.0401678	1	
2.52626	-0.0401678	1	
2.52618	-0.0401678	1	
2.5261	-0.0401678	1	
2.52602	-0.0401678	1	
2.52594	-0.0401678	1	
2.52586	-0.0401678	1	
2.52578	-0.0401678	1	
2.5257	-0.0401678	1	
2.52562	-0.0401678	1	
2.52554	-0.0401678	1	
2.52546	-0.0401678	1	
2.52538	-0.0401678	1	
2.5253	-0.0401678	1	
2.52522	-0.0401678	1	
2.52514	-0.0401678	1	
2.52506	-0.0401678	1	
2.52498	-0.0401678	1	
2.5249	-0.0401678	1	
2.52482	-0.0401678	1	
2.52474	-0.0401678	1	
2.52466	-0.0401678	1	
2.52458	-0.0401678	1	
2.5245	-0.0401678	1	
2.52442	-0.0401678	1	
2.52434	-0.0401678	1	
2.52426	-0.0401678	1	
2.52417	-0.0401678	1	
2.52409	-0.0401678	1	
2.52401	-0.0401678	1	
2.52393	-0.0401678	1	
2.52385	-0.0401678	1	
2.52377	-0.0401678	1	
2.52369	-0.0401678	1	
2.52361	-0.0401678	1	
2.52353	-0.0401678	1	
2.52345	-0.0401678	1	
2.52337	-0.0401678	1	
2.52329	-0.0401678	1	
2.52321	-0.0401678	1	
2.52313	-0.0401678	1	
2.52305	-0.0401678	1	
2.52297	-0.0401678	1	
2.52289	-0.0401678	1	
2.52281	-0.0401678	1	
2.52273	-0.0401678	1	
2.52265	-0.0401678	1	
2.52257	-0.0401678	1	
2.52249	-0.0401678	1	
2.52241	-0.0401678	1	
2.52233	-0.0401678	1	
2.52225	-0.0401678	1	
2.52217	-0.0401678	1	
2.52209	-0.0401678	1	
2.52201	-0.0401678	1	
2.52193	-0.0401678	1	
2.52185	-0.0401678	1	
2.52176	-0.0401678	1	
2.52168	-0.0401678	1	
2.5216	-0.0401678	1	
2.52152	-0.0401678	1	
2.52144	-0.0401678	1	
2.52136	-0.0401678	1	
2.52128	-0.0401678	1	
2.5212	-0.0401678	1	
2.52112	-0.0401678	1	
2.52104	-0.0401678	1	
2.52096	-0.0401678	1	
2.52088	-0.0401678	1	
2.5208	-0.0401678	1	
2.52072	-0.0401678	1	
2.52064	-0.0401678	1	
2.52056	-0.0401678	1	
2.52048	-0.0401678	1	
2.5204	-0.0401678	1	
2.52032	-0.0401678	1	
2.52024	-0.0401678	1	
2.52016	-0.0401678	1	
2.52008	-0.0401678	1	
2.52	-0.0401678	1	
2.51992	-0.0401678	1	
2.51984	-0.0401678	1	
2.51976	-0.0401678	1	
2.51968	-0.0401678	1	
2.5196	-0.0401678	1	
2.51952	-0.0401678	1	
2.51943	-0.0401678	1	
2.51935	-0.0401678	1	
2.51927	-0.0401678	1	
2.51919	-0.0401678	1	
2.51911	-0.0401678	1	
2.51903	-0.0401678	1	
2.51895	-0.0401678	1	
2.51887	-0.0401678	1	
2.51879	-0.0401678	1	
2.51871	-0.0401678	1	
2.51863	-0.0401678	1	
2.51855	-0.0401678	1	
2.51847	-0.0401678	1	
2.51839	-0.0401678	1	
2.51831	-0.0401678	1	
2.51823	-0.0401678	1	
2.51815	-0.0401678	1	
2.51807	-0.0401678	1	
2.51799	-0.0401678	1	
2.51791	-0.0401678	1	
2.51783	-0.0401678	1	
2.51775	-0.0401678	1	
2.51767	-0.0401678	1	
2.51759	-0.0401678	1	
2.51751	-0.0401678	1	
2.51743	-0.0401678	1	
2.51735	-0.0401678	1	
2.51727	-0.0401678	1	
2.51719	-0.0401678	1	
2.51711	-0.0401678	1	
2.51702	-0.0401678	1	
2.51694	-0.0401678	1	
2.51686	-0.0401678	1	
2.51678	-0.0401678	1	
2.5167	-0.0401678	1	
2.51662	-0.0401678	1	
2.51654	-0.0401678	1	
2.51646	-0.0401678	1	
2.51638	-0.0401678	1	
2.5163	-0.0401678	1	
2.51622	-0.0401678	1	
2.51614	-0.0401678	1	
2.51606	-0.0401678	1	
2.51598	-0.0401678	1	
2.5159	-0.0401678	1	
2.51582	-0.0401678	1	
2.51574	-0.0401678	1	
2.51566	-0.0401678	1	
2.51558	-0.0401678	1	
2.5155	-0.0401678	1	
2.51542	-0.0401678	1	
2.51534	-0.0401678	1	
2.51526	-0.0401678	1	
2.51518	-0.0401678	1	
2.5151	-0.0401678	1	
2.51502	-0.0401678	1	
2.51494	-0.0401678	1	
2.51486	-0.0401678	1	
2.51478	-0.0401678	1	
2.5147	-0.0401678	1	
2.51461	-0.0401678	1	
2.51453	-0.0401678	1	
2.51445	-0.0401678	1	
2.51437	-0.0401678	1	
2.51429	-0.0401678	1	
2.51421	-0.0401678	1	
2.51413	-0.0401678	1	
2.51405	-0.0401678	1	
2.51397	-0.0401678	1	
2.51389	-0.0401678	1	
2.51381	-0.0401678	1	
2.51373	-0.0401678	1	
2.51365	-0.0401678	1	
2.51357	-0.0401678	1	
2.51349	-0.0401678	1	
2.51341	-0.0401678	1	
2.51333	-0.0401678	1	
2.51325	-0.0401678	1	
2.51317	-0.0401678	1	
2.51309	-0.0401678	1	
2.51301	-0.0401678	1	
2.51293	-0.0401678	1	
2.51285	-0.0401678	1	
2.51277	-0.0401678	1	
2.51269	-0.0401678	1	
2.51261	-0.0401678	1	
2.51253	-0.0401678	1	
2.51245	-0.0401678	1	
2.51237	-0.0401678	1	
2.51229	-0.0401678	1	
2.5122	-0.0401678	1	
2.51212	-0.0401678	1	
2.51204	-0.0401678	1	
2.51196	-0.0401678	1	
2.51188	-0.0401678	1	
2.5118	-0.0401678	1	
2.51172	-0.0401678	1	
2.51164	-0.0401678	1	
2.51156	-0.0401678	1	
2.51148	-0.0401678	1	
2.5114	-0.0401678	1	
2.51132	-0.0401678	1	
2.51124	-0.0401678	1	
2.51116	-0.0401678	1	
2.51108	-0.0401678	1	
2.511	-0.0401678	1	
2.51092	-0.0401678	1	
2.51084	-0.0401678	1	
2.51076	-0.0401678	1	
2.51068	-0.0401678	1	
2.5106	-0.0401678	1	
2.51052	-0.0401678	1	
2.51044	-0.0401678	1	
2.51036	-0.0401678	1	
2.51028	-0.0401678	1	
2.5102	-0.0401678	1	
2.51012	-0.0401678	1	
2.51004	-0.0401678	1	
2.50996	-0.0401678	1	
2.50988	-0.0401678	1	
2.50979	-0.0401678	1	
2.50971	-0.0401678	1	
2.50963	-0.0401678	1	
2.50955	-0.0401678	1	
2.50947	-0.0401678	1	
2.50939	-0.0401678	1	
2.50931	-0.0401678	1	
2.50923	-0.0401678	1	
2.50915	-0.0401678	1	
2.50907	-0.0401678	1	
2.50899	-0.0401678	1	
2.50891	-0.0401678	1	
2.50883	-0.0401678	1	
2.50875	-0.0401678	1	
2.50867	-0.0401678	1	
2.50859	-0.0401678	1	
2.50851	-0.0401678	1	
2.50843	-0.0401678	1	
2.50835	-0.0401678	1	
2.50827	-0.0401678	1	
2.50819	-0.0401678	1	
2.50811	-0.0401678	1	
2.50803	-0.0401678	1	
2.50795	-0.0401678	1	
2.50787	-0.0401678	1	
2.50779	-0.0401678	1	
2.50771	-0.0401678	1	
2.50763	-0.0401678	1	
2.50755	-0.0401678	1	
2.50746	-0.0401678	1	
2.50738	-0.0401678	1	
2.5073	-0.0401678	1	
2.50722	-0.0401678	1	
2.50714	-0.0401678	1	
2.50706	-0.0401678	1	
2.50698	-0.0401678	1	
2.5069	-0.0401678	1	
2.50682	-0.0401678	1	
2.50674	-0.0401678	1	
2.50666	-0.0401678	1	
2.50658	-0.0401678	1	
2.5065	-0.0401678	1	
2.50642	-0.0401678	1	
2.50634	-0.0401678	1	
2.50626	-0.0401678	1	
2.50618	-0.0401678	1	
2.5061	-0.0401678	1	
2.50602	-0.0401678	1	
2.50594	-0.0401678	1	
2.50586	-0.0401678	1	
2.50578	-0.0401678	1	
2.5057	-0.0401678	1	
2.50562	-0.0401678	1	
2.50554	-0.0401678	1	
2.50546	-0.0401678	1	
2.50538	-0.0401678	1	
2.5053	-0.0401678	1	
2.50522	-0.0401678	1	
2.50514	-0.0401678	1	
2.50505	-0.0401678	1	
2.50497	-0.0401678	1	
2.50489	-0.0401678	1	
2.50481	-0.0401678	1	
2.50473	-0.0401678	1	
2.50465	-0.0401678	1	
2.50457	-0.0401678	1	
2.50449	-0.0401678	1	
2.50441	-0.0401678	1	
2.50433	-0.0401678	1	
2.50425	-0.0401678	1	
2.50417	-0.0401678	1	
2.50409	-0.0401678	1	
2.50401	-0.0401678	1	
2.50393	-0.0401678	1	
2.50385	-0.0401678	1	
2.50377	-0.0401678	1	
2.50369	-0.0401678	1	
2.50361	-0.0401678	1	
2.50353	-0.0401678	1	
2.50345	-0.0401678	1	
2.50337	-0.0401678	1	
2.50329	-0.0401678	1	
2.50321	-0.0401678	1	
2.50313	-0.0401678	1	
2.50305	-0.0401678	1	
2.50297	-0.0401678	1	
2.50289	-0.0401678	1	
2.50281	-0.0401678	1	
2.50273	-0.0401678	1	
2.50264	-0.0401678	1	
2.50256	-0.0401678	1	
2.50248	-0.0401678	1	
2.5024	-0.0401678	1	
2.50232	-0.0401678	1	
2.50224	-0.0401678	1	
2.50216	-0.0401678	1	
2.50208	-0.0401678	1	
2.502	-0.0401678	1	
2.50192	-0.0401678	1	
2.50184	-0.0401678	1	
2.50176	-0.0401678	1	
2.50168	-0.0401678	1	
2.5016	-0.0401678	1	
2.50152	-0.0401678	1	
2.50144	-0.0401678	1	
2.50136	-0.0401678	1	
2.50128	-0.0401678	1	
2.5012	-0.0401678	1	
2.50112	-0.0401678	1	
2.50104	-0.0401678	1	
2.50096	-0.0401678	1	
2.50088	-0.0401678	1	
2.5008	-0.0401678	1	
2.50072	-0.0401678	1	
2.50064	-0.0401678	1	
2.50056	-0.0401678	1	
2.50048	-0.0401678	1	
2.5004	-0.0401678	1	
2.50032	-0.0401678	1	
2.50023	-0.0401678	1	
2.50015	-0.0401678	1	
2.50007	-0.0401678	1	
2.49999	-0.0401678	1	
2.49991	-0.0401678	1	
2.49983	-0.0401678	1	
2.49975	-0.0401678	1	
2.49967	-0.0401678	1	
2.49959	-0.0401678	1	
2.49951	-0.0401678	1	
2.49943	-0.0401678	1	
2.49935	-0.0401678	1	
2.49927	-0.0401678	1	
2.49919	-0.0401678	1	
2.49911	-0.0401678	1	
2.49903	-0.0401678	1	
2.49895	-0.0401678	1	
2.49887	-0.0401678	1	
2.49879	-0.0401678	1	
2.49871	-0.0401678	1	
2.49863	-0.0401678	1	
2.49855	-0.0401678	1	
2.49847	-0.0401678	1	
2.49839	-0.0401678	1	
2.49831	-0.0401678	1	
2.49823	-0.0401678	1	
2.49815	-0.0401678	1	
2.49807	-0.0401678	1	
2.49799	-0.0401678	1	
2.49791	-0.0401678	1	
2.49782	-0.0401678	1	
2.49774	-0.0401678	1	
2.49766	-0.0401678	1	
2.49758	-0.0401678	1	
2.4975	-0.0401678	1	
2.49742	-0.0401678	1	
2.49734	-0.0401678	1	
2.49726	-0.0401678	1	
2.49718	-0.0401678	1	
2.4971	-0.0401678	1	
2.49702	-0.0401678	1	
2.49694	-0.0401678	1	
2.49686	-0.0401678	1	
2.49678	-0.0401678	1	
2.4967	-0.0401678	1	
2.49662	-0.0401678	1	
2.49654	-0.0401678	1	
2.49646	-0.0401678	1	
2.49638	-0.0401678	1	
2.4963	-0.0401678	1	
2.49622	-0.0401678	1	
2.49614	-0.0401678	1	
2.49606	-0.0401678	1	
2.49598	-0.0401678	1	
2.4959	-0.0401678	1	
2.49582	-0.0401678	1	
2.49574	-0.0401678	1	
2.49566	-0.0401678	1	
2.49558	-0.0401678	1	
2.4955	-0.0401678	1	
2.49541	-0.0401678	1	
2.49533	-0.0401678	1	
2.49525	-0.0401678	1	
2.49517	-0.0401678	1	
2.49509	-0.0401678	1	
2.49501	-0.0401678	1	
2.49493	-0.0401678	1	
2.49485	-0.0401678	1	
2.49477	-0.0401678	1	
2.49469	-0.0401678	1	
2.49461	-0.0401678	1	
2.49453	-0.0401678	1	
2.49445	-0.0401678	1	
2.49437	-0.0401678	1	
2.49429	-0.0401678	1	
2.49421	-0.0401678	1	
2.49413	-0.0401678	1	
2.49405	-0.0401678	1	
2.49397	-0.0401678	1	
2.49389	-0.0401678	1	
2.49381	-0.0401678	1	
2.49373	-0.0401678	1	
2.49365	-0.0401678	1	
2.49357	-0.0401678	1	
2.49349	-0.0401678	1	
2.49341	-0.0401678	1	
2.49333	-0.0401678	1	
2.49325	-0.0401678	1	
2.49317	-0.0401678	1	
2.49308	-0.0401678	1	
2.493	-0.0401678	1	
2.49292	-0.0401678	1	
2.49284	-0.0401678	1	
2.49276	-0.0401678	1	
2.49268	-0.0401678	1	
2.4926	-0.0401678	1	
2.49252	-0.0401678	1	
2.49244	-0.0401678	1	
2.49236	-0.0401678	1	
2.49228	-0.0401678	1	
2.4922	-0.0401678	1	
2.49212	-0.0401678	1	
2.49204	-0.0401678	1	
2.49196	-0.0401678	1	
2.49188	-0.0401678	1	
2.4918	-0.0401678	1	
2.49172	-0.0401678	1	
2.49164	-0.0401678	1	
2.49156	-0.0401678	1	
2.49148	-0.0401678	1	
2.4914	-0.0401678	1	
2.49132	-0.0401678	1	
2.49124	-0.0401678	1	
2.49116	-0.0401678	1	
2.49108	-0.0401678	1	
2.491	-0.0401678	1	
2.49092	-0.0401678	1	
2.49084	-0.0401678	1	
2.49076	-0.0401678	1	
2.49067	-0.0401678	1	
2.49059	-0.0401678	1	
2.49051	-0.0401678	1	
2.49043	-0.0401678	1	
2.49035	-0.0401678	1	
2.49027	-0.0401678	1	
2.49019	-0.0401678	1	
2.49011	-0.0401678	1	
2.49003	-0.0401678	1	
2.48995	-0.0401678	1	
2.48987	-0.0401678	1	
2.48979	-0.0401678	1	
2.48971	-0.0401678	1	
2.48963	-0.0401678	1	
2.48955	-0.0401678	1	
2.48947	-0.0401678	1	
2.48939	-0.0401678	1	
2.48931	-0.0401678	1	
2.48923	-0.0401678	1	
2.48915	-0.0401678	1	
2.48907	-0.0401678	1	
2.48899	-0.0401678	1	
2.48891	-0.0401678	1	
2.48883	-0.0401678	1	
2.48875	-0.0401678	1	
2.48867	-0.0401678	1	
2.48859	-0.0401678	1	
2.48851	-0.0401678	1	
2.48843	-0.0401678	1	
2.48835	-0.0401678	1	
2.48826	-0.0401678	1	
2.48818	-0.0401678	1	
2.4881	-0.0401678	1	
2.48802	-0.0401678	1	
2.48794	-0.0401678	1	
2.48786	-0.0401678	1	
2.48778	-0.0401678	1	
2.4877	-0.0401678	1	
2.48762	-0.0401678	1	
2.48754	-0.0401678	1	
2.48746	-0.0401678	1	
2.48738	-0.0401678	1	
2.4873	-0.0401678	1	
2.48722	-0.0401678	1	
2.48714	-0.0401678	1	
2.48706	-0.0401678	1	
2.48698	-0.0401678	1	
2.4869	-0.0401678	1	
2.48682	-0.0401678	1	
2.48674	-0.0401678	1	
2.48666	-0.0401678	1	
2.48658	-0.0401678	1	
2.4865	-0.0401678	1	
2.48642	-0.0401678	1	
2.48634	-0.0401678	1	
2.48626	-0.0401678	1	
2.48618	-0.0401678	1	
2.4861	-0.0401678	1	
2.48602	-0.0401678	1	
2.48593	-0.0401678	1	
2.48585	-0.0401678	1	
2.48577	-0.0401678	1	
2.48569	-0.0401678	1	
2.48561	-0.0401678	1	
2.48553	-0.0401678	1	
2.48545	-0.0401678	1	
2.48537	-0.0401678	1	
2.48529	-0.0401678	1	
2.48521	-0.0401678	1	
2.48513	-0.0401678	1	
2.48505	-0.0401678	1	
2.48497	-0.0401678	1	
2.48489	-0.0401678	1	
2.48481	-0.0401678	1	
2.48473	-0.0401678	1	
2.48465	-0.0401678	1	
2.48457	-0.0401678	1	
2.48449	-0.0401678	1	
2.48441	-0.0401678	1	
2.48433	-0.0401678	1	
2.48425	-0.0401678	1	
2.48417	-0.0401678	1	
2.48409	-0.0401678	1	
2.48401	-0.0401678	1	
2.48393	-0.0401678	1	
2.48385	-0.0401678	1	
2.48377	-0.0401678	1	
2.48369	-0.0401678	1	
2.48361	-0.0401678	1	
2.48353	-0.0401678	1	
2.48344	-0.0401678	1	
2.48336	-0.0401678	1	
2.48328	-0.0401678	1	
2.4832	-0.0401678	1	
2.48312	-0.0401678	1	
2.48304	-0.0401678	1	
2.48296	-0.0401678	1	
2.48288	-0.0401678	1	
2.4828	-0.0401678	1	
2.48272	-0.0401678	1	
2.48264	-0.0401678	1	
2.48256	-0.0401678	1	
2.48248	-0.0401678	1	
2.4824	-0.0401678	1	
2.48232	-0.0401678	1	
2.48224	-0.0401678	1	
2.48216	-0.0401678	1	
2.48208	-0.0401678	1	
2.482	-0.0401678	1	
2.48192	-0.0401678	1	
2.48184	-0.0401678	1	
2.48176	-0.0401678	1	
2.48168	-0.0401678	1	
2.4816	-0.0401678	1	
2.48152	-0.0401678	1	
2.48144	-0.0401678	1	
2.48136	-0.0401678	1	
2.48128	-0.0401678	1	
2.4812	-0.0401678	1	
2.48111	-0.0401678	1	
2.48103	-0.0401678	1	
2.48095	-0.0401678	1	
2.48087	-0.0401678	1	
2.48079	-0.0401678	1	
2.48071	-0.0401678	1	
2.48063	-0.0401678	1	
2.48055	-0.0401678	1	
2.48047	-0.0401678	1	
2.48039	-0.0401678	1	
2.48031	-0.0401678	1	
2.48023	-0.0401678	1	
2.48015	-0.0401678	1	
2.48007	-0.0401678	1	
2.47999	-0.0401678	1	
2.47991	-0.0401678	1	
2.47983	-0.0401678	1	
2.47975	-0.0401678	1	
2.47967	-0.0401678	1	
2.47959	-0.0401678	1	
2.47951	-0.0401678	1	
2.47943	-0.0401678	1	
2.47935	-0.0401678	1	
2.47927	-0.0401678	1	
2.47919	-0.0401678	1	
2.47911	-0.0401678	1	
2.47903	-0.0401678	1	
2.47895	-0.0401678	1	
2.47887	-0.0401678	1	
2.47879	-0.0401678	1	
2.4787	-0.0401678	1	
2.47862	-0.0401678	1	
2.47854	-0.0401678	1	
2.47846	-0.0401678	1	
2.47838	-0.0401678	1	
2.4783	-0.0401678	1	
2.47822	-0.0401678	1	
2.47814	-0.0401678	1	
2.47806	-0.0401678	1	
2.47798	-0.0401678	1	
2.4779	-0.0401678	1	
2.47782	-0.0401678	1	
2.47774	-0.0401678	1	
2.47766	-0.0401678	1	
2.47758	-0.0401678	1	
2.4775	-0.0401678	1	
2.47742	-0.0401678	1	
2.47734	-0.0401678	1	
2.47726	-0.0401678	1	
2.47718	-0.0401678	1	
2.4771	-0.0401678	1	
2.47702	-0.0401678	1	
2.47694	-0.0401678	1	
2.47686	-0.0401678	1	
2.47678	-0.0401678	1	
2.4767	-0.0401678	1	
2.47662	-0.0401678	1	
2.47654	-0.0401678	1	
2.47646	-0.0401678	1	
2.47638	-0.0401678	1	
2.47629	-0.0401678	1	
2.47621	-0.0401678	1	
2.47613	-0.0401678	1	
2.47605	-0.0401678	1	
2.47597	-0.0401678	1	
2.47589	-0.0401678	1	
2.47581	-0.0401678	1	
2.47573	-0.0401678	1	
2.47565	-0.0401678	1	
2.47557	-0.0401678	1	
2.47549	-0.0401678	1	
2.47541	-0.0401678	1	
2.47533	-0.0401678	1	
2.47525	-0.0401678	1	
2.47517	-0.0401678	1	
2.47509	-0.0401678	1	
2.47501	-0.0401678	1	
2.47493	-0.0401678	1	
2.47485	-0.0401678	1	
2.47477	-0.0401678	1	
2.47469	-0.0401678	1	
2.47461	-0.0401678	1	
2.47453	-0.0401678	1	
2.47445	-0.0401678	1	
2.47437	-0.0401678	1	
2.47429	-0.0401678	1	
2.47421	-0.0401678	1	
2.47413	-0.0401678	1	
2.47405	-0.0401678	1	
2.47396	-0.0401678	1	
2.47388	-0.0401678	1	
2.4738	-0.0401678	1	
2.47372	-0.0401678	1	
2.47364	-0.0401678	1	
2.47356	-0.0401678	1	
2.47348	-0.0401678	1	
2.4734	-0.0401678	1	
2.47332	-0.0401678	1	
2.47324	-0.0401678	1	
2.47316	-0.0401678	1	
2.47308	-0.0401678	1	
2.473	-0.0401678	1	
2.47292	-0.0401678	1	
2.47284	-0.0401678	1	
2.47276	-0.0401678	1	
2.47268	-0.0401678	1	
2.4726	-0.0401678	1	
2.47252	-0.0401678	1	
2.47244	-0.0401678	1	
2.47236	-0.0401678	1	
2.47228	-0.0401678	1	
2.4722	-0.0401678	1	
2.47212	-0.0401678	1	
2.47204	-0.0401678	1	
2.47196	-0.0401678	1	
2.47188	-0.0401678	1	
2.4718	-0.0401678	1	
2.47172	-0.0401678	1	
2.47164	-0.0401678	1	
2.47155	-0.0401678	1	
2.47147	-0.0401678	1	
2.47139	-0.0401678	1	
2.47131	-0.0401678	1	
2.47123	-0.0401678	1	
2.47115	-0.0401678	1	
2.47107	-0.0401678	1	
2.47099	-0.0401678	1	
2.47091	-0.0401678	1	
2.47083	-0.0401678	1	
2.47075	-0.0401678	1	
2.47067	-0.0401678	1	
2.47059	-0.0401678	1	
2.47051	-0.0401678	1	
2.47043	-0.0401678	1	
2.47035	-0.0401678	1	
2.47027	-0.0401678	1	
2.47019	-0.0401678	1	
2.47011	-0.0401678	1	
2.47003	-0.0401678	1	
2.46995	-0.0401678	1	
2.46987	-0.0401678	1	
2.46979	-0.0401678	1	
2.46971	-0.0401678	1	
2.46963	-0.0401678	1	
2.46955	-0.0401678	1	
2.46947	-0.0401678	1	
2.46939	-0.0401678	1	
2.46931	-0.0401678	1	
2.46923	-0.0401678	1	
2.46914	-0.0401678	1	
2.46906	-0.0401678	1	
2.46898	-0.0401678	1	
2.4689	-0.0401678	1	
2.46882	-0.0401678	1	
2.46874	-0.0401678	1	
2.46866	-0.0401678	1	
2.46858	-0.0401678	1	
2.4685	-0.0401678	1	
2.46842	-0.0401678	1	
2.46834	-0.0401678	1	
2.46826	-0.0401678	1	
2.46818	-0.0401678	1	
2.4681	-0.0401678	1	
2.46802	-0.0401678	1	
2.46794	-0.0401678	1	
2.46786	-0.0401678	1	
2.46778	-0.0401678	1	
2.4677	-0.0401678	1	
2.46762	-0.0401678	1	
2.46754	-0.0401678	1	
2.46746	-0.0401678	1	
2.46738	-0.0401678	1	
2.4673	-0.0401678	1	
2.46722	-0.0401678	1	
2.46714	-0.0401678	1	
2.46706	-0.0401678	1	
2.46698	-0.0401678	1	
2.4669	-0.0401678	1	
2.46682	-0.0401678	1	
2.46673	-0.0401678	1	
2.46665	-0.0401678	1	
2.46657	-0.0401678	1	
2.46649	-0.0401678	1	
2.46641	-0.0401678	1	
2.46633	-0.0401678	1	
2.46625	-0.0401678	1	
2.46617	-0.0401678	1	
2.46609	-0.0401678	1	
2.46601	-0.0401678	1	
2.46593	-0.0401678	1	
2.46585	-0.0401678	1	
2.46577	-0.0401678	1	
2.46569	-0.0401678	1	
2.46561	-0.0401678	1	
2.46553	-0.0401678	1	
2.46545	-0.0401678	1	
2.46537	-0.0401678	1	
2.46529	-0.0401678	1	
2.46521	-0.0401678	1	
2.46513	-0.0401678	1	
2.46505	-0.0401678	1	
2.46497	-0.0401678	1	
2.46489	-0.0401678	1	
2.46481	-0.0401678	1	
2.46473	-0.0401678	1	
2.46465	-0.0401678	1	
2.46457	-0.0401678	1	
2.46449	-0.0401678	1	
2.46441	-0.0401678	1	
2.46432	-0.0401678	1	
2.46424	-0.0401678	1	
2.46416	-0.0401678	1	
2.46408	-0.0401678	1	
2.464	-0.0401678	1	
2.46392	-0.0401678	1	
2.46384	-0.0401678	1	
2.46376	-0.0401678	1	
2.46368	-0.0401678	1	
2.4636	-0.0401678	1	
2.46352	-0.0401678	1	
2.46344	-0.0401678	1	
2.46336	-0.0401678	1	
2.46328	-0.0401678	1	
2.4632	-0.0401678	1	
2.46312	-0.0401678	1	
2.46304	-0.0401678	1	
2.46296	-0.0401678	1	
2.46288	-0.0401678	1	
2.4628	-0.0401678	1	
2.46272	-0.0401678	1	
2.46264	-0.0401678	1	
2.46256	-0.0401678	1	
2.46248	-0.0401678	1	
2.4624	-0.0401678	1	
2.46232	-0.0401678	1	
2.46224	-0.0401678	1	
2.46216	-0.0401678	1	
2.46208	-0.0401678	1	
2.46199	-0.0401678	1	
2.46191	-0.0401678	1	
2.46183	-0.0401678	1	
2.46175	-0.0401678	1	
2.46167	-0.0401678	1	
2.46159	-0.0401678	1	
2.46151	-0.0401678	1	
2.46143	-0.0401678	1	
2.46135	-0.0401678	1	
2.46127	-0.0401678	1	
2.46119	-0.0401678	1	
2.46111	-0.0401678	1	
2.46103	-0.0401678	1	
2.46095	-0.0401678	1	
2.46087	-0.0401678	1	
2.46079	-0.0401678	1	
2.46071	-0.0401678	1	
2.46063	-0.0401678	1	
2.46055	-0.0401678	1	
2.46047	-0.0401678	1	
2.46039	-0.0401678	1	
2.46031	-0.0401678	1	
2.46023	-0.0401678	1	
2.46015	-0.0401678	1	
2.46007	-0.0401678	1	
2.45999	-0.0401678	1	
2.45991	-0.0401678	1	
2.45983	-0.0401678	1	
2.45975	-0.0401678	1	
2.45967	-0.0401678	1	
2.45958	-0.0401678	1	
2.4595	-0.0401678	1	
2.45942	-0.0401678	1	
2.45934	-0.0401678	1	
2.45926	-0.0401678	1	
2.45918	-0.0401678	1	
2.4591	-0.0401678	1	
2.45902	-0.0401678	1	
2.45894	-0.0401678	1	
2.45886	-0.0401678	1	
2.45878	-0.0401678	1	
2.4587	-0.0401678	1	
2.45862	-0.0401678	1	
2.45854	-0.0401678	1	
2.45846	-0.0401678	1	
2.45838	-0.0401678	1	
2.4583	-0.0401678	1	
2.45822	-0.0401678	1	
2.45814	-0.0401678	1	
2.45806	-0.0401678	1	
2.45798	-0.0401678	1	
2.4579	-0.0401678	1	
2.45782	-0.0401678	1	
2.45774	-0.0401678	1	
2.45766	-0.0401678	1	
2.45758	-0.0401678	1	
2.4575	-0.0401678	1	
2.45742	-0.0401678	1	
2.45734	-0.0401678	1	
2.45726	-0.0401678	1	
2.45717	-0.0401678	1	
2.45709	-0.0401678	1	
2.45701	-0.0401678	1	
2.45693	-0.0401678	1	
2.45685	-0.0401678	1	
2.45677	-0.0401678	1	
2.45669	-0.0401678	1	
2.45661	-0.0401678	1	
2.45653	-0.0401678	1	
2.45645	-0.0401678	1	
2.45637	-0.0401678	1	
2.45629	-0.0401678	1	
2.45621	-0.0401678	1	
2.45613	-0.0401678	1	
2.45605	-0.0401678	1	
2.45597	-0.0401678	1	
2.45589	-0.0401678	1	
2.45581	-0.0401678	1	
2.45573	-0.0401678	1	
2.45565	-0.0401678	1	
2.45557	-0.0401678	1	
2.45549	-0.0401678	1	
2.45541	-0.0401678	1	
2.45533	-0.0401678	1	
2.45525	-0.0401678	1	
2.45517	-0.0401678	1	
2.45509	-0.0401678	1	
2.45501	-0.0401678	1	
2.45493	-0.0401678	1	
2.45485	-0.0401678	1	
2.45476	-0.0401678	1	
2.45468	-0.0401678	1	
2.4546	-0.0401678	1	
2.45452	-0.0401678	1	
2.45444	-0.0401678	1	
2.45436	-0.0401678	1	
2.45428	-0.0401678	1	
2.4542	-0.0401678	1	
2.45412	-0.0401678	1	
2.45404	-0.0401678	1	
2.45396	-0.0401678	1	
2.45388	-0.0401678	1	
2.4538	-0.0401678	1	
2.45372	-0.0401678	1	
2.45364	-0.0401678	1	
2.45356	-0.0401678	1	
2.45348	-0.0401678	1	
2.4534	-0.0401678	1	
2.45332	-0.0401678	1	
2.45324	-0.0401678	1	
2.45316	-0.0401678	1	
2.45308	-0.0401678	1	
2.453	-0.0401678	1	
2.45292	-0.0401678	1	
2.45284	-0.0401678	1	
2.45276	-0.0401678	1	
2.45268	-0.0401678	1	
2.4526	-0.0401678	1	
2.45252	-0.0401678	1	
2.45244	-0.0401678	1	
2.45235	-0.0401678	1	
2.45227	-0.0401678	1	
2.45219	-0.0401678	1	
2.45211	-0.0401678	1	
2.45203	-0.0401678	1	
2.45195	-0.0401678	1	
2.45187	-0.0401678	1	
2.45179	-0.0401678	1	
2.45171	-0.0401678	1	
2.45163	-0.0401678	1	
2.45155	-0.0401678	1	
2.45147	-0.0401678	1	
2.45139	-0.0401678	1	
2.45131	-0.0401678	1	
2.45123	-0.0401678	1	
2.45115	-0.0401678	1	
2.45107	-0.0401678	1	
2.45099	-0.0401678	1	
2.45091	-0.0401678	1	
2.45083	-0.0401678	1	
2.45075	-0.0401678	1	
2.45067	-0.0401678	1	
2.45059	-0.0401678	1	
2.45051	-0.0401678	1	
2.45043	-0.0401678	1	
2.45035	-0.0401678	1	
2.45027	-0.0401678	1	
2.45019	-0.0401678	1	
2.45011	-0.0401678	1	
2.45003	-0.0401678	1	
2.44994	-0.0401678	1	
2.44986	-0.0401678	1	
2.44978	-0.0401678	1	
2.4497	-0.0401678	1	
2.44962	-0.0401678	1	
2.44954	-0.0401678	1	
2.44946	-0.0401678	1	
2.44938	-0.0401678	1	
2.4493	-0.0401678	1	
2.44922	-0.0401678	1	
2.44914	-0.0401678	1	
2.44906	-0.0401678	1	
2.44898	-0.0401678	1	
2.4489	-0.0401678	1	
2.44882	-0.0401678	1	
2.44874	-0.0401678	1	
2.44866	-0.0401678	1	
2.44858	-0.0401678	1	
2.4485	-0.0401678	1	
2.44842	-0.0401678	1	
2.44834	-0.0401678	1	
2.44826	-0.0401678	1	
2.44818	-0.0401678	1	
2.4481	-0.0401678	1	
2.44802	-0.0401678	1	
2.44794	-0.0401678	1	
2.44786	-0.0401678	1	
2.44778	-0.0401678	1	
2.4477	-0.0401678	1	
2.44761	-0.0401678	1	
2.44753	-0.0401678	1	
2.44745	-0.0401678	1	
2.44737	-0.0401678	1	
2.44729	-0.0401678	1	
2.44721	-0.0401678	1	
2.44713	-0.0401678	1	
2.44705	-0.0401678	1	
2.44697	-0.0401678	1	
2.44689	-0.0401678	1	
2.44681	-0.0401678	1	
2.44673	-0.0401678	1	
2.44665	-0.0401678	1	
2.44657	-0.0401678	1	
2.44649	-0.0401678	1	
2.44641	-0.0401678	1	
2.44633	-0.0401678	1	
2.44625	-0.0401678	1	
2.44617	-0.0401678	1	
2.44609	-0.0401678	1	
2.44601	-0.0401678	1	
2.44593	-0.0401678	1	
2.44585	-0.0401678	1	
2.44577	-0.0401678	1	
2.44569	-0.0401678	1	
2.44561	-0.0401678	1	
2.44553	-0.0401678	1	
2.44545	-0.0401678	1	
2.44537	-0.0401678	1	
2.44529	-0.0401678	1	
2.4452	-0.0401678	1	
2.44512	-0.0401678	1	
2.44504	-0.0401678	1	
2.44496	-0.0401678	1	
2.44488	-0.0401678	1	
2.4448	-0.0401678	1	
2.44472	-0.0401678	1	
2.44464	-0.0401678	1	
2.44456	-0.0401678	1	
2.44448	-0.0401678	1	
2.4444	-0.0401678	1	
2.44432	-0.0401678	1	
2.44424	-0.0401678	1	
2.44416	-0.0401678	1	
2.44408	-0.0401678	1	
2.444	-0.0401678	1	
2.44392	-0.0401678	1	
2.44384	-0.0401678	1	
2.44376	-0.0401678	1	
2.44368	-0.0401678	1	
2.4436	-0.0401678	1	
2.44352	-0.0401678	1	
2.44344	-0.0401678	1	
2.44336	-0.0401678	1	
2.44328	-0.0401678	1	
2.4432	-0.0401678	1	
2.44312	-0.0401678	1	
2.44304	-0.0401678	1	
2.44296	-0.0401678	1	
2.44288	-0.0401678	1	
2.44279	-0.0401678	1	
2.44271	-0.0401678	1	
2.44263	-0.0401678	1	
2.44255	-0.0401678	1	
2.44247	-0.0401678	1	
2.44239	-0.0401678	1	
2.44231	-0.0401678	1	
2.44223	-0.0401678	1	
2.44215	-0.0401678	1	
2.44207	-0.0401678	1	
2.44199	-0.0401678	1	
2.44191	-0.0401678	1	
2.44183	-0.0401678	1	
2.44175	-0.0401678	1	
2.44167	-0.0401678	1	
2.44159	-0.0401678	1	
2.44151	-0.0401678	1	
2.44143	-0.0401678	1	
2.44135	-0.0401678	1	
2.44127	-0.0401678	1	
2.44119	-0.0401678	1	
2.44111	-0.0401678	1	
2.44103	-0.0401678	1	
2.44095	-0.0401678	1	
2.44087	-0.0401678	1	
2.44079	-0.0401678	1	
2.44071	-0.0401678	1	
2.44063	-0.0401678	1	
2.44055	-0.0401678	1	
2.44046	-0.0401678	1	
2.44038	-0.0401678	1	
2.4403	-0.0401678	1	
2.44022	-0.0401678	1	
2.44014	-0.0401678	1	
2.44006	-0.0401678	1	
2.43998	-0.0401678	1	
2.4399	-0.0401678	1	
2.43982	-0.0401678	1	
2.43974	-0.0401678	1	
2.43966	-0.0401678	1	
2.43958	-0.0401678	1	
2.4395	-0.0401678	1	
2.43942	-0.0401678	1	
2.43934	-0.0401678	1	
2.43926	-0.0401678	1	
2.43918	-0.0401678	1	
2.4391	-0.0401678	1	
2.43902	-0.0401678	1	
2.43894	-0.0401678	1	
2.43886	-0.0401678	1	
2.43878	-0.0401678	1	
2.4387	-0.0401678	1	
2.43862	-0.0401678	1	
2.43854	-0.0401678	1	
2.43846	-0.0401678	1	
2.43838	-0.0401678	1	
2.4383	-0.0401678	1	
2.43822	-0.0401678	1	
2.43814	-0.0401678	1	
2.43806	-0.0401678	1	
2.43797	-0.0401678	1	
2.43789	-0.0401678	1	
2.43781	-0.0401678	1	
2.43773	-0.0401678	1	
2.43765	-0.0401678	1	
2.43757	-0.0401678	1	
2.43749	-0.0401678	1	
2.43741	-0.0401678	1	
2.43733	-0.0401678	1	
2.43725	-0.0401678	1	
2.43717	-0.0401678	1	
2.43709	-0.0401678	1	
2.43701	-0.0401678	1	
2.43693	-0.0401678	1	
2.43685	-0.0401678	1	
2.43677	-0.0401678	1	
2.43669	-0.0401678	1	
2.43661	-0.0401678	1	
2.43653	-0.0401678	1	
2.43645	-0.0401678	1	
2.43637	-0.0401678	1	
2.43629	-0.0401678	1	
2.43621	-0.0401678	1	
2.43613	-0.0401678	1	
2.43605	-0.0401678	1	
2.43597	-0.0401678	1	
2.43589	-0.0401678	1	
2.43581	-0.0401678	1	
2.43573	-0.0401678	1	
2.43564	-0.0401678	1	
2.43556	-0.0401678	1	
2.43548	-0.0401678	1	
2.4354	-0.0401678	1	
2.43532	-0.0401678	1	
2.43524	-0.0401678	1	
2.43516	-0.0401678	1	
2.43508	-0.0401678	1	
2.435	-0.0401678	1	
2.43492	-0.0401678	1	
2.43484	-0.0401678	1	
2.43476	-0.0401678	1	
2.43468	-0.0401678	1	
2.4346	-0.0401678	1	
2.43452	-0.0401678	1	
2.43444	-0.0401678	1	
2.43436	-0.0401678	1	
2.43428	-0.0401678	1	
2.4342	-0.0401678	1	
2.43412	-0.0401678	1	
2.43404	-0.0401678	1	
2.43396	-0.0401678	1	
2.43388	-0.0401678	1	
2.4338	-0.0401678	1	
2.43372	-0.0401678	1	
2.43364	-0.0401678	1	
2.43356	-0.0401678	1	
2.43348	-0.0401678	1	
2.4334	-0.0401678	1	
2.43332	-0.0401678	1	
2.43323	-0.0401678	1	
2.43315	-0.0401678	1	
2.43307	-0.0401678	1	
2.43299	-0.0401678	1	
2.43291	-0.0401678	1	
2.43283	-0.0401678	1	
2.43275	-0.0401678	1	
2.43267	-0.0401678	1	
2.43259	-0.0401678	1	
2.43251	-0.0401678	1	
2.43243	-0.0401678	1	
2.43235	-0.0401678	1	
2.43227	-0.0401678	1	
2.43219	-0.0401678	1	
2.43211	-0.0401678	1	
2.43203	-0.0401678	1	
2.43195	-0.0401678	1	
2.43187	-0.0401678	1	
2.43179	-0.0401678	1	
2.43171	-0.0401678	1	
2.43163	-0.0401678	1	
2.43155	-0.0401678	1	
2.43147	-0.0401678	1	
2.43139	-0.0401678	1	
2.43131	-0.0401678	1	
2.43123	-0.0401678	1	
2.43115	-0.0401678	1	
2.43107	-0.0401678	1	
2.43099	-0.0401678	1	
2.43091	-0.0401678	1	
2.43082	-0.0401678	1	
2.43074	-0.0401678	1	
2.43066	-0.0401678	1	
2.43058	-0.0401678	1	
2.4305	-0.0401678	1	
2.43042	-0.0401678	1	
2.43034	-0.0401678	1	
2.43026	-0.0401678	1	
2.43018	-0.0401678	1	
2.4301	-0.0401678	1	
2.43002	-0.0401678	1	
2.42994	-0.0401678	1	
2.42986	-0.0401678	1	
2.42978	-0.0401678	1	
2.4297	-0.0401678	1	
2.42962	-0.0401678	1	
2.42954	-0.0401678	1	
2.42946	-0.0401678	1	
2.42938	-0.0401678	1	
2.4293	-0.0401678	1	
2.42922	-0.0401678	1	
2.42914	-0.0401678	1	
2.42906	-0.0401678	1	
2.42898	-0.0401678	1	
2.4289	-0.0401678	1	
2.42882	-0.0401678	1	
2.42874	-0.0401678	1	
2.42866	-0.0401678	1	
2.42858	-0.0401678	1	
2.42849	-0.0401678	1	
2.42841	-0.0401678	1	
2.42833	-0.0401678	1	
2.42825	-0.0401678	1	
2.42817	-0.0401678	1	
2.42809	-0.0401678	1	
2.42801	-0.0401678	1	
2.42793	-0.0401678	1	
2.42785	-0.0401678	1	
2.42777	-0.0401678	1	
2.42769	-0.0401678	1	
2.42761	-0.0401678	1	
2.42753	-0.0401678	1	
2.42745	-0.0401678	1	
2.42737	-0.0401678	1	
2.42729	-0.0401678	1	
2.42721	-0.0401678	1	
2.42713	-0.0401678	1	
2.42705	-0.0401678	1	
2.42697	-0.0401678	1	
2.42689	-0.0401678	1	
2.42681	-0.0401678	1	
2.42673	-0.0401678	1	
2.42665	-0.0401678	1	
2.42657	-0.0401678	1	
2.42649	-0.0401678	1	
2.42641	-0.0401678	1	
2.42633	-0.0401678	1	
2.42625	-0.0401678	1	
2.42617	-0.0401678	1	
2.42608	-0.0401678	1	
2.426	-0.0401678	1	
2.42592	-0.0401678	1	
2.42584	-0.0401678	1	
2.42576	-0.0401678	1	
2.42568	-0.0401678	1	
2.4256	-0.0401678	1	
2.42552	-0.0401678	1	
2.42544	-0.0401678	1	
2.42536	-0.0401678	1	
2.42528	-0.0401678	1	
2.4252	-0.0401678	1	
2.42512	-0.0401678	1	
2.42504	-0.0401678	1	
2.42496	-0.0401678	1	
2.42488	-0.0401678	1	
2.4248	-0.0401678	1	
2.42472	-0.0401678	1	
2.42464	-0.0401678	1	
2.42456	-0.0401678	1	
2.42448	-0.0401678	1	
2.4244	-0.0401678	1	
2.42432	-0.0401678	1	
2.42424	-0.0401678	1	
2.42416	-0.0401678	1	
2.42408	-0.0401678	1	
2.424	-0.0401678	1	
2.42392	-0.0401678	1	
2.42384	-0.0401678	1	
2.42376	-0.0401678	1	
2.42367	-0.0401678	1	
2.42359	-0.0401678	1	
2.42351	-0.0401678	1	
2.42343	-0.0401678	1	
2.42335	-0.0401678	1	
2.42327	-0.0401678	1	
2.42319	-0.0401678	1	
2.42311	-0.0401678	1	
2.42303	-0.0401678	1	
2.42295	-0.0401678	1	
2.42287	-0.0401678	1	
2.42279	-0.0401678	1	
2.42271	-0.0401678	1	
2.42263	-0.0401678	1	
2.42255	-0.0401678	1	
2.42247	-0.0401678	1	
2.42239	-0.0401678	1	
2.42231	-0.0401678	1	
2.42223	-0.0401678	1	
2.42215	-0.0401678	1	
2.42207	-0.0401678	1	
2.42199	-0.0401678	1	
2.42191	-0.0401678	1	
2.42183	-0.0401678	1	
2.42175	-0.0401678	1	
2.42167	-0.0401678	1	
2.42159	-0.0401678	1	
2.42151	-0.0401678	1	
2.42143	-0.0401678	1	
2.42135	-0.0401678	1	
2.42126	-0.0401678	1	
2.42118	-0.0401678	1	
2.4211	-0.0401678	1	
2.42102	-0.0401678	1	
2.42094	-0.0401678	1	
2.42086	-0.0401678	1	
2.42078	-0.0401678	1	
2.4207	-0.0401678	1	
2.42062	-0.0401678	1	
2.42054	-0.0401678	1	
2.42046	-0.0401678	1	
2.42038	-0.0401678	1	
2.4203	-0.0401678	1	
2.42022	-0.0401678	1	
2.42014	-0.0401678	1	
2.42006	-0.0401678	1	
2.41998	-0.0401678	1	
2.4199	-0.0401678	1	
2.41982	-0.0401678	1	
2.41974	-0.0401678	1	
2.41966	-0.0401678	1	
2.41958	-0.0401678	1	
2.4195	-0.0401678	1	
2.41942	-0.0401678	1	
2.41934	-0.0401678	1	
2.41926	-0.0401678	1	
2.41918	-0.0401678	1	
2.4191	-0.0401678	1	
2.41902	-0.0401678	1	
2.41894	-0.0401678	1	
2.41885	-0.0401678	1	
2.41877	-0.0401678	1	
2.41869	-0.0401678	1	
2.41861	-0.0401678	1	
2.41853	-0.0401678	1	
2.41845	-0.0401678	1	
2.41837	-0.0401678	1	
2.41829	-0.0401678	1	
2.41821	-0.0401678	1	
2.41813	-0.0401678	1	
2.41805	-0.0401678	1	
2.41797	-0.0401678	1	
2.41789	-0.0401678	1	
2.41781	-0.0401678	1	
2.41773	-0.0401678	1	
2.41765	-0.0401678	1	
2.41757	-0.0401678	1	
2.41749	-0.0401678	1	
2.41741	-0.0401678	1	
2.41733	-0.0401678	1	
2.41725	-0.0401678	1	
2.41717	-0.0401678	1	
2.41709	-0.0401678	1	
2.41701	-0.0401678	1	
2.41693	-0.0401678	1	
2.41685	-0.0401678	1	
2.41677	-0.0401678	1	
2.41669	-0.0401678	1	
2.41661	-0.0401678	1	
2.41653	-0.0401678	1	
2.41644	-0.0401678	1	
2.41636	-0.0401678	1	
2.41628	-0.0401678	1	
2.4162	-0.0401678	1	
2.41612	-0.0401678	1	
2.41604	-0.0401678	1	
2.41596	-0.0401678	1	
2.41588	-0.0401678	1	
2.4158	-0.0401678	1	
2.41572	-0.0401678	1	
2.41564	-0.0401678	1	
2.41556	-0.0401678	1	
