10	0	1	
10	-7.58816e-13	1	
10	-3.73745e-13	1	
10	1.48089e-12	1	
10	2.18449e-10	1	
10	6.20323e-10	1	
10	1.27688e-09	1	
10	2.57538e-09	1	
10	4.57888e-09	1	
10	8.01621e-09	1	
10	1.24146e-08	1	
10	1.89104e-08	1	
10	2.67845e-08	1	
10	3.69069e-08	1	
10	5.00617e-08	1	
10	6.66013e-08	1	
10	8.87016e-08	1	
10	1.13259e-07	1	
10	1.42131e-07	1	
10	1.80921e-07	1	
10	2.21863e-07	1	
10	2.76788e-07	1	
10	3.35912e-07	1	
10	4.0897e-07	1	
10	4.96279e-07	1	
10	6.07488e-07	1	
10	7.30521e-07	1	
10	8.87861e-07	1	
10	1.05674e-06	1	
10	1.25246e-06	1	
10	1.47917e-06	1	
10	1.7037e-06	1	
10	1.992e-06	1	
10	2.29119e-06	1	
10	2.61854e-06	1	
10	2.98344e-06	1	
10	3.38676e-06	1	
10	3.82762e-06	1	
10	4.30117e-06	1	
10	4.80917e-06	1	
10	5.38633e-06	1	
10	5.96779e-06	1	
10	6.59964e-06	1	
10	7.31143e-06	1	
10	8.09138e-06	1	
10	8.96235e-06	1	
10	9.8575e-06	1	
10	1.07402e-05	1	
10	1.17086e-05	1	
10	1.26694e-05	1	
10	1.37731e-05	1	
10	1.49418e-05	1	
10	1.6197e-05	1	
10	1.75313e-05	1	
10	1.88755e-05	1	
10	2.03533e-05	1	
10	2.1893e-05	1	
10	2.34496e-05	1	
10	2.50818e-05	1	
10	2.67671e-05	1	
10	2.84776e-05	1	
10	3.01054e-05	1	
10	3.19065e-05	1	
10	3.36571e-05	1	
10	3.55937e-05	1	
10	3.74804e-05	1	
10	3.94607e-05	1	
10	4.13789e-05	1	
10	4.32666e-05	1	
10	4.52221e-05	1	
10	4.71574e-05	1	
10	4.9305e-05	1	
10	5.15464e-05	1	
10	5.38776e-05	1	
10	5.63398e-05	1	
10	5.88778e-05	1	
10	6.15394e-05	1	
10	6.42182e-05	1	
10	6.68903e-05	1	
10	6.95339e-05	1	
10	7.21479e-05	1	
10	7.47685e-05	1	
10	7.73863e-05	1	
10	7.98095e-05	1	
10	8.26108e-05	1	
10	8.54076e-05	1	
10	8.78951e-05	1	
10	9.0724e-05	1	
10	9.3142e-05	1	
10	9.56077e-05	1	
10	9.81225e-05	1	
10	0.00010058	1	
10	0.00010311	1	
10	0.000105682	1	
10	0.000108209	1	
10	0.000110739	1	
10	0.000113219	1	
10	0.000115731	1	
10	0.000118113	1	
10	0.000120397	1	
10	0.000122645	1	
10	0.000124836	1	
10	0.000126989	1	
10	0.000129158	1	
10	0.000131308	1	
10	0.000132721	1	
10	0.000134292	1	
10	0.000135221	1	
10	0.000137754	1	
10	0.000138699	1	
10	0.000140684	1	
10	0.000141709	1	
10	0.000142891	1	
10	0.000144004	1	
10	0.000145067	1	
10	0.000145514	1	
10	0.00014666	1	
10	0.00014693	1	
10	0.000145586	1	
10	0.000144338	1	
10	0.000143351	1	
10	0.000142576	1	
10	0.000141787	1	
10	0.000140345	1	
10	0.000138313	1	
10	0.000136549	1	
10	0.000135692	1	
10	0.000134158	1	
10	0.0001315	1	
10	0.000129272	1	
10	0.000127087	1	
10	0.000125174	1	
10	0.000121744	1	
10	0.000119272	1	
10	0.000115265	1	
10	0.000111711	1	
10	0.000107402	1	
10	0.000103899	1	
10	9.78988e-05	1	
10	9.08109e-05	1	
10	8.37868e-05	1	
10	7.67176e-05	1	
10	6.64906e-05	1	
10	5.57242e-05	1	
10	4.56371e-05	1	
10	3.28863e-05	1	
10	2.12713e-05	1	
10	6.14832e-06	1	
10	-1.05761e-05	1	
10	-2.85843e-05	1	
10	-4.94511e-05	1	
10	-7.23739e-05	1	
10	-9.91959e-05	1	
10	-0.000125387	1	
10	-0.00015613	1	
10	-0.000189634	1	
10	-0.000226497	1	
10	-0.000269423	1	
10	-0.000316527	1	
10	-0.000365614	1	
10	-0.000421375	1	
10	-0.00048021	1	
10	-0.000543491	1	
10	-0.000615092	1	
10	-0.000693756	1	
10	-0.000772922	1	
10	-0.00086074	1	
10	-0.000949667	1	
10	-0.00104263	1	
10	-0.00114248	1	
10	-0.001246	1	
9.99999	-0.00135274	1	
9.99999	-0.00147048	1	
9.99999	-0.00158711	1	
9.99998	-0.00171299	1	
9.99998	-0.00184156	1	
9.99998	-0.00197511	1	
9.99997	-0.00211937	1	
9.99997	-0.00227079	1	
9.99996	-0.00242727	1	
9.99996	-0.00259021	1	
9.99995	-0.00276604	1	
9.99995	-0.00294626	1	
9.99994	-0.00313493	1	
9.99993	-0.0033374	1	
9.99993	-0.00354759	1	
9.99992	-0.00377098	1	
9.99991	-0.00400044	1	
9.9999	-0.00424611	1	
9.99989	-0.00450163	1	
9.99988	-0.00478029	1	
9.99987	-0.0050771	1	
9.99986	-0.0053911	1	
9.99985	-0.00571613	1	
9.99984	-0.00605062	1	
9.99983	-0.00639742	1	
9.99981	-0.00675789	1	
9.9998	-0.00714058	1	
9.99978	-0.00753248	1	
9.99977	-0.00793186	1	
9.99975	-0.00834825	1	
9.99973	-0.00877672	1	
9.99971	-0.00923041	1	
9.9997	-0.00970609	1	
9.99967	-0.0101971	1	
9.99965	-0.0107017	1	
9.99963	-0.0112415	1	
9.99961	-0.0118074	1	
9.99958	-0.0123786	1	
9.99956	-0.0129392	1	
9.99953	-0.0135137	1	
9.9995	-0.0141168	1	
9.99947	-0.0147515	1	
9.99944	-0.0153863	1	
9.99941	-0.0160256	1	
9.99938	-0.0166923	1	
9.99934	-0.017404	1	
9.9993	-0.0181284	1	
9.99927	-0.0188593	1	
9.99923	-0.0196097	1	
9.99919	-0.0203689	1	
9.99914	-0.0211498	1	
9.9991	-0.0219383	1	
9.99906	-0.0227433	1	
9.99901	-0.0235779	1	
9.99896	-0.0244495	1	
9.99891	-0.0253438	1	
9.99886	-0.0262298	1	
9.9988	-0.0271503	1	
9.99875	-0.0280994	1	
9.99869	-0.0290638	1	
9.99863	-0.0300453	1	
9.99857	-0.0310306	1	
9.9985	-0.0320545	1	
9.99844	-0.0331174	1	
9.99837	-0.0341913	1	
9.9983	-0.0353091	1	
9.99822	-0.0364602	1	
9.99815	-0.0376279	1	
9.99807	-0.0388362	1	
9.99799	-0.040109	1	
9.99791	-0.0414446	1	
9.99782	-0.0428017	1	
9.99773	-0.0442219	1	
9.99764	-0.0456893	1	
9.99755	-0.0472174	1	
9.99745	-0.0487898	1	
9.99735	-0.0504349	1	
9.99724	-0.0521368	1	
9.99714	-0.0539435	1	
9.99703	-0.0557775	1	
9.99691	-0.0576579	1	
9.99679	-0.0595951	1	
9.99667	-0.0615964	1	
9.99654	-0.0636433	1	
9.99641	-0.0657387	1	
9.99627	-0.0678531	1	
9.99613	-0.070011	1	
9.99599	-0.0721989	1	
9.99584	-0.0744242	1	
9.99569	-0.0767004	1	
9.99553	-0.0790255	1	
9.99537	-0.0813825	1	
9.9952	-0.0837958	1	
9.99503	-0.0862685	1	
9.99485	-0.0887912	1	
9.99467	-0.0913257	1	
9.99448	-0.0939267	1	
9.99428	-0.0965977	1	
9.99409	-0.0992889	1	
9.99388	-0.102063	1	
9.99367	-0.104886	1	
9.99346	-0.107728	1	
9.99323	-0.110647	1	
9.99301	-0.113614	1	
9.99277	-0.11668	1	
9.99253	-0.119812	1	
9.99229	-0.123005	1	
9.99204	-0.126306	1	
9.99178	-0.129658	1	
9.99151	-0.133086	1	
9.99124	-0.136573	1	
9.99096	-0.140136	1	
9.99067	-0.143772	1	
9.99037	-0.147476	1	
9.99007	-0.151238	1	
9.98976	-0.155087	1	
9.98944	-0.158974	1	
9.98912	-0.16295	1	
9.98878	-0.167052	1	
9.98844	-0.171226	1	
9.98809	-0.175468	1	
9.98773	-0.179795	1	
9.98736	-0.18422	1	
9.98699	-0.188733	1	
9.9866	-0.193314	1	
9.9862	-0.197951	1	
9.9858	-0.202642	1	
9.98538	-0.207468	1	
9.98496	-0.212458	1	
9.98452	-0.217556	1	
9.98408	-0.222807	1	
9.98362	-0.228161	1	
9.98315	-0.233606	1	
9.98267	-0.239165	1	
9.98219	-0.244821	1	
9.98168	-0.250501	1	
9.98117	-0.256227	1	
9.98065	-0.261979	1	
9.98011	-0.267775	1	
9.97956	-0.273641	1	
9.97901	-0.279637	1	
9.97843	-0.285731	1	
9.97785	-0.291904	1	
9.97725	-0.298294	1	
9.97664	-0.304801	1	
9.97602	-0.311403	1	
9.97539	-0.318165	1	
9.97474	-0.325067	1	
9.97407	-0.332048	1	
9.97339	-0.339043	1	
9.9727	-0.346181	1	
9.97199	-0.353461	1	
9.97127	-0.360802	1	
9.97054	-0.368336	1	
9.96978	-0.376096	1	
9.96902	-0.384157	1	
9.96823	-0.392476	1	
9.96743	-0.400962	1	
9.96661	-0.409537	1	
9.96577	-0.418197	1	
9.96492	-0.426928	1	
9.96405	-0.435831	1	
9.96316	-0.444906	1	
9.96225	-0.454256	1	
9.96132	-0.463752	1	
9.96037	-0.473413	1	
9.95941	-0.483431	1	
9.95842	-0.493797	1	
9.95741	-0.504606	1	
9.95638	-0.515725	1	
9.95533	-0.527243	1	
9.95425	-0.539084	1	
9.95314	-0.551215	1	
9.95202	-0.563572	1	
9.95086	-0.576048	1	
9.94969	-0.588674	1	
9.94848	-0.601533	1	
9.94726	-0.614584	1	
9.946	-0.627858	1	
9.94472	-0.641336	1	
9.94341	-0.655064	1	
9.94207	-0.669095	1	
9.9407	-0.683381	1	
9.93931	-0.697819	1	
9.93788	-0.71239	1	
9.93643	-0.726922	1	
9.93495	-0.741335	1	
9.93343	-0.755804	1	
9.93189	-0.770315	1	
9.93032	-0.78507	1	
9.92872	-0.800004	1	
9.92709	-0.815113	1	
9.92543	-0.830486	1	
9.92374	-0.846109	1	
9.92202	-0.861987	1	
9.92026	-0.878134	1	
9.91847	-0.894382	1	
9.91665	-0.910867	1	
9.91479	-0.927632	1	
9.9129	-0.944773	1	
9.91098	-0.962312	1	
9.90902	-0.98018	1	
9.90702	-0.998284	1	
9.90499	-1.01664	1	
9.90292	-1.03534	1	
9.90081	-1.05417	1	
9.89866	-1.07323	1	
9.89648	-1.09255	1	
9.89425	-1.11227	1	
9.89199	-1.13245	1	
9.88968	-1.15311	1	
9.88733	-1.17419	1	
9.88494	-1.19554	1	
9.88251	-1.21737	1	
9.88003	-1.23951	1	
9.87751	-1.26201	1	
9.87494	-1.28465	1	
9.87232	-1.30731	1	
9.86966	-1.33011	1	
9.86695	-1.35309	1	
9.8642	-1.37631	1	
9.8614	-1.40002	1	
9.85855	-1.42421	1	
9.85566	-1.44891	1	
9.85271	-1.47383	1	
9.84971	-1.49904	1	
9.84666	-1.52459	1	
9.84356	-1.55035	1	
9.84041	-1.57633	1	
9.8372	-1.60265	1	
9.83394	-1.62953	1	
9.83063	-1.6571	1	
9.82726	-1.68534	1	
9.82383	-1.7141	1	
9.82034	-1.74324	1	
9.8168	-1.77269	1	
9.81319	-1.8028	1	
9.80953	-1.83368	1	
9.80579	-1.86529	1	
9.802	-1.89748	1	
9.79814	-1.93008	1	
9.79421	-1.96317	1	
9.79022	-1.99692	1	
9.78616	-2.03145	1	
9.78202	-2.0669	1	
9.77782	-2.10301	1	
9.77354	-2.13969	1	
9.76918	-2.17666	1	
9.76476	-2.21391	1	
9.76025	-2.2517	1	
9.75567	-2.29041	1	
9.75101	-2.33028	1	
9.74627	-2.37098	1	
9.74144	-2.4123	1	
9.73654	-2.45402	1	
9.73155	-2.49594	1	
9.72647	-2.53782	1	
9.72131	-2.57973	1	
9.71607	-2.6214	1	
9.71074	-2.6629	1	
9.70533	-2.70453	1	
9.69984	-2.74613	1	
9.69426	-2.78774	1	
9.68861	-2.82872	1	
9.68287	-2.86879	1	
9.67705	-2.9082	1	
9.67116	-2.94697	1	
9.66519	-2.98545	1	
9.65914	-3.02368	1	
9.65302	-3.0619	1	
9.64682	-3.10004	1	
9.64054	-3.13809	1	
9.63419	-3.17607	1	
9.62776	-3.21411	1	
9.62126	-3.25214	1	
9.61468	-3.29015	1	
9.60802	-3.32839	1	
9.60128	-3.36697	1	
9.59447	-3.40613	1	
9.58758	-3.44689	1	
9.5806	-3.4897	1	
9.57353	-3.53459	1	
9.56637	-3.58154	1	
9.55911	-3.63035	1	
9.55174	-3.68102	1	
9.54428	-3.73374	1	
9.5367	-3.78849	1	
9.52901	-3.84518	1	
9.5212	-3.90391	1	
9.51327	-3.96473	1	
9.50522	-4.02736	1	
9.49704	-4.09167	1	
9.48872	-4.15726	1	
9.48027	-4.22369	1	
9.47169	-4.28998	1	
9.46298	-4.35551	1	
9.45414	-4.42016	1	
9.44517	-4.48423	1	
9.43608	-4.54765	1	
9.42686	-4.61019	1	
9.41751	-4.67133	1	
9.40805	-4.73087	1	
9.39847	-4.78915	1	
9.38878	-4.84605	1	
9.37898	-4.9019	1	
9.36906	-4.95704	1	
9.35904	-5.01194	1	
9.34891	-5.06742	1	
9.33866	-5.12383	1	
9.3283	-5.18148	1	
9.31781	-5.24021	1	
9.30721	-5.30059	1	
9.29649	-5.36273	1	
9.28563	-5.42683	1	
9.27465	-5.49259	1	
9.26353	-5.55966	1	
9.25227	-5.62816	1	
9.24088	-5.6975	1	
9.22934	-5.76797	1	
9.21766	-5.8393	1	
9.20584	-5.9111	1	
9.19388	-5.98303	1	
9.18177	-6.05484	1	
9.16951	-6.12664	1	
9.15711	-6.19902	1	
9.14457	-6.27168	1	
9.13188	-6.34443	1	
9.11905	-6.41713	1	
9.10607	-6.48961	1	
9.09294	-6.56307	1	
9.07967	-6.63835	1	
9.06623	-6.71567	1	
9.05265	-6.79483	1	
9.03889	-6.87567	1	
9.02498	-6.95852	1	
9.01089	-7.04391	1	
8.99663	-7.13171	1	
8.98218	-7.22142	1	
8.96756	-7.31212	1	
8.95275	-7.40303	1	
8.93777	-7.49365	1	
8.9226	-7.58332	1	
8.90726	-7.67109	1	
8.89174	-7.75615	1	
8.87607	-7.83837	1	
8.86023	-7.91805	1	
8.84424	-7.99512	1	
8.8281	-8.07013	1	
8.81181	-8.14441	1	
8.79537	-8.21914	1	
8.77878	-8.29507	1	
8.76204	-8.37231	1	
8.74514	-8.45048	1	
8.72808	-8.52984	1	
8.71086	-8.60996	1	
8.69348	-8.69014	1	
8.67594	-8.77	1	
8.65824	-8.84873	1	
8.64039	-8.927	1	
8.62237	-9.00617	1	
8.6042	-9.08647	1	
8.58587	-9.16753	1	
8.56737	-9.24986	1	
8.5487	-9.33333	1	
8.52986	-9.41786	1	
8.51085	-9.50462	1	
8.49167	-9.59421	1	
8.47229	-9.68648	1	
8.45273	-9.78213	1	
8.43297	-9.88175	1	
8.41299	-9.98568	1	
8.39281	-10.0935	1	
8.3724	-10.2039	1	
8.35177	-10.3151	1	
8.33092	-10.4263	1	
8.30984	-10.5364	1	
8.28855	-10.6451	1	
8.26705	-10.7521	1	
8.24533	-10.8576	1	
8.22341	-10.9622	1	
8.20128	-11.0671	1	
8.17893	-11.1732	1	
8.15637	-11.281	1	
8.13359	-11.3903	1	
8.11059	-11.5002	1	
8.08737	-11.6088	1	
8.06394	-11.7148	1	
8.04031	-11.8169	1	
8.01648	-11.9145	1	
7.99246	-12.0079	1	
7.96827	-12.0974	1	
7.9439	-12.1835	1	
7.91937	-12.2667	1	
7.89467	-12.3466	1	
7.86982	-12.4242	1	
7.84482	-12.5016	1	
7.81966	-12.5807	1	
7.79433	-12.6629	1	
7.76884	-12.7492	1	
7.74316	-12.8387	1	
7.7173	-12.9301	1	
7.69126	-13.0207	1	
7.66504	-13.1088	1	
7.63865	-13.1939	1	
7.6121	-13.2771	1	
7.58538	-13.3604	1	
7.55848	-13.4459	1	
7.53141	-13.5357	1	
7.50415	-13.6312	1	
7.47669	-13.7319	1	
7.44901	-13.8363	1	
7.42113	-13.9433	1	
7.39302	-14.0518	1	
7.3647	-14.161	1	
7.33616	-14.2692	1	
7.30741	-14.3746	1	
7.27846	-14.4747	1	
7.24933	-14.5691	1	
7.22001	-14.6582	1	
7.19052	-14.744	1	
7.16086	-14.8308	1	
7.13102	-14.9217	1	
7.10098	-15.0181	1	
7.07074	-15.1202	1	
7.04029	-15.225	1	
7.00963	-15.3287	1	
6.97878	-15.4271	1	
6.94774	-15.5183	1	
6.91654	-15.6023	1	
6.88518	-15.6805	1	
6.85367	-15.7539	1	
6.82202	-15.8244	1	
6.79023	-15.8949	1	
6.75829	-15.9682	1	
6.7262	-16.0466	1	
6.69394	-16.1311	1	
6.6615	-16.2188	1	
6.62889	-16.306	1	
6.59611	-16.3881	1	
6.56319	-16.4608	1	
6.53014	-16.5234	1	
6.49699	-16.5772	1	
6.46373	-16.6273	1	
6.43038	-16.6796	1	
6.3969	-16.7375	1	
6.3633	-16.8024	1	
6.32955	-16.8751	1	
6.29564	-16.9542	1	
6.26156	-17.0373	1	
6.22732	-17.1212	1	
6.19291	-17.2026	1	
6.15836	-17.2786	1	
6.12366	-17.3476	1	
6.08884	-17.4118	1	
6.05389	-17.4751	1	
6.0188	-17.5424	1	
5.98357	-17.615	1	
5.94819	-17.6925	1	
5.91264	-17.7718	1	
5.87695	-17.849	1	
5.84111	-17.92	1	
5.80514	-17.9825	1	
5.76907	-18.0356	1	
5.73291	-18.0806	1	
5.69667	-18.1221	1	
5.66034	-18.1644	1	
5.62391	-18.2112	1	
5.58739	-18.2638	1	
5.55075	-18.3209	1	
5.51399	-18.378	1	
5.47713	-18.4313	1	
5.44017	-18.4784	1	
5.40313	-18.5177	1	
5.36603	-18.5509	1	
5.32887	-18.5819	1	
5.29164	-18.615	1	
5.25433	-18.6536	1	
5.21693	-18.6983	1	
5.17944	-18.7465	1	
5.14185	-18.7942	1	
5.10418	-18.8367	1	
5.06644	-18.8702	1	
5.02865	-18.8937	1	
4.99083	-18.9101	1	
4.95298	-18.9241	1	
4.9151	-18.9409	1	
4.87717	-18.9636	1	
4.83919	-18.9926	1	
4.80114	-19.0258	1	
4.76302	-19.0598	1	
4.72484	-19.0903	1	
4.68661	-19.1138	1	
4.64835	-19.1298	1	
4.61007	-19.141	1	
4.57177	-19.1512	1	
4.53344	-19.1637	1	
4.49508	-19.1794	1	
4.45669	-19.1967	1	
4.41826	-19.213	1	
4.37981	-19.2253	1	
4.34135	-19.2312	1	
4.30289	-19.2291	1	
4.26445	-19.2212	1	
4.22602	-19.2124	1	
4.18761	-19.2077	1	
4.14919	-19.2093	1	
4.11076	-19.2152	1	
4.07231	-19.2218	1	
4.03386	-19.2254	1	
3.99542	-19.2238	1	
3.95699	-19.2153	1	
3.91858	-19.2011	1	
3.88021	-19.1849	1	
3.84187	-19.1705	1	
3.80355	-19.1595	1	
3.76525	-19.1507	1	
3.72697	-19.1402	1	
3.68872	-19.1244	1	
3.65052	-19.1011	1	
3.61238	-19.0697	1	
3.57432	-19.033	1	
3.53632	-18.9953	1	
3.4984	-18.9601	1	
3.46055	-18.9286	1	
3.42275	-18.8993	1	
3.38501	-18.8697	1	
3.34733	-18.8374	1	
3.30973	-18.8014	1	
3.27221	-18.7622	1	
3.23476	-18.7217	1	
3.1974	-18.6822	1	
3.16011	-18.6452	1	
3.12289	-18.6114	1	
3.08573	-18.5795	1	
3.04863	-18.5472	1	
3.01161	-18.5112	1	
2.97467	-18.468	1	
2.93784	-18.4173	1	
2.90112	-18.3612	1	
2.86451	-18.3042	1	
2.82801	-18.2492	1	
2.79162	-18.1956	1	
2.75534	-18.1413	1	
2.71917	-18.084	1	
2.68313	-18.0215	1	
2.64722	-17.9536	1	
2.61145	-17.882	1	
2.57584	-17.8095	1	
2.54036	-17.7393	1	
2.50501	-17.6735	1	
2.46979	-17.611	1	
2.43469	-17.5494	1	
2.39972	-17.4862	1	
2.36488	-17.4191	1	
2.33018	-17.3473	1	
2.29564	-17.272	1	
2.26125	-17.1953	1	
2.22701	-17.1206	1	
2.19291	-17.0484	1	
2.15896	-16.9758	1	
2.12516	-16.9	1	
2.09152	-16.8189	1	
2.05806	-16.7315	1	
2.02478	-16.6395	1	
1.99169	-16.5457	1	
1.95878	-16.4531	1	
1.92606	-16.3631	1	
1.89351	-16.2753	1	
1.86113	-16.1876	1	
1.82894	-16.0978	1	
1.79693	-16.0042	1	
1.76511	-15.9067	1	
1.7335	-15.8073	1	
1.70208	-15.709	1	
1.67085	-15.6139	1	
1.63981	-15.5227	1	
1.60894	-15.4334	1	
1.57825	-15.3436	1	
1.54775	-15.2512	1	
1.51744	-15.1543	1	
1.48734	-15.0527	1	
1.45744	-14.9486	1	
1.42775	-14.8443	1	
1.39827	-14.7415	1	
1.36899	-14.6401	1	
1.33991	-14.539	1	
1.31104	-14.436	1	
1.28238	-14.3297	1	
1.25394	-14.2192	1	
1.22573	-14.1048	1	
1.19775	-13.9887	1	
1.17001	-13.8736	1	
1.14248	-13.7621	1	
1.11517	-13.6541	1	
1.08808	-13.5471	1	
1.0612	-13.4388	1	
1.03455	-13.3277	1	
1.00812	-13.2133	1	
0.981926	-13.0968	1	
0.955965	-12.9803	1	
0.930234	-12.8657	1	
0.904726	-12.7538	1	
0.879437	-12.6447	1	
0.854364	-12.5366	1	
0.829508	-12.4278	1	
0.804876	-12.3164	1	
0.780473	-12.2013	1	
0.756306	-12.0835	1	
0.732376	-11.9648	1	
0.708681	-11.8474	1	
0.685216	-11.7326	1	
0.661976	-11.6199	1	
0.638961	-11.5076	1	
0.616173	-11.3939	1	
0.593618	-11.2777	1	
0.571301	-11.1584	1	
0.549227	-11.0371	1	
0.527396	-10.9156	1	
0.505804	-10.7958	1	
0.484446	-10.6788	1	
0.463318	-10.5643	1	
0.442416	-10.451	1	
0.421742	-10.3369	1	
0.401301	-10.2205	1	
0.381098	-10.1014	1	
0.361137	-9.98045	1	
0.341418	-9.85941	1	
0.321938	-9.74018	1	
0.30269	-9.62384	1	
0.283669	-9.51057	1	
0.264871	-9.39924	1	
0.246294	-9.28844	1	
0.22794	-9.1768	1	
0.209813	-9.06351	1	
0.191916	-8.94847	1	
0.174251	-8.83249	1	
0.156818	-8.71688	1	
0.139611	-8.6031	1	
0.122628	-8.49168	1	
0.105863	-8.38238	1	
0.0893151	-8.27406	1	
0.0729842	-8.16547	1	
0.0568732	-8.05549	1	
0.0409858	-7.94369	1	
0.0253252	-7.83028	1	
0.00989247	-7.71638	1	
-0.00531471	-7.60359	1	
-0.0203007	-7.493	1	
-0.0350709	-7.3851	1	
-0.0496294	-7.27925	1	
-0.0639781	-7.17436	1	
-0.0781161	-7.06897	1	
-0.092041	-6.96248	1	
-0.105751	-6.85491	1	
-0.119244	-6.74667	1	
-0.132522	-6.63884	1	
-0.145587	-6.53251	1	
-0.158444	-6.42844	1	
-0.171097	-6.3268	1	
-0.183552	-6.22706	1	
-0.195808	-6.12848	1	
-0.207869	-6.03009	1	
-0.219731	-5.93136	1	
-0.231395	-5.83199	1	
-0.24286	-5.73231	1	
-0.254126	-5.63302	1	
-0.265196	-5.53515	1	
-0.276075	-5.43937	1	
-0.286767	-5.34596	1	
-0.297277	-5.25483	1	
-0.307608	-5.16558	1	
-0.317763	-5.07745	1	
-0.327742	-4.98974	1	
-0.337546	-4.9021	1	
-0.347175	-4.81453	1	
-0.35663	-4.72739	1	
-0.365912	-4.64115	1	
-0.375025	-4.55642	1	
-0.383973	-4.47359	1	
-0.392758	-4.39267	1	
-0.401385	-4.31344	1	
-0.409855	-4.23532	1	
-0.418171	-4.15774	1	
-0.426331	-4.08013	1	
-0.434336	-4.00224	1	
-0.442184	-3.92403	1	
-0.449875	-3.84575	1	
-0.457411	-3.76787	1	
-0.464793	-3.69084	1	
-0.472023	-3.61508	1	
-0.479104	-3.5406	1	
-0.486038	-3.46728	1	
-0.492828	-3.3948	1	
-0.499474	-3.32285	1	
-0.505976	-3.25119	1	
-0.512336	-3.17971	1	
-0.518553	-3.10855	1	
-0.524629	-3.03798	1	
-0.530565	-2.96823	1	
-0.536364	-2.89965	1	
-0.542029	-2.83246	1	
-0.547563	-2.76675	1	
-0.552968	-2.70245	1	
-0.558246	-2.63937	1	
-0.563401	-2.57732	1	
-0.568433	-2.51615	1	
-0.573345	-2.45575	1	
-0.578137	-2.3962	1	
-0.582812	-2.33758	1	
-0.587372	-2.27994	1	
-0.591819	-2.22345	1	
-0.596155	-2.16808	1	
-0.600383	-2.11381	1	
-0.604504	-2.06057	1	
-0.60852	-2.00806	1	
-0.612433	-1.95617	1	
-0.616242	-1.9048	1	
-0.61995	-1.85387	1	
-0.623557	-1.80349	1	
-0.627064	-1.75373	1	
-0.630474	-1.70466	1	
-0.633786	-1.65634	1	
-0.637004	-1.60879	1	
-0.640128	-1.56194	1	
-0.643159	-1.51574	1	
-0.6461	-1.4701	1	
-0.648949	-1.42493	1	
-0.65171	-1.38021	1	
-0.654382	-1.33594	1	
-0.656966	-1.29213	1	
-0.659464	-1.24892	1	
-0.661877	-1.20644	1	
-0.664206	-1.16487	1	
-0.666455	-1.12424	1	
-0.668624	-1.08458	1	
-0.670716	-1.04575	1	
-0.672731	-1.00762	1	
-0.674671	-0.970029	1	
-0.676536	-0.932797	1	
-0.678328	-0.895788	1	
-0.680046	-0.858887	1	
-0.68169	-0.82209	1	
-0.683261	-0.785365	1	
-0.684758	-0.748826	1	
-0.686184	-0.712577	1	
-0.687537	-0.676865	1	
-0.688821	-0.64187	1	
-0.690037	-0.607803	1	
-0.691186	-0.574777	1	
-0.692272	-0.542857	1	
-0.693296	-0.511933	1	
-0.694259	-0.481875	1	
-0.695164	-0.452502	1	
-0.696012	-0.423696	1	
-0.696802	-0.395326	1	
-0.697537	-0.367337	1	
-0.698217	-0.339852	1	
-0.698843	-0.312947	1	
-0.699416	-0.286749	1	
-0.699939	-0.261196	1	
-0.700411	-0.236297	1	
-0.700836	-0.212123	1	
-0.701213	-0.1886	1	
-0.701544	-0.165759	1	
-0.701831	-0.143593	1	
-0.702076	-0.122096	1	
-0.702278	-0.10127	1	
-0.70244	-0.0810203	1	
-0.702563	-0.0612242	1	
-0.702646	-0.0418873	1	
-0.702692	-0.0227821	1	
-0.7027	-0.00386737	1	
-0.70267	0.0148126	1	
-0.702604	0.0331507	1	
-0.702502	0.0509814	1	
-0.702365	0.0682173	1	
-0.702196	0.0847796	1	
-0.701995	0.100631	1	
-0.701763	0.115705	1	
-0.701503	0.129976	1	
-0.701217	0.143233	1	
-0.700906	0.155425	1	
-0.700573	0.166407	1	
-0.700221	0.176101	1	
-0.699852	0.184524	1	
-0.699468	0.191749	1	
-0.699072	0.197991	1	
-0.698666	0.20336	1	
-0.698249	0.208158	1	
-0.697825	0.212324	1	
-0.697393	0.215924	1	
-0.696955	0.218873	1	
-0.696513	0.221251	1	
-0.696066	0.223038	1	
-0.695618	0.224151	1	
-0.695169	0.224686	1	
-0.69472	0.224592	1	
-0.694272	0.223913	1	
-0.693826	0.222738	1	
-0.693384	0.221182	1	
-0.692945	0.219388	1	
-0.69251	0.217585	1	
-0.692078	0.215813	1	
-0.69165	0.21405	1	
-0.691226	0.212133	1	
-0.690806	0.210075	1	
-0.69039	0.207711	1	
-0.68998	0.205072	1	
-0.689576	0.201973	1	
-0.689179	0.198477	1	
-0.68879	0.194576	1	
-0.68841	0.190193	1	
-0.688039	0.185385	1	
-0.687679	0.180023	1	
-0.687331	0.174023	1	
-0.686996	0.167459	1	
-0.686675	0.160475	1	
-0.686369	0.153185	1	
-0.686078	0.145521	1	
-0.685803	0.137403	1	
-0.685545	0.128808	1	
-0.685306	0.119781	1	
-0.685085	0.110465	1	
-0.684883	0.100969	1	
-0.6847	0.09138	1	
-0.684536	0.0818137	1	
-0.684392	0.072333	1	
-0.684266	0.0628473	1	
-0.684159	0.0534292	1	
-0.684071	0.0441276	1	
-0.684001	0.0349687	1	
-0.683949	0.0257986	1	
-0.683917	0.0164671	1	
-0.683903	0.00683053	1	
-0.683909	-0.0030511	1	
-0.683935	-0.0129943	1	
-0.683981	-0.0229981	1	
-0.684047	-0.0329685	1	
-0.684133	-0.0428596	1	
-0.684238	-0.0528811	1	
-0.684365	-0.0632087	1	
-0.684512	-0.0738379	1	
-0.684682	-0.0847652	1	
-0.684874	-0.0958065	1	
-0.685087	-0.1069	1	
-0.685324	-0.118198	1	
-0.685583	-0.129846	1	
-0.685867	-0.141773	1	
-0.686175	-0.153908	1	
-0.686507	-0.166082	1	
-0.686863	-0.178212	1	
-0.687244	-0.190304	1	
-0.687649	-0.202345	1	
-0.688077	-0.214184	1	
-0.688529	-0.225765	1	
-0.689003	-0.237044	1	
-0.689499	-0.248075	1	
-0.690017	-0.258882	1	
-0.690556	-0.26951	1	
-0.691115	-0.279915	1	
-0.691696	-0.290116	1	
-0.692296	-0.300055	1	
-0.692915	-0.309771	1	
-0.693554	-0.31926	1	
-0.694211	-0.328537	1	
-0.694886	-0.337475	1	
-0.695578	-0.346009	1	
-0.696286	-0.354091	1	
-0.69701	-0.361804	1	
-0.697748	-0.369327	1	
-0.698502	-0.376759	1	
-0.69927	-0.384152	1	
-0.700053	-0.391436	1	
-0.70085	-0.398483	1	
-0.701661	-0.40523	1	
-0.702484	-0.411802	1	
-0.703321	-0.418193	1	
-0.704169	-0.424301	1	
-0.705029	-0.430161	1	
-0.705901	-0.435755	1	
-0.706783	-0.441234	1	
-0.707677	-0.44665	1	
-0.708581	-0.451942	1	
-0.709495	-0.457046	1	
-0.710418	-0.461903	1	
-0.711351	-0.466345	1	
-0.712292	-0.47031	1	
-0.713239	-0.473799	1	
-0.714193	-0.476893	1	
-0.715152	-0.47957	1	
-0.716116	-0.48183	1	
-0.717083	-0.48373	1	
-0.718054	-0.485325	1	
-0.719028	-0.486754	1	
-0.720004	-0.48807	1	
-0.720982	-0.489242	1	
-0.721963	-0.490304	1	
-0.722945	-0.491218	1	
-0.723929	-0.491969	1	
-0.724914	-0.49253	1	
-0.7259	-0.492907	1	
-0.726886	-0.493117	1	
-0.727873	-0.493203	1	
-0.728859	-0.493155	1	
-0.729845	-0.493018	1	
-0.730831	-0.49282	1	
-0.731816	-0.492512	1	
-0.7328	-0.492138	1	
-0.733783	-0.49168	1	
-0.734766	-0.491136	1	
-0.735746	-0.490405	1	
-0.736726	-0.489572	1	
-0.737703	-0.488629	1	
-0.738678	-0.487556	1	
-0.739651	-0.486308	1	
-0.74062	-0.484964	1	
-0.741588	-0.483598	1	
-0.742552	-0.482328	1	
-0.743515	-0.481155	1	
-0.744475	-0.480057	1	
-0.745433	-0.479064	1	
-0.746389	-0.47814	1	
-0.747344	-0.477258	1	
-0.748297	-0.476425	1	
-0.749248	-0.47565	1	
-0.750198	-0.474876	1	
-0.751146	-0.474114	1	
-0.752092	-0.47329	1	
-0.753037	-0.47241	1	
-0.75398	-0.471467	1	
-0.754921	-0.470468	1	
-0.75586	-0.469371	1	
-0.756796	-0.468147	1	
-0.75773	-0.466755	1	
-0.75866	-0.465201	1	
-0.759587	-0.463549	1	
-0.760511	-0.461824	1	
-0.761431	-0.459964	1	
-0.762347	-0.457935	1	
-0.763258	-0.455701	1	
-0.764164	-0.453196	1	
-0.765065	-0.450462	1	
-0.76596	-0.447488	1	
-0.766849	-0.444224	1	
-0.76773	-0.44067	1	
-0.768604	-0.436794	1	
-0.769469	-0.432608	1	
-0.770325	-0.428177	1	
-0.771172	-0.42353	1	
-0.77201	-0.418694	1	
-0.772837	-0.413697	1	
-0.773654	-0.408634	1	
-0.774461	-0.403489	1	
-0.775258	-0.398396	1	
-0.776045	-0.393389	1	
-0.776822	-0.388451	1	
-0.777589	-0.383645	1	
-0.778347	-0.378998	1	
-0.779096	-0.374539	1	
-0.779837	-0.370303	1	
-0.780569	-0.366291	1	
-0.781294	-0.362469	1	
-0.782012	-0.358839	1	
-0.782723	-0.355432	1	
-0.783427	-0.352209	1	
-0.784126	-0.349188	1	
-0.784818	-0.346344	1	
-0.785506	-0.343597	1	
-0.786187	-0.340938	1	
-0.786864	-0.338357	1	
-0.787536	-0.335791	1	
-0.788202	-0.33327	1	
-0.788864	-0.330806	1	
-0.789521	-0.328335	1	
-0.790172	-0.325804	1	
-0.790819	-0.323197	1	
-0.79146	-0.32052	1	
-0.792095	-0.31783	1	
-0.792725	-0.315071	1	
-0.79335	-0.312213	1	
-0.793968	-0.3093	1	
-0.794581	-0.306301	1	
-0.795187	-0.303256	1	
-0.795788	-0.300182	1	
-0.796382	-0.29709	1	
-0.79697	-0.293934	1	
-0.797551	-0.29074	1	
-0.798126	-0.287486	1	
-0.798695	-0.284203	1	
-0.799257	-0.28091	1	
-0.799812	-0.277626	1	
-0.800361	-0.274358	1	
-0.800903	-0.271125	1	
-0.801439	-0.267968	1	
-0.801968	-0.264843	1	
-0.802492	-0.261819	1	
-0.80301	-0.258845	1	
-0.803522	-0.255906	1	
-0.804028	-0.252998	1	
-0.804528	-0.25013	1	
-0.805022	-0.247318	1	
-0.805512	-0.244607	1	
-0.805996	-0.24193	1	
-0.806474	-0.239312	1	
-0.806948	-0.236703	1	
-0.807416	-0.234179	1	
-0.80788	-0.231798	1	
-0.808339	-0.229561	1	
-0.808793	-0.227429	1	
-0.809244	-0.225384	1	
-0.809691	-0.223382	1	
-0.810134	-0.221421	1	
-0.810573	-0.219459	1	
-0.811008	-0.217515	1	
-0.811439	-0.21563	1	
-0.811867	-0.213752	1	
-0.81229	-0.211855	1	
-0.81271	-0.209916	1	
-0.813126	-0.207989	1	
-0.813538	-0.20609	1	
-0.813947	-0.204215	1	
-0.814351	-0.202343	1	
-0.814752	-0.200452	1	
-0.815149	-0.198505	1	
-0.815542	-0.196555	1	
-0.815932	-0.194668	1	
-0.816317	-0.192811	1	
-0.816699	-0.19092	1	
-0.817077	-0.189048	1	
-0.817452	-0.187144	1	
-0.817822	-0.185224	1	
-0.818189	-0.183323	1	
-0.818552	-0.181448	1	
-0.818911	-0.179561	1	
-0.819266	-0.177679	1	
-0.819618	-0.175779	1	
-0.819965	-0.173875	1	
-0.820309	-0.17198	1	
-0.82065	-0.170167	1	
-0.820986	-0.168347	1	
-0.821319	-0.166529	1	
-0.821649	-0.16471	1	
-0.821975	-0.162901	1	
-0.822297	-0.161049	1	
-0.822615	-0.15918	1	
-0.82293	-0.157311	1	
-0.82324	-0.155379	1	
-0.823547	-0.153442	1	
-0.82385	-0.151512	1	
-0.82415	-0.149583	1	
-0.824445	-0.147629	1	
-0.824736	-0.145679	1	
-0.825024	-0.143743	1	
-0.825307	-0.141794	1	
-0.825587	-0.139861	1	
-0.825863	-0.137973	1	
-0.826135	-0.136162	1	
-0.826404	-0.134422	1	
-0.82667	-0.132757	1	
-0.826932	-0.131125	1	
-0.827191	-0.129503	1	
-0.827447	-0.127926	1	
-0.827699	-0.126342	1	
-0.827949	-0.124802	1	
-0.828196	-0.123283	1	
-0.828439	-0.12179	1	
-0.82868	-0.120276	1	
-0.828917	-0.11879	1	
-0.829152	-0.117329	1	
-0.829384	-0.115873	1	
-0.829613	-0.114453	1	
-0.829839	-0.113014	1	
-0.830062	-0.111595	1	
-0.830282	-0.110164	1	
-0.8305	-0.10873	1	
-0.830714	-0.107297	1	
-0.830926	-0.105833	1	
-0.831135	-0.104431	1	
-0.831341	-0.103049	1	
-0.831544	-0.101747	1	
-0.831745	-0.100483	1	
-0.831944	-0.0992377	1	
-0.83214	-0.0980153	1	
-0.832333	-0.0967921	1	
-0.832525	-0.095578	1	
-0.832713	-0.094353	1	
-0.832899	-0.0930954	1	
-0.833083	-0.0918548	1	
-0.833264	-0.0906087	1	
-0.833443	-0.0893379	1	
-0.833619	-0.0880392	1	
-0.833793	-0.0867208	1	
-0.833963	-0.0853904	1	
-0.834131	-0.0840333	1	
-0.834297	-0.082654	1	
-0.834459	-0.0812718	1	
-0.834619	-0.0798952	1	
-0.834776	-0.0785009	1	
-0.83493	-0.0771525	1	
-0.835082	-0.0758486	1	
-0.835231	-0.074601	1	
-0.835378	-0.0734268	1	
-0.835523	-0.0722497	1	
-0.835665	-0.0711196	1	
-0.835805	-0.0700366	1	
-0.835943	-0.0690058	1	
-0.836079	-0.0680017	1	
-0.836213	-0.0670285	1	
-0.836345	-0.0660934	1	
-0.836475	-0.0651837	1	
-0.836604	-0.0642899	1	
-0.836731	-0.0634452	1	
-0.836856	-0.0626499	1	
-0.83698	-0.0618981	1	
-0.837102	-0.0611283	1	
-0.837223	-0.0603471	1	
-0.837342	-0.0596134	1	
-0.83746	-0.0588053	1	
-0.837576	-0.0579907	1	
-0.83769	-0.0571251	1	
-0.837803	-0.0562511	1	
-0.837913	-0.0553525	1	
-0.838022	-0.0544619	1	
-0.838129	-0.0535531	1	
-0.838235	-0.0526556	1	
-0.838338	-0.0517692	1	
-0.83844	-0.0508942	1	
-0.83854	-0.0500032	1	
-0.838638	-0.0491398	1	
-0.838735	-0.0482693	1	
-0.83883	-0.0474273	1	
-0.838923	-0.046656	1	
-0.839015	-0.0458934	1	
-0.839105	-0.0451415	1	
-0.839194	-0.0443984	1	
-0.839281	-0.0436712	1	
-0.839367	-0.0429556	1	
-0.839452	-0.0422755	1	
-0.839535	-0.0415806	1	
-0.839617	-0.0408585	1	
-0.839697	-0.0401177	1	
-0.839776	-0.0393706	1	
-0.839853	-0.0385556	1	
-0.839928	-0.0376757	1	
-0.840002	-0.0367795	1	
-0.840073	-0.0358533	1	
-0.840143	-0.0348869	1	
-0.840211	-0.0338854	1	
-0.840277	-0.0328783	1	
-0.84034	-0.0318682	1	
-0.840402	-0.030876	1	
-0.840462	-0.0298995	1	
-0.84052	-0.0289361	1	
-0.840576	-0.027989	1	
-0.84063	-0.0270918	1	
-0.840682	-0.0262415	1	
-0.840733	-0.0254285	1	
-0.840782	-0.0246531	1	
-0.84083	-0.0239312	1	
-0.840877	-0.0232534	1	
-0.840922	-0.022611	1	
-0.840966	-0.0220098	1	
-0.841009	-0.0214384	1	
-0.841051	-0.0208937	1	
-0.841092	-0.0203603	1	
-0.841131	-0.0198277	1	
-0.84117	-0.0193114	1	
-0.841207	-0.0187914	1	
-0.841244	-0.0182703	1	
-0.841279	-0.0177508	1	
-0.841314	-0.0172424	1	
-0.841347	-0.0167377	1	
-0.84138	-0.0162668	1	
-0.841412	-0.0158143	1	
-0.841442	-0.0153904	1	
-0.841472	-0.0149933	1	
-0.841502	-0.0146228	1	
-0.84153	-0.0142751	1	
-0.841558	-0.0139443	1	
-0.841585	-0.0136682	1	
-0.841612	-0.0133978	1	
-0.841638	-0.0131826	1	
-0.841664	-0.0129821	1	
-0.84169	-0.0128147	1	
-0.841715	-0.0126789	1	
-0.84174	-0.0125433	1	
-0.841765	-0.0124187	1	
-0.84179	-0.0122797	1	
-0.841814	-0.0121515	1	
-0.841838	-0.0120353	1	
-0.841862	-0.0119059	1	
-0.841886	-0.0118034	1	
-0.841909	-0.0116806	1	
-0.841932	-0.011558	1	
-0.841955	-0.0114212	1	
-0.841978	-0.0112971	1	
-0.842	-0.0111709	1	
-0.842022	-0.0110403	1	
-0.842044	-0.010918	1	
-0.842065	-0.0108021	1	
-0.842087	-0.0106916	1	
-0.842108	-0.0105814	1	
-0.842129	-0.0104737	1	
-0.84215	-0.0103824	1	
-0.84217	-0.0102848	1	
-0.842191	-0.0101967	1	
-0.842211	-0.010103	1	
-0.842231	-0.0100041	1	
-0.842251	-0.00989517	1	
-0.84227	-0.00978186	1	
-0.84229	-0.00965357	1	
-0.842309	-0.00951429	1	
-0.842327	-0.00935549	1	
-0.842346	-0.00919374	1	
-0.842364	-0.00902053	1	
-0.842381	-0.00883551	1	
-0.842399	-0.00865055	1	
-0.842416	-0.0084533	1	
-0.842432	-0.00825809	1	
-0.842448	-0.00805605	1	
-0.842464	-0.00785	1	
-0.842479	-0.0076427	1	
-0.842494	-0.00743588	1	
-0.842509	-0.00724076	1	
-0.842523	-0.00703986	1	
-0.842536	-0.00684901	1	
-0.84255	-0.00667095	1	
-0.842563	-0.0064976	1	
-0.842575	-0.00632559	1	
-0.842588	-0.00617658	1	
-0.8426	-0.00602529	1	
-0.842611	-0.0058844	1	
-0.842623	-0.00575216	1	
-0.842634	-0.00563122	1	
-0.842645	-0.00552658	1	
-0.842656	-0.00541802	1	
-0.842667	-0.00532499	1	
-0.842677	-0.00523783	1	
-0.842688	-0.00516195	1	
-0.842698	-0.00510482	1	
-0.842708	-0.00505369	1	
-0.842718	-0.00499897	1	
-0.842728	-0.00494195	1	
-0.842738	-0.00488312	1	
-0.842747	-0.0048222	1	
-0.842757	-0.00476293	1	
-0.842766	-0.00469193	1	
-0.842775	-0.00461609	1	
-0.842784	-0.00455753	1	
-0.842793	-0.00449395	1	
-0.842802	-0.00442681	1	
-0.842811	-0.00436598	1	
-0.84282	-0.00431064	1	
-0.842828	-0.00427407	1	
-0.842837	-0.00424859	1	
-0.842845	-0.00424263	1	
-0.842854	-0.00424452	1	
-0.842862	-0.0042668	1	
-0.842871	-0.00431848	1	
-0.84288	-0.00439574	1	
-0.842889	-0.00447495	1	
-0.842898	-0.00456905	1	
-0.842907	-0.00468084	1	
-0.842917	-0.0048092	1	
-0.842927	-0.00494567	1	
-0.842937	-0.00509081	1	
-0.842947	-0.00525923	1	
-0.842958	-0.00544106	1	
-0.84297	-0.0056525	1	
-0.842981	-0.00587488	1	
-0.842993	-0.00610059	1	
-0.843006	-0.00635284	1	
-0.843019	-0.00660684	1	
-0.843033	-0.00688676	1	
-0.843047	-0.00715908	1	
-0.843062	-0.00743641	1	
-0.843078	-0.00773715	1	
-0.843094	-0.00805116	1	
-0.843111	-0.00836985	1	
-0.843128	-0.00870057	1	
-0.843146	-0.00903061	1	
-0.843165	-0.0093651	1	
-0.843184	-0.00971257	1	
-0.843204	-0.0100898	1	
-0.843225	-0.0104773	1	
-0.843247	-0.0108783	1	
-0.84327	-0.011275	1	
-0.843293	-0.0116725	1	
-0.843317	-0.0120335	1	
-0.843342	-0.0123795	1	
-0.843367	-0.0126956	1	
-0.843393	-0.0130211	1	
-0.84342	-0.01335	1	
-0.843447	-0.0136633	1	
-0.843475	-0.0139815	1	
-0.843504	-0.0142813	1	
-0.843533	-0.0145686	1	
-0.843563	-0.0148595	1	
-0.843593	-0.0151527	1	
-0.843624	-0.0154285	1	
-0.843655	-0.0157181	1	
-0.843687	-0.0160089	1	
-0.84372	-0.0163109	1	
-0.843753	-0.0166185	1	
-0.843787	-0.0169258	1	
-0.843822	-0.0172652	1	
-0.843857	-0.017641	1	
-0.843893	-0.0180511	1	
-0.84393	-0.0184813	1	
-0.843968	-0.0189156	1	
-0.844007	-0.019382	1	
-0.844046	-0.0198287	1	
-0.844087	-0.0202546	1	
-0.844128	-0.0206512	1	
-0.84417	-0.0210146	1	
-0.844213	-0.0213516	1	
-0.844256	-0.0216763	1	
-0.8443	-0.0219536	1	
-0.844344	-0.0221852	1	
-0.844389	-0.0223764	1	
-0.844434	-0.0225351	1	
-0.84448	-0.0226987	1	
-0.844525	-0.0228411	1	
-0.844571	-0.0229884	1	
-0.844617	-0.0231122	1	
-0.844664	-0.0232276	1	
-0.844711	-0.0233562	1	
-0.844758	-0.023477	1	
-0.844805	-0.0236018	1	
-0.844852	-0.0237384	1	
-0.8449	-0.023873	1	
-0.844948	-0.0240187	1	
-0.844996	-0.0241717	1	
-0.845045	-0.0243548	1	
-0.845094	-0.0245377	1	
-0.845144	-0.0247021	1	
-0.845193	-0.0249009	1	
-0.845244	-0.0251094	1	
-0.845294	-0.025318	1	
-0.845345	-0.0255442	1	
-0.845397	-0.0257602	1	
-0.845449	-0.0259726	1	
-0.845501	-0.0261873	1	
-0.845554	-0.0264103	1	
-0.845607	-0.0266321	1	
-0.845661	-0.0268751	1	
-0.845715	-0.0271278	1	
-0.84577	-0.0273863	1	
-0.845825	-0.0276479	1	
-0.845881	-0.0279137	1	
-0.845938	-0.0281938	1	
-0.845994	-0.0284653	1	
-0.846052	-0.0287528	1	
-0.84611	-0.0290366	1	
-0.846169	-0.0293474	1	
-0.846228	-0.02969	1	
-0.846288	-0.0300379	1	
-0.846349	-0.0303729	1	
-0.84641	-0.0307053	1	
-0.846472	-0.0310155	1	
-0.846535	-0.0313179	1	
-0.846598	-0.0315777	1	
-0.846662	-0.031828	1	
-0.846726	-0.032061	1	
-0.84679	-0.0322743	1	
-0.846855	-0.0324538	1	
-0.846921	-0.0326054	1	
-0.846986	-0.0327423	1	
-0.847052	-0.0329006	1	
-0.847118	-0.0330564	1	
-0.847184	-0.0331906	1	
-0.847251	-0.0333417	1	
-0.847318	-0.033496	1	
-0.847385	-0.0336615	1	
-0.847453	-0.0338265	1	
-0.847521	-0.0340013	1	
-0.847589	-0.0341677	1	
-0.847658	-0.0343269	1	
-0.847727	-0.0344897	1	
-0.847796	-0.0346794	1	
-0.847866	-0.0348871	1	
-0.847936	-0.0351193	1	
-0.848007	-0.0353588	1	
-0.848078	-0.0356692	1	
-0.848151	-0.0360449	1	
-0.848223	-0.0364316	1	
-0.848297	-0.0368485	1	
-0.848372	-0.0372867	1	
-0.848447	-0.0377357	1	
-0.848523	-0.0381877	1	
-0.848601	-0.038608	1	
-0.848679	-0.0390422	1	
-0.848758	-0.0394607	1	
-0.848837	-0.0398352	1	
-0.848918	-0.0401833	1	
-0.848999	-0.0404817	1	
-0.84908	-0.0407034	1	
-0.849162	-0.0408951	1	
-0.849244	-0.0410394	1	
-0.849326	-0.0411697	1	
-0.849409	-0.0412684	1	
-0.849492	-0.0413107	1	
-0.849574	-0.041343	1	
-0.849657	-0.0413582	1	
-0.84974	-0.0413453	1	
-0.849822	-0.041304	1	
-0.849905	-0.0412374	1	
-0.849987	-0.041134	1	
-0.850069	-0.0410029	1	
-0.850151	-0.040862	1	
-0.850232	-0.0406959	1	
-0.850313	-0.0405282	1	
-0.850394	-0.040346	1	
-0.850474	-0.0401805	1	
-0.850554	-0.0399961	1	
-0.850634	-0.0398212	1	
-0.850713	-0.0396584	1	
-0.850792	-0.0395056	1	
-0.850871	-0.0393482	1	
-0.850949	-0.0391969	1	
-0.851027	-0.039038	1	
-0.851105	-0.0389036	1	
-0.851183	-0.0387768	1	
-0.85126	-0.0386621	1	
-0.851337	-0.0385751	1	
-0.851414	-0.0385463	1	
-0.851491	-0.0385458	1	
-0.851568	-0.0385542	1	
-0.851646	-0.0385763	1	
-0.851723	-0.0386397	1	
-0.8518	-0.0387323	1	
-0.851878	-0.0388215	1	
-0.851956	-0.0389283	1	
-0.852034	-0.0390705	1	
-0.852112	-0.0392417	1	
-0.852191	-0.0393979	1	
-0.85227	-0.0395441	1	
-0.85235	-0.0396866	1	
-0.852429	-0.0398233	1	
-0.852509	-0.0399661	1	
-0.852589	-0.0400747	1	
-0.85267	-0.0401389	1	
-0.85275	-0.0401471	1	
-0.85283	-0.0401155	1	
-0.85291	-0.0400199	1	
-0.85299	-0.0399079	1	
-0.85307	-0.0397439	1	
-0.853149	-0.0395707	1	
-0.853227	-0.0393853	1	
-0.853306	-0.0391806	1	
-0.853384	-0.0389127	1	
-0.853461	-0.0386272	1	
-0.853538	-0.0383582	1	
-0.853614	-0.0380934	1	
-0.853689	-0.037819	1	
-0.853765	-0.0375477	1	
-0.853839	-0.0372941	1	
-0.853913	-0.0370803	1	
-0.853987	-0.0368955	1	
-0.854061	-0.0367192	1	
-0.854134	-0.0365811	1	
-0.854207	-0.0364749	1	
-0.854279	-0.0363723	1	
-0.854352	-0.0362883	1	
-0.854424	-0.0362125	1	
-0.854497	-0.0361835	1	
-0.854569	-0.0361604	1	
-0.854641	-0.0361445	1	
-0.854714	-0.0361552	1	
-0.854786	-0.0362243	1	
-0.854859	-0.036324	1	
-0.854932	-0.0364524	1	
-0.855005	-0.0365995	1	
-0.855078	-0.036774	1	
-0.855152	-0.036985	1	
-0.855227	-0.037209	1	
-0.855302	-0.0374516	1	
-0.855377	-0.0377219	1	
-0.855453	-0.0379895	1	
-0.85553	-0.038247	1	
-0.855607	-0.0384803	1	
-0.855684	-0.0386912	1	
-0.855762	-0.0388775	1	
-0.85584	-0.0390463	1	
-0.855918	-0.0391746	1	
-0.855997	-0.0392422	1	
-0.856075	-0.0392458	1	
-0.856154	-0.0392167	1	
-0.856232	-0.0391428	1	
-0.85631	-0.0390151	1	
-0.856388	-0.0388488	1	
-0.856465	-0.0386773	1	
-0.856542	-0.0384824	1	
-0.856618	-0.0382304	1	
-0.856694	-0.037973	1	
-0.85677	-0.0376916	1	
-0.856844	-0.037382	1	
-0.856919	-0.0370564	1	
-0.856992	-0.0367356	1	
-0.857065	-0.0364268	1	
-0.857137	-0.0361228	1	
-0.857209	-0.0358071	1	
-0.85728	-0.0355483	1	
-0.857351	-0.0353471	1	
-0.857421	-0.0351573	1	
-0.857491	-0.034999	1	
-0.857561	-0.0348692	1	
-0.85763	-0.0347987	1	
-0.8577	-0.0347741	1	
-0.857769	-0.0347788	1	
-0.857839	-0.0348198	1	
-0.857909	-0.03489	1	
-0.857979	-0.0349471	1	
-0.858049	-0.0349837	1	
-0.858119	-0.0349673	1	
-0.858188	-0.0349028	1	
-0.858258	-0.034794	1	
-0.858327	-0.0346618	1	
-0.858396	-0.0345148	1	
-0.858465	-0.0343373	1	
-0.858533	-0.0341582	1	
-0.858601	-0.0339588	1	
-0.858669	-0.0337508	1	
-0.858736	-0.0335361	1	
-0.858802	-0.0333279	1	
-0.858869	-0.0331435	1	
-0.858935	-0.033006	1	
-0.859001	-0.0329012	1	
-0.859066	-0.0328376	1	
-0.859132	-0.0328234	1	
-0.859197	-0.0328074	1	
-0.859263	-0.0328059	1	
-0.859329	-0.0327747	1	
-0.859394	-0.0327427	1	
-0.85946	-0.0327193	1	
-0.859525	-0.0326961	1	
-0.85959	-0.0326506	1	
-0.859655	-0.0325685	1	
-0.85972	-0.032473	1	
-0.859785	-0.0323355	1	
-0.859849	-0.0321657	1	
-0.859913	-0.0319849	1	
-0.859977	-0.0317963	1	
-0.86004	-0.0315964	1	
-0.860103	-0.0314169	1	
-0.860165	-0.0312334	1	
-0.860228	-0.0310411	1	
-0.860289	-0.0308306	1	
-0.86035	-0.0306175	1	
-0.860411	-0.0304186	1	
-0.860472	-0.0302478	1	
-0.860532	-0.0300803	1	
-0.860592	-0.029931	1	
-0.860651	-0.0298259	1	
-0.860711	-0.0297504	1	
-0.86077	-0.0296892	1	
-0.860829	-0.0296083	1	
-0.860889	-0.0295456	1	
-0.860948	-0.0295037	1	
-0.861006	-0.0294541	1	
-0.861065	-0.0294131	1	
-0.861124	-0.0293696	1	
-0.861183	-0.0293504	1	
-0.861241	-0.0293496	1	
-0.8613	-0.0293654	1	
-0.861359	-0.0293613	1	
-0.861418	-0.029339	1	
-0.861476	-0.0293104	1	
-0.861535	-0.0292704	1	
-0.861593	-0.029203	1	
-0.861651	-0.0291017	1	
-0.861709	-0.0290035	1	
-0.861767	-0.028869	1	
-0.861825	-0.0287474	1	
-0.861882	-0.0286126	1	
-0.861939	-0.0284735	1	
-0.861995	-0.0283269	1	
-0.862052	-0.0281568	1	
-0.862108	-0.0279764	1	
-0.862163	-0.027767	1	
-0.862218	-0.027523	1	
-0.862273	-0.0272492	1	
-0.862327	-0.0269447	1	
-0.86238	-0.0266217	1	
-0.862433	-0.0263031	1	
-0.862484	-0.0259639	1	
-0.862536	-0.0256149	1	
-0.862586	-0.0252542	1	
-0.862636	-0.0249044	1	
-0.862685	-0.0245664	1	
-0.862734	-0.0242264	1	
-0.862781	-0.0239104	1	
-0.862829	-0.0235772	1	
-0.862875	-0.0232326	1	
-0.862921	-0.0228849	1	
-0.862966	-0.0225345	1	
-0.86301	-0.0221919	1	
-0.863054	-0.021837	1	
-0.863097	-0.0214821	1	
-0.863139	-0.021136	1	
-0.863181	-0.0207864	1	
-0.863222	-0.0204332	1	
-0.863262	-0.0200795	1	
-0.863301	-0.0197013	1	
-0.86334	-0.0193159	1	
-0.863378	-0.0189256	1	
-0.863415	-0.0185457	1	
-0.863451	-0.0181655	1	
-0.863487	-0.0177885	1	
-0.863521	-0.0174091	1	
-0.863555	-0.0170198	1	
-0.863589	-0.016624	1	
-0.863621	-0.0162255	1	
-0.863653	-0.0158249	1	
-0.863684	-0.0154351	1	
-0.863714	-0.0150748	1	
-0.863743	-0.0147134	1	
-0.863772	-0.0143726	1	
-0.8638	-0.0140407	1	
-0.863828	-0.0137176	1	
-0.863854	-0.0134031	1	
-0.863881	-0.0131088	1	
-0.863906	-0.0128253	1	
-0.863931	-0.0125492	1	
-0.863956	-0.0122894	1	
-0.86398	-0.0120515	1	
-0.864004	-0.0118317	1	
-0.864027	-0.0116163	1	
-0.86405	-0.0114043	1	
-0.864072	-0.0111885	1	
-0.864094	-0.0109679	1	
-0.864116	-0.0107487	1	
-0.864137	-0.0105298	1	
-0.864157	-0.0102964	1	
-0.864177	-0.010064	1	
-0.864197	-0.00982091	1	
-0.864216	-0.00958434	1	
-0.864235	-0.00935208	1	
-0.864253	-0.00913172	1	
-0.864271	-0.0089264	1	
-0.864288	-0.00872571	1	
-0.864305	-0.00853083	1	
-0.864322	-0.00835274	1	
-0.864339	-0.00818477	1	
-0.864355	-0.00803495	1	
-0.86437	-0.00788029	1	
-0.864386	-0.00773214	1	
-0.864401	-0.00758865	1	
-0.864416	-0.00743551	1	
-0.86443	-0.0072817	1	
-0.864445	-0.00712419	1	
-0.864459	-0.00696866	1	
-0.864472	-0.00681508	1	
-0.864486	-0.00665784	1	
-0.864499	-0.00649959	1	
-0.864511	-0.00633814	1	
-0.864524	-0.00617898	1	
-0.864536	-0.0060189	1	
-0.864547	-0.00586896	1	
-0.864559	-0.00571396	1	
-0.86457	-0.00554779	1	
-0.864581	-0.00538363	1	
-0.864591	-0.00521324	1	
-0.864601	-0.00502606	1	
-0.864611	-0.00482798	1	
-0.86462	-0.0046314	1	
-0.864629	-0.00443775	1	
-0.864637	-0.00423099	1	
-0.864645	-0.00404141	1	
-0.864653	-0.0038515	1	
-0.864661	-0.00366823	1	
-0.864667	-0.00348574	1	
-0.864674	-0.00333286	1	
-0.864681	-0.00318153	1	
-0.864687	-0.00303081	1	
-0.864692	-0.00289259	1	
-0.864698	-0.00275923	1	
-0.864703	-0.00262139	1	
-0.864708	-0.00250972	1	
-0.864713	-0.00239102	1	
-0.864717	-0.00228651	1	
-0.864722	-0.00219628	1	
-0.864726	-0.00211477	1	
-0.86473	-0.00202787	1	
-0.864734	-0.00194068	1	
-0.864738	-0.00184843	1	
-0.864741	-0.00175916	1	
-0.864745	-0.00166235	1	
-0.864748	-0.0015859	1	
-0.864751	-0.00148574	1	
-0.864754	-0.00139585	1	
-0.864756	-0.00131485	1	
-0.864759	-0.00122411	1	
-0.864761	-0.00115376	1	
-0.864763	-0.00108542	1	
-0.864765	-0.00101422	1	
-0.864767	-0.000955742	1	
-0.864769	-0.000904525	1	
-0.864771	-0.000862949	1	
-0.864772	-0.000818389	1	
-0.864774	-0.00078301	1	
-0.864775	-0.000763716	1	
-0.864777	-0.000743754	1	
-0.864778	-0.000741278	1	
-0.86478	-0.000756773	1	
-0.864781	-0.000771725	1	
-0.864783	-0.000801133	1	
-0.864785	-0.00083794	1	
-0.864786	-0.000881431	1	
-0.864788	-0.000938068	1	
-0.86479	-0.000986337	1	
-0.864792	-0.00105266	1	
-0.864795	-0.00112945	1	
-0.864797	-0.00118881	1	
-0.864799	-0.00125172	1	
-0.864802	-0.00131521	1	
-0.864805	-0.00138063	1	
-0.864808	-0.00146816	1	
-0.864811	-0.0015483	1	
-0.864814	-0.00163414	1	
-0.864818	-0.0017162	1	
-0.864821	-0.00179698	1	
-0.864825	-0.00188275	1	
-0.864829	-0.00195831	1	
-0.864833	-0.00204172	1	
-0.864837	-0.00213325	1	
-0.864842	-0.00222132	1	
-0.864846	-0.00231866	1	
-0.864851	-0.0024135	1	
-0.864856	-0.00252452	1	
-0.864861	-0.00264323	1	
-0.864867	-0.0027423	1	
-0.864873	-0.00285419	1	
-0.864879	-0.0029709	1	
-0.864885	-0.00308472	1	
-0.864891	-0.00320503	1	
-0.864898	-0.00332219	1	
-0.864905	-0.00342759	1	
-0.864912	-0.00353505	1	
-0.864919	-0.00363749	1	
-0.864927	-0.0037412	1	
-0.864934	-0.00383583	1	
-0.864942	-0.00391523	1	
-0.86495	-0.00398026	1	
-0.864958	-0.00402709	1	
-0.864966	-0.00407921	1	
-0.864974	-0.00413105	1	
-0.864983	-0.00416209	1	
-0.864991	-0.00419122	1	
-0.865	-0.0042151	1	
-0.865008	-0.00423436	1	
-0.865017	-0.00424985	1	
-0.865025	-0.00425607	1	
-0.865034	-0.00428049	1	
-0.865042	-0.00430984	1	
-0.865051	-0.00431666	1	
-0.865059	-0.00432175	1	
-0.865068	-0.00433182	1	
-0.865077	-0.00432456	1	
-0.865085	-0.00431886	1	
-0.865094	-0.00429595	1	
-0.865103	-0.00427434	1	
-0.865111	-0.00423422	1	
-0.865119	-0.00420378	1	
-0.865128	-0.00417163	1	
-0.865136	-0.00412905	1	
-0.865144	-0.00409148	1	
-0.865152	-0.00404533	1	
-0.86516	-0.00399815	1	
-0.865168	-0.00393967	1	
-0.865176	-0.00388341	1	
-0.865184	-0.0038182	1	
-0.865191	-0.00373973	1	
-0.865198	-0.00366064	1	
-0.865206	-0.0035894	1	
-0.865213	-0.003507	1	
-0.865219	-0.0034203	1	
-0.865226	-0.0033221	1	
-0.865233	-0.00323183	1	
-0.865239	-0.00314528	1	
-0.865245	-0.00305561	1	
-0.865251	-0.00294239	1	
-0.865257	-0.00283636	1	
-0.865262	-0.00272792	1	
-0.865267	-0.0026159	1	
-0.865272	-0.00249854	1	
-0.865277	-0.00238939	1	
-0.865282	-0.00229259	1	
-0.865286	-0.00219201	1	
-0.86529	-0.00207278	1	
-0.865294	-0.00196201	1	
-0.865298	-0.00185631	1	
-0.865301	-0.00176483	1	
-0.865305	-0.00167168	1	
-0.865308	-0.00158081	1	
-0.865311	-0.00151047	1	
-0.865314	-0.0014487	1	
-0.865316	-0.00136243	1	
-0.865319	-0.00126154	1	
-0.865321	-0.00116489	1	
-0.865323	-0.00106986	1	
-0.865325	-0.000992951	1	
-0.865327	-0.00092571	1	
-0.865329	-0.000852595	1	
-0.865331	-0.000807879	1	
-0.865332	-0.000772434	1	
-0.865334	-0.000742643	1	
-0.865335	-0.000712821	1	
-0.865336	-0.00068337	1	
-0.865338	-0.000654783	1	
-0.865339	-0.000617553	1	
-0.86534	-0.000583593	1	
-0.865341	-0.000557854	1	
-0.865342	-0.000532611	1	
-0.865343	-0.000508154	1	
-0.865344	-0.000480567	1	
-0.865345	-0.00045106	1	
-0.865346	-0.000434001	1	
-0.865347	-0.000403862	1	
-0.865348	-0.000376319	1	
-0.865348	-0.000363815	1	
-0.865349	-0.000340534	1	
-0.86535	-0.000314933	1	
-0.86535	-0.000306837	1	
-0.865351	-0.00029697	1	
-0.865351	-0.000311173	1	
-0.865352	-0.00031394	1	
-0.865353	-0.000328103	1	
-0.865353	-0.000354073	1	
-0.865354	-0.000404368	1	
-0.865355	-0.000473229	1	
-0.865356	-0.000537662	1	
-0.865357	-0.000599727	1	
-0.865359	-0.000656846	1	
-0.86536	-0.000710809	1	
-0.865362	-0.000771696	1	
-0.865363	-0.000829404	1	
-0.865365	-0.000876854	1	
-0.865367	-0.000930863	1	
-0.865369	-0.000983217	1	
-0.865371	-0.00104892	1	
-0.865373	-0.00109961	1	
-0.865376	-0.00115452	1	
-0.865378	-0.00121498	1	
-0.865381	-0.0012761	1	
-0.865383	-0.00132099	1	
-0.865386	-0.00137833	1	
-0.865389	-0.00142945	1	
-0.865392	-0.00148902	1	
-0.865395	-0.0015378	1	
-0.865398	-0.00158475	1	
-0.865401	-0.00164554	1	
-0.865405	-0.00169683	1	
-0.865408	-0.00175041	1	
-0.865412	-0.00180529	1	
-0.865416	-0.00186111	1	
-0.865419	-0.00190664	1	
-0.865423	-0.00195438	1	
-0.865427	-0.00200875	1	
-0.865431	-0.00205285	1	
-0.865436	-0.00210333	1	
-0.86544	-0.00213391	1	
-0.865444	-0.00216716	1	
-0.865449	-0.00218458	1	
-0.865453	-0.00221713	1	
-0.865458	-0.00223263	1	
-0.865462	-0.00224413	1	
-0.865467	-0.00225908	1	
-0.865471	-0.00225494	1	
-0.865476	-0.00225709	1	
-0.86548	-0.00225548	1	
-0.865485	-0.0022535	1	
-0.865489	-0.00225397	1	
-0.865494	-0.00224533	1	
-0.865498	-0.00223499	1	
-0.865502	-0.00222293	1	
-0.865507	-0.00219552	1	
-0.865511	-0.00218211	1	
-0.865516	-0.00216812	1	
-0.86552	-0.00214847	1	
-0.865524	-0.00213684	1	
-0.865528	-0.00212033	1	
-0.865533	-0.00210496	1	
-0.865537	-0.00209201	1	
-0.865541	-0.0020788	1	
-0.865545	-0.00206258	1	
-0.865549	-0.00205141	1	
-0.865553	-0.00205042	1	
-0.865557	-0.00204797	1	
-0.865561	-0.00204933	1	
-0.865566	-0.00204762	1	
-0.86557	-0.00206008	1	
-0.865574	-0.00205984	1	
-0.865578	-0.00207437	1	
-0.865582	-0.0020752	1	
-0.865586	-0.00208922	1	
-0.86559	-0.00210268	1	
-0.865595	-0.00210919	1	
-0.865599	-0.00212233	1	
-0.865603	-0.00213823	1	
-0.865608	-0.00215115	1	
-0.865612	-0.0021739	1	
-0.865616	-0.00217084	1	
-0.865621	-0.00218128	1	
-0.865625	-0.00219954	1	
-0.865629	-0.00220817	1	
-0.865634	-0.0022305	1	
-0.865638	-0.00224808	1	
-0.865643	-0.0022767	1	
-0.865647	-0.00230852	1	
-0.865652	-0.0023424	1	
-0.865657	-0.00238355	1	
-0.865662	-0.00242346	1	
-0.865667	-0.00246217	1	
-0.865672	-0.00250996	1	
-0.865677	-0.00255057	1	
-0.865682	-0.00260502	1	
-0.865687	-0.00264386	1	
-0.865693	-0.00267214	1	
-0.865698	-0.00270572	1	
-0.865704	-0.00273211	1	
-0.865709	-0.00276432	1	
-0.865715	-0.00278144	1	
-0.86572	-0.0028001	1	
-0.865726	-0.00282049	1	
-0.865732	-0.00284387	1	
-0.865737	-0.00286335	1	
-0.865743	-0.00288949	1	
-0.865749	-0.00290085	1	
-0.865755	-0.00291669	1	
-0.865761	-0.00292075	1	
-0.865766	-0.00291804	1	
-0.865772	-0.00291358	1	
-0.865778	-0.00291675	1	
-0.865784	-0.00291088	1	
-0.86579	-0.00290345	1	
-0.865795	-0.00290213	1	
-0.865801	-0.00288882	1	
-0.865807	-0.00286993	1	
-0.865813	-0.00286706	1	
-0.865818	-0.00285282	1	
-0.865824	-0.00282361	1	
-0.86583	-0.00278931	1	
-0.865835	-0.00276093	1	
-0.865841	-0.00272186	1	
-0.865846	-0.00269038	1	
-0.865851	-0.00265317	1	
-0.865857	-0.00260414	1	
-0.865862	-0.00255628	1	
-0.865867	-0.00250982	1	
-0.865872	-0.00245478	1	
-0.865876	-0.00241276	1	
-0.865881	-0.00236187	1	
-0.865886	-0.00231445	1	
-0.86589	-0.00225429	1	
-0.865895	-0.00220068	1	
-0.865899	-0.00214252	1	
-0.865903	-0.00208543	1	
-0.865907	-0.00203078	1	
-0.865911	-0.00196782	1	
-0.865915	-0.00190424	1	
-0.865919	-0.00184437	1	
-0.865922	-0.00178413	1	
-0.865926	-0.00172407	1	
-0.865929	-0.00167786	1	
-0.865932	-0.00162941	1	
-0.865935	-0.00157961	1	
-0.865938	-0.00154881	1	
-0.865942	-0.00150731	1	
-0.865945	-0.00147929	1	
-0.865947	-0.00144034	1	
-0.86595	-0.00139931	1	
-0.865953	-0.00136095	1	
-0.865956	-0.00132097	1	
-0.865958	-0.00128006	1	
-0.865961	-0.00123298	1	
-0.865963	-0.00119704	1	
-0.865965	-0.00116019	1	
-0.865968	-0.00112022	1	
-0.86597	-0.00109046	1	
-0.865972	-0.00106922	1	
-0.865974	-0.00104836	1	
-0.865976	-0.0010279	1	
-0.865978	-0.00101414	1	
-0.86598	-0.000989994	1	
-0.865982	-0.000963801	1	
-0.865984	-0.000939951	1	
-0.865986	-0.000918019	1	
-0.865987	-0.000908111	1	
-0.865989	-0.000887736	1	
-0.865991	-0.000868557	1	
-0.865993	-0.000850295	1	
-0.865994	-0.000829707	1	
-0.865996	-0.000817653	1	
-0.865998	-0.000793917	1	
-0.865999	-0.000783721	1	
-0.866001	-0.000756215	1	
-0.866002	-0.000741519	1	
-0.866004	-0.000724511	1	
-0.866005	-0.000716971	1	
-0.866006	-0.000711367	1	
-0.866008	-0.00070279	1	
-0.866009	-0.000703236	1	
-0.866011	-0.000708721	1	
-0.866012	-0.000726033	1	
-0.866014	-0.000746858	1	
-0.866015	-0.000770654	1	
-0.866017	-0.000786732	1	
-0.866018	-0.000819517	1	
-0.86602	-0.000848461	1	
-0.866022	-0.000874987	1	
-0.866024	-0.000901619	1	
-0.866025	-0.000938271	1	
-0.866027	-0.000972762	1	
-0.866029	-0.0010086	1	
-0.866032	-0.00104165	1	
-0.866034	-0.00107588	1	
-0.866036	-0.00109821	1	
-0.866038	-0.0011238	1	
-0.86604	-0.00113484	1	
-0.866043	-0.00113837	1	
-0.866045	-0.00114966	1	
-0.866047	-0.00116329	1	
-0.86605	-0.00115823	1	
-0.866052	-0.00115865	1	
-0.866054	-0.00116392	1	
-0.866057	-0.00116279	1	
-0.866059	-0.00116991	1	
-0.866061	-0.00117401	1	
-0.866064	-0.00118132	1	
-0.866066	-0.00119562	1	
-0.866068	-0.00120403	1	
-0.866071	-0.00122492	1	
-0.866073	-0.00124864	1	
-0.866076	-0.00128078	1	
-0.866079	-0.00129852	1	
-0.866081	-0.00132513	1	
-0.866084	-0.00134903	1	
-0.866087	-0.00137468	1	
-0.866089	-0.00139705	1	
-0.866092	-0.00141751	1	
-0.866095	-0.00142966	1	
-0.866098	-0.00145112	1	
-0.866101	-0.00145978	1	
-0.866104	-0.00145332	1	
-0.866107	-0.00145096	1	
-0.86611	-0.00143577	1	
-0.866112	-0.00143628	1	
-0.866115	-0.00143911	1	
-0.866118	-0.00143783	1	
-0.866121	-0.00144884	1	
-0.866124	-0.00145056	1	
-0.866127	-0.0014641	1	
-0.86613	-0.00145769	1	
-0.866133	-0.00144496	1	
-0.866136	-0.00143768	1	
-0.866139	-0.00144078	1	
-0.866141	-0.00143923	1	
-0.866144	-0.00143643	1	
-0.866147	-0.00143324	1	
-0.86615	-0.00144269	1	
-0.866153	-0.00144216	1	
-0.866156	-0.00144429	1	
-0.866159	-0.00144439	1	
-0.866162	-0.00142818	1	
-0.866164	-0.00142793	1	
-0.866167	-0.00142017	1	
-0.86617	-0.00141691	1	
-0.866173	-0.00142181	1	
-0.866176	-0.00141366	1	
-0.866179	-0.00139973	1	
-0.866181	-0.00141193	1	
-0.866184	-0.00140165	1	
-0.866187	-0.00140491	1	
-0.86619	-0.0014012	1	
-0.866193	-0.00140934	1	
-0.866195	-0.00141896	1	
-0.866198	-0.00143333	1	
-0.866201	-0.00143229	1	
-0.866204	-0.00143994	1	
-0.866207	-0.00144202	1	
-0.86621	-0.0014467	1	
-0.866213	-0.00143916	1	
-0.866216	-0.00143905	1	
-0.866218	-0.00143204	1	
-0.866221	-0.00143055	1	
-0.866224	-0.00142164	1	
-0.866227	-0.00142429	1	
-0.86623	-0.00140848	1	
-0.866233	-0.00139021	1	
-0.866235	-0.00137645	1	
-0.866238	-0.0013617	1	
-0.866241	-0.00135291	1	
-0.866243	-0.00134943	1	
-0.866246	-0.00133166	1	
-0.866249	-0.00132691	1	
-0.866251	-0.00132674	1	
-0.866254	-0.00133915	1	
-0.866257	-0.00133316	1	
-0.866259	-0.0013324	1	
-0.866262	-0.00133476	1	
-0.866265	-0.00132067	1	
-0.866267	-0.00130434	1	
-0.86627	-0.0013045	1	
-0.866273	-0.00129796	1	
-0.866275	-0.00129347	1	
-0.866278	-0.00128382	1	
-0.86628	-0.00128625	1	
-0.866283	-0.00126316	1	
-0.866285	-0.00125512	1	
-0.866288	-0.00124304	1	
-0.86629	-0.00121527	1	
-0.866293	-0.00118597	1	
-0.866295	-0.00115432	1	
-0.866297	-0.00113189	1	
-0.866299	-0.00110043	1	
-0.866302	-0.00106776	1	
-0.866304	-0.00103326	1	
-0.866306	-0.000998763	1	
-0.866308	-0.000974566	1	
-0.866309	-0.000951881	1	
-0.866311	-0.000935984	1	
-0.866313	-0.000917798	1	
-0.866315	-0.000900505	1	
-0.866317	-0.000889844	1	
-0.866319	-0.000868912	1	
-0.86632	-0.000856143	1	
-0.866322	-0.000849445	1	
-0.866324	-0.000833094	1	
-0.866325	-0.000827623	1	
-0.866327	-0.000817048	1	
-0.866328	-0.000812194	1	
-0.86633	-0.000802212	1	
-0.866332	-0.000791911	1	
-0.866333	-0.000787781	1	
-0.866335	-0.000788556	1	
-0.866336	-0.000776939	1	
-0.866338	-0.000756847	1	
-0.866339	-0.000745733	1	
-0.866341	-0.000731448	1	
-0.866342	-0.000724973	1	
-0.866344	-0.000707677	1	
-0.866345	-0.000698812	1	
-0.866346	-0.000696608	1	
-0.866348	-0.000689445	1	
-0.866349	-0.000688174	1	
-0.866351	-0.000676616	1	
-0.866352	-0.000672063	1	
-0.866353	-0.0006581	1	
-0.866355	-0.000660776	1	
-0.866356	-0.000648578	1	
-0.866357	-0.000628451	1	
-0.866358	-0.000618146	1	
-0.86636	-0.000614896	1	
-0.866361	-0.000607667	1	
-0.866362	-0.000607271	1	
-0.866363	-0.000612175	1	
-0.866365	-0.000624426	1	
-0.866366	-0.000623294	1	
-0.866367	-0.000637067	1	
-0.866368	-0.000642761	1	
-0.86637	-0.000651584	1	
-0.866371	-0.000673072	1	
-0.866372	-0.000687732	1	
-0.866374	-0.000697564	1	
-0.866375	-0.000699761	1	
-0.866377	-0.000705324	1	
-0.866378	-0.000711805	1	
-0.866379	-0.000726877	1	
-0.866381	-0.000730499	1	
-0.866382	-0.00072217	1	
-0.866384	-0.000733098	1	
-0.866385	-0.000729985	1	
-0.866387	-0.000731398	1	
-0.866388	-0.00071807	1	
-0.86639	-0.000706051	1	
-0.866391	-0.000701075	1	
-0.866392	-0.000695983	1	
-0.866394	-0.000680288	1	
-0.866395	-0.000677422	1	
-0.866396	-0.000674392	1	
-0.866398	-0.000680329	1	
-0.866399	-0.000677953	1	
-0.8664	-0.000660737	1	
-0.866402	-0.000664745	1	
-0.866403	-0.000657536	1	
-0.866404	-0.000653863	1	
-0.866406	-0.000655837	1	
-0.866407	-0.000659785	1	
-0.866408	-0.000647432	1	
-0.86641	-0.000631762	1	
-0.866411	-0.000617841	1	
-0.866412	-0.000617098	1	
-0.866413	-0.00061178	1	
-0.866414	-0.000592795	1	
-0.866416	-0.000584911	1	
-0.866417	-0.000567197	1	
-0.866418	-0.000554147	1	
-0.866419	-0.000548467	1	
-0.86642	-0.000530956	1	
-0.866421	-0.000513402	1	
-0.866422	-0.000482403	1	
-0.866423	-0.000473107	1	
-0.866424	-0.000448772	1	
-0.866425	-0.000426601	1	
-0.866426	-0.000414887	1	
-0.866426	-0.000398968	1	
-0.866427	-0.000388276	1	
-0.866428	-0.000372442	1	
-0.866429	-0.000359863	1	
-0.866429	-0.000347419	1	
-0.86643	-0.000336717	1	
-0.866431	-0.000315425	1	
-0.866431	-0.000299255	1	
-0.866432	-0.000278068	1	
-0.866432	-0.000268285	1	
-0.866433	-0.000244287	1	
-0.866433	-0.0002335	1	
-0.866434	-0.000223406	1	
-0.866434	-0.000210262	1	
-0.866435	-0.00019727	1	
-0.866435	-0.000176956	1	
-0.866435	-0.000159969	1	
-0.866436	-0.000159124	1	
-0.866436	-0.000158707	1	
-0.866436	-0.000156543	1	
-0.866436	-0.000153675	1	
-0.866437	-0.000161443	1	
-0.866437	-0.000173737	1	
-0.866437	-0.000168321	1	
-0.866438	-0.000165071	1	
-0.866438	-0.000177426	1	
-0.866439	-0.00018912	1	
-0.866439	-0.000205973	1	
-0.866439	-0.000217353	1	
-0.86644	-0.000228973	1	
-0.86644	-0.000251159	1	
-0.866441	-0.000260662	1	
-0.866441	-0.000260661	1	
-0.866442	-0.000277131	1	
-0.866443	-0.000288632	1	
-0.866443	-0.000305082	1	
-0.866444	-0.00031539	1	
-0.866444	-0.000320892	1	
-0.866445	-0.000322657	1	
-0.866446	-0.000315386	1	
-0.866446	-0.00033282	1	
-0.866447	-0.00034367	1	
-0.866448	-0.000346532	1	
-0.866448	-0.000355483	1	
-0.866449	-0.000369931	1	
-0.86645	-0.000387613	1	
-0.866451	-0.000401537	1	
-0.866452	-0.000418979	1	
-0.866452	-0.00043919	1	
-0.866453	-0.000458895	1	
-0.866454	-0.000470523	1	
-0.866455	-0.000488841	1	
-0.866456	-0.000499172	1	
-0.866457	-0.000516789	1	
-0.866458	-0.000535628	1	
-0.866459	-0.000540113	1	
-0.866461	-0.000553304	1	
-0.866462	-0.000559194	1	
-0.866463	-0.000566402	1	
-0.866464	-0.000583014	1	
-0.866465	-0.000595179	1	
-0.866466	-0.00060371	1	
-0.866468	-0.000615316	1	
-0.866469	-0.000629523	1	
-0.86647	-0.000642822	1	
-0.866471	-0.000648108	1	
-0.866473	-0.000641175	1	
-0.866474	-0.00065061	1	
-0.866475	-0.000647107	1	
-0.866477	-0.000643541	1	
-0.866478	-0.000635847	1	
-0.866479	-0.000625038	1	
-0.86648	-0.000621353	1	
-0.866482	-0.000607982	1	
-0.866483	-0.00059302	1	
-0.866484	-0.000586763	1	
-0.866485	-0.000585188	1	
-0.866486	-0.000579475	1	
-0.866487	-0.000570623	1	
-0.866489	-0.000559425	1	
-0.86649	-0.00055652	1	
-0.866491	-0.000541083	1	
-0.866492	-0.000523039	1	
-0.866493	-0.000505136	1	
-0.866494	-0.000487479	1	
-0.866495	-0.000480161	1	
-0.866496	-0.000464377	1	
-0.866497	-0.00043961	1	
-0.866497	-0.000417177	1	
-0.866498	-0.000401099	1	
-0.866499	-0.000385646	1	
-0.8665	-0.000370792	1	
-0.8665	-0.000356514	1	
-0.866501	-0.000334183	1	
-0.866502	-0.000317737	1	
-0.866502	-0.000321789	1	
-0.866503	-0.000313299	1	
-0.866504	-0.00031349	1	
-0.866504	-0.00031198	1	
-0.866505	-0.000317551	1	
-0.866506	-0.000303969	1	
-0.866506	-0.000291184	1	
-0.866507	-0.000289123	1	
-0.866507	-0.000285314	1	
-0.866508	-0.000280189	1	
-0.866508	-0.000268335	1	
-0.866509	-0.000262909	1	
-0.866509	-0.000260394	1	
-0.86651	-0.000256456	1	
-0.86651	-0.000251453	1	
-0.866511	-0.000245671	1	
-0.866511	-0.000239334	1	
-0.866512	-0.000232618	1	
-0.866512	-0.000225662	1	
-0.866513	-0.00022846	1	
-0.866513	-0.000228855	1	
-0.866514	-0.000221643	1	
-0.866514	-0.00021439	1	
-0.866514	-0.000207162	1	
-0.866515	-0.000200009	1	
-0.866515	-0.000202851	1	
-0.866516	-0.000197593	1	
-0.866516	-0.000197913	1	
-0.866516	-0.000190752	1	
-0.866517	-0.000182068	1	
-0.866517	-0.000185107	1	
-0.866518	-0.000195457	1	
-0.866518	-0.000201914	1	
-0.866518	-0.00020015	1	
-0.866519	-0.000206792	1	
-0.866519	-0.000210311	1	
-0.86652	-0.000221411	1	
-0.86652	-0.000237485	1	
-0.866521	-0.000248022	1	
-0.866521	-0.00025422	1	
-0.866522	-0.000266846	1	
-0.866522	-0.000282169	1	
-0.866523	-0.000287287	1	
-0.866523	-0.00029764	1	
-0.866524	-0.000313976	1	
-0.866525	-0.000323001	1	
-0.866525	-0.000328585	1	
-0.866526	-0.000324193	1	
-0.866527	-0.000336311	1	
-0.866527	-0.000344299	1	
-0.866528	-0.000346542	1	
-0.866529	-0.00034155	1	
-0.866529	-0.000353073	1	
-0.86653	-0.000360474	1	
-0.866531	-0.000362141	1	
-0.866532	-0.000354885	1	
-0.866532	-0.00036544	1	
-0.866533	-0.000365829	1	
-0.866534	-0.000364288	1	
-0.866535	-0.000368858	1	
-0.866535	-0.000364777	1	
-0.866536	-0.000371012	1	
-0.866537	-0.000382387	1	
-0.866538	-0.000399146	1	
-0.866538	-0.000407269	1	
-0.866539	-0.000419716	1	
-0.86654	-0.000430438	1	
-0.866541	-0.000436624	1	
-0.866542	-0.00045028	1	
-0.866543	-0.000461072	1	
-0.866544	-0.000475504	1	
-0.866545	-0.000480817	1	
-0.866546	-0.000490252	1	
-0.866547	-0.000498001	1	
-0.866548	-0.000513003	1	
-0.866549	-0.000520596	1	
-0.86655	-0.000516551	1	
-0.866551	-0.000513086	1	
-0.866552	-0.000506474	1	
-0.866553	-0.000510875	1	
-0.866554	-0.000504172	1	
-0.866555	-0.000505146	1	
-0.866556	-0.000505629	1	
-0.866557	-0.000496358	1	
-0.866558	-0.000479978	1	
-0.866559	-0.000463685	1	
-0.86656	-0.000447586	1	
-0.86656	-0.000435404	1	
-0.866561	-0.000416583	1	
-0.866562	-0.000402418	1	
-0.866563	-0.000398438	1	
-0.866564	-0.000392311	1	
-0.866564	-0.000382295	1	
-0.866565	-0.000371649	1	
-0.866566	-0.000354718	1	
-0.866567	-0.000358884	1	
-0.866567	-0.000352591	1	
-0.866568	-0.000345037	1	
-0.866569	-0.000350275	1	
-0.866569	-0.000345854	1	
-0.86657	-0.000344223	1	
-0.866571	-0.000349849	1	
-0.866572	-0.000351485	1	
-0.866572	-0.000353785	1	
-0.866573	-0.000352833	1	
-0.866574	-0.000349387	1	
-0.866574	-0.000361727	1	
-0.866575	-0.000368437	1	
-0.866576	-0.000374231	1	
-0.866577	-0.000375809	1	
-0.866577	-0.000387232	1	
-0.866578	-0.000402795	1	
-0.866579	-0.00040521	1	
-0.86658	-0.000407565	1	
-0.866581	-0.00042565	1	
-0.866581	-0.000436287	1	
-0.866582	-0.000445335	1	
-0.866583	-0.000443114	1	
-0.866584	-0.000460978	1	
-0.866585	-0.000471174	1	
-0.866586	-0.000484916	1	
-0.866587	-0.000505173	1	
-0.866588	-0.000526749	1	
-0.866589	-0.000546102	1	
-0.86659	-0.000572467	1	
-0.866592	-0.000591577	1	
-0.866593	-0.000625314	1	
-0.866594	-0.000664893	1	
-0.866596	-0.000703864	1	
-0.866597	-0.000738495	1	
-0.866599	-0.000772306	1	
-0.8666	-0.000802251	1	
-0.866602	-0.000829052	1	
-0.866604	-0.000838131	1	
-0.866605	-0.000851973	1	
-0.866607	-0.000865577	1	
-0.866609	-0.000888917	1	
-0.866611	-0.000913159	1	
-0.866612	-0.000943716	1	
-0.866614	-0.00095978	1	
-0.866616	-0.00098546	1	
-0.866618	-0.00100113	1	
-0.86662	-0.00100956	1	
-0.866622	-0.00102748	1	
-0.866625	-0.00103726	1	
-0.866627	-0.00106943	1	
-0.866629	-0.0010861	1	
-0.866631	-0.00111687	1	
-0.866633	-0.00116109	1	
-0.866636	-0.00118702	1	
-0.866638	-0.00121934	1	
-0.866641	-0.00125937	1	
-0.866643	-0.00128866	1	
-0.866646	-0.00132853	1	
-0.866649	-0.00135426	1	
-0.866651	-0.00137678	1	
-0.866654	-0.00140724	1	
-0.866657	-0.00143211	1	
-0.86666	-0.0014391	1	
-0.866663	-0.00145418	1	
-0.866666	-0.0014514	1	
-0.866669	-0.00146149	1	
-0.866672	-0.00145896	1	
-0.866675	-0.00144398	1	
-0.866677	-0.00143451	1	
-0.86668	-0.00142059	1	
-0.866683	-0.00141836	1	
-0.866686	-0.00140515	1	
-0.866689	-0.00138716	1	
-0.866691	-0.00137336	1	
-0.866694	-0.00136323	1	
-0.866697	-0.00135784	1	
-0.8667	-0.00134388	1	
-0.866702	-0.00133657	1	
-0.866705	-0.00132536	1	
-0.866708	-0.00131642	1	
-0.86671	-0.00131859	1	
-0.866713	-0.00130132	1	
-0.866715	-0.0012919	1	
-0.866718	-0.00126594	1	
-0.86672	-0.00124623	1	
-0.866723	-0.00122574	1	
-0.866725	-0.00121054	1	
-0.866728	-0.00118354	1	
-0.86673	-0.00116049	1	
-0.866732	-0.00112784	1	
-0.866734	-0.00109455	1	
-0.866736	-0.00106053	1	
-0.866738	-0.00102141	1	
-0.86674	-0.000989209	1	
-0.866742	-0.000961528	1	
-0.866744	-0.000923352	1	
-0.866746	-0.000896369	1	
-0.866748	-0.000850448	1	
-0.866749	-0.000827811	1	
-0.866751	-0.000785759	1	
-0.866753	-0.000756726	1	
-0.866754	-0.00072953	1	
-0.866755	-0.000702998	1	
-0.866757	-0.000668268	1	
-0.866758	-0.000636411	1	
-0.866759	-0.000611135	1	
-0.86676	-0.000577819	1	
-0.866761	-0.000547746	1	
-0.866762	-0.0005204	1	
-0.866763	-0.000486444	1	
-0.866764	-0.000465882	1	
-0.866765	-0.000456245	1	
-0.866766	-0.000435558	1	
-0.866767	-0.000411841	1	
-0.866768	-0.000390796	1	
-0.866769	-0.000380791	1	
-0.866769	-0.000361696	1	
-0.86677	-0.000344225	1	
-0.866771	-0.000328138	1	
-0.866771	-0.00030432	1	
-0.866772	-0.000287404	1	
-0.866772	-0.000291141	1	
-0.866773	-0.000273774	1	
-0.866773	-0.000267393	1	
-0.866774	-0.000260427	1	
-0.866774	-0.000244146	1	
-0.866775	-0.000223991	1	
-0.866775	-0.000225832	1	
-0.866776	-0.00022551	1	
-0.866776	-0.000223528	1	
-0.866777	-0.000220284	1	
-0.866777	-0.000207045	1	
-0.866778	-0.000205148	1	
-0.866778	-0.000205856	1	
-0.866778	-0.000204817	1	
-0.866779	-0.000202442	1	
-0.866779	-0.000208487	1	
-0.86678	-0.000211534	1	
-0.86678	-0.00021225	1	
-0.86678	-0.000211168	1	
-0.866781	-0.000208712	1	
-0.866781	-0.000215221	1	
-0.866782	-0.000218572	1	
-0.866782	-0.000219468	1	
-0.866783	-0.000212463	1	
-0.866783	-0.000211446	1	
-0.866783	-0.000213632	1	
-0.866784	-0.000217538	1	
-0.866784	-0.000218869	1	
-0.866785	-0.000224217	1	
-0.866785	-0.000220599	1	
-0.866786	-0.000216118	1	
-0.866786	-0.000220497	1	
-0.866787	-0.000225915	1	
-0.866787	-0.000237771	1	
-0.866787	-0.000245063	1	
-0.866788	-0.000248786	1	
-0.866789	-0.000259224	1	
-0.866789	-0.000265259	1	
-0.86679	-0.000267861	1	
-0.86679	-0.000277675	1	
-0.866791	-0.000286704	1	
-0.866791	-0.000301036	1	
-0.866792	-0.000300702	1	
-0.866793	-0.000298132	1	
-0.866793	-0.000293861	1	
-0.866794	-0.000288316	1	
-0.866794	-0.0002853	1	
-0.866795	-0.000280786	1	
-0.866795	-0.000269981	1	
-0.866796	-0.000274123	1	
-0.866796	-0.000279582	1	
-0.866797	-0.000273162	1	
-0.866798	-0.00026942	1	
-0.866798	-0.000264469	1	
-0.866799	-0.000257413	1	
-0.866799	-0.000254833	1	
-0.8668	-0.0002421	1	
-0.8668	-0.000253695	1	
-0.866801	-0.000260663	1	
-0.866801	-0.000275904	1	
-0.866802	-0.000286271	1	
-0.866802	-0.000301805	1	
-0.866803	-0.000334126	1	
-0.866804	-0.000356418	1	
-0.866804	-0.00036721	1	
-0.866805	-0.000383655	1	
-0.866806	-0.000403109	1	
-0.866807	-0.000428143	1	
-0.866808	-0.000444107	1	
-0.866809	-0.00046089	1	
-0.86681	-0.000475429	1	
-0.866811	-0.000477781	1	
-0.866812	-0.000489361	1	
-0.866813	-0.000502772	1	
-0.866814	-0.000495508	1	
-0.866815	-0.00049799	1	
-0.866816	-0.000497554	1	
-0.866817	-0.000505074	1	
-0.866818	-0.00050902	1	
-0.866819	-0.000510671	1	
-0.86682	-0.000511624	1	
-0.866821	-0.000509934	1	
-0.866822	-0.000506965	1	
-0.866823	-0.000513974	1	
-0.866824	-0.000516498	1	
-0.866825	-0.000521398	1	
-0.866826	-0.000530778	1	
-0.866827	-0.00054672	1	
-0.866828	-0.000565442	1	
-0.866829	-0.000588576	1	
-0.86683	-0.000611463	1	
-0.866832	-0.000647002	1	
-0.866833	-0.00066431	1	
-0.866834	-0.000690938	1	
-0.866836	-0.000723672	1	
-0.866837	-0.000752474	1	
-0.866839	-0.000801808	1	
-0.866841	-0.000842923	1	
-0.866842	-0.000882052	1	
-0.866844	-0.000912431	1	
-0.866846	-0.000938784	1	
-0.866848	-0.000958865	1	
-0.86685	-0.000977224	1	
-0.866852	-0.00098169	1	
-0.866854	-0.00100065	1	
-0.866856	-0.000998485	1	
-0.866858	-0.00100629	1	
-0.86686	-0.000995642	1	
-0.866862	-0.000987108	1	
-0.866864	-0.000977772	1	
-0.866866	-0.000966926	1	
-0.866868	-0.000955133	1	
-0.86687	-0.000970668	1	
-0.866872	-0.000960223	1	
-0.866874	-0.000974028	1	
-0.866876	-0.000980602	1	
-0.866877	-0.000991965	1	
-0.86688	-0.00101213	1	
-0.866882	-0.00103945	1	
-0.866884	-0.0010511	1	
-0.866886	-0.00108035	1	
-0.866888	-0.00111742	1	
-0.86689	-0.00115653	1	
-0.866893	-0.00118568	1	
-0.866895	-0.00120899	1	
-0.866898	-0.00123065	1	
-0.8669	-0.00125141	1	
-0.866903	-0.00126245	1	
-0.866905	-0.00127122	1	
-0.866908	-0.00127257	1	
-0.86691	-0.00126464	1	
-0.866913	-0.00125294	1	
-0.866915	-0.00123899	1	
-0.866918	-0.0012286	1	
-0.86692	-0.0012154	1	
-0.866923	-0.00119685	1	
-0.866925	-0.00117762	1	
-0.866927	-0.00115776	1	
-0.86693	-0.0011284	1	
-0.866932	-0.00110756	1	
-0.866934	-0.00109243	1	
-0.866936	-0.00107721	1	
-0.866938	-0.00105804	1	
-0.86694	-0.0010446	1	
-0.866942	-0.00103939	1	
-0.866944	-0.00102834	1	
-0.866946	-0.00101192	1	
-0.866948	-0.000995636	1	
-0.86695	-0.00098421	1	
-0.866952	-0.000963202	1	
-0.866954	-0.000949626	1	
-0.866956	-0.000931877	1	
-0.866958	-0.000912141	1	
-0.86696	-0.000909256	1	
-0.866962	-0.000890719	1	
-0.866963	-0.000877708	1	
-0.866965	-0.000871587	1	
-0.866967	-0.000860173	1	
-0.866968	-0.000830703	1	
-0.86697	-0.000801644	1	
-0.866972	-0.000786722	1	
-0.866973	-0.000760284	1	
-0.866975	-0.000734099	1	
-0.866976	-0.000692952	1	
-0.866977	-0.00065597	1	
-0.866978	-0.000613308	1	
-0.86698	-0.000584544	1	
-0.866981	-0.000544935	1	
-0.866982	-0.000515574	1	
-0.866983	-0.000473714	1	
-0.866984	-0.000438965	1	
-0.866984	-0.000407763	1	
-0.866985	-0.000372676	1	
-0.866986	-0.000352244	1	
-0.866987	-0.000333817	1	
-0.866987	-0.000315979	1	
-0.866988	-0.000295176	1	
-0.866988	-0.000281554	1	
-0.866989	-0.000274257	1	
-0.866989	-0.000266535	1	
-0.86699	-0.00025732	1	
-0.86699	-0.000259345	1	
-0.866991	-0.00026701	1	
-0.866992	-0.00026329	1	
-0.866992	-0.000257181	1	
-0.866993	-0.000251726	1	
-0.866993	-0.000245593	1	
-0.866993	-0.00024137	1	
-0.866994	-0.000247486	1	
-0.866995	-0.000246145	1	
-0.866995	-0.000248048	1	
-0.866995	-0.000246382	1	
-0.866996	-0.000243205	1	
-0.866996	-0.000238891	1	
-0.866997	-0.000233734	1	
-0.866997	-0.000229192	1	
-0.866998	-0.000222713	1	
-0.866998	-0.000217238	1	
-0.866999	-0.000220001	1	
-0.866999	-0.000221658	1	
-0.867	-0.000220004	1	
-0.867	-0.000207551	1	
-0.867	-0.000215413	1	
-0.867001	-0.000210634	1	
-0.867001	-0.000215205	1	
-0.867002	-0.000217066	1	
-0.867002	-0.000218051	1	
-0.867003	-0.000215908	1	
-0.867003	-0.000216145	1	
-0.867003	-0.0002184	1	
-0.867004	-0.000218454	1	
-0.867004	-0.000216815	1	
-0.867005	-0.000213887	1	
-0.867005	-0.000211213	1	
-0.867006	-0.000206308	1	
-0.867006	-0.000204785	1	
-0.867006	-0.000198201	1	
-0.867007	-0.000204396	1	
-0.867007	-0.000203462	1	
-0.867008	-0.000206518	1	
-0.867008	-0.000201941	1	
-0.867008	-0.000196866	1	
-0.867009	-0.000200352	1	
-0.867009	-0.000196322	1	
-0.86701	-0.000200866	1	
-0.86701	-0.000202817	1	
-0.86701	-0.000202757	1	
-0.867011	-0.000214752	1	
-0.867011	-0.000222327	1	
-0.867012	-0.000226444	1	
-0.867012	-0.000227868	1	
-0.867013	-0.000211332	1	
-0.867013	-0.00021647	1	
-0.867013	-0.000222879	1	
-0.867014	-0.000216088	1	
-0.867014	-0.000228367	1	
-0.867015	-0.000220177	1	
-0.867015	-0.000215914	1	
-0.867016	-0.000210975	1	
-0.867016	-0.000205552	1	
-0.867016	-0.000213267	1	
-0.867017	-0.000217561	1	
-0.867017	-0.000217177	1	
-0.867018	-0.000215072	1	
-0.867018	-0.000205924	1	
-0.867019	-0.000197304	1	
-0.867019	-0.000192884	1	
-0.867019	-0.000188001	1	
-0.86702	-0.000192531	1	
-0.86702	-0.000188255	1	
-0.867021	-0.000193398	1	
-0.867021	-0.000190121	1	
-0.867021	-0.000186125	1	
-0.867022	-0.000191627	1	
-0.867022	-0.000194386	1	
-0.867022	-0.000189514	1	
-0.867023	-0.00019309	1	
-0.867023	-0.000185574	1	
-0.867024	-0.000178364	1	
-0.867024	-0.000171446	1	
-0.867024	-0.000164806	1	
-0.867025	-0.000171487	1	
-0.867025	-0.000181444	1	
-0.867025	-0.000185417	1	
-0.867026	-0.000189338	1	
-0.867026	-0.000188606	1	
-0.867026	-0.000186593	1	
-0.867027	-0.000183608	1	
-0.867027	-0.000174155	1	
-0.867027	-0.000172107	1	
-0.867028	-0.000153732	1	
-0.867028	-0.000148016	1	
-0.867028	-0.00014248	1	
-0.867029	-0.000147123	1	
-0.867029	-0.000159163	1	
-0.867029	-0.00016105	1	
-0.86703	-0.000152092	1	
-0.86703	-0.000147761	1	
-0.86703	-0.000143293	1	
-0.86703	-0.000138753	1	
-0.867031	-0.000143623	1	
-0.867031	-0.000132176	1	
-0.867031	-0.000122354	1	
-0.867032	-0.000113857	1	
-0.867032	-0.000109729	1	
-0.867032	-0.000115333	1	
-0.867032	-0.000103556	1	
-0.867032	-0.000103257	1	
-0.867033	-0.000112233	1	
-0.867033	-0.000121877	1	
-0.867033	-0.000137807	1	
-0.867033	-0.000149	1	
-0.867034	-0.000149536	1	
-0.867034	-0.000159284	1	
-0.867034	-0.000165556	1	
-0.867035	-0.000182711	1	
-0.867035	-0.000194501	1	
-0.867035	-0.000187408	1	
-0.867036	-0.000199583	1	
-0.867036	-0.000191941	1	
-0.867037	-0.000194035	1	
-0.867037	-0.000194152	1	
-0.867037	-0.000178656	1	
-0.867038	-0.000170982	1	
-0.867038	-0.000167866	1	
-0.867038	-0.000154454	1	
-0.867039	-0.000143494	1	
-0.867039	-0.00013738	1	
-0.867039	-0.000134904	1	
-0.867039	-0.000131962	1	
-0.86704	-0.000128683	1	
-0.86704	-0.000134489	1	
-0.86704	-0.000137921	1	
-0.867041	-0.000130579	1	
-0.867041	-0.000123926	1	
-0.867041	-0.000128008	1	
-0.867041	-0.000143209	1	
-0.867042	-0.00014818	1	
-0.867042	-0.000150864	1	
-0.867042	-0.000151768	1	
-0.867042	-0.000142374	1	
-0.867043	-0.000147788	1	
-0.867043	-0.000150816	1	
-0.867043	-0.000161302	1	
-0.867044	-0.000160637	1	
-0.867044	-0.000160096	1	
-0.867044	-0.000157243	1	
-0.867045	-0.000146123	1	
-0.867045	-0.000135239	1	
-0.867045	-0.000127032	1	
-0.867045	-0.000128887	1	
-0.867046	-0.000110049	1	
-0.867046	-0.000115069	1	
-0.867046	-0.000120887	1	
-0.867046	-0.000119441	1	
-0.867047	-0.00011335	1	
-0.867047	-0.000102801	1	
-0.867047	-0.000102581	1	
-0.867047	-9.29364e-05	1	
-0.867047	-9.3489e-05	1	
-0.867048	-9.37558e-05	1	
-0.867048	-9.46679e-05	1	
-0.867048	-9.36077e-05	1	
-0.867048	-9.31057e-05	1	
-0.867048	-9.09697e-05	1	
-0.867049	-7.91277e-05	1	
-0.867049	-8.07686e-05	1	
-0.867049	-7.50285e-05	1	
-0.867049	-7.6937e-05	1	
-0.867049	-6.2117e-05	1	
-0.867049	-6.59354e-05	1	
-0.867049	-5.30597e-05	1	
-0.867049	-5.366e-05	1	
-0.86705	-5.26764e-05	1	
-0.86705	-4.24606e-05	1	
-0.86705	-4.35902e-05	1	
-0.86705	-4.41239e-05	1	
-0.86705	-5.49598e-05	1	
-0.86705	-5.33209e-05	1	
-0.86705	-6.22686e-05	1	
-0.86705	-5.87166e-05	1	
-0.86705	-5.55326e-05	1	
-0.86705	-5.26561e-05	1	
-0.867051	-6.33319e-05	1	
-0.867051	-6.18733e-05	1	
-0.867051	-6.02753e-05	1	
-0.867051	-5.85824e-05	1	
-0.867051	-4.80321e-05	1	
-0.867051	-4.05781e-05	1	
-0.867051	-2.43147e-05	1	
-0.867051	-1.16174e-05	1	
-0.867051	-1.76086e-06	1	
-0.867051	5.83465e-06	1	
-0.867051	2.05613e-05	1	
-0.867051	1.81177e-05	1	
-0.867051	2.48979e-05	1	
-0.867051	2.99219e-05	1	
-0.867051	3.35563e-05	1	
-0.867051	4.51527e-05	1	
-0.867051	4.42828e-05	1	
-0.867051	4.32729e-05	1	
-0.867051	4.81778e-05	1	
-0.86705	5.46255e-05	1	
-0.86705	6.50512e-05	1	
-0.86705	6.897e-05	1	
-0.86705	8.03864e-05	1	
-0.86705	7.86625e-05	1	
-0.86705	6.74603e-05	1	
-0.86705	5.83244e-05	1	
-0.86705	6.00386e-05	1	
-0.867049	6.08953e-05	1	
-0.867049	5.96085e-05	1	
-0.867049	6.49703e-05	1	
-0.867049	6.8595e-05	1	
-0.867049	7.08555e-05	1	
-0.867049	8.09833e-05	1	
-0.867049	7.44038e-05	1	
-0.867048	7.4528e-05	1	
-0.867048	7.70966e-05	1	
-0.867048	8.43672e-05	1	
-0.867048	8.93109e-05	1	
-0.867048	9.24268e-05	1	
-0.867048	9.41127e-05	1	
-0.867047	9.38596e-05	1	
-0.867047	9.29429e-05	1	
-0.867047	9.15228e-05	1	
-0.867047	8.97264e-05	1	
-0.867047	9.31774e-05	1	
-0.867046	9.51152e-05	1	
-0.867046	8.5985e-05	1	
-0.867046	8.72341e-05	1	
-0.867046	8.75239e-05	1	
-0.867046	9.62673e-05	1	
-0.867046	0.000102252	1	
-0.867045	9.66274e-05	1	
-0.867045	0.000109806	1	
-0.867045	9.61665e-05	1	
-0.867045	8.49345e-05	1	
-0.867045	7.56412e-05	1	
-0.867044	7.68461e-05	1	
-0.867044	8.3071e-05	1	
-0.867044	8.13314e-05	1	
-0.867044	8.52565e-05	1	
-0.867044	7.77289e-05	1	
-0.867044	7.13406e-05	1	
-0.867043	6.58777e-05	1	
-0.867043	5.74406e-05	1	
-0.867043	5.42369e-05	1	
-0.867043	5.66917e-05	1	
-0.867043	5.8144e-05	1	
-0.867043	4.89235e-05	1	
-0.867043	4.14546e-05	1	
-0.867043	3.53903e-05	1	
-0.867043	3.9388e-05	1	
-0.867043	3.88792e-05	1	
-0.867043	3.81887e-05	1	
-0.867042	3.73638e-05	1	
-0.867042	3.57894e-05	1	
-0.867042	4.40207e-05	1	
-0.867042	4.02961e-05	1	
-0.867042	4.68389e-05	1	
-0.867042	4.80597e-05	1	
-0.867042	4.86292e-05	1	
-0.867042	4.74624e-05	1	
-0.867042	4.61998e-05	1	
-0.867042	4.1998e-05	1	
-0.867042	4.32216e-05	1	
-0.867042	3.90515e-05	1	
-0.867041	3.55434e-05	1	
-0.867041	3.25714e-05	1	
-0.867041	2.63087e-05	1	
-0.867041	1.70282e-05	1	
-0.867041	3.06953e-06	1	
-0.867041	-7.69151e-06	1	
-0.867041	-1.07268e-05	1	
-0.867041	-1.81624e-05	1	
-0.867041	-1.85592e-05	1	
-0.867041	-3.12101e-05	1	
-0.867042	-4.07015e-05	1	
-0.867042	-3.86238e-05	1	
-0.867042	-3.67285e-05	1	
-0.867042	-4.42578e-05	1	
-0.867042	-4.76753e-05	1	
-0.867042	-6.55886e-05	1	
-0.867042	-8.28196e-05	1	
-0.867042	-9.22605e-05	1	
-0.867043	-9.29236e-05	1	
-0.867043	-9.27188e-05	1	
-0.867043	-9.77374e-05	1	
-0.867043	-9.49568e-05	1	
-0.867043	-0.000102108	1	
-0.867044	-0.000116092	1	
-0.867044	-0.000116687	1	
-0.867044	-0.000129559	1	
-0.867044	-0.000138464	1	
-0.867045	-0.000144249	1	
-0.867045	-0.000156581	1	
-0.867045	-0.000174623	1	
-0.867046	-0.000178353	1	
-0.867046	-0.000198367	1	
-0.867046	-0.000207158	1	
-0.867047	-0.000221634	1	
-0.867047	-0.0002246	1	
-0.867048	-0.00024119	1	
-0.867048	-0.000246595	1	
-0.867049	-0.000248856	1	
-0.867049	-0.000254698	1	
-0.86705	-0.000251215	1	
-0.86705	-0.000259636	1	
-0.867051	-0.000273559	1	
-0.867051	-0.000273676	1	
-0.867052	-0.000271661	1	
-0.867052	-0.000277008	1	
-0.867053	-0.00028888	1	
-0.867054	-0.000309094	1	
-0.867054	-0.000322267	1	
-0.867055	-0.000320985	1	
-0.867056	-0.000326831	1	
-0.867056	-0.000329769	1	
-0.867057	-0.000329492	1	
-0.867058	-0.000330965	1	
-0.867058	-0.000330507	1	
-0.867059	-0.000307809	1	
-0.867059	-0.000262821	1	
-0.86706	-0.0002083	1	
-0.86706	-0.000174987	1	
-0.86706	-0.000149099	1	
-0.867061	-0.000132591	1	
-0.867061	-0.000109925	1	
-0.867061	-0.000100535	1	
-0.867061	-8.45476e-05	1	
-0.867061	-7.15996e-05	1	
-0.867062	-7.54311e-05	1	
-0.867062	-6.76316e-05	1	
-0.867062	-5.3249e-05	1	
-0.867062	-3.26944e-05	1	
-0.867062	-2.68826e-05	1	
-0.867062	-1.33823e-05	1	
-0.867062	3.95339e-06	1	
-0.867062	1.51504e-05	1	
-0.867062	3.42238e-05	1	
-0.867062	5.51447e-05	1	
-0.867062	8.0927e-05	1	
-0.867061	0.000103839	1	
-0.867061	0.000138851	1	
-0.867061	0.000170437	1	
-0.86706	0.000201345	1	
-0.86706	0.000248058	1	
-0.867059	0.000289925	1	
-0.867059	0.000324307	1	
-0.867058	0.000360717	1	
-0.867057	0.000407491	1	
-0.867056	0.000473699	1	
-0.867055	0.000538049	1	
-0.867054	0.000601773	1	
-0.867053	0.000685436	1	
-0.867051	0.000790983	1	
-0.867049	0.000892328	1	
-0.867047	0.00100722	1	
-0.867045	0.00113179	1	
-0.867042	0.00126129	1	
-0.86704	0.00139673	1	
-0.867037	0.00151055	1	
-0.867033	0.0016129	1	
-0.86703	0.00169594	1	
-0.867026	0.00178278	1	
-0.867023	0.00185234	1	
-0.867019	0.00191543	1	
-0.867015	0.00197677	1	
-0.867011	0.00202576	1	
-0.867007	0.00208108	1	
-0.867002	0.00212417	1	
-0.866998	0.00215982	1	
-0.866994	0.00218822	1	
-0.866989	0.0022113	1	
-0.866985	0.00223531	1	
-0.86698	0.00225467	1	
-0.866976	0.00227959	1	
-0.866971	0.00230293	1	
-0.866967	0.00233189	1	
-0.866962	0.00237286	1	
-0.866957	0.00241308	1	
-0.866952	0.00243973	1	
-0.866947	0.00246907	1	
-0.866942	0.00249124	1	
-0.866937	0.00249449	1	
-0.866932	0.00248691	1	
-0.866927	0.00246194	1	
-0.866922	0.0024293	1	
-0.866918	0.00239446	1	
-0.866913	0.00234842	1	
-0.866908	0.00229121	1	
-0.866904	0.0022388	1	
-0.866899	0.00217799	1	
-0.866895	0.00211874	1	
-0.866891	0.00206743	1	
-0.866887	0.00200461	1	
-0.866883	0.00194996	1	
-0.866879	0.00189854	1	
-0.866876	0.00184066	1	
-0.866872	0.00179678	1	
-0.866869	0.00174388	1	
-0.866865	0.00169827	1	
-0.866862	0.00165562	1	
-0.866859	0.00160052	1	
-0.866856	0.00155491	1	
-0.866853	0.00149831	1	
-0.86685	0.00144892	1	
-0.866847	0.00139078	1	
-0.866844	0.00134444	1	
-0.866842	0.00129846	1	
-0.866839	0.00126244	1	
-0.866837	0.00121126	1	
-0.866834	0.00116258	1	
-0.866832	0.00112527	1	
-0.86683	0.00108791	1	
-0.866828	0.00106002	1	
-0.866826	0.00103041	1	
-0.866824	0.00100879	1	
-0.866822	0.000980677	1	
-0.86682	0.000960921	1	
-0.866818	0.000947281	1	
-0.866816	0.000929502	1	
-0.866814	0.000918022	1	
-0.866813	0.000911414	1	
-0.866811	0.000899117	1	
-0.866809	0.000879016	1	
-0.866807	0.000856792	1	
-0.866806	0.000842186	1	
-0.866804	0.000824473	1	
-0.866802	0.000813719	1	
-0.866801	0.000799187	1	
-0.866799	0.000781861	1	
-0.866798	0.000762184	1	
-0.866796	0.000741184	1	
-0.866795	0.000724817	1	
-0.866793	0.000696962	1	
-0.866792	0.000679387	1	
-0.866791	0.000660642	1	
-0.866789	0.000641141	1	
-0.866788	0.00063029	1	
-0.866787	0.000613077	1	
-0.866786	0.00059512	1	
-0.866784	0.00058068	1	
-0.866783	0.000561131	1	
-0.866782	0.000536065	1	
-0.866781	0.000518371	1	
-0.86678	0.000499817	1	
-0.866779	0.00047784	1	
-0.866778	0.00045726	1	
-0.866777	0.000432174	1	
-0.866777	0.000414816	1	
-0.866776	0.000388686	1	
-0.866775	0.000374226	1	
-0.866774	0.000354962	1	
-0.866774	0.000342675	1	
-0.866773	0.000324503	1	
-0.866772	0.000313738	1	
-0.866772	0.000312123	1	
-0.866771	0.000299201	1	
-0.866771	0.00029604	1	
-0.86677	0.0002823	1	
-0.86677	0.000264354	1	
-0.866769	0.000258476	1	
-0.866769	0.000242007	1	
-0.866768	0.000236689	1	
-0.866768	0.000227051	1	
-0.866767	0.000208613	1	
-0.866767	0.000211184	1	
-0.866766	0.000202259	1	
-0.866766	0.000193838	1	
-0.866766	0.000191092	1	
-0.866765	0.000177958	1	
-0.866765	0.000156317	1	
-0.866765	0.00014813	1	
-0.866764	0.000131417	1	
-0.866764	0.000113823	1	
-0.866764	9.94143e-05	1	
-0.866764	7.69281e-05	1	
-0.866764	5.00408e-05	1	
-0.866764	2.89734e-05	1	
-0.866764	8.65893e-06	1	
-0.866764	-1.72029e-05	1	
-0.866764	-3.71551e-05	1	
-0.866764	-6.52139e-05	1	
-0.866764	-9.56972e-05	1	
-0.866764	-0.000119233	1	
-0.866765	-0.000140014	1	
-0.866765	-0.000155517	1	
-0.866765	-0.00017592	1	
-0.866766	-0.000193539	1	
-0.866766	-0.000196389	1	
-0.866766	-0.000206744	1	
-0.866767	-0.000223156	1	
-0.866767	-0.000233974	1	
-0.866768	-0.000244222	1	
-0.866768	-0.000241012	1	
-0.866769	-0.000236689	1	
-0.866769	-0.000241215	1	
-0.86677	-0.000233492	1	
-0.86677	-0.000238003	1	
-0.866771	-0.000250515	1	
-0.866771	-0.00024913	1	
-0.866772	-0.000246148	1	
-0.866772	-0.000251224	1	
-0.866773	-0.00024784	1	
-0.866773	-0.000253501	1	
-0.866774	-0.000263522	1	
-0.866774	-0.000261635	1	
-0.866775	-0.000261764	1	
-0.866775	-0.000269345	1	
-0.866776	-0.000283275	1	
-0.866776	-0.000286455	1	
-0.866777	-0.000286698	1	
-0.866778	-0.000296194	1	
-0.866778	-0.00030242	1	
-0.866779	-0.000304189	1	
-0.86678	-0.000317672	1	
-0.86678	-0.0003244	1	
-0.866781	-0.000327079	1	
-0.866781	-0.000318609	1	
-0.866782	-0.000321756	1	
-0.866783	-0.000323352	1	
-0.866783	-0.000320442	1	
-0.866784	-0.000308306	1	
-0.866785	-0.000295082	1	
-0.866785	-0.000292677	1	
-0.866786	-0.000290226	1	
-0.866786	-0.000284458	1	
-0.866787	-0.000270401	1	
-0.866787	-0.000256439	1	
-0.866788	-0.000244796	1	
-0.866788	-0.000232887	1	
-0.866789	-0.000233174	1	
-0.866789	-0.000220736	1	
-0.86679	-0.000210988	1	
-0.86679	-0.000204571	1	
-0.86679	-0.000193839	1	
-0.866791	-0.000194558	1	
-0.866791	-0.000192414	1	
-0.866792	-0.000190485	1	
-0.866792	-0.000196371	1	
-0.866792	-0.000190441	1	
-0.866793	-0.000184414	1	
-0.866793	-0.000172117	1	
-0.866793	-0.000167576	1	
-0.866794	-0.000186093	1	
-0.866794	-0.000198905	1	
-0.866795	-0.00020723	1	
-0.866795	-0.00020535	1	
-0.866795	-0.000218411	1	
-0.866796	-0.000236636	1	
-0.866796	-0.000239624	1	
-0.866797	-0.000249341	1	
-0.866797	-0.000256095	1	
-0.866798	-0.000268431	1	
-0.866798	-0.000266777	1	
-0.866799	-0.000256488	1	
-0.866799	-0.000253565	1	
-0.8668	-0.000242401	1	
-0.8668	-0.000242117	1	
-0.866801	-0.000246907	1	
-0.866801	-0.000241728	1	
-0.866802	-0.000242849	1	
-0.866802	-0.000245321	1	
-0.866803	-0.000245335	1	
-0.866803	-0.000253292	1	
-0.866804	-0.000261522	1	
-0.866804	-0.000262739	1	
-0.866805	-0.000261653	1	
-0.866805	-0.00026215	1	
-0.866806	-0.000276422	1	
-0.866807	-0.000279035	1	
-0.866807	-0.000283437	1	
-0.866808	-0.000291606	1	
-0.866808	-0.000295646	1	
-0.866809	-0.000289517	1	
-0.86681	-0.000292882	1	
-0.86681	-0.000296493	1	
-0.866811	-0.000288046	1	
-0.866811	-0.000288593	1	
-0.866812	-0.000296826	1	
-0.866812	-0.000300876	1	
-0.866813	-0.000301676	1	
-0.866814	-0.000303563	1	
-0.866814	-0.000312843	1	
-0.866815	-0.0003179	1	
-0.866816	-0.000319345	1	
-0.866816	-0.000327715	1	
-0.866817	-0.000331632	1	
-0.866818	-0.000335686	1	
-0.866818	-0.000336222	1	
-0.866819	-0.000335003	1	
-0.86682	-0.000331488	1	
-0.86682	-0.000326234	1	
-0.866821	-0.000319684	1	
-0.866822	-0.000321578	1	
-0.866822	-0.000321516	1	
-0.866823	-0.000318995	1	
-0.866823	-0.000323677	1	
-0.866824	-0.000315714	1	
-0.866825	-0.000297951	1	
-0.866825	-0.000292159	1	
-0.866826	-0.000288732	1	
-0.866826	-0.000283874	1	
-0.866827	-0.000269011	1	
-0.866827	-0.000255508	1	
-0.866828	-0.000253187	1	
-0.866828	-0.000258987	1	
-0.866829	-0.000261456	1	
-0.86683	-0.000252268	1	
-0.86683	-0.000256882	1	
-0.866831	-0.000258456	1	
-0.866831	-0.000257678	1	
-0.866832	-0.000264488	1	
-0.866832	-0.000267692	1	
-0.866833	-0.000268098	1	
-0.866833	-0.000275929	1	
-0.866834	-0.00027983	1	
-0.866834	-0.000290342	1	
-0.866835	-0.000281728	1	
-0.866835	-0.000281918	1	
-0.866836	-0.000279896	1	
-0.866837	-0.000276187	1	
-0.866837	-0.000275665	1	
-0.866838	-0.00027885	1	
-0.866838	-0.000273447	1	
-0.866839	-0.000272896	1	
-0.866839	-0.000264665	1	
-0.86684	-0.000259888	1	
-0.86684	-0.000254215	1	
-0.866841	-0.000247895	1	
-0.866841	-0.000250517	1	
-0.866842	-0.000251379	1	
-0.866842	-0.000250158	1	
-0.866843	-0.000247295	1	
-0.866843	-0.000237349	1	
-0.866844	-0.000237437	1	
-0.866844	-0.000229837	1	
-0.866845	-0.000237645	1	
-0.866845	-0.000241823	1	
-0.866846	-0.000243177	1	
-0.866846	-0.000242348	1	
-0.866847	-0.000234006	1	
-0.866847	-0.000217161	1	
-0.866847	-0.000208374	1	
-0.866848	-0.000213449	1	
-0.866848	-0.00021571	1	
-0.866849	-0.000225729	1	
-0.866849	-0.000225726	1	
-0.86685	-0.00022996	1	
-0.86685	-0.000225476	1	
-0.866851	-0.000221379	1	
-0.866851	-0.000231073	1	
-0.866852	-0.000222204	1	
-0.866852	-0.000231944	1	
-0.866852	-0.000228089	1	
-0.866853	-0.000226959	1	
-0.866853	-0.000239672	1	
-0.866854	-0.000242442	1	
-0.866854	-0.000252195	1	
-0.866855	-0.000239062	1	
-0.866855	-0.000236609	1	
-0.866856	-0.000232902	1	
-0.866856	-0.000238288	1	
-0.866857	-0.000240598	1	
-0.866857	-0.000240524	1	
-0.866858	-0.000238617	1	
-0.866858	-0.000238589	1	
-0.866859	-0.000236732	1	
-0.866859	-0.000243511	1	
-0.86686	-0.000246852	1	
-0.86686	-0.000238582	1	
-0.866861	-0.000230386	1	
-0.866861	-0.000222309	1	
-0.866861	-0.000224546	1	
-0.866862	-0.000224539	1	
-0.866862	-0.000222807	1	
-0.866863	-0.000201066	1	
-0.866863	-0.000182795	1	
-0.866863	-0.000176915	1	
-0.866864	-0.00017103	1	
-0.866864	-0.000165188	1	
-0.866864	-0.000159423	1	
-0.866865	-0.000153762	1	
-0.866865	-0.000148225	1	
-0.866865	-0.000152985	1	
-0.866866	-0.00015547	1	
-0.866866	-0.000156185	1	
-0.866866	-0.000155534	1	
-0.866867	-0.000144631	1	
-0.866867	-0.000135132	1	
-0.866867	-0.000126786	1	
-0.866867	-0.00011939	1	
-0.866868	-0.000112783	1	
-0.866868	-0.000106833	1	
-0.866868	-0.000111239	1	
-0.866868	-0.000123351	1	
-0.866868	-0.000122363	1	
-0.866869	-0.000120662	1	
-0.866869	-0.000119289	1	
-0.866869	-0.000111101	1	
-0.866869	-0.000103948	1	
-0.86687	-9.76458e-05	1	
-0.86687	-9.2047e-05	1	
-0.86687	-8.70321e-05	1	
-0.86687	-9.23101e-05	1	
-0.86687	-9.566e-05	1	
-0.866871	-8.76959e-05	1	
-0.866871	-9.07002e-05	1	
-0.866871	-9.08553e-05	1	
-0.866871	-8.20785e-05	1	
-0.866871	-7.46957e-05	1	
-0.866871	-6.84421e-05	1	
-0.866871	-6.31051e-05	1	
