10	0	1	
10	0	1	
10	0	1	
10	0	1	
10	0	1	
10	0	1	
10	0	1	
10	0	1	
10	0	1	
10	0	1	
10	0	1	
10	0	1	
10	0	1	
10	0	1	
10	0	1	
10	0	1	
10	0	1	
10	0	1	
10	0	1	
10	0	1	
10	0	1	
10	0	1	
10	0	1	
10	0	1	
10	0	1	
10	0	1	
10	0	1	
10	0	1	
10	0	1	
10	0	1	
10	0	1	
10	0	1	
10	0	1	
10	0	1	
10	0	1	
10	0	1	
10	0	1	
10	0	1	
10	0	1	
10	0	1	
10	0	1	
10	0	1	
10	0	1	
10	0	1	
10	0	1	
10	0	1	
10	0	1	
10	0	1	
10	0	1	
10	0	1	
10	0	1	
10	0	1	
10	0	1	
10	0	1	
10	0	1	
10	0	1	
10	0	1	
10	0	1	
10	0	1	
10	0	1	
10	0	1	
10	0	1	
10	0	1	
10	0	1	
10	0	1	
10	0	1	
10	0	1	
10	0	1	
10	0	1	
10	0	1	
10	0	1	
10	0	1	
10	0	1	
10	0	1	
10	0	1	
10	0	1	
10	0	1	
10	0	1	
10	0	1	
10	0	1	
10	0	1	
10	0	1	
10	0	1	
10	0	1	
10	0	1	
10	0	1	
10	0	1	
10	0	1	
10	0	1	
10	0	1	
10	0	1	
10	0	1	
10	0	1	
10	0	1	
10	0	1	
10	0	1	
10	0	1	
10	0	1	
10	0	1	
10	0	1	
10	0	1	
10	0	1	
10	0	1	
10	0	1	
10	0	1	
10	0	1	
10	0	1	
10	0	1	
10	0	1	
10	0	1	
10	0	1	
10	0	1	
10	0	1	
10	0	1	
10	0	1	
10	0	1	
10	0	1	
10	0	1	
10	0	1	
10	0	1	
10	0	1	
10	0	1	
10	0	1	
10	0	1	
10	0	1	
10	0	1	
10	0	1	
10	0	1	
10	0	1	
10	0	1	
10	0	1	
10	0	1	
10	0	1	
10	0	1	
10	0	1	
10	0	1	
10	0	1	
10	0	1	
10	0	1	
10	0	1	
10	0	1	
10	0	1	
10	0	1	
10	0	1	
10	0	1	
10	0	1	
10	0	1	
10	0	1	
10	0	1	
10	0	1	
10	0	1	
10	0	1	
10	0	1	
10	0	1	
10	0	1	
10	0	1	
10	0	1	
10	0	1	
10	0	1	
10	0	1	
10	0	1	
10	0	1	
10	0	1	
10	0	1	
10	0	1	
10	0	1	
10	0	1	
10	0	1	
10	0	1	
10	0	1	
10	0	1	
10	0	1	
10	0	1	
10	0	1	
10	0	1	
10	0	1	
10	0	1	
10	0	1	
10	0	1	
10	0	1	
10	0	1	
10	0	1	
10	0	1	
10	0	1	
10	0	1	
10	0	1	
10	0	1	
10	0	1	
10	0	1	
10	0	1	
10	0	1	
10	0	1	
10	0	1	
10	0	1	
10	0	1	
10	0	1	
10	0	1	
10	0	1	
10	0	1	
10	0	1	
10	0	1	
10	0	1	
10	0	1	
10	0	1	
10	0	1	
10	0	1	
10	0	1	
10	0	1	
10	0	1	
10	0	1	
10	0	1	
10	0	1	
10	0	1	
10	0	1	
10	0	1	
10	-0.00208864	1	
9.99999	-0.00387241	1	
9.99998	-0.00541336	1	
9.99996	-0.00676283	1	
9.99995	-0.0079685	1	
9.99993	-0.00905322	1	
9.99991	-0.0100517	1	
9.99989	-0.0109893	1	
9.99986	-0.0118771	1	
9.99984	-0.012727	1	
9.99981	-0.013549	1	
9.99978	-0.0143595	1	
9.99975	-0.015155	1	
9.99972	-0.0159367	1	
9.99969	-0.0167069	1	
9.99965	-0.0175041	1	
9.99962	-0.0183104	1	
9.99958	-0.0191144	1	
9.99954	-0.0199244	1	
9.9995	-0.0207647	1	
9.99945	-0.0216144	1	
9.99941	-0.0224843	1	
9.99936	-0.0233827	1	
9.99931	-0.0243201	1	
9.99926	-0.0252701	1	
9.99921	-0.0262495	1	
9.99916	-0.0272464	1	
9.9991	-0.0282629	1	
9.99904	-0.0293162	1	
9.99898	-0.0303435	1	
9.99892	-0.0313659	1	
9.99885	-0.0324291	1	
9.99878	-0.0335096	1	
9.99872	-0.0346065	1	
9.99864	-0.0357189	1	
9.99857	-0.0368335	1	
9.99849	-0.0379904	1	
9.99842	-0.0391413	1	
9.99833	-0.0403386	1	
9.99825	-0.0415483	1	
9.99817	-0.0427551	1	
9.99808	-0.0440146	1	
9.99799	-0.0452981	1	
9.99789	-0.046634	1	
9.9978	-0.0480378	1	
9.9977	-0.0494843	1	
9.9976	-0.0509714	1	
9.99749	-0.052533	1	
9.99738	-0.0541239	1	
9.99727	-0.0557475	1	
9.99716	-0.0574339	1	
9.99704	-0.0591774	1	
9.99692	-0.0609685	1	
9.99679	-0.0627844	1	
9.99666	-0.0646544	1	
9.99653	-0.0665665	1	
9.99639	-0.0685536	1	
9.99625	-0.0705516	1	
9.99611	-0.0726051	1	
9.99596	-0.0747052	1	
9.9958	-0.0768219	1	
9.99565	-0.0789518	1	
9.99548	-0.081135	1	
9.99532	-0.0833533	1	
9.99514	-0.085634	1	
9.99497	-0.0879692	1	
9.99479	-0.0903751	1	
9.9946	-0.0928656	1	
9.99441	-0.0953697	1	
9.99422	-0.0979506	1	
9.99401	-0.100571	1	
9.99381	-0.103262	1	
9.9936	-0.105957	1	
9.99338	-0.108713	1	
9.99316	-0.111513	1	
9.99293	-0.114314	1	
9.99269	-0.117214	1	
9.99245	-0.120177	1	
9.99221	-0.123202	1	
9.99195	-0.126301	1	
9.99169	-0.129466	1	
9.99143	-0.132682	1	
9.99116	-0.135959	1	
9.99088	-0.139273	1	
9.99059	-0.142652	1	
9.9903	-0.146112	1	
9.99	-0.149633	1	
9.9897	-0.15323	1	
9.98938	-0.156912	1	
9.98906	-0.160654	1	
9.98873	-0.164447	1	
9.98839	-0.16834	1	
9.98805	-0.172368	1	
9.9877	-0.176463	1	
9.98734	-0.180686	1	
9.98697	-0.184974	1	
9.98659	-0.189353	1	
9.9862	-0.193791	1	
9.9858	-0.198292	1	
9.9854	-0.202827	1	
9.98498	-0.207388	1	
9.98456	-0.211983	1	
9.98413	-0.216657	1	
9.98368	-0.221402	1	
9.98323	-0.226226	1	
9.98277	-0.231071	1	
9.9823	-0.236048	1	
9.98181	-0.241062	1	
9.98132	-0.246195	1	
9.98082	-0.251302	1	
9.98031	-0.256444	1	
9.97978	-0.261563	1	
9.97925	-0.266701	1	
9.97871	-0.271873	1	
9.97815	-0.277081	1	
9.97759	-0.282304	1	
9.97701	-0.287563	1	
9.97643	-0.292881	1	
9.97583	-0.298283	1	
9.97522	-0.303761	1	
9.9746	-0.309382	1	
9.97397	-0.315176	1	
9.97333	-0.321083	1	
9.97268	-0.327151	1	
9.97201	-0.333337	1	
9.97133	-0.339685	1	
9.97064	-0.346301	1	
9.96993	-0.353167	1	
9.96921	-0.360327	1	
9.96847	-0.367805	1	
9.96772	-0.37545	1	
9.96696	-0.383241	1	
9.96618	-0.391194	1	
9.96538	-0.399327	1	
9.96456	-0.407718	1	
9.96373	-0.41626	1	
9.96288	-0.425003	1	
9.96201	-0.433904	1	
9.96112	-0.442952	1	
9.96022	-0.452326	1	
9.9593	-0.461943	1	
9.95835	-0.471881	1	
9.95739	-0.482102	1	
9.9564	-0.49267	1	
9.9554	-0.503601	1	
9.95437	-0.514825	1	
9.95331	-0.526225	1	
9.95224	-0.5377	1	
9.95114	-0.549196	1	
9.95002	-0.560796	1	
9.94887	-0.572433	1	
9.94771	-0.584157	1	
9.94651	-0.595955	1	
9.9453	-0.607841	1	
9.94406	-0.619774	1	
9.94279	-0.6317	1	
9.94151	-0.643652	1	
9.9402	-0.655738	1	
9.93886	-0.667933	1	
9.9375	-0.68008	1	
9.93612	-0.692282	1	
9.93471	-0.704559	1	
9.93327	-0.7171	1	
9.93181	-0.729846	1	
9.93033	-0.742907	1	
9.92881	-0.756317	1	
9.92727	-0.769816	1	
9.92571	-0.783463	1	
9.92411	-0.797394	1	
9.92249	-0.811546	1	
9.92084	-0.826009	1	
9.91916	-0.8408	1	
9.91744	-0.855887	1	
9.9157	-0.871218	1	
9.91393	-0.886729	1	
9.91212	-0.902417	1	
9.91029	-0.918234	1	
9.90842	-0.934167	1	
9.90652	-0.950207	1	
9.90458	-0.966448	1	
9.90262	-0.982907	1	
9.90062	-0.999757	1	
9.89859	-1.01702	1	
9.89652	-1.03457	1	
9.89441	-1.05253	1	
9.89227	-1.07081	1	
9.89009	-1.08963	1	
9.88787	-1.10881	1	
9.88562	-1.12824	1	
9.88332	-1.14778	1	
9.88099	-1.16723	1	
9.87861	-1.18668	1	
9.8762	-1.20614	1	
9.87375	-1.22585	1	
9.87126	-1.24608	1	
9.86872	-1.26671	1	
9.86615	-1.28777	1	
9.86353	-1.30891	1	
9.86087	-1.33013	1	
9.85817	-1.35138	1	
9.85542	-1.37285	1	
9.85263	-1.39448	1	
9.8498	-1.41626	1	
9.84692	-1.4381	1	
9.844	-1.45993	1	
9.84104	-1.48213	1	
9.83803	-1.50476	1	
9.83497	-1.52792	1	
9.83187	-1.55146	1	
9.82872	-1.57528	1	
9.82552	-1.59951	1	
9.82227	-1.62426	1	
9.81897	-1.64963	1	
9.81562	-1.67559	1	
9.81222	-1.70217	1	
9.80876	-1.72954	1	
9.80524	-1.75765	1	
9.80167	-1.78656	1	
9.79804	-1.81609	1	
9.79435	-1.84619	1	
9.79059	-1.87691	1	
9.78678	-1.90828	1	
9.7829	-1.94014	1	
9.77895	-1.97235	1	
9.77494	-2.00474	1	
9.77087	-2.0376	1	
9.76672	-2.07108	1	
9.76251	-2.10535	1	
9.75823	-2.14041	1	
9.75388	-2.17599	1	
9.74946	-2.21165	1	
9.74496	-2.24689	1	
9.7404	-2.28179	1	
9.73577	-2.31676	1	
9.73106	-2.35225	1	
9.72628	-2.3883	1	
9.72144	-2.42464	1	
9.71651	-2.46087	1	
9.71152	-2.49672	1	
9.70646	-2.53188	1	
9.70132	-2.56629	1	
9.69612	-2.60024	1	
9.69086	-2.63378	1	
9.68552	-2.66701	1	
9.68012	-2.69985	1	
9.67466	-2.73264	1	
9.66913	-2.76521	1	
9.66353	-2.79726	1	
9.65788	-2.82874	1	
9.65216	-2.85971	1	
9.64637	-2.8905	1	
9.64053	-2.92138	1	
9.63463	-2.95234	1	
9.62866	-2.98326	1	
9.62263	-3.01442	1	
9.61654	-3.04637	1	
9.61038	-3.07971	1	
9.60415	-3.11481	1	
9.59785	-3.15169	1	
9.59147	-3.19012	1	
9.58501	-3.23007	1	
9.57846	-3.27147	1	
9.57183	-3.31427	1	
9.56512	-3.35873	1	
9.55831	-3.40478	1	
9.5514	-3.45229	1	
9.5444	-3.50082	1	
9.5373	-3.55042	1	
9.5301	-3.60135	1	
9.52279	-3.65334	1	
9.51538	-3.70652	1	
9.50786	-3.75947	1	
9.50024	-3.81157	1	
9.49251	-3.86337	1	
9.48468	-3.9149	1	
9.47675	-3.96672	1	
9.46871	-4.01868	1	
9.46057	-4.07047	1	
9.45232	-4.12158	1	
9.44398	-4.17208	1	
9.43554	-4.22164	1	
9.427	-4.27047	1	
9.41836	-4.31886	1	
9.40962	-4.3672	1	
9.40079	-4.41585	1	
9.39186	-4.46523	1	
9.38283	-4.51572	1	
9.3737	-4.56639	1	
9.36446	-4.61672	1	
9.35513	-4.66697	1	
9.3457	-4.71743	1	
9.33616	-4.7691	1	
9.32651	-4.82233	1	
9.31676	-4.87667	1	
9.3069	-4.93119	1	
9.29693	-4.98569	1	
9.28685	-5.0401	1	
9.27666	-5.09465	1	
9.26636	-5.14979	1	
9.25595	-5.20532	1	
9.24542	-5.26097	1	
9.23479	-5.31608	1	
9.22405	-5.37037	1	
9.2132	-5.42402	1	
9.20225	-5.47758	1	
9.19118	-5.53139	1	
9.18001	-5.58537	1	
9.16874	-5.63943	1	
9.15735	-5.69453	1	
9.14584	-5.75165	1	
9.13422	-5.8114	1	
9.12247	-5.87416	1	
9.11059	-5.93971	1	
9.09858	-6.00791	1	
9.08642	-6.0786	1	
9.07412	-6.15154	1	
9.06166	-6.22602	1	
9.04906	-6.30162	1	
9.03631	-6.37706	1	
9.0234	-6.45139	1	
9.01035	-6.52455	1	
8.99716	-6.59746	1	
8.98382	-6.66985	1	
8.97034	-6.74086	1	
8.95672	-6.80944	1	
8.94297	-6.87551	1	
8.92909	-6.93917	1	
8.91509	-7.00039	1	
8.90097	-7.05921	1	
8.88674	-7.11638	1	
8.87239	-7.17273	1	
8.85793	-7.22931	1	
8.84336	-7.28648	1	
8.82867	-7.34463	1	
8.81387	-7.40347	1	
8.79894	-7.46302	1	
8.78389	-7.52414	1	
8.76872	-7.58652	1	
8.75342	-7.64858	1	
8.738	-7.70999	1	
8.72246	-7.77076	1	
8.7068	-7.8315	1	
8.69101	-7.89167	1	
8.67511	-7.9509	1	
8.65909	-8.00948	1	
8.64295	-8.06855	1	
8.6267	-8.12988	1	
8.61031	-8.19443	1	
8.59378	-8.26215	1	
8.57712	-8.33286	1	
8.5603	-8.40697	1	
8.54333	-8.48401	1	
8.52621	-8.56286	1	
8.50892	-8.64227	1	
8.49148	-8.72223	1	
8.47387	-8.80291	1	
8.45611	-8.88455	1	
8.43817	-8.96787	1	
8.42006	-9.05326	1	
8.40178	-9.13994	1	
8.38333	-9.22671	1	
8.3647	-9.31276	1	
8.34591	-9.39723	1	
8.32695	-9.48007	1	
8.30783	-9.56108	1	
8.28855	-9.64064	1	
8.26911	-9.71938	1	
8.24951	-9.79697	1	
8.22977	-9.87289	1	
8.20987	-9.94675	1	
8.18984	-10.0178	1	
8.16967	-10.0843	1	
8.14938	-10.1461	1	
8.12897	-10.2039	1	
8.10845	-10.2581	1	
8.08783	-10.3097	1	
8.06711	-10.3599	1	
8.04629	-10.4104	1	
8.02537	-10.4629	1	
8.00433	-10.5183	1	
7.98318	-10.577	1	
7.9619	-10.6386	1	
7.9405	-10.702	1	
7.91896	-10.7663	1	
7.8973	-10.8302	1	
7.87552	-10.8927	1	
7.85361	-10.9532	1	
7.83159	-11.0125	1	
7.80944	-11.071	1	
7.78719	-11.1292	1	
7.76481	-11.1875	1	
7.74241	-11.1981	1	
7.72015	-11.1309	1	
7.69818	-10.986	1	
7.67666	-10.7626	1	
7.65574	-10.4595	1	
7.63559	-10.0754	1	
7.61637	-9.60866	1	
7.59823	-9.0671	1	
7.58133	-8.44983	1	
7.56582	-7.75839	1	
7.55183	-6.99621	1	
7.53949	-6.16862	1	
7.52892	-5.28215	1	
7.52022	-4.35242	1	
7.51345	-3.38339	1	
7.5087	-2.37753	1	
7.50603	-1.33537	1	
7.50551	-0.255961	1	
7.50724	0.862379	1	
7.51126	2.01245	1	
7.51766	3.19712	1	
7.52649	4.41699	1	
7.53783	5.67089	1	
7.55175	6.95602	1	
7.56828	8.26941	1	
7.58748	9.59809	1	
7.60936	10.9409	1	
7.63396	12.297	1	
7.66129	13.6677	1	
7.69141	15.0569	1	
7.72434	16.4693	1	
7.76014	17.8992	1	
7.79885	19.3538	1	
7.84053	20.8382	1	
7.88523	22.3534	1	
7.93302	23.8953	1	
7.98394	25.4576	1	
8.03798	27.0213	1	
8.09515	28.5815	1	
8.15541	30.1341	1	
8.21877	31.6776	1	
8.2852	33.2135	1	
8.35469	34.746	1	
8.42722	36.2681	1	
8.5028	37.7878	1	
8.58142	39.3118	1	
8.66311	40.8458	1	
8.7479	42.3918	1	
8.8358	43.9493	1	
8.9268	45.5035	1	
9.02091	47.0547	1	
9.11812	48.6018	1	
9.21841	50.1458	1	
9.32179	51.6913	1	
9.42828	53.2449	1	
9.53788	54.8002	1	
9.65061	56.3664	1	
9.76651	57.9487	1	
9.88561	59.549	1	
10.0079	61.1637	1	
10.1335	62.7857	1	
10.2623	64.3931	1	
10.3943	65.9799	1	
10.5293	67.5408	1	
10.6675	69.074	1	
10.8086	70.5819	1	
10.9528	72.0702	1	
11.0999	73.533	1	
11.2498	74.9824	1	
11.4027	76.4274	1	
11.5584	77.8716	1	
11.717	79.3135	1	
11.8785	80.7486	1	
12.0429	82.1566	1	
12.2099	83.5359	1	
12.3797	84.8882	1	
12.5521	86.2206	1	
12.7272	87.5426	1	
12.905	88.8635	1	
13.0853	90.1743	1	
13.2683	91.4825	1	
13.4538	92.7903	1	
13.642	94.0955	1	
13.8114	84.6638	1	
13.9842	86.437	1	
14.1605	88.146	1	
14.3401	89.7897	1	
14.5229	91.3725	1	
14.7087	92.9046	1	
14.8802	85.7552	1	
15.0554	87.6264	1	
15.2343	89.4514	1	
15.4168	91.2385	1	
15.6028	92.9906	1	
15.7615	79.3422	1	
15.9249	81.7254	1	
16.093	84.0329	1	
16.2655	86.2475	1	
16.4422	88.3758	1	
16.6231	90.4279	1	
16.791	83.9743	1	
16.9636	86.2975	1	
17.1408	88.557	1	
17.3222	90.7377	1	
17.4791	78.4312	1	
17.6413	81.1136	1	
17.8087	83.677	1	
17.9809	86.119	1	
18.1578	88.4419	1	
18.3391	90.6366	1	
18.4972	79.0756	1	
18.6606	81.6918	1	
18.829	84.2003	1	
19.0022	86.6146	1	
19.1801	88.942	1	
19.3575	88.7056	1	
19.5394	90.9454	1	
19.6946	77.5894	1	
19.8553	80.3346	1	
20.0212	82.9514	1	
20.1921	85.4508	1	
20.3677	87.828	1	
20.5479	90.0989	1	
20.7058	78.9434	1	
20.8691	81.6454	1	
21.0376	84.2326	1	
21.211	86.7032	1	
21.389	89.0353	1	
21.5715	91.2265	1	
21.7278	78.1471	1	
21.8893	80.7608	1	
22.0558	83.222	1	
22.2269	85.5479	1	
22.4023	87.7387	1	
22.5819	89.81	1	
22.7655	91.7714	1	
22.9255	80.0047	1	
23.0903	82.3802	1	
23.2595	84.6198	1	
23.4329	86.7081	1	
23.6102	88.6549	1	
23.7912	90.4732	1	
23.9755	92.1776	1	
24.1518	88.1144	1	
24.3315	89.8913	1	
24.5147	91.5574	1	
24.7009	93.1184	1	
24.8724	85.7398	1	
25.0474	87.4935	1	
25.2256	89.1164	1	
25.4068	90.6094	1	
25.5907	91.9626	1	
25.7771	93.1898	1	
25.9657	94.3071	1	
26.1564	95.3301	1	
26.3463	94.9493	1	
26.538	95.8767	1	
26.7271	94.551	1	
26.9179	95.3977	1	
27.1102	96.1488	1	
27.3038	96.8031	1	
27.4986	97.3636	1	
27.6942	97.837	1	
27.8907	98.2182	1	
28.0877	98.5211	1	
28.2852	98.7576	1	
28.4831	98.9354	1	
28.6812	99.0568	1	
28.8795	99.1189	1	
29.0777	99.1028	1	
29.2757	99.0058	1	
29.4733	98.8258	1	
29.6705	98.5649	1	
29.8669	98.2297	1	
30.0626	97.8301	1	
30.2573	97.3647	1	
30.451	96.8473	1	
30.6436	96.2877	1	
30.835	95.6895	1	
31.0251	95.0513	1	
31.2138	94.37	1	
31.4011	93.6298	1	
31.5867	92.8313	1	
31.7707	91.9788	1	
31.9528	91.0795	1	
32.1331	90.1424	1	
32.3115	89.1772	1	
32.4878	88.1796	1	
32.6622	87.1572	1	
32.8344	86.1124	1	
33.0045	85.0434	1	
33.1724	83.9444	1	
33.338	82.8087	1	
33.5012	81.6198	1	
33.662	80.378	1	
33.8201	79.0885	1	
33.9757	77.7594	1	
34.1285	76.3994	1	
34.2785	75.0164	1	
34.4257	73.6056	1	
34.57	72.1707	1	
34.7115	70.7117	1	
34.8499	69.2257	1	
34.9853	67.7084	1	
35.1176	66.1555	1	
35.2468	64.5556	1	
35.3726	62.912	1	
35.495	61.2321	1	
35.6141	59.525	1	
35.7297	57.8003	1	
35.8418	56.0655	1	
35.9505	54.3166	1	
36.0556	52.5553	1	
36.1571	50.7808	1	
36.2551	48.9904	1	
36.3495	47.1811	1	
36.4402	45.3502	1	
36.5272	43.4899	1	
36.6104	41.6022	1	
36.6897	39.6921	1	
36.7653	37.7662	1	
36.8369	35.8319	1	
36.9047	33.8959	1	
36.9686	31.9565	1	
37.0287	30.0165	1	
37.0848	28.075	1	
37.1371	26.1283	1	
37.1854	24.1713	1	
37.2298	22.1993	1	
37.2702	20.203	1	
37.3066	18.1825	1	
37.3389	16.1407	1	
37.367	14.0822	1	
37.3911	12.0121	1	
37.4109	9.93468	1	
37.4266	7.84801	1	
37.4381	5.75517	1	
37.4457	3.76091	1	
37.45	2.18039	1	
37.4519	0.931012	1	
37.4518	-0.0533978	1	
37.4501	-0.825782	1	
37.4473	-1.42889	1	
37.4435	-1.89723	1	
37.439	-2.2584	1	
37.4339	-2.53436	1	
37.4284	-2.7424	1	
37.4226	-2.89608	1	
37.4166	-3.0062	1	
37.4104	-3.08137	1	
37.4042	-3.12832	1	
37.3979	-3.1525	1	
37.3916	-3.15834	1	
37.3853	-3.14946	1	
37.379	-3.12903	1	
37.3728	-3.09972	1	
37.3667	-3.06377	1	
37.3606	-3.02286	1	
37.3547	-2.97831	1	
37.3488	-2.93103	1	
37.3431	-2.88176	1	
37.3374	-2.831	1	
37.3318	-2.77911	1	
37.3264	-2.72638	1	
37.321	-2.67314	1	
37.3158	-2.61952	1	
37.3107	-2.56562	1	
37.3056	-2.51152	1	
37.3007	-2.45723	1	
37.2959	-2.40282	1	
37.2912	-2.3484	1	
37.2866	-2.29419	1	
37.2822	-2.24044	1	
37.2778	-2.18732	1	
37.2735	-2.13499	1	
37.2693	-2.08352	1	
37.2653	-2.03284	1	
37.2613	-1.98295	1	
37.2574	-1.93379	1	
37.2537	-1.88533	1	
37.25	-1.83756	1	
37.2464	-1.79046	1	
37.2429	-1.74407	1	
37.2395	-1.69838	1	
37.2362	-1.65341	1	
37.233	-1.60917	1	
37.2299	-1.5656	1	
37.2268	-1.5227	1	
37.2239	-1.48053	1	
37.221	-1.43909	1	
37.2182	-1.39842	1	
37.2155	-1.35855	1	
37.2128	-1.31952	1	
37.2103	-1.28132	1	
37.2078	-1.24397	1	
37.2054	-1.20744	1	
37.203	-1.17172	1	
37.2008	-1.1368	1	
37.1985	-1.10264	1	
37.1964	-1.06922	1	
37.1943	-1.03657	1	
37.1923	-1.0047	1	
37.1904	-0.973526	1	
37.1885	-0.943088	1	
37.1867	-0.913383	1	
37.1849	-0.884394	1	
37.1832	-0.856098	1	
37.1815	-0.82851	1	
37.1799	-0.80163	1	
37.1784	-0.775474	1	
37.1769	-0.750003	1	
37.1754	-0.725183	1	
37.174	-0.700964	1	
37.1727	-0.67729	1	
37.1714	-0.65414	1	
37.1701	-0.631512	1	
37.1689	-0.609395	1	
37.1677	-0.587786	1	
37.1666	-0.566678	1	
37.1655	-0.546087	1	
37.1644	-0.525983	1	
37.1634	-0.506347	1	
37.1624	-0.4872	1	
37.1615	-0.468501	1	
37.1606	-0.450232	1	
37.1597	-0.43247	1	
37.1589	-0.415205	1	
37.1581	-0.398462	1	
37.1573	-0.382254	1	
37.1566	-0.366602	1	
37.1559	-0.351471	1	
37.1552	-0.33679	1	
37.1546	-0.322508	1	
37.154	-0.308549	1	
37.1534	-0.294937	1	
37.1528	-0.281641	1	
37.1523	-0.268564	1	
37.1518	-0.255724	1	
37.1513	-0.243082	1	
37.1508	-0.230655	1	
37.1504	-0.218506	1	
37.15	-0.206673	1	
37.1496	-0.195212	1	
37.1492	-0.184101	1	
37.1489	-0.17342	1	
37.1485	-0.163145	1	
37.1482	-0.153263	1	
37.1479	-0.143794	1	
37.1477	-0.134755	1	
37.1474	-0.126093	1	
37.1472	-0.117862	1	
37.147	-0.110068	1	
37.1468	-0.10277	1	
37.1466	-0.0959581	1	
37.1464	-0.089632	1	
37.1462	-0.0836843	1	
37.1461	-0.0780626	1	
37.1459	-0.0726564	1	
37.1458	-0.0674111	1	
37.1457	-0.0622353	1	
37.1455	-0.0571028	1	
37.1454	-0.0519638	1	
37.1454	-0.0468216	1	
37.1453	-0.0416256	1	
37.1452	-0.0364278	1	
37.1451	-0.0312333	1	
37.1451	-0.0270777	1	
37.145	-0.0237532	1	
37.145	-0.0210936	1	
37.145	-0.0189659	1	
37.1449	-0.0129508	1	
37.1449	-0.00738883	1	
37.1449	-0.00217165	1	
37.1449	0.00273934	1	
37.1449	0.00729821	1	
37.145	0.0115403	1	
37.145	0.0154739	1	
37.145	0.0191328	1	
37.1451	0.0226148	1	
37.1451	0.0259548	1	
37.1452	0.0291517	1	
37.1452	0.032246	1	
37.1453	0.0351438	1	
37.1454	0.0378756	1	
37.1455	0.0404174	1	
37.1455	0.0427679	1	
37.1456	0.0449157	1	
37.1457	0.0468234	1	
37.1458	0.0485114	1	
37.1459	0.0499596	1	
37.146	0.0510808	1	
37.1461	0.0518153	1	
37.1462	0.0521761	1	
37.1463	0.0521223	1	
37.1465	0.05169	1	
37.1466	0.0508103	1	
37.1467	0.0495576	1	
37.1467	0.0479311	1	
37.1468	0.0458913	1	
37.1469	0.0435383	1	
37.147	0.0409069	1	
37.1471	0.0379489	1	
37.1472	0.0347107	1	
37.1472	0.0312154	1	
37.1473	0.0274565	1	
37.1473	0.0244494	1	
37.1474	0.0220437	1	
37.1474	0.0201192	1	
37.1474	0.0185795	1	
37.1475	0.0173478	1	
37.1475	0.0114026	1	
37.1475	0.00576974	1	
37.1475	0.000379011	1	
37.1475	-0.00484485	1	
37.1475	-0.00993045	1	
37.1474	-0.0148997	1	
37.1474	-0.0197384	1	
37.1474	-0.0244662	1	
37.1473	-0.0291095	1	
37.1472	-0.0336119	1	
37.1472	-0.0380584	1	
37.1471	-0.0425304	1	
37.147	-0.0470191	1	
37.1469	-0.0515234	1	
37.1468	-0.0560663	1	
37.1466	-0.0605465	1	
37.1465	-0.0649866	1	
37.1464	-0.0693952	1	
37.1462	-0.0737498	1	
37.1461	-0.0780877	1	
37.1459	-0.0824182	1	
37.1457	-0.0867111	1	
37.1456	-0.090945	1	
37.1454	-0.0951876	1	
37.1452	-0.0994311	1	
37.145	-0.103717	1	
37.1447	-0.108043	1	
37.1445	-0.112374	1	
37.1443	-0.116697	1	
37.144	-0.121004	1	
37.1438	-0.125308	1	
37.1435	-0.129561	1	
37.1433	-0.133759	1	
37.143	-0.137901	1	
37.1427	-0.141897	1	
37.1424	-0.145758	1	
37.1421	-0.149522	1	
37.1418	-0.153145	1	
37.1415	-0.156585	1	
37.1412	-0.159852	1	
37.1408	-0.162867	1	
37.1405	-0.165623	1	
37.1402	-0.168134	1	
37.1398	-0.170369	1	
37.1395	-0.172366	1	
37.1391	-0.174134	1	
37.1388	-0.175693	1	
37.1384	-0.177005	1	
37.1381	-0.178111	1	
37.1377	-0.179072	1	
37.1374	-0.179862	1	
37.137	-0.180506	1	
37.1366	-0.180991	1	
37.1363	-0.181357	1	
37.1359	-0.181623	1	
37.1356	-0.181833	1	
37.1352	-0.182011	1	
37.1348	-0.182076	1	
37.1345	-0.182056	1	
37.1341	-0.181987	1	
37.1337	-0.181801	1	
37.1334	-0.181534	1	
37.133	-0.181205	1	
37.1326	-0.180784	1	
37.1323	-0.1803	1	
37.1319	-0.179786	1	
37.1316	-0.179244	1	
37.1312	-0.178712	1	
37.1309	-0.178229	1	
37.1305	-0.177833	1	
37.1301	-0.177451	1	
37.1298	-0.177123	1	
37.1294	-0.176841	1	
37.1291	-0.17661	1	
37.1287	-0.176454	1	
37.1284	-0.176367	1	
37.128	-0.176338	1	
37.1277	-0.176328	1	
37.1273	-0.176351	1	
37.127	-0.176434	1	
37.1266	-0.176512	1	
37.1263	-0.176608	1	
37.1259	-0.17667	1	
37.1256	-0.176669	1	
37.1252	-0.17658	1	
37.1248	-0.176422	1	
37.1245	-0.176219	1	
37.1241	-0.175896	1	
37.1238	-0.175463	1	
37.1234	-0.174933	1	
37.1231	-0.174245	1	
37.1227	-0.173446	1	
37.1224	-0.172525	1	
37.1221	-0.171512	1	
37.1217	-0.170379	1	
37.1214	-0.169181	1	
37.121	-0.167974	1	
37.1207	-0.166712	1	
37.1204	-0.165438	1	
37.1201	-0.164166	1	
37.1197	-0.162883	1	
37.1194	-0.161579	1	
37.1191	-0.160294	1	
37.1188	-0.159055	1	
37.1184	-0.157767	1	
37.1181	-0.156484	1	
37.1178	-0.155203	1	
37.1175	-0.153942	1	
37.1172	-0.1527	1	
37.1169	-0.151538	1	
37.1166	-0.150468	1	
37.1163	-0.149463	1	
37.116	-0.148522	1	
37.1157	-0.147656	1	
37.1154	-0.146875	1	
37.1151	-0.146152	1	
37.1148	-0.145514	1	
37.1145	-0.14496	1	
37.1143	-0.144489	1	
37.114	-0.144076	1	
37.1137	-0.143724	1	
37.1134	-0.143451	1	
37.1131	-0.143197	1	
37.1128	-0.142989	1	
37.1125	-0.142797	1	
37.1123	-0.142613	1	
37.112	-0.142387	1	
37.1117	-0.142164	1	
37.1114	-0.141878	1	
37.1111	-0.141547	1	
37.1108	-0.141102	1	
37.1106	-0.140573	1	
37.1103	-0.139973	1	
37.11	-0.13927	1	
37.1097	-0.13847	1	
37.1094	-0.137588	1	
37.1092	-0.13664	1	
37.1089	-0.135587	1	
37.1086	-0.134456	1	
37.1084	-0.133273	1	
37.1081	-0.132053	1	
37.1078	-0.130766	1	
37.1076	-0.129446	1	
37.1073	-0.128093	1	
37.1071	-0.126756	1	
37.1068	-0.125408	1	
37.1066	-0.124085	1	
37.1063	-0.122776	1	
37.1061	-0.121509	1	
37.1058	-0.120256	1	
37.1056	-0.119085	1	
37.1054	-0.117987	1	
37.1051	-0.117019	1	
37.1049	-0.116149	1	
37.1047	-0.115384	1	
37.1044	-0.114774	1	
37.1042	-0.114257	1	
37.104	-0.113853	1	
37.1038	-0.113595	1	
37.1035	-0.113468	1	
37.1033	-0.113393	1	
37.1031	-0.113394	1	
37.1029	-0.113478	1	
37.1026	-0.113649	1	
37.1024	-0.113849	1	
37.1022	-0.114098	1	
37.1019	-0.114382	1	
37.1017	-0.114653	1	
37.1015	-0.114871	1	
37.1012	-0.115063	1	
37.101	-0.115205	1	
37.1008	-0.115274	1	
37.1006	-0.115268	1	
37.1003	-0.115189	1	
37.1001	-0.115065	1	
37.0999	-0.114891	1	
37.0996	-0.11468	1	
37.0994	-0.11445	1	
37.0992	-0.114189	1	
37.099	-0.113849	1	
37.0987	-0.113491	1	
37.0985	-0.113138	1	
37.0983	-0.112767	1	
37.098	-0.112343	1	
37.0978	-0.111861	1	
37.0976	-0.111339	1	
37.0974	-0.110807	1	
37.0972	-0.110296	1	
37.0969	-0.109771	1	
37.0967	-0.109274	1	
37.0965	-0.108776	1	
37.0963	-0.108311	1	
37.0961	-0.107843	1	
37.0959	-0.107464	1	
37.0956	-0.107122	1	
37.0954	-0.10684	1	
37.0952	-0.106601	1	
37.095	-0.106419	1	
37.0948	-0.106317	1	
37.0946	-0.106304	1	
37.0944	-0.106385	1	
37.0942	-0.10653	1	
37.0939	-0.106753	1	
37.0937	-0.107026	1	
37.0935	-0.10736	1	
37.0933	-0.107699	1	
37.0931	-0.108093	1	
37.0929	-0.108484	1	
37.0926	-0.108856	1	
37.0924	-0.10917	1	
37.0922	-0.109412	1	
37.092	-0.109627	1	
37.0918	-0.109788	1	
37.0915	-0.109909	1	
37.0913	-0.109934	1	
37.0911	-0.109868	1	
37.0909	-0.109739	1	
37.0907	-0.109544	1	
37.0905	-0.109299	1	
37.0902	-0.108956	1	
37.09	-0.108528	1	
37.0898	-0.108017	1	
37.0896	-0.107465	1	
37.0894	-0.106864	1	
37.0892	-0.10622	1	
37.0889	-0.105539	1	
37.0887	-0.10484	1	
37.0885	-0.104157	1	
37.0883	-0.103469	1	
37.0881	-0.10278	1	
37.0879	-0.102101	1	
37.0877	-0.101412	1	
37.0875	-0.100726	1	
37.0873	-0.100007	1	
37.0871	-0.0992662	1	
37.0869	-0.0985281	1	
37.0867	-0.0977786	1	
37.0865	-0.0970487	1	
37.0863	-0.0963277	1	
37.0861	-0.0956096	1	
37.086	-0.0949446	1	
37.0858	-0.0942859	1	
37.0856	-0.0936619	1	
37.0854	-0.0930637	1	
37.0852	-0.092412	1	
37.085	-0.0917652	1	
37.0848	-0.0911082	1	
37.0847	-0.0904243	1	
37.0845	-0.0897501	1	
37.0843	-0.0890883	1	
37.0841	-0.0884129	1	
37.0839	-0.0877665	1	
37.0838	-0.0871242	1	
37.0836	-0.0864894	1	
37.0834	-0.0858981	1	
37.0833	-0.0853196	1	
37.0831	-0.0847623	1	
37.0829	-0.0841911	1	
37.0828	-0.0836197	1	
37.0826	-0.0830826	1	
37.0824	-0.0825555	1	
37.0823	-0.0820631	1	
37.0821	-0.0815949	1	
37.0819	-0.0810885	1	
37.0818	-0.0805832	1	
37.0816	-0.0800903	1	
37.0815	-0.0795559	1	
37.0813	-0.0790205	1	
37.0811	-0.0784478	1	
37.081	-0.0778384	1	
37.0808	-0.0772032	1	
37.0807	-0.0765706	1	
37.0805	-0.0759416	1	
37.0804	-0.0752673	1	
37.0802	-0.0745938	1	
37.0801	-0.0739203	1	
37.0799	-0.0732456	1	
37.0798	-0.0725617	1	
37.0796	-0.0718916	1	
37.0795	-0.0712455	1	
37.0794	-0.0706005	1	
37.0792	-0.0699812	1	
37.0791	-0.0694177	1	
37.0789	-0.068911	1	
37.0788	-0.068422	1	
37.0787	-0.0680027	1	
37.0785	-0.067656	1	
37.0784	-0.0673108	1	
37.0783	-0.0670273	1	
37.0781	-0.0667708	1	
37.078	-0.0665046	1	
37.0779	-0.066231	1	
37.0777	-0.0659381	1	
37.0776	-0.0656295	1	
37.0775	-0.065247	1	
37.0773	-0.0648436	1	
37.0772	-0.0643975	1	
37.0771	-0.0639065	1	
37.077	-0.0633556	1	
37.0768	-0.0628011	1	
37.0767	-0.0622191	1	
37.0766	-0.0616539	1	
37.0765	-0.0610501	1	
37.0763	-0.0604541	1	
37.0762	-0.0598349	1	
37.0761	-0.059229	1	
37.076	-0.0586102	1	
37.0759	-0.0579941	1	
37.0758	-0.0573801	1	
37.0756	-0.0567778	1	
37.0755	-0.0561692	1	
37.0754	-0.055538	1	
37.0753	-0.054907	1	
37.0752	-0.0542937	1	
37.0751	-0.0536723	1	
37.075	-0.0530627	1	
37.0749	-0.0524346	1	
37.0748	-0.051807	1	
37.0747	-0.0511942	1	
37.0746	-0.050559	1	
37.0745	-0.0499063	1	
37.0744	-0.049255	1	
37.0743	-0.0486147	1	
37.0742	-0.0479422	1	
37.0741	-0.0472764	1	
37.074	-0.0466365	1	
37.0739	-0.0459759	1	
37.0738	-0.0453432	1	
37.0737	-0.0447103	1	
37.0736	-0.0440583	1	
37.0735	-0.043403	1	
37.0735	-0.0427572	1	
37.0734	-0.0421279	1	
37.0733	-0.0414892	1	
37.0732	-0.0408276	1	
37.0731	-0.0401601	1	
37.0731	-0.0394761	1	
37.073	-0.0387886	1	
37.0729	-0.0381107	1	
37.0728	-0.0374453	1	
37.0728	-0.0367954	1	
37.0727	-0.0361439	1	
37.0726	-0.0355131	1	
37.0725	-0.0349344	1	
37.0725	-0.0343784	1	
37.0724	-0.0338355	1	
37.0723	-0.0333269	1	
37.0723	-0.0328433	1	
37.0722	-0.0323932	1	
37.0721	-0.031992	1	
37.0721	-0.0316248	1	
37.072	-0.0312606	1	
37.072	-0.0309263	1	
37.0719	-0.0306127	1	
37.0718	-0.0302977	1	
37.0718	-0.0300067	1	
37.0717	-0.0297099	1	
37.0717	-0.0294049	1	
37.0716	-0.0290959	1	
37.0715	-0.028753	1	
37.0715	-0.0284061	1	
37.0714	-0.0280382	1	
37.0714	-0.0276518	1	
37.0713	-0.0272725	1	
37.0713	-0.0268767	1	
37.0712	-0.0264523	1	
37.0712	-0.0260384	1	
37.0711	-0.0256506	1	
37.0711	-0.0252927	1	
37.071	-0.024929	1	
37.071	-0.0245664	1	
37.0709	-0.024234	1	
37.0709	-0.0239223	1	
37.0708	-0.0236061	1	
37.0708	-0.0233042	1	
37.0707	-0.0230033	1	
37.0707	-0.0227146	1	
37.0706	-0.0224391	1	
37.0706	-0.022173	1	
37.0705	-0.0219335	1	
37.0705	-0.0216833	1	
37.0705	-0.0214186	1	
37.0704	-0.021142	1	
37.0704	-0.0208568	1	
37.0703	-0.0205734	1	
37.0703	-0.0202726	1	
37.0702	-0.0199715	1	
37.0702	-0.0196842	1	
37.0702	-0.01941	1	
37.0701	-0.0191388	1	
37.0701	-0.0188657	1	
37.0701	-0.0186133	1	
37.07	-0.018361	1	
37.07	-0.018128	1	
37.0699	-0.0179114	1	
37.0699	-0.0177019	1	
37.0699	-0.0175162	1	
37.0698	-0.0173454	1	
37.0698	-0.017187	1	
37.0698	-0.0170345	1	
37.0697	-0.0168855	1	
37.0697	-0.0167246	1	
37.0697	-0.0165559	1	
37.0696	-0.0163772	1	
37.0696	-0.0162004	1	
37.0696	-0.0160135	1	
37.0695	-0.0158229	1	
37.0695	-0.0156301	1	
37.0695	-0.0154278	1	
37.0695	-0.0152185	1	
37.0694	-0.0149958	1	
37.0694	-0.0147734	1	
37.0694	-0.0145492	1	
37.0693	-0.0143205	1	
37.0693	-0.0140987	1	
37.0693	-0.0138698	1	
37.0693	-0.013647	1	
37.0692	-0.0134138	1	
37.0692	-0.0131763	1	
37.0692	-0.0129395	1	
37.0691	-0.0126926	1	
37.0691	-0.0124293	1	
37.0691	-0.0121659	1	
37.0691	-0.0118934	1	
37.069	-0.0116251	1	
37.069	-0.0113451	1	
37.069	-0.0111211	1	
37.069	-0.0109419	1	
37.069	-0.0107985	1	
37.0689	-0.0106838	1	
37.0689	-0.010592	1	
37.0689	-0.0105186	1	
37.0689	-0.0104599	1	
37.0689	-0.0104129	1	
37.0688	-0.0103753	1	
37.0688	-0.0103452	1	
37.0688	-0.0103212	1	
37.0688	-0.0103019	1	
37.0688	-0.0102865	1	
37.0687	-0.0102742	1	
37.0687	-0.0102644	1	
37.0687	-0.0102565	1	
37.0687	-0.0102502	1	
37.0686	-0.0102451	1	
37.0686	-0.0102411	1	
37.0686	-0.0102379	1	
37.0686	-0.0102353	1	
37.0686	-0.0102332	1	
37.0686	-0.0102316	1	
37.0685	-0.0102302	1	
37.0685	-0.0102292	1	
37.0685	-0.0102283	1	
37.0685	-0.0102277	1	
37.0684	-0.0102271	1	
37.0684	-0.0102267	1	
37.0684	-0.0102263	1	
37.0684	-0.0102261	1	
37.0684	-0.0102258	1	
37.0683	-0.0102257	1	
37.0683	-0.0102255	1	
37.0683	-0.0102254	1	
37.0683	-0.0102253	1	
37.0683	-0.0102252	1	
37.0682	-0.0102252	1	
37.0682	-0.0102251	1	
37.0682	-0.0102251	1	
37.0682	-0.0102251	1	
37.0682	-0.0102251	1	
37.0681	-0.010225	1	
37.0681	-0.010225	1	
37.0681	-0.010225	1	
37.0681	-0.010225	1	
37.0681	-0.010225	1	
37.068	-0.010225	1	
37.068	-0.010225	1	
37.068	-0.010225	1	
37.068	-0.010225	1	
37.068	-0.010225	1	
37.0679	-0.010225	1	
37.0679	-0.010225	1	
37.0679	-0.010225	1	
37.0679	-0.010225	1	
37.0679	-0.010225	1	
37.0678	-0.010225	1	
37.0678	-0.010225	1	
37.0678	-0.010225	1	
37.0678	-0.010225	1	
37.0678	-0.010225	1	
37.0677	-0.010225	1	
37.0677	-0.010225	1	
37.0677	-0.010225	1	
37.0677	-0.010225	1	
37.0676	-0.010225	1	
37.0676	-0.010225	1	
37.0676	-0.010225	1	
37.0676	-0.010225	1	
37.0676	-0.010225	1	
37.0675	-0.010225	1	
37.0675	-0.010225	1	
37.0675	-0.0101911	1	
37.0675	-0.0102158	1	
37.0675	-0.0102781	1	
37.0674	-0.0103665	1	
37.0674	-0.0104746	1	
37.0674	-0.0106028	1	
37.0674	-0.0107503	1	
37.0674	-0.0109052	1	
37.0673	-0.0110506	1	
37.0673	-0.011185	1	
37.0673	-0.0112809	1	
37.0673	-0.011365	1	
37.0672	-0.0114343	1	
37.0672	-0.0115007	1	
37.0672	-0.0115576	1	
37.0672	-0.0116083	1	
37.0672	-0.0116921	1	
37.0671	-0.0117756	1	
37.0671	-0.0118784	1	
37.0671	-0.0119748	1	
37.0671	-0.0120921	1	
37.067	-0.0122244	1	
37.067	-0.0123867	1	
37.067	-0.0125501	1	
37.067	-0.0126954	1	
37.0669	-0.0128383	1	
37.0669	-0.0129633	1	
37.0669	-0.0130686	1	
37.0669	-0.0131592	1	
37.0668	-0.0132266	1	
37.0668	-0.0132668	1	
37.0668	-0.0132781	1	
37.0667	-0.0132698	1	
37.0667	-0.0132314	1	
37.0667	-0.0131871	1	
37.0667	-0.0131375	1	
37.0666	-0.0130893	1	
37.0666	-0.0130435	1	
37.0666	-0.0129767	1	
37.0666	-0.0129119	1	
37.0665	-0.0128618	1	
37.0665	-0.0128371	1	
37.0665	-0.0128699	1	
37.0665	-0.012949	1	
37.0664	-0.0130731	1	
37.0664	-0.0132259	1	
37.0664	-0.0134304	1	
37.0664	-0.0136792	1	
37.0663	-0.0139591	1	
37.0663	-0.014258	1	
37.0663	-0.0145619	1	
37.0662	-0.0148726	1	
37.0662	-0.0151792	1	
37.0662	-0.0154889	1	
37.0661	-0.0157884	1	
37.0661	-0.016068	1	
37.0661	-0.0163502	1	
37.066	-0.016632	1	
37.066	-0.0169064	1	
37.066	-0.0171469	1	
37.0659	-0.0173519	1	
37.0659	-0.0175602	1	
37.0659	-0.0177532	1	
37.0658	-0.017923	1	
37.0658	-0.0180881	1	
37.0658	-0.0182492	1	
37.0657	-0.0184422	1	
37.0657	-0.0186508	1	
37.0657	-0.0188468	1	
37.0656	-0.0190422	1	
37.0656	-0.0192607	1	
37.0655	-0.0194783	1	
37.0655	-0.019685	1	
37.0655	-0.0198683	1	
37.0654	-0.0200594	1	
37.0654	-0.0202682	1	
37.0653	-0.0204785	1	
37.0653	-0.0207084	1	
37.0653	-0.0209482	1	
37.0652	-0.0211996	1	
37.0652	-0.0214452	1	
37.0651	-0.021704	1	
37.0651	-0.0219812	1	
37.065	-0.0222445	1	
37.065	-0.0225117	1	
37.0649	-0.022808	1	
37.0649	-0.0231419	1	
37.0649	-0.0234693	1	
37.0648	-0.0238033	1	
37.0648	-0.0241826	1	
37.0647	-0.0245891	1	
37.0647	-0.0249945	1	
37.0646	-0.0253898	1	
37.0646	-0.0257983	1	
37.0645	-0.0261831	1	
37.0644	-0.0265372	1	
37.0644	-0.0268821	1	
37.0643	-0.0272107	1	
37.0643	-0.0275019	1	
37.0642	-0.0277328	1	
37.0642	-0.0279404	1	
37.0641	-0.0280893	1	
37.0641	-0.0281794	1	
37.064	-0.0282286	1	
37.0639	-0.0282797	1	
37.0639	-0.0283079	1	
37.0638	-0.0283045	1	
37.0638	-0.0283057	1	
37.0637	-0.0283257	1	
37.0637	-0.0283086	1	
37.0636	-0.0282812	1	
37.0636	-0.0282691	1	
37.0635	-0.0282365	1	
37.0634	-0.0281829	1	
37.0634	-0.0281365	1	
37.0633	-0.0281006	1	
37.0633	-0.028051	1	
37.0632	-0.0279726	1	
37.0632	-0.027895	1	
37.0631	-0.0278203	1	
37.063	-0.0277236	1	
37.063	-0.027607	1	
37.0629	-0.0274857	1	
37.0629	-0.0273661	1	
37.0628	-0.0272255	1	
37.0628	-0.0270855	1	
37.0627	-0.0269736	1	
37.0627	-0.0268843	1	
37.0626	-0.0267992	1	
37.0626	-0.0267443	1	
37.0625	-0.0267053	1	
37.0625	-0.0266752	1	
37.0624	-0.0266381	1	
37.0623	-0.0266173	1	
37.0623	-0.0265729	1	
37.0622	-0.0265063	1	
37.0622	-0.026427	1	
37.0621	-0.0263313	1	
37.0621	-0.0262185	1	
37.062	-0.0260912	1	
37.062	-0.0259381	1	
37.0619	-0.0257688	1	
37.0619	-0.0255973	1	
37.0618	-0.025428	1	
37.0618	-0.0252287	1	
37.0617	-0.0250242	1	
37.0617	-0.0248275	1	
37.0616	-0.0246358	1	
37.0616	-0.0244163	1	
37.0615	-0.0241944	1	
37.0615	-0.0239706	1	
37.0614	-0.0237602	1	
37.0614	-0.0235366	1	
37.0613	-0.0233291	1	
37.0613	-0.0231211	1	
37.0612	-0.0229204	1	
37.0612	-0.0227524	1	
37.0612	-0.0226351	1	
37.0611	-0.022515	1	
37.0611	-0.022362	1	
37.061	-0.0221897	1	
37.061	-0.0220099	1	
37.0609	-0.0218396	1	
37.0609	-0.0216577	1	
37.0609	-0.0214675	1	
37.0608	-0.021268	1	
37.0608	-0.0210741	1	
37.0607	-0.0209007	1	
37.0607	-0.02072	1	
37.0606	-0.0205537	1	
37.0606	-0.0204064	1	
37.0606	-0.0202881	1	
37.0605	-0.0201863	1	
37.0605	-0.0200979	1	
37.0604	-0.0200286	1	
37.0604	-0.020002	1	
37.0604	-0.0200147	1	
37.0603	-0.0200511	1	
37.0603	-0.0201192	1	
37.0602	-0.0202017	1	
37.0602	-0.0202955	1	
37.0602	-0.0203984	1	
37.0601	-0.0205153	1	
37.0601	-0.020655	1	
37.06	-0.020788	1	
37.06	-0.0209225	1	
37.0599	-0.0210357	1	
37.0599	-0.0211354	1	
37.0599	-0.0212212	1	
37.0598	-0.0212773	1	
37.0598	-0.021321	1	
37.0597	-0.0213425	1	
37.0597	-0.0213461	1	
37.0597	-0.0213257	1	
37.0596	-0.0212806	1	
37.0596	-0.021217	1	
37.0595	-0.0211329	1	
37.0595	-0.0210685	1	
37.0594	-0.0209985	1	
37.0594	-0.0209253	1	
37.0594	-0.0208498	1	
37.0593	-0.0207736	1	
37.0593	-0.0206951	1	
37.0592	-0.0206098	1	
37.0592	-0.0205108	1	
37.0592	-0.0204269	1	
37.0591	-0.020345	1	
37.0591	-0.0202442	1	
37.059	-0.0201337	1	
37.059	-0.0200174	1	
37.0589	-0.0199029	1	
37.0589	-0.0197807	1	
37.0589	-0.0196537	1	
37.0588	-0.0195107	1	
37.0588	-0.0193437	1	
37.0588	-0.0191795	1	
37.0587	-0.0190054	1	
37.0587	-0.0188373	1	
37.0586	-0.0186607	1	
37.0586	-0.018481	1	
37.0586	-0.0182979	1	
37.0585	-0.0181124	1	
37.0585	-0.0179374	1	
37.0585	-0.0177778	1	
37.0584	-0.0176261	1	
37.0584	-0.0174852	1	
37.0584	-0.0173501	1	
37.0583	-0.0172228	1	
37.0583	-0.0170877	1	
37.0583	-0.0169553	1	
37.0582	-0.0168346	1	
37.0582	-0.016704	1	
37.0582	-0.0165835	1	
37.0581	-0.0164709	1	
37.0581	-0.0163713	1	
37.0581	-0.0162799	1	
37.058	-0.0161821	1	
37.058	-0.0160895	1	
37.058	-0.016005	1	
37.0579	-0.0159433	1	
37.0579	-0.0158912	1	
37.0579	-0.0158339	1	
37.0578	-0.0157943	1	
37.0578	-0.0157465	1	
37.0578	-0.015697	1	
37.0577	-0.015651	1	
37.0577	-0.0156061	1	
37.0577	-0.0155512	1	
37.0576	-0.0154898	1	
37.0576	-0.0154013	1	
37.0576	-0.0153035	1	
37.0576	-0.0151933	1	
37.0575	-0.0150731	1	
37.0575	-0.0149582	1	
37.0575	-0.0148414	1	
37.0574	-0.0147176	1	
37.0574	-0.0145953	1	
37.0574	-0.0144704	1	
37.0573	-0.0143424	1	
37.0573	-0.0142257	1	
37.0573	-0.0140952	1	
37.0573	-0.0139552	1	
37.0572	-0.0138191	1	
37.0572	-0.0137018	1	
37.0572	-0.0135971	1	
37.0572	-0.0134989	1	
37.0571	-0.0134102	1	
37.0571	-0.0133198	1	
37.0571	-0.0132265	1	
37.057	-0.0131311	1	
37.057	-0.0130345	1	
37.057	-0.0129296	1	
37.057	-0.0128335	1	
37.0569	-0.0127357	1	
37.0569	-0.0126268	1	
37.0569	-0.0125374	1	
37.0569	-0.0124426	1	
37.0568	-0.0123396	1	
37.0568	-0.0122302	1	
37.0568	-0.0121099	1	
37.0568	-0.0119923	1	
37.0567	-0.0118542	1	
37.0567	-0.0117085	1	
37.0567	-0.0115678	1	
37.0567	-0.0114225	1	
37.0567	-0.0112771	1	
37.0566	-0.0111462	1	
37.0566	-0.0110043	1	
37.0566	-0.0108702	1	
37.0566	-0.0107454	1	
37.0565	-0.0106186	1	
37.0565	-0.0105172	1	
37.0565	-0.010436	1	
37.0565	-0.0103711	1	
37.0565	-0.0103192	1	
37.0564	-0.0102777	1	
37.0564	-0.0102444	1	
37.0564	-0.0102179	1	
37.0564	-0.0101966	1	
37.0564	-0.0101796	1	
37.0563	-0.010166	1	
37.0563	-0.0101551	1	
37.0563	-0.0101464	1	
37.0563	-0.0101394	1	
37.0563	-0.0101338	1	
37.0562	-0.0101294	1	
37.0562	-0.0101258	1	
37.0562	-0.0101229	1	
37.0562	-0.0101206	1	
37.0562	-0.0101188	1	
37.0561	-0.0101174	1	
37.0561	-0.0101162	1	
37.0561	-0.0101153	1	
37.0561	-0.0101145	1	
37.0561	-0.0101139	1	
37.056	-0.0101134	1	
37.056	-0.010113	1	
37.056	-0.0101127	1	
37.056	-0.0101125	1	
37.056	-0.0101123	1	
37.0559	-0.0101121	1	
37.0559	-0.010112	1	
37.0559	-0.0101119	1	
37.0559	-0.0101118	1	
37.0559	-0.0101118	1	
37.0558	-0.0101117	1	
37.0558	-0.0101117	1	
37.0558	-0.0101116	1	
37.0558	-0.0101116	1	
37.0558	-0.0101116	1	
37.0557	-0.0101116	1	
37.0557	-0.0101116	1	
37.0557	-0.0101116	1	
37.0557	-0.0101115	1	
37.0557	-0.0101115	1	
37.0556	-0.0101115	1	
37.0556	-0.0101115	1	
37.0556	-0.0101115	1	
37.0556	-0.0101115	1	
37.0555	-0.0101115	1	
37.0555	-0.0101115	1	
37.0555	-0.0101115	1	
37.0555	-0.0101115	1	
37.0555	-0.0101115	1	
37.0555	-0.0101115	1	
37.0554	-0.0101115	1	
37.0554	-0.0101115	1	
37.0554	-0.0101115	1	
37.0554	-0.0101115	1	
37.0553	-0.0101115	1	
37.0553	-0.0101115	1	
37.0553	-0.0101115	1	
37.0553	-0.0101115	1	
37.0553	-0.0101115	1	
37.0552	-0.0101115	1	
37.0552	-0.0101115	1	
37.0552	-0.0101115	1	
37.0552	-0.0101115	1	
37.0552	-0.0101115	1	
37.0551	-0.0101115	1	
37.0551	-0.0101115	1	
37.0551	-0.0101115	1	
37.0551	-0.0101115	1	
37.0551	-0.0101115	1	
37.055	-0.0101115	1	
37.055	-0.0101115	1	
37.055	-0.0101115	1	
37.055	-0.0101115	1	
37.055	-0.0101115	1	
37.0549	-0.0101115	1	
37.0549	-0.0101115	1	
37.0549	-0.0101115	1	
37.0549	-0.0101115	1	
37.0549	-0.0101115	1	
37.0548	-0.0101115	1	
37.0548	-0.0101115	1	
37.0548	-0.0101115	1	
37.0548	-0.0101115	1	
37.0548	-0.0101115	1	
37.0547	-0.0101115	1	
37.0547	-0.0101115	1	
37.0547	-0.0101115	1	
37.0547	-0.0101115	1	
37.0547	-0.0101115	1	
37.0546	-0.0101115	1	
37.0546	-0.0101115	1	
37.0546	-0.0101115	1	
37.0546	-0.0101115	1	
37.0546	-0.0101115	1	
37.0545	-0.0101115	1	
37.0545	-0.0101115	1	
37.0545	-0.0101115	1	
37.0545	-0.0101115	1	
37.0545	-0.0101115	1	
37.0544	-0.0101115	1	
37.0544	-0.0101115	1	
37.0544	-0.0101115	1	
37.0544	-0.0101115	1	
37.0544	-0.0101115	1	
37.0543	-0.0101115	1	
37.0543	-0.0101115	1	
37.0543	-0.0101115	1	
37.0543	-0.0101115	1	
37.0543	-0.0101115	1	
37.0542	-0.0101115	1	
37.0542	-0.0101115	1	
37.0542	-0.0101115	1	
37.0542	-0.0101115	1	
37.0542	-0.0101115	1	
37.0541	-0.0101115	1	
37.0541	-0.0101115	1	
37.0541	-0.0101115	1	
37.0541	-0.0101115	1	
37.0541	-0.0101115	1	
37.054	-0.0101115	1	
37.054	-0.0101115	1	
37.054	-0.0101115	1	
37.054	-0.0101115	1	
37.054	-0.0101115	1	
37.0539	-0.0101115	1	
37.0539	-0.0101115	1	
37.0539	-0.0101115	1	
37.0539	-0.0101115	1	
37.0539	-0.0101115	1	
37.0538	-0.0101115	1	
37.0538	-0.0101115	1	
37.0538	-0.0101115	1	
37.0538	-0.0101115	1	
37.0537	-0.0101115	1	
37.0537	-0.0101115	1	
37.0537	-0.0101115	1	
37.0537	-0.0101115	1	
37.0537	-0.0101115	1	
37.0536	-0.0101115	1	
37.0536	-0.0101115	1	
37.0536	-0.0101115	1	
37.0536	-0.0101115	1	
37.0536	-0.0101115	1	
37.0535	-0.0101115	1	
37.0535	-0.0101115	1	
37.0535	-0.0101115	1	
37.0535	-0.0101115	1	
37.0535	-0.0101115	1	
37.0534	-0.0101115	1	
37.0534	-0.0101115	1	
37.0534	-0.0101115	1	
37.0534	-0.0101115	1	
37.0534	-0.0101115	1	
37.0533	-0.0101115	1	
37.0533	-0.0101115	1	
37.0533	-0.0101115	1	
37.0533	-0.0101115	1	
37.0533	-0.0101115	1	
37.0532	-0.0101115	1	
37.0532	-0.0101115	1	
37.0532	-0.0101115	1	
37.0532	-0.0101115	1	
37.0532	-0.0101115	1	
37.0531	-0.0101115	1	
37.0531	-0.0101115	1	
37.0531	-0.0101115	1	
37.0531	-0.0101115	1	
37.0531	-0.0101115	1	
37.053	-0.0101115	1	
37.053	-0.0101115	1	
37.053	-0.0101115	1	
37.053	-0.0101115	1	
37.053	-0.0101115	1	
37.0529	-0.0101115	1	
37.0529	-0.0101115	1	
37.0529	-0.0101115	1	
37.0529	-0.0101115	1	
37.0529	-0.0101115	1	
37.0528	-0.0101115	1	
37.0528	-0.0101115	1	
37.0528	-0.0101115	1	
37.0528	-0.0101115	1	
37.0528	-0.0101115	1	
37.0527	-0.0101115	1	
37.0527	-0.0101115	1	
37.0527	-0.0101115	1	
37.0527	-0.0101115	1	
37.0527	-0.0101115	1	
37.0526	-0.0101115	1	
37.0526	-0.0101115	1	
37.0526	-0.0101115	1	
37.0526	-0.0101115	1	
37.0526	-0.0101115	1	
37.0525	-0.0101115	1	
37.0525	-0.0101115	1	
37.0525	-0.0101115	1	
37.0525	-0.0101115	1	
37.0525	-0.0101115	1	
37.0524	-0.0101115	1	
37.0524	-0.0101115	1	
37.0524	-0.0101115	1	
37.0524	-0.0101115	1	
37.0524	-0.0101115	1	
37.0523	-0.0101115	1	
37.0523	-0.0101115	1	
37.0523	-0.0101115	1	
37.0523	-0.0101115	1	
37.0523	-0.0101115	1	
37.0522	-0.0101115	1	
37.0522	-0.0101115	1	
37.0522	-0.0101115	1	
37.0522	-0.0101115	1	
37.0522	-0.0101115	1	
37.0521	-0.0101115	1	
37.0521	-0.0101115	1	
37.0521	-0.0101115	1	
37.0521	-0.0101115	1	
37.0521	-0.0101115	1	
37.052	-0.0101115	1	
37.052	-0.0101115	1	
37.052	-0.0101115	1	
37.052	-0.0101115	1	
37.052	-0.0101115	1	
37.0519	-0.0101115	1	
37.0519	-0.0101115	1	
37.0519	-0.0101115	1	
37.0519	-0.0101115	1	
37.0518	-0.0101115	1	
37.0518	-0.0101115	1	
37.0518	-0.0101115	1	
37.0518	-0.0101115	1	
37.0518	-0.0101115	1	
37.0518	-0.0101115	1	
37.0517	-0.0101115	1	
37.0517	-0.0101115	1	
37.0517	-0.0101115	1	
37.0517	-0.0101115	1	
37.0516	-0.0101115	1	
37.0516	-0.0101115	1	
37.0516	-0.0101115	1	
37.0516	-0.0101115	1	
37.0516	-0.0101115	1	
37.0515	-0.0101115	1	
37.0515	-0.0101115	1	
37.0515	-0.0101115	1	
37.0515	-0.0101115	1	
37.0515	-0.0101115	1	
37.0514	-0.0101115	1	
37.0514	-0.0101115	1	
37.0514	-0.0101115	1	
37.0514	-0.0101115	1	
37.0514	-0.0101115	1	
37.0513	-0.0101115	1	
37.0513	-0.0101115	1	
37.0513	-0.0101115	1	
37.0513	-0.0101115	1	
37.0513	-0.0101115	1	
37.0512	-0.0101115	1	
37.0512	-0.0101115	1	
37.0512	-0.0101115	1	
37.0512	-0.0101115	1	
37.0512	-0.0101115	1	
37.0511	-0.0101115	1	
37.0511	-0.0101115	1	
37.0511	-0.0101115	1	
37.0511	-0.0101115	1	
37.0511	-0.0101115	1	
37.051	-0.0101115	1	
37.051	-0.0101115	1	
37.051	-0.0101115	1	
37.051	-0.0101115	1	
37.051	-0.0101115	1	
37.0509	-0.0101115	1	
37.0509	-0.0101115	1	
37.0509	-0.0101115	1	
37.0509	-0.0101115	1	
37.0509	-0.0101115	1	
37.0508	-0.0101115	1	
37.0508	-0.0101115	1	
37.0508	-0.0101115	1	
37.0508	-0.0101115	1	
37.0508	-0.0101115	1	
37.0507	-0.0101115	1	
37.0507	-0.0101115	1	
37.0507	-0.0101115	1	
37.0507	-0.0101115	1	
37.0507	-0.0101115	1	
37.0506	-0.0101115	1	
37.0506	-0.0101115	1	
37.0506	-0.0101115	1	
37.0506	-0.0101115	1	
37.0506	-0.0101115	1	
37.0505	-0.0101115	1	
37.0505	-0.0101115	1	
37.0505	-0.0101115	1	
37.0505	-0.0101115	1	
37.0505	-0.0101115	1	
37.0504	-0.0101115	1	
37.0504	-0.0101115	1	
37.0504	-0.0101115	1	
37.0504	-0.0101115	1	
37.0504	-0.0101115	1	
37.0503	-0.0101115	1	
37.0503	-0.0101115	1	
37.0503	-0.0101115	1	
37.0503	-0.0101115	1	
37.0503	-0.0101115	1	
37.0502	-0.0101115	1	
37.0502	-0.0101115	1	
37.0502	-0.0101115	1	
37.0502	-0.0101115	1	
37.0502	-0.0101115	1	
37.0501	-0.0101115	1	
37.0501	-0.0101115	1	
37.0501	-0.0101115	1	
37.0501	-0.0101115	1	
37.05	-0.0101115	1	
37.05	-0.0101115	1	
37.05	-0.0101115	1	
37.05	-0.0101115	1	
37.05	-0.0101115	1	
37.0499	-0.0101115	1	
37.0499	-0.0101115	1	
37.0499	-0.0101115	1	
37.0499	-0.0101115	1	
37.0499	-0.0101115	1	
37.0498	-0.0101115	1	
37.0498	-0.0101115	1	
37.0498	-0.0101115	1	
37.0498	-0.0101115	1	
37.0498	-0.0101115	1	
37.0497	-0.0101115	1	
37.0497	-0.0101115	1	
37.0497	-0.0101115	1	
37.0497	-0.0101115	1	
37.0497	-0.0101115	1	
37.0496	-0.0101115	1	
37.0496	-0.0101115	1	
37.0496	-0.0101115	1	
37.0496	-0.0101115	1	
37.0496	-0.0101115	1	
37.0495	-0.0101115	1	
37.0495	-0.0101115	1	
37.0495	-0.0101115	1	
37.0495	-0.0101115	1	
37.0495	-0.0101115	1	
37.0494	-0.0101115	1	
37.0494	-0.0101115	1	
37.0494	-0.0101115	1	
37.0494	-0.0101115	1	
37.0494	-0.0101115	1	
37.0493	-0.0101115	1	
37.0493	-0.0101115	1	
37.0493	-0.0101115	1	
37.0493	-0.0101115	1	
37.0493	-0.0101115	1	
37.0492	-0.0101115	1	
37.0492	-0.0101115	1	
37.0492	-0.0101115	1	
37.0492	-0.0101115	1	
37.0492	-0.0101115	1	
37.0491	-0.0101115	1	
37.0491	-0.0101115	1	
37.0491	-0.0101115	1	
37.0491	-0.0101115	1	
37.0491	-0.0101115	1	
37.049	-0.0101115	1	
37.049	-0.0101115	1	
37.049	-0.0101115	1	
37.049	-0.0101115	1	
37.049	-0.0101115	1	
37.0489	-0.0101115	1	
37.0489	-0.0101115	1	
37.0489	-0.0101115	1	
37.0489	-0.0101115	1	
37.0489	-0.0101115	1	
37.0488	-0.0101115	1	
37.0488	-0.0101115	1	
37.0488	-0.0101115	1	
37.0488	-0.0101115	1	
37.0488	-0.0101115	1	
37.0487	-0.0101115	1	
37.0487	-0.0101115	1	
37.0487	-0.0101115	1	
37.0487	-0.0101115	1	
37.0487	-0.0101115	1	
37.0486	-0.0101115	1	
37.0486	-0.0101115	1	
37.0486	-0.0101115	1	
37.0486	-0.0101115	1	
37.0486	-0.0101115	1	
37.0485	-0.0101115	1	
37.0485	-0.0101115	1	
37.0485	-0.0101115	1	
37.0485	-0.0101115	1	
37.0485	-0.0101115	1	
37.0484	-0.0101115	1	
37.0484	-0.0101115	1	
37.0484	-0.0101115	1	
37.0484	-0.0101115	1	
37.0484	-0.0101115	1	
37.0483	-0.0101115	1	
37.0483	-0.0101115	1	
37.0483	-0.0101115	1	
37.0483	-0.0101115	1	
37.0482	-0.0101115	1	
37.0482	-0.0101115	1	
37.0482	-0.0101115	1	
37.0482	-0.0101115	1	
37.0482	-0.0101115	1	
37.0481	-0.0101115	1	
37.0481	-0.0101115	1	
37.0481	-0.0101115	1	
37.0481	-0.0101115	1	
37.0481	-0.0101115	1	
37.048	-0.0101115	1	
37.048	-0.0101115	1	
37.048	-0.0101115	1	
37.048	-0.0101115	1	
37.048	-0.0101115	1	
37.0479	-0.0101115	1	
37.0479	-0.0101115	1	
37.0479	-0.0101115	1	
37.0479	-0.0101115	1	
37.0479	-0.0101115	1	
37.0478	-0.0101115	1	
37.0478	-0.0101115	1	
37.0478	-0.0101115	1	
37.0478	-0.0101115	1	
37.0478	-0.0101115	1	
37.0477	-0.0101115	1	
37.0477	-0.0101115	1	
37.0477	-0.0101115	1	
37.0477	-0.0101115	1	
37.0477	-0.0101115	1	
37.0476	-0.0101115	1	
37.0476	-0.0101115	1	
37.0476	-0.0101115	1	
37.0476	-0.0101115	1	
37.0476	-0.0101115	1	
37.0475	-0.0101115	1	
37.0475	-0.0101115	1	
37.0475	-0.0101115	1	
37.0475	-0.0101115	1	
37.0475	-0.0101115	1	
37.0474	-0.0101115	1	
37.0474	-0.0101115	1	
37.0474	-0.0101115	1	
37.0474	-0.0101115	1	
37.0474	-0.0101115	1	
37.0473	-0.0101115	1	
37.0473	-0.0101115	1	
37.0473	-0.0101115	1	
37.0473	-0.0101115	1	
37.0473	-0.0101115	1	
37.0472	-0.0101115	1	
37.0472	-0.0101115	1	
37.0472	-0.0101115	1	
37.0472	-0.0101115	1	
37.0472	-0.0101115	1	
37.0471	-0.0101115	1	
37.0471	-0.0101115	1	
37.0471	-0.0101115	1	
37.0471	-0.0101115	1	
37.0471	-0.0101115	1	
37.047	-0.0101115	1	
37.047	-0.0101115	1	
37.047	-0.0101115	1	
37.047	-0.0101115	1	
37.047	-0.0101115	1	
37.0469	-0.0101115	1	
37.0469	-0.0101115	1	
37.0469	-0.0101115	1	
37.0469	-0.0101115	1	
37.0469	-0.0101115	1	
37.0468	-0.0101115	1	
37.0468	-0.0101115	1	
37.0468	-0.0101115	1	
37.0468	-0.0101115	1	
37.0468	-0.0101115	1	
37.0467	-0.0101115	1	
37.0467	-0.0101115	1	
37.0467	-0.0101115	1	
37.0467	-0.0101115	1	
37.0467	-0.0101115	1	
37.0466	-0.0101115	1	
37.0466	-0.0101115	1	
37.0466	-0.0101115	1	
37.0466	-0.0101115	1	
37.0466	-0.0101115	1	
37.0465	-0.0101115	1	
37.0465	-0.0101115	1	
37.0465	-0.0101115	1	
37.0465	-0.0101115	1	
37.0465	-0.0101115	1	
37.0464	-0.0101115	1	
37.0464	-0.0101115	1	
37.0464	-0.0101115	1	
37.0464	-0.0101115	1	
37.0463	-0.0101115	1	
37.0463	-0.0101115	1	
37.0463	-0.0101115	1	
37.0463	-0.0101115	1	
37.0463	-0.0101115	1	
37.0462	-0.0101115	1	
37.0462	-0.0101115	1	
37.0462	-0.0101115	1	
37.0462	-0.0101115	1	
37.0462	-0.0101115	1	
37.0461	-0.0101115	1	
37.0461	-0.0101115	1	
37.0461	-0.0101115	1	
37.0461	-0.0101115	1	
37.0461	-0.0101115	1	
37.046	-0.0101115	1	
37.046	-0.0101115	1	
37.046	-0.0101115	1	
37.046	-0.0101115	1	
37.046	-0.0101115	1	
37.0459	-0.0101115	1	
37.0459	-0.0101115	1	
37.0459	-0.0101115	1	
37.0459	-0.0101115	1	
37.0459	-0.0101115	1	
37.0458	-0.0101115	1	
37.0458	-0.0101115	1	
37.0458	-0.0101115	1	
37.0458	-0.0101115	1	
37.0458	-0.0101115	1	
37.0457	-0.0101115	1	
37.0457	-0.0101115	1	
37.0457	-0.0101115	1	
37.0457	-0.0101115	1	
37.0457	-0.0101115	1	
37.0456	-0.0101115	1	
37.0456	-0.0101115	1	
37.0456	-0.0101115	1	
37.0456	-0.0101115	1	
37.0456	-0.0101115	1	
37.0455	-0.0101115	1	
37.0455	-0.0101115	1	
37.0455	-0.0101115	1	
37.0455	-0.0101115	1	
37.0455	-0.0101115	1	
37.0454	-0.0101115	1	
37.0454	-0.0101115	1	
37.0454	-0.0101115	1	
37.0454	-0.0101115	1	
37.0454	-0.0101115	1	
37.0453	-0.0101115	1	
37.0453	-0.0101115	1	
37.0453	-0.0101115	1	
37.0453	-0.0101115	1	
37.0453	-0.0101115	1	
37.0452	-0.0101115	1	
37.0452	-0.0101115	1	
37.0452	-0.0101115	1	
37.0452	-0.0101115	1	
37.0452	-0.0101115	1	
37.0451	-0.0101115	1	
37.0451	-0.0101115	1	
37.0451	-0.0101115	1	
37.0451	-0.0101115	1	
37.0451	-0.0101115	1	
37.045	-0.0101115	1	
37.045	-0.0101115	1	
37.045	-0.0101115	1	
37.045	-0.0101115	1	
37.045	-0.0101115	1	
37.0449	-0.0101115	1	
37.0449	-0.0101115	1	
37.0449	-0.0101115	1	
37.0449	-0.0101115	1	
37.0449	-0.0101115	1	
37.0448	-0.0101115	1	
37.0448	-0.0101115	1	
37.0448	-0.0101115	1	
37.0448	-0.0101115	1	
37.0448	-0.0101115	1	
37.0447	-0.0101115	1	
37.0447	-0.0101115	1	
37.0447	-0.0101115	1	
37.0447	-0.0101115	1	
37.0447	-0.0101115	1	
37.0446	-0.0101115	1	
37.0446	-0.0101115	1	
37.0446	-0.0101115	1	
37.0446	-0.0101115	1	
37.0445	-0.0101115	1	
37.0445	-0.0101115	1	
37.0445	-0.0101115	1	
37.0445	-0.0101115	1	
37.0445	-0.0101115	1	
37.0444	-0.0101115	1	
37.0444	-0.0101115	1	
37.0444	-0.0101115	1	
37.0444	-0.0101115	1	
37.0444	-0.0101115	1	
37.0443	-0.0101115	1	
37.0443	-0.0101115	1	
37.0443	-0.0101115	1	
37.0443	-0.0101115	1	
37.0443	-0.0101115	1	
37.0442	-0.0101115	1	
37.0442	-0.0101115	1	
37.0442	-0.0101115	1	
37.0442	-0.0101115	1	
37.0442	-0.0101115	1	
37.0441	-0.0101115	1	
37.0441	-0.0101115	1	
37.0441	-0.0101115	1	
37.0441	-0.0101115	1	
37.0441	-0.0101115	1	
37.044	-0.0101115	1	
37.044	-0.0101115	1	
37.044	-0.0101115	1	
37.044	-0.0101115	1	
37.044	-0.0101115	1	
37.0439	-0.0101115	1	
37.0439	-0.0101115	1	
37.0439	-0.0101115	1	
37.0439	-0.0101115	1	
37.0439	-0.0101115	1	
37.0438	-0.0101115	1	
37.0438	-0.0101115	1	
37.0438	-0.0101115	1	
37.0438	-0.0101115	1	
37.0438	-0.0101115	1	
37.0437	-0.0101115	1	
37.0437	-0.0101115	1	
37.0437	-0.0101115	1	
37.0437	-0.0101115	1	
37.0437	-0.0101115	1	
37.0436	-0.0101115	1	
37.0436	-0.0101115	1	
37.0436	-0.0101115	1	
37.0436	-0.0101115	1	
37.0436	-0.0101115	1	
37.0435	-0.0101115	1	
37.0435	-0.0101115	1	
37.0435	-0.0101115	1	
37.0435	-0.0101115	1	
37.0435	-0.0101115	1	
37.0434	-0.0101115	1	
37.0434	-0.0101115	1	
37.0434	-0.0101115	1	
37.0434	-0.0101115	1	
37.0434	-0.0101115	1	
37.0433	-0.0101115	1	
37.0433	-0.0101115	1	
37.0433	-0.0101115	1	
37.0433	-0.0101115	1	
37.0433	-0.0101115	1	
37.0432	-0.0101115	1	
37.0432	-0.0101115	1	
37.0432	-0.0101115	1	
37.0432	-0.0101115	1	
37.0432	-0.0101115	1	
37.0431	-0.0101115	1	
37.0431	-0.0101115	1	
37.0431	-0.0101115	1	
37.0431	-0.0101115	1	
37.0431	-0.0101115	1	
37.043	-0.0101115	1	
37.043	-0.0101115	1	
37.043	-0.0101115	1	
37.043	-0.0101115	1	
37.0429	-0.0101115	1	
37.0429	-0.0101115	1	
37.0429	-0.0101115	1	
37.0429	-0.0101115	1	
37.0429	-0.0101115	1	
37.0429	-0.0101115	1	
37.0428	-0.0101115	1	
37.0428	-0.0101115	1	
37.0428	-0.0101115	1	
37.0428	-0.0101115	1	
37.0427	-0.0101115	1	
37.0427	-0.0101115	1	
37.0427	-0.0101115	1	
37.0427	-0.0101115	1	
37.0427	-0.0101115	1	
37.0426	-0.0101115	1	
37.0426	-0.0101115	1	
37.0426	-0.0101115	1	
37.0426	-0.0101115	1	
37.0426	-0.0101115	1	
37.0425	-0.0101115	1	
37.0425	-0.0101115	1	
37.0425	-0.0101115	1	
37.0425	-0.0101115	1	
37.0425	-0.0101115	1	
37.0424	-0.0101115	1	
37.0424	-0.0101115	1	
37.0424	-0.0101115	1	
37.0424	-0.0101115	1	
37.0424	-0.0101115	1	
37.0423	-0.0101115	1	
37.0423	-0.0101115	1	
37.0423	-0.0101115	1	
37.0423	-0.0101115	1	
37.0423	-0.0101115	1	
37.0422	-0.0101115	1	
37.0422	-0.0101115	1	
37.0422	-0.0101115	1	
37.0422	-0.0101115	1	
37.0422	-0.0101115	1	
37.0421	-0.0101115	1	
37.0421	-0.0101115	1	
37.0421	-0.0101115	1	
37.0421	-0.0101115	1	
37.0421	-0.0101115	1	
37.042	-0.0101115	1	
37.042	-0.0101115	1	
37.042	-0.0101115	1	
37.042	-0.0101115	1	
37.042	-0.0101115	1	
37.0419	-0.0101115	1	
37.0419	-0.0101115	1	
37.0419	-0.0101115	1	
37.0419	-0.0101115	1	
37.0419	-0.0101115	1	
37.0418	-0.0101115	1	
37.0418	-0.0101115	1	
37.0418	-0.0101115	1	
37.0418	-0.0101115	1	
37.0418	-0.0101115	1	
37.0417	-0.0101115	1	
37.0417	-0.0101115	1	
37.0417	-0.0101115	1	
37.0417	-0.0101115	1	
37.0417	-0.0101115	1	
37.0416	-0.0101115	1	
37.0416	-0.0101115	1	
37.0416	-0.0101115	1	
37.0416	-0.0101115	1	
37.0416	-0.0101115	1	
37.0415	-0.0101115	1	
37.0415	-0.0101115	1	
37.0415	-0.0101115	1	
37.0415	-0.0101115	1	
37.0415	-0.0101115	1	
37.0414	-0.0101115	1	
37.0414	-0.0101115	1	
37.0414	-0.0101115	1	
37.0414	-0.0101115	1	
37.0414	-0.0101115	1	
37.0413	-0.0101115	1	
37.0413	-0.0101115	1	
37.0413	-0.0101115	1	
37.0413	-0.0101115	1	
37.0413	-0.0101115	1	
37.0412	-0.0101115	1	
37.0412	-0.0101115	1	
37.0412	-0.0101115	1	
37.0412	-0.0101115	1	
37.0412	-0.0101115	1	
37.0411	-0.0101115	1	
37.0411	-0.0101115	1	
37.0411	-0.0101115	1	
37.0411	-0.0101115	1	
37.041	-0.0101115	1	
37.041	-0.0101115	1	
37.041	-0.0101115	1	
37.041	-0.0101115	1	
37.041	-0.0101115	1	
37.041	-0.0101115	1	
37.0409	-0.0101115	1	
37.0409	-0.0101115	1	
37.0409	-0.0101115	1	
37.0409	-0.0101115	1	
37.0408	-0.0101115	1	
37.0408	-0.0101115	1	
37.0408	-0.0101115	1	
37.0408	-0.0101115	1	
37.0408	-0.0101115	1	
37.0407	-0.0101115	1	
37.0407	-0.0101115	1	
37.0407	-0.0101115	1	
37.0407	-0.0101115	1	
37.0407	-0.0101115	1	
37.0406	-0.0101115	1	
37.0406	-0.0101115	1	
37.0406	-0.0101115	1	
37.0406	-0.0101115	1	
37.0406	-0.0101115	1	
37.0405	-0.0101115	1	
37.0405	-0.0101115	1	
37.0405	-0.0101115	1	
37.0405	-0.0101115	1	
37.0405	-0.0101115	1	
37.0404	-0.0101115	1	
37.0404	-0.0101115	1	
37.0404	-0.0101115	1	
37.0404	-0.0101115	1	
37.0404	-0.0101115	1	
37.0403	-0.0101115	1	
37.0403	-0.0101115	1	
37.0403	-0.0101115	1	
37.0403	-0.0101115	1	
37.0403	-0.0101115	1	
37.0402	-0.0101115	1	
37.0402	-0.0101115	1	
37.0402	-0.0101115	1	
37.0402	-0.0101115	1	
37.0402	-0.0101115	1	
37.0401	-0.0101115	1	
37.0401	-0.0101115	1	
37.0401	-0.0101115	1	
37.0401	-0.0101115	1	
37.0401	-0.0101115	1	
37.04	-0.0101115	1	
37.04	-0.0101115	1	
37.04	-0.0101115	1	
37.04	-0.0101115	1	
37.04	-0.0101115	1	
37.0399	-0.0101115	1	
37.0399	-0.0101115	1	
37.0399	-0.0101115	1	
37.0399	-0.0101115	1	
37.0399	-0.0101115	1	
37.0398	-0.0101115	1	
37.0398	-0.0101115	1	
37.0398	-0.0101115	1	
37.0398	-0.0101115	1	
37.0398	-0.0101115	1	
37.0397	-0.0101115	1	
37.0397	-0.0101115	1	
37.0397	-0.0101115	1	
37.0397	-0.0101115	1	
37.0397	-0.0101115	1	
37.0396	-0.0101115	1	
37.0396	-0.0101115	1	
37.0396	-0.0101115	1	
37.0396	-0.0101115	1	
37.0396	-0.0101115	1	
37.0395	-0.0101115	1	
37.0395	-0.0101115	1	
37.0395	-0.0101115	1	
37.0395	-0.0101115	1	
37.0395	-0.0101115	1	
37.0394	-0.0101115	1	
37.0394	-0.0101115	1	
37.0394	-0.0101115	1	
37.0394	-0.0101115	1	
37.0394	-0.0101115	1	
37.0393	-0.0101115	1	
37.0393	-0.0101115	1	
37.0393	-0.0101115	1	
37.0393	-0.0101115	1	
37.0392	-0.0101115	1	
37.0392	-0.0101115	1	
37.0392	-0.0101115	1	
37.0392	-0.0101115	1	
37.0392	-0.0101115	1	
37.0392	-0.0101115	1	
37.0391	-0.0101115	1	
37.0391	-0.0101115	1	
37.0391	-0.0101115	1	
37.0391	-0.0101115	1	
37.039	-0.0101115	1	
37.039	-0.0101115	1	
37.039	-0.0101115	1	
37.039	-0.0101115	1	
37.039	-0.0101115	1	
37.0389	-0.0101115	1	
37.0389	-0.0101115	1	
37.0389	-0.0101115	1	
37.0389	-0.0101115	1	
37.0389	-0.0101115	1	
37.0388	-0.0101115	1	
37.0388	-0.0101115	1	
37.0388	-0.0101115	1	
37.0388	-0.0101115	1	
37.0388	-0.0101115	1	
37.0387	-0.0101115	1	
37.0387	-0.0101115	1	
37.0387	-0.0101115	1	
37.0387	-0.0101115	1	
37.0387	-0.0101115	1	
37.0386	-0.0101115	1	
37.0386	-0.0101115	1	
37.0386	-0.0101115	1	
37.0386	-0.0101115	1	
37.0386	-0.0101115	1	
37.0385	-0.0101115	1	
37.0385	-0.0101115	1	
37.0385	-0.0101115	1	
37.0385	-0.0101115	1	
37.0385	-0.0101115	1	
37.0384	-0.0101115	1	
37.0384	-0.0101115	1	
37.0384	-0.0101115	1	
37.0384	-0.0101115	1	
37.0384	-0.0101115	1	
37.0383	-0.0101115	1	
37.0383	-0.0101115	1	
37.0383	-0.0101115	1	
37.0383	-0.0101115	1	
37.0383	-0.0101115	1	
37.0382	-0.0101115	1	
37.0382	-0.0101115	1	
37.0382	-0.0101115	1	
37.0382	-0.0101115	1	
37.0382	-0.0101115	1	
37.0381	-0.0101115	1	
37.0381	-0.0101115	1	
37.0381	-0.0101115	1	
37.0381	-0.0101115	1	
37.0381	-0.0101115	1	
37.038	-0.0101115	1	
37.038	-0.0101115	1	
37.038	-0.0101115	1	
37.038	-0.0101115	1	
37.038	-0.0101115	1	
37.0379	-0.0101115	1	
37.0379	-0.0101115	1	
37.0379	-0.0101115	1	
37.0379	-0.0101115	1	
37.0379	-0.0101115	1	
37.0378	-0.0101115	1	
37.0378	-0.0101115	1	
37.0378	-0.0101115	1	
37.0378	-0.0101115	1	
37.0378	-0.0101115	1	
37.0377	-0.0101115	1	
37.0377	-0.0101115	1	
37.0377	-0.0101115	1	
37.0377	-0.0101115	1	
37.0377	-0.0101115	1	
37.0376	-0.0101115	1	
37.0376	-0.0101115	1	
37.0376	-0.0101115	1	
37.0376	-0.0101115	1	
37.0376	-0.0101115	1	
37.0375	-0.0101115	1	
37.0375	-0.0101115	1	
37.0375	-0.0101115	1	
37.0375	-0.0101115	1	
37.0374	-0.0101115	1	
37.0374	-0.0101115	1	
37.0374	-0.0101115	1	
37.0374	-0.0101115	1	
37.0374	-0.0101115	1	
37.0373	-0.0101115	1	
37.0373	-0.0101115	1	
37.0373	-0.0101115	1	
37.0373	-0.0101115	1	
37.0373	-0.0101115	1	
37.0372	-0.0101115	1	
37.0372	-0.0101115	1	
37.0372	-0.0101115	1	
37.0372	-0.0101115	1	
37.0372	-0.0101115	1	
37.0371	-0.0101115	1	
37.0371	-0.0101115	1	
37.0371	-0.0101115	1	
37.0371	-0.0101115	1	
37.0371	-0.0101115	1	
37.037	-0.0101115	1	
37.037	-0.0101115	1	
37.037	-0.0101115	1	
37.037	-0.0101115	1	
37.037	-0.0101115	1	
37.0369	-0.0101115	1	
37.0369	-0.0101115	1	
37.0369	-0.0101115	1	
37.0369	-0.0101115	1	
37.0369	-0.0101115	1	
37.0368	-0.0101115	1	
37.0368	-0.0101115	1	
37.0368	-0.0101115	1	
37.0368	-0.0101115	1	
37.0368	-0.0101115	1	
37.0367	-0.0101115	1	
37.0367	-0.0101115	1	
37.0367	-0.0101115	1	
37.0367	-0.0101115	1	
37.0367	-0.0101115	1	
37.0366	-0.0101115	1	
37.0366	-0.0101115	1	
37.0366	-0.0101115	1	
37.0366	-0.0101115	1	
37.0366	-0.0101115	1	
37.0365	-0.0101115	1	
37.0365	-0.0101115	1	
37.0365	-0.0101115	1	
37.0365	-0.0101115	1	
37.0365	-0.0101115	1	
37.0364	-0.0101115	1	
37.0364	-0.0101115	1	
37.0364	-0.0101115	1	
37.0364	-0.0101115	1	
37.0364	-0.0101115	1	
37.0363	-0.0101115	1	
37.0363	-0.0101115	1	
37.0363	-0.0101115	1	
37.0363	-0.0101115	1	
37.0363	-0.0101115	1	
37.0362	-0.0101115	1	
37.0362	-0.0101115	1	
37.0362	-0.0101115	1	
37.0362	-0.0101115	1	
37.0362	-0.0101115	1	
37.0361	-0.0101115	1	
37.0361	-0.0101115	1	
37.0361	-0.0101115	1	
37.0361	-0.0101115	1	
37.0361	-0.0101115	1	
37.036	-0.0101115	1	
37.036	-0.0101115	1	
37.036	-0.0101115	1	
37.036	-0.0101115	1	
37.036	-0.0101115	1	
37.0359	-0.0101115	1	
37.0359	-0.0101115	1	
37.0359	-0.0101115	1	
37.0359	-0.0101115	1	
37.0359	-0.0101115	1	
37.0358	-0.0101115	1	
37.0358	-0.0101115	1	
37.0358	-0.0101115	1	
37.0358	-0.0101115	1	
37.0358	-0.0101115	1	
37.0357	-0.0101115	1	
37.0357	-0.0101115	1	
37.0357	-0.0101115	1	
37.0357	-0.0101115	1	
37.0357	-0.0101115	1	
37.0356	-0.0101115	1	
37.0356	-0.0101115	1	
37.0356	-0.0101115	1	
37.0356	-0.0101115	1	
37.0355	-0.0101115	1	
37.0355	-0.0101115	1	
37.0355	-0.0101115	1	
37.0355	-0.0101115	1	
37.0355	-0.0101115	1	
37.0354	-0.0101115	1	
37.0354	-0.0101115	1	
37.0354	-0.0101115	1	
37.0354	-0.0101115	1	
37.0354	-0.0101115	1	
37.0353	-0.0101115	1	
37.0353	-0.0101115	1	
37.0353	-0.0101115	1	
37.0353	-0.0101115	1	
37.0353	-0.0101115	1	
37.0352	-0.0101115	1	
37.0352	-0.0101115	1	
37.0352	-0.0101115	1	
37.0352	-0.0101115	1	
37.0352	-0.0101115	1	
37.0351	-0.0101115	1	
37.0351	-0.0101115	1	
37.0351	-0.0101115	1	
37.0351	-0.0101115	1	
37.0351	-0.0101115	1	
37.035	-0.0101115	1	
37.035	-0.0101115	1	
37.035	-0.0101115	1	
37.035	-0.0101115	1	
37.035	-0.0101115	1	
37.0349	-0.0101115	1	
37.0349	-0.0101115	1	
37.0349	-0.0101115	1	
37.0349	-0.0101115	1	
37.0349	-0.0101115	1	
37.0348	-0.0101115	1	
37.0348	-0.0101115	1	
37.0348	-0.0101115	1	
37.0348	-0.0101115	1	
37.0348	-0.0101115	1	
37.0347	-0.0101115	1	
37.0347	-0.0101115	1	
37.0347	-0.0101115	1	
37.0347	-0.0101115	1	
37.0347	-0.0101115	1	
37.0346	-0.0101115	1	
37.0346	-0.0101115	1	
37.0346	-0.0101115	1	
37.0346	-0.0101115	1	
37.0346	-0.0101115	1	
37.0345	-0.0101115	1	
37.0345	-0.0101115	1	
37.0345	-0.0101115	1	
37.0345	-0.0101115	1	
37.0345	-0.0101115	1	
37.0344	-0.0101115	1	
37.0344	-0.0101115	1	
37.0344	-0.0101115	1	
37.0344	-0.0101115	1	
37.0344	-0.0101115	1	
37.0343	-0.0101115	1	
37.0343	-0.0101115	1	
37.0343	-0.0101115	1	
37.0343	-0.0101115	1	
37.0343	-0.0101115	1	
37.0342	-0.0101115	1	
37.0342	-0.0101115	1	
37.0342	-0.0101115	1	
37.0342	-0.0101115	1	
37.0342	-0.0101115	1	
37.0341	-0.0101115	1	
37.0341	-0.0101115	1	
37.0341	-0.0101115	1	
37.0341	-0.0101115	1	
37.0341	-0.0101115	1	
37.034	-0.0101115	1	
37.034	-0.0101115	1	
37.034	-0.0101115	1	
37.034	-0.0101115	1	
37.034	-0.0101115	1	
37.0339	-0.0101115	1	
37.0339	-0.0101115	1	
37.0339	-0.0101115	1	
37.0339	-0.0101115	1	
37.0339	-0.0101115	1	
37.0338	-0.0101115	1	
37.0338	-0.0101115	1	
37.0338	-0.0101115	1	
37.0338	-0.0101115	1	
37.0337	-0.0101115	1	
37.0337	-0.0101115	1	
37.0337	-0.0101115	1	
37.0337	-0.0101115	1	
37.0337	-0.0101115	1	
37.0336	-0.0101115	1	
37.0336	-0.0101115	1	
37.0336	-0.0101115	1	
37.0336	-0.0101115	1	
37.0336	-0.0101115	1	
37.0335	-0.0101115	1	
37.0335	-0.0101115	1	
37.0335	-0.0101115	1	
37.0335	-0.0101115	1	
37.0335	-0.0101115	1	
37.0334	-0.0101115	1	
37.0334	-0.0101115	1	
37.0334	-0.0101115	1	
37.0334	-0.0101115	1	
37.0334	-0.0101115	1	
37.0333	-0.0101115	1	
37.0333	-0.0101115	1	
37.0333	-0.0101115	1	
37.0333	-0.0101115	1	
37.0333	-0.0101115	1	
37.0332	-0.0101115	1	
37.0332	-0.0101115	1	
37.0332	-0.0101115	1	
37.0332	-0.0101115	1	
37.0332	-0.0101115	1	
37.0331	-0.0101115	1	
37.0331	-0.0101115	1	
37.0331	-0.0101115	1	
37.0331	-0.0101115	1	
37.0331	-0.0101115	1	
37.033	-0.0101115	1	
37.033	-0.0101115	1	
37.033	-0.0101115	1	
37.033	-0.0101115	1	
37.033	-0.0101115	1	
37.0329	-0.0101115	1	
37.0329	-0.0101115	1	
37.0329	-0.0101115	1	
37.0329	-0.0101115	1	
37.0329	-0.0101115	1	
37.0328	-0.0101115	1	
37.0328	-0.0101115	1	
37.0328	-0.0101115	1	
37.0328	-0.0101115	1	
37.0328	-0.0101115	1	
37.0327	-0.0101115	1	
37.0327	-0.0101115	1	
37.0327	-0.0101115	1	
37.0327	-0.0101115	1	
37.0327	-0.0101115	1	
37.0326	-0.0101115	1	
37.0326	-0.0101115	1	
37.0326	-0.0101115	1	
37.0326	-0.0101115	1	
37.0326	-0.0101115	1	
37.0325	-0.0101115	1	
37.0325	-0.0101115	1	
37.0325	-0.0101115	1	
37.0325	-0.0101115	1	
37.0325	-0.0101115	1	
37.0324	-0.0101115	1	
37.0324	-0.0101115	1	
37.0324	-0.0101115	1	
37.0324	-0.0101115	1	
37.0324	-0.0101115	1	
37.0323	-0.0101115	1	
37.0323	-0.0101115	1	
37.0323	-0.0101115	1	
37.0323	-0.0101115	1	
37.0323	-0.0101115	1	
37.0322	-0.0101115	1	
37.0322	-0.0101115	1	
37.0322	-0.0101115	1	
37.0322	-0.0101115	1	
37.0322	-0.0101115	1	
37.0321	-0.0101115	1	
37.0321	-0.0101115	1	
37.0321	-0.0101115	1	
37.0321	-0.0101115	1	
37.0321	-0.0101115	1	
37.032	-0.0101115	1	
37.032	-0.0101115	1	
37.032	-0.0101115	1	
37.032	-0.0101115	1	
37.032	-0.0101115	1	
37.0319	-0.0101115	1	
37.0319	-0.0101115	1	
37.0319	-0.0101115	1	
37.0319	-0.0101115	1	
37.0318	-0.0101115	1	
37.0318	-0.0101115	1	
37.0318	-0.0101115	1	
37.0318	-0.0101115	1	
37.0318	-0.0101115	1	
37.0317	-0.0101115	1	
37.0317	-0.0101115	1	
37.0317	-0.0101115	1	
37.0317	-0.0101115	1	
37.0317	-0.0101115	1	
37.0316	-0.0101115	1	
37.0316	-0.0101115	1	
37.0316	-0.0101115	1	
37.0316	-0.0101115	1	
37.0316	-0.0101115	1	
37.0315	-0.0101115	1	
37.0315	-0.0101115	1	
37.0315	-0.0101115	1	
37.0315	-0.0101115	1	
37.0315	-0.0101115	1	
37.0314	-0.0101115	1	
37.0314	-0.0101115	1	
37.0314	-0.0101115	1	
37.0314	-0.0101115	1	
37.0314	-0.0101115	1	
37.0313	-0.0101115	1	
37.0313	-0.0101115	1	
37.0313	-0.0101115	1	
37.0313	-0.0101115	1	
37.0313	-0.0101115	1	
37.0312	-0.0101115	1	
37.0312	-0.0101115	1	
37.0312	-0.0101115	1	
37.0312	-0.0101115	1	
37.0312	-0.0101115	1	
37.0311	-0.0101115	1	
37.0311	-0.0101115	1	
37.0311	-0.0101115	1	
37.0311	-0.0101115	1	
37.0311	-0.0101115	1	
37.031	-0.0101115	1	
37.031	-0.0101115	1	
37.031	-0.0101115	1	
37.031	-0.0101115	1	
37.031	-0.0101115	1	
37.0309	-0.0101115	1	
37.0309	-0.0101115	1	
37.0309	-0.0101115	1	
37.0309	-0.0101115	1	
37.0309	-0.0101115	1	
37.0308	-0.0101115	1	
37.0308	-0.0101115	1	
37.0308	-0.0101115	1	
37.0308	-0.0101115	1	
37.0308	-0.0101115	1	
37.0307	-0.0101115	1	
37.0307	-0.0101115	1	
37.0307	-0.0101115	1	
37.0307	-0.0101115	1	
37.0307	-0.0101115	1	
37.0306	-0.0101115	1	
37.0306	-0.0101115	1	
37.0306	-0.0101115	1	
37.0306	-0.0101115	1	
37.0306	-0.0101115	1	
37.0305	-0.0101115	1	
37.0305	-0.0101115	1	
37.0305	-0.0101115	1	
37.0305	-0.0101115	1	
37.0305	-0.0101115	1	
37.0304	-0.0101115	1	
37.0304	-0.0101115	1	
37.0304	-0.0101115	1	
37.0304	-0.0101115	1	
37.0304	-0.0101115	1	
37.0303	-0.0101115	1	
37.0303	-0.0101115	1	
37.0303	-0.0101115	1	
37.0303	-0.0101115	1	
37.0303	-0.0101115	1	
37.0302	-0.0101115	1	
37.0302	-0.0101115	1	
37.0302	-0.0101115	1	
37.0302	-0.0101115	1	
37.0302	-0.0101115	1	
37.0301	-0.0101115	1	
37.0301	-0.0101115	1	
37.0301	-0.0101115	1	
37.0301	-0.0101115	1	
37.03	-0.0101115	1	
37.03	-0.0101115	1	
37.03	-0.0101115	1	
37.03	-0.0101115	1	
37.03	-0.0101115	1	
37.0299	-0.0101115	1	
37.0299	-0.0101115	1	
37.0299	-0.0101115	1	
37.0299	-0.0101115	1	
37.0299	-0.0101115	1	
37.0298	-0.0101115	1	
37.0298	-0.0101115	1	
37.0298	-0.0101115	1	
37.0298	-0.0101115	1	
37.0298	-0.0101115	1	
37.0297	-0.0101115	1	
37.0297	-0.0101115	1	
37.0297	-0.0101115	1	
37.0297	-0.0101115	1	
37.0297	-0.0101115	1	
37.0296	-0.0101115	1	
37.0296	-0.0101115	1	
37.0296	-0.0101115	1	
37.0296	-0.0101115	1	
37.0296	-0.0101115	1	
37.0295	-0.0101115	1	
37.0295	-0.0101115	1	
37.0295	-0.0101115	1	
37.0295	-0.0101115	1	
37.0295	-0.0101115	1	
37.0294	-0.0101115	1	
37.0294	-0.0101115	1	
37.0294	-0.0101115	1	
37.0294	-0.0101115	1	
37.0294	-0.0101115	1	
37.0293	-0.0101115	1	
37.0293	-0.0101115	1	
37.0293	-0.0101115	1	
37.0293	-0.0101115	1	
37.0293	-0.0101115	1	
37.0292	-0.0101115	1	
37.0292	-0.0101115	1	
37.0292	-0.0101115	1	
37.0292	-0.0101115	1	
37.0292	-0.0101115	1	
37.0291	-0.0101115	1	
37.0291	-0.0101115	1	
37.0291	-0.0101115	1	
37.0291	-0.0101115	1	
37.0291	-0.0101115	1	
37.029	-0.0101115	1	
37.029	-0.0101115	1	
37.029	-0.0101115	1	
37.029	-0.0101115	1	
37.029	-0.0101115	1	
37.0289	-0.0101115	1	
37.0289	-0.0101115	1	
37.0289	-0.0101115	1	
37.0289	-0.0101115	1	
37.0289	-0.0101115	1	
37.0288	-0.0101115	1	
37.0288	-0.0101115	1	
37.0288	-0.0101115	1	
37.0288	-0.0101115	1	
37.0288	-0.0101115	1	
37.0287	-0.0101115	1	
37.0287	-0.0101115	1	
37.0287	-0.0101115	1	
37.0287	-0.0101115	1	
37.0287	-0.0101115	1	
37.0286	-0.0101115	1	
37.0286	-0.0101115	1	
37.0286	-0.0101115	1	
37.0286	-0.0101115	1	
37.0286	-0.0101115	1	
37.0285	-0.0101115	1	
37.0285	-0.0101115	1	
37.0285	-0.0101115	1	
37.0285	-0.0101115	1	
37.0285	-0.0101115	1	
37.0284	-0.0101115	1	
37.0284	-0.0101115	1	
37.0284	-0.0101115	1	
37.0284	-0.0101115	1	
37.0284	-0.0101115	1	
37.0283	-0.0101115	1	
37.0283	-0.0101115	1	
37.0283	-0.0101115	1	
37.0283	-0.0101115	1	
37.0282	-0.0101115	1	
37.0282	-0.0101115	1	
37.0282	-0.0101115	1	
37.0282	-0.0101115	1	
37.0282	-0.0101115	1	
37.0281	-0.0101115	1	
37.0281	-0.0101115	1	
37.0281	-0.0101115	1	
37.0281	-0.0101115	1	
37.0281	-0.0101115	1	
37.028	-0.0101115	1	
37.028	-0.0101115	1	
37.028	-0.0101115	1	
37.028	-0.0101115	1	
37.028	-0.0101115	1	
37.0279	-0.0101115	1	
37.0279	-0.0101115	1	
37.0279	-0.0101115	1	
37.0279	-0.0101115	1	
37.0279	-0.0101115	1	
37.0278	-0.0101115	1	
37.0278	-0.0101115	1	
37.0278	-0.0101115	1	
37.0278	-0.0101115	1	
37.0278	-0.0101115	1	
37.0277	-0.0101115	1	
37.0277	-0.0101115	1	
37.0277	-0.0101115	1	
37.0277	-0.0101115	1	
37.0277	-0.0101115	1	
37.0276	-0.0101115	1	
37.0276	-0.0101115	1	
37.0276	-0.0101115	1	
37.0276	-0.0101115	1	
37.0276	-0.0101115	1	
37.0275	-0.0101115	1	
37.0275	-0.0101115	1	
37.0275	-0.0101115	1	
37.0275	-0.0101115	1	
37.0275	-0.0101115	1	
37.0274	-0.0101115	1	
37.0274	-0.0101115	1	
37.0274	-0.0101115	1	
37.0274	-0.0101115	1	
37.0274	-0.0101115	1	
37.0273	-0.0101115	1	
37.0273	-0.0101115	1	
37.0273	-0.0101115	1	
37.0273	-0.0101115	1	
37.0273	-0.0101115	1	
37.0272	-0.0101115	1	
37.0272	-0.0101115	1	
37.0272	-0.0101115	1	
37.0272	-0.0101115	1	
37.0272	-0.0101115	1	
37.0271	-0.0101115	1	
37.0271	-0.0101115	1	
37.0271	-0.0101115	1	
37.0271	-0.0101115	1	
37.0271	-0.0101115	1	
37.027	-0.0101115	1	
37.027	-0.0101115	1	
37.027	-0.0101115	1	
37.027	-0.0101115	1	
37.027	-0.0101115	1	
37.0269	-0.0101115	1	
37.0269	-0.0101115	1	
37.0269	-0.0101115	1	
37.0269	-0.0101115	1	
37.0269	-0.0101115	1	
37.0268	-0.0101115	1	
37.0268	-0.0101115	1	
37.0268	-0.0101115	1	
37.0268	-0.0101115	1	
37.0268	-0.0101115	1	
37.0267	-0.0101115	1	
37.0267	-0.0101115	1	
37.0267	-0.0101115	1	
37.0267	-0.0101115	1	
37.0267	-0.0101115	1	
37.0266	-0.0101115	1	
37.0266	-0.0101115	1	
37.0266	-0.0101115	1	
37.0266	-0.0101115	1	
37.0266	-0.0101115	1	
37.0265	-0.0101115	1	
37.0265	-0.0101115	1	
37.0265	-0.0101115	1	
37.0265	-0.0101115	1	
37.0265	-0.0101115	1	
37.0264	-0.0101115	1	
37.0264	-0.0101115	1	
37.0264	-0.0101115	1	
37.0264	-0.0101115	1	
37.0263	-0.0101115	1	
37.0263	-0.0101115	1	
37.0263	-0.0101115	1	
37.0263	-0.0101115	1	
37.0263	-0.0101115	1	
37.0262	-0.0101115	1	
37.0262	-0.0101115	1	
37.0262	-0.0101115	1	
37.0262	-0.0101115	1	
37.0262	-0.0101115	1	
37.0261	-0.0101115	1	
37.0261	-0.0101115	1	
37.0261	-0.0101115	1	
37.0261	-0.0101115	1	
37.0261	-0.0101115	1	
37.026	-0.0101115	1	
37.026	-0.0101115	1	
37.026	-0.0101115	1	
37.026	-0.0101115	1	
37.026	-0.0101115	1	
37.0259	-0.0101115	1	
37.0259	-0.0101115	1	
37.0259	-0.0101115	1	
37.0259	-0.0101115	1	
37.0259	-0.0101115	1	
37.0258	-0.0101115	1	
37.0258	-0.0101115	1	
37.0258	-0.0101115	1	
37.0258	-0.0101115	1	
37.0258	-0.0101115	1	
37.0257	-0.0101115	1	
37.0257	-0.0101115	1	
37.0257	-0.0101115	1	
37.0257	-0.0101115	1	
37.0257	-0.0101115	1	
37.0256	-0.0101115	1	
37.0256	-0.0101115	1	
37.0256	-0.0101115	1	
37.0256	-0.0101115	1	
37.0256	-0.0101115	1	
37.0255	-0.0101115	1	
37.0255	-0.0101115	1	
37.0255	-0.0101115	1	
37.0255	-0.0101115	1	
37.0255	-0.0101115	1	
37.0254	-0.0101115	1	
37.0254	-0.0101115	1	
37.0254	-0.0101115	1	
37.0254	-0.0101115	1	
37.0254	-0.0101115	1	
37.0253	-0.0101115	1	
37.0253	-0.0101115	1	
37.0253	-0.0101115	1	
37.0253	-0.0101115	1	
37.0253	-0.0101115	1	
37.0252	-0.0101115	1	
37.0252	-0.0101115	1	
37.0252	-0.0101115	1	
37.0252	-0.0101115	1	
37.0252	-0.0101115	1	
37.0251	-0.0101115	1	
37.0251	-0.0101115	1	
37.0251	-0.0101115	1	
37.0251	-0.0101115	1	
37.0251	-0.0101115	1	
37.025	-0.0101115	1	
37.025	-0.0101115	1	
37.025	-0.0101115	1	
37.025	-0.0101115	1	
37.025	-0.0101115	1	
37.0249	-0.0101115	1	
37.0249	-0.0101115	1	
37.0249	-0.0101115	1	
37.0249	-0.0101115	1	
37.0249	-0.0101115	1	
37.0248	-0.0101115	1	
37.0248	-0.0101115	1	
37.0248	-0.0101115	1	
37.0248	-0.0101115	1	
37.0247	-0.0101115	1	
37.0247	-0.0101115	1	
37.0247	-0.0101115	1	
37.0247	-0.0101115	1	
37.0247	-0.0101115	1	
37.0247	-0.0101115	1	
37.0246	-0.0101115	1	
37.0246	-0.0101115	1	
37.0246	-0.0101115	1	
37.0246	-0.0101115	1	
37.0245	-0.0101115	1	
37.0245	-0.0101115	1	
37.0245	-0.0101115	1	
37.0245	-0.0101115	1	
37.0245	-0.0101115	1	
37.0244	-0.0101115	1	
37.0244	-0.0101115	1	
37.0244	-0.0101115	1	
37.0244	-0.0101115	1	
37.0244	-0.0101115	1	
37.0243	-0.0101115	1	
37.0243	-0.0101115	1	
37.0243	-0.0101115	1	
37.0243	-0.0101115	1	
37.0243	-0.0101115	1	
37.0242	-0.0101115	1	
37.0242	-0.0101115	1	
37.0242	-0.0101115	1	
37.0242	-0.0101115	1	
37.0242	-0.0101115	1	
37.0241	-0.0101115	1	
37.0241	-0.0101115	1	
37.0241	-0.0101115	1	
37.0241	-0.0101115	1	
37.0241	-0.0101115	1	
37.024	-0.0101115	1	
37.024	-0.0101115	1	
37.024	-0.0101115	1	
37.024	-0.0101115	1	
37.024	-0.0101115	1	
37.0239	-0.0101115	1	
37.0239	-0.0101115	1	
37.0239	-0.0101115	1	
37.0239	-0.0101115	1	
37.0239	-0.0101115	1	
37.0238	-0.0101115	1	
37.0238	-0.0101115	1	
37.0238	-0.0101115	1	
37.0238	-0.0101115	1	
37.0238	-0.0101115	1	
37.0237	-0.0101115	1	
37.0237	-0.0101115	1	
37.0237	-0.0101115	1	
37.0237	-0.0101115	1	
37.0237	-0.0101115	1	
37.0236	-0.0101115	1	
37.0236	-0.0101115	1	
37.0236	-0.0101115	1	
37.0236	-0.0101115	1	
37.0236	-0.0101115	1	
37.0235	-0.0101115	1	
37.0235	-0.0101115	1	
37.0235	-0.0101115	1	
37.0235	-0.0101115	1	
37.0235	-0.0101115	1	
37.0234	-0.0101115	1	
37.0234	-0.0101115	1	
37.0234	-0.0101115	1	
37.0234	-0.0101115	1	
37.0234	-0.0101115	1	
37.0233	-0.0101115	1	
37.0233	-0.0101115	1	
37.0233	-0.0101115	1	
37.0233	-0.0101115	1	
37.0233	-0.0101115	1	
37.0232	-0.0101115	1	
37.0232	-0.0101115	1	
37.0232	-0.0101115	1	
37.0232	-0.0101115	1	
37.0232	-0.0101115	1	
37.0231	-0.0101115	1	
37.0231	-0.0101115	1	
37.0231	-0.0101115	1	
37.0231	-0.0101115	1	
37.0231	-0.0101115	1	
37.023	-0.0101115	1	
37.023	-0.0101115	1	
37.023	-0.0101115	1	
37.023	-0.0101115	1	
37.0229	-0.0101115	1	
37.0229	-0.0101115	1	
37.0229	-0.0101115	1	
37.0229	-0.0101115	1	
37.0229	-0.0101115	1	
37.0229	-0.0101115	1	
37.0228	-0.0101115	1	
37.0228	-0.0101115	1	
37.0228	-0.0101115	1	
37.0228	-0.0101115	1	
37.0227	-0.0101115	1	
37.0227	-0.0101115	1	
37.0227	-0.0101115	1	
37.0227	-0.0101115	1	
37.0227	-0.0101115	1	
37.0226	-0.0101115	1	
37.0226	-0.0101115	1	
37.0226	-0.0101115	1	
37.0226	-0.0101115	1	
37.0226	-0.0101115	1	
37.0225	-0.0101115	1	
37.0225	-0.0101115	1	
37.0225	-0.0101115	1	
37.0225	-0.0101115	1	
37.0225	-0.0101115	1	
37.0224	-0.0101115	1	
37.0224	-0.0101115	1	
37.0224	-0.0101115	1	
37.0224	-0.0101115	1	
37.0224	-0.0101115	1	
37.0223	-0.0101115	1	
37.0223	-0.0101115	1	
37.0223	-0.0101115	1	
37.0223	-0.0101115	1	
37.0223	-0.0101115	1	
37.0222	-0.0101115	1	
37.0222	-0.0101115	1	
37.0222	-0.0101115	1	
37.0222	-0.0101115	1	
37.0222	-0.0101115	1	
37.0221	-0.0101115	1	
37.0221	-0.0101115	1	
37.0221	-0.0101115	1	
37.0221	-0.0101115	1	
37.0221	-0.0101115	1	
37.022	-0.0101115	1	
37.022	-0.0101115	1	
37.022	-0.0101115	1	
37.022	-0.0101115	1	
37.022	-0.0101115	1	
37.0219	-0.0101115	1	
37.0219	-0.0101115	1	
37.0219	-0.0101115	1	
37.0219	-0.0101115	1	
37.0219	-0.0101115	1	
37.0218	-0.0101115	1	
37.0218	-0.0101115	1	
37.0218	-0.0101115	1	
37.0218	-0.0101115	1	
37.0218	-0.0101115	1	
37.0217	-0.0101115	1	
37.0217	-0.0101115	1	
37.0217	-0.0101115	1	
37.0217	-0.0101115	1	
37.0217	-0.0101115	1	
37.0216	-0.0101115	1	
37.0216	-0.0101115	1	
37.0216	-0.0101115	1	
37.0216	-0.0101115	1	
37.0216	-0.0101115	1	
37.0215	-0.0101115	1	
37.0215	-0.0101115	1	
37.0215	-0.0101115	1	
37.0215	-0.0101115	1	
37.0215	-0.0101115	1	
37.0214	-0.0101115	1	
37.0214	-0.0101115	1	
37.0214	-0.0101115	1	
37.0214	-0.0101115	1	
37.0214	-0.0101115	1	
37.0213	-0.0101115	1	
37.0213	-0.0101115	1	
37.0213	-0.0101115	1	
37.0213	-0.0101115	1	
37.0213	-0.0101115	1	
37.0212	-0.0101115	1	
37.0212	-0.0101115	1	
37.0212	-0.0101115	1	
37.0212	-0.0101115	1	
37.0212	-0.0101115	1	
37.0211	-0.0101115	1	
37.0211	-0.0101115	1	
37.0211	-0.0101115	1	
37.0211	-0.0101115	1	
37.021	-0.0101115	1	
37.021	-0.0101115	1	
37.021	-0.0101115	1	
37.021	-0.0101115	1	
37.021	-0.0101115	1	
37.021	-0.0101115	1	
37.0209	-0.0101115	1	
37.0209	-0.0101115	1	
37.0209	-0.0101115	1	
37.0209	-0.0101115	1	
37.0208	-0.0101115	1	
37.0208	-0.0101115	1	
37.0208	-0.0101115	1	
37.0208	-0.0101115	1	
37.0208	-0.0101115	1	
37.0207	-0.0101115	1	
37.0207	-0.0101115	1	
37.0207	-0.0101115	1	
37.0207	-0.0101115	1	
37.0207	-0.0101115	1	
37.0206	-0.0101115	1	
37.0206	-0.0101115	1	
37.0206	-0.0101115	1	
37.0206	-0.0101115	1	
37.0206	-0.0101115	1	
37.0205	-0.0101115	1	
37.0205	-0.0101115	1	
37.0205	-0.0101115	1	
37.0205	-0.0101115	1	
37.0205	-0.0101115	1	
37.0204	-0.0101115	1	
37.0204	-0.0101115	1	
37.0204	-0.0101115	1	
37.0204	-0.0101115	1	
37.0204	-0.0101115	1	
37.0203	-0.0101115	1	
37.0203	-0.0101115	1	
37.0203	-0.0101115	1	
37.0203	-0.0101115	1	
37.0203	-0.0101115	1	
37.0202	-0.0101115	1	
37.0202	-0.0101115	1	
37.0202	-0.0101115	1	
37.0202	-0.0101115	1	
37.0202	-0.0101115	1	
37.0201	-0.0101115	1	
37.0201	-0.0101115	1	
37.0201	-0.0101115	1	
37.0201	-0.0101115	1	
37.0201	-0.0101115	1	
37.02	-0.0101115	1	
37.02	-0.0101115	1	
37.02	-0.0101115	1	
37.02	-0.0101115	1	
37.02	-0.0101115	1	
37.0199	-0.0101115	1	
37.0199	-0.0101115	1	
37.0199	-0.0101115	1	
37.0199	-0.0101115	1	
37.0199	-0.0101115	1	
37.0198	-0.0101115	1	
37.0198	-0.0101115	1	
37.0198	-0.0101115	1	
37.0198	-0.0101115	1	
37.0198	-0.0101115	1	
37.0197	-0.0101115	1	
37.0197	-0.0101115	1	
37.0197	-0.0101115	1	
37.0197	-0.0101115	1	
37.0197	-0.0101115	1	
37.0196	-0.0101115	1	
37.0196	-0.0101115	1	
37.0196	-0.0101115	1	
37.0196	-0.0101115	1	
37.0196	-0.0101115	1	
37.0195	-0.0101115	1	
37.0195	-0.0101115	1	
37.0195	-0.0101115	1	
37.0195	-0.0101115	1	
37.0195	-0.0101115	1	
37.0194	-0.0101115	1	
37.0194	-0.0101115	1	
37.0194	-0.0101115	1	
37.0194	-0.0101115	1	
37.0194	-0.0101115	1	
37.0193	-0.0101115	1	
37.0193	-0.0101115	1	
37.0193	-0.0101115	1	
37.0193	-0.0101115	1	
37.0192	-0.0101115	1	
37.0192	-0.0101115	1	
37.0192	-0.0101115	1	
37.0192	-0.0101115	1	
37.0192	-0.0101115	1	
37.0191	-0.0101115	1	
37.0191	-0.0101115	1	
37.0191	-0.0101115	1	
37.0191	-0.0101115	1	
37.0191	-0.0101115	1	
37.019	-0.0101115	1	
37.019	-0.0101115	1	
37.019	-0.0101115	1	
37.019	-0.0101115	1	
37.019	-0.0101115	1	
37.0189	-0.0101115	1	
37.0189	-0.0101115	1	
37.0189	-0.0101115	1	
37.0189	-0.0101115	1	
37.0189	-0.0101115	1	
37.0188	-0.0101115	1	
37.0188	-0.0101115	1	
37.0188	-0.0101115	1	
37.0188	-0.0101115	1	
37.0188	-0.0101115	1	
37.0187	-0.0101115	1	
37.0187	-0.0101115	1	
37.0187	-0.0101115	1	
37.0187	-0.0101115	1	
37.0187	-0.0101115	1	
37.0186	-0.0101115	1	
37.0186	-0.0101115	1	
37.0186	-0.0101115	1	
37.0186	-0.0101115	1	
37.0186	-0.0101115	1	
37.0185	-0.0101115	1	
37.0185	-0.0101115	1	
37.0185	-0.0101115	1	
37.0185	-0.0101115	1	
37.0185	-0.0101115	1	
37.0184	-0.0101115	1	
37.0184	-0.0101115	1	
37.0184	-0.0101115	1	
37.0184	-0.0101115	1	
37.0184	-0.0101115	1	
37.0183	-0.0101115	1	
37.0183	-0.0101115	1	
37.0183	-0.0101115	1	
37.0183	-0.0101115	1	
37.0183	-0.0101115	1	
37.0182	-0.0101115	1	
37.0182	-0.0101115	1	
37.0182	-0.0101115	1	
