0	0	
0	0	
-3.2821e-13	-3.2821e-13	
-1.64152e-12	-1.64152e-12	
-1.44974e-11	-1.44974e-11	
-4.11544e-11	-4.11544e-11	
-8.77968e-11	-8.77968e-11	
-1.66021e-10	-1.66021e-10	
-2.90297e-10	-2.90297e-10	
-4.6823e-10	-4.6823e-10	
-7.51262e-10	-7.51262e-10	
-1.14362e-09	-1.14362e-09	
-1.64523e-09	-1.64523e-09	
-2.28065e-09	-2.28065e-09	
-3.07151e-09	-3.07151e-09	
-4.22028e-09	-4.22028e-09	
-5.5857e-09	-5.5857e-09	
-7.20648e-09	-7.20648e-09	
-9.11143e-09	-9.11143e-09	
-1.13092e-08	-1.13092e-08	
-1.38503e-08	-1.38503e-08	
-1.68535e-08	-1.68535e-08	
-2.04057e-08	-2.04057e-08	
-2.43817e-08	-2.43817e-08	
-2.91961e-08	-2.91961e-08	
-3.47106e-08	-3.47106e-08	
-4.09904e-08	-4.09904e-08	
-4.88956e-08	-4.88956e-08	
-5.69296e-08	-5.69296e-08	
-6.68465e-08	-6.68465e-08	
-7.82733e-08	-7.82733e-08	
-9.08865e-08	-9.08865e-08	
-1.05169e-07	-1.05169e-07	
-1.20812e-07	-1.20812e-07	
-1.38502e-07	-1.38502e-07	
-1.58263e-07	-1.58263e-07	
-1.79091e-07	-1.79091e-07	
-2.02258e-07	-2.02258e-07	
-2.27916e-07	-2.27916e-07	
-2.55674e-07	-2.55674e-07	
-2.8623e-07	-2.8623e-07	
-3.18901e-07	-3.18901e-07	
-3.54687e-07	-3.54687e-07	
-3.93757e-07	-3.93757e-07	
-4.36284e-07	-4.36284e-07	
-4.81605e-07	-4.81605e-07	
-5.34591e-07	-5.34591e-07	
-5.87459e-07	-5.87459e-07	
-6.4786e-07	-6.4786e-07	
-7.0652e-07	-7.0652e-07	
-7.71988e-07	-7.71988e-07	
-8.43788e-07	-8.43788e-07	
-9.1878e-07	-9.1878e-07	
-9.95697e-07	-9.95697e-07	
-1.076e-06	-1.076e-06	
-1.16179e-06	-1.16179e-06	
-1.25328e-06	-1.25328e-06	
-1.34282e-06	-1.34282e-06	
-1.44262e-06	-1.44262e-06	
-1.55124e-06	-1.55124e-06	
-1.66634e-06	-1.66634e-06	
-1.7854e-06	-1.7854e-06	
-1.91139e-06	-1.91139e-06	
-2.04224e-06	-2.04224e-06	
-2.18045e-06	-2.18045e-06	
-2.32623e-06	-2.32623e-06	
-2.47631e-06	-2.47631e-06	
-2.63169e-06	-2.63169e-06	
-2.79535e-06	-2.79535e-06	
-2.96352e-06	-2.96352e-06	
-3.14045e-06	-3.14045e-06	
-3.32203e-06	-3.32203e-06	
-3.48938e-06	-3.48938e-06	
-3.66659e-06	-3.66659e-06	
-3.87082e-06	-3.87082e-06	
-4.0573e-06	-4.0573e-06	
-4.27412e-06	-4.27412e-06	
-4.49737e-06	-4.49737e-06	
-4.71164e-06	-4.71164e-06	
-4.94614e-06	-4.94614e-06	
-5.18141e-06	-5.18141e-06	
-5.41278e-06	-5.41278e-06	
-5.66643e-06	-5.66643e-06	
-5.90364e-06	-5.90364e-06	
-6.16468e-06	-6.16468e-06	
-6.4208e-06	-6.4208e-06	
-6.6776e-06	-6.6776e-06	
-6.941e-06	-6.941e-06	
-7.20507e-06	-7.20507e-06	
-7.47615e-06	-7.47615e-06	
-7.76939e-06	-7.76939e-06	
-8.04057e-06	-8.04057e-06	
-8.31949e-06	-8.31949e-06	
-8.59916e-06	-8.59916e-06	
-8.83322e-06	-8.83322e-06	
-9.06949e-06	-9.06949e-06	
-9.35482e-06	-9.35482e-06	
-9.5903e-06	-9.5903e-06	
-9.82838e-06	-9.82838e-06	
-1.00692e-05	-1.00692e-05	
-1.03098e-05	-1.03098e-05	
-1.05533e-05	-1.05533e-05	
-1.07875e-05	-1.07875e-05	
-1.10251e-05	-1.10251e-05	
-1.12664e-05	-1.12664e-05	
-1.14269e-05	-1.14269e-05	
-1.15937e-05	-1.15937e-05	
-1.17527e-05	-1.17527e-05	
-1.1915e-05	-1.1915e-05	
-1.21031e-05	-1.21031e-05	
-1.23287e-05	-1.23287e-05	
-1.25599e-05	-1.25599e-05	
-1.27315e-05	-1.27315e-05	
-1.28942e-05	-1.28942e-05	
-1.30095e-05	-1.30095e-05	
-1.30647e-05	-1.30647e-05	
-1.31686e-05	-1.31686e-05	
-1.3321e-05	-1.3321e-05	
-1.33506e-05	-1.33506e-05	
-1.34921e-05	-1.34921e-05	
-1.35053e-05	-1.35053e-05	
-1.35345e-05	-1.35345e-05	
-1.36632e-05	-1.36632e-05	
-1.36174e-05	-1.36174e-05	
-1.36293e-05	-1.36293e-05	
-1.35581e-05	-1.35581e-05	
-1.3485e-05	-1.3485e-05	
-1.34926e-05	-1.34926e-05	
-1.34715e-05	-1.34715e-05	
-1.34714e-05	-1.34714e-05	
-1.3316e-05	-1.3316e-05	
-1.30462e-05	-1.30462e-05	
-1.28409e-05	-1.28409e-05	
-1.25784e-05	-1.25784e-05	
-1.22937e-05	-1.22937e-05	
-1.20152e-05	-1.20152e-05	
-1.17716e-05	-1.17716e-05	
-1.15329e-05	-1.15329e-05	
-1.12691e-05	-1.12691e-05	
-1.10417e-05	-1.10417e-05	
-1.08189e-05	-1.08189e-05	
-1.05211e-05	-1.05211e-05	
-1.02307e-05	-1.02307e-05	
-9.94761e-06	-9.94761e-06	
-9.67162e-06	-9.67162e-06	
-9.40258e-06	-9.40258e-06	
-9.14035e-06	-9.14035e-06	
-8.84882e-06	-8.84882e-06	
-8.60185e-06	-8.60185e-06	
-8.36116e-06	-8.36116e-06	
-8.08852e-06	-8.08852e-06	
-7.67817e-06	-7.67817e-06	
-7.13275e-06	-7.13275e-06	
-6.63616e-06	-6.63616e-06	
-6.0027e-06	-6.0027e-06	
-5.43379e-06	-5.43379e-06	
-4.84263e-06	-4.84263e-06	
-4.19732e-06	-4.19732e-06	
-3.53184e-06	-3.53184e-06	
-2.86902e-06	-2.86902e-06	
-2.10581e-06	-2.10581e-06	
-9.29829e-07	-9.29829e-07	
3.53246e-07	3.53246e-07	
1.74116e-06	1.74116e-06	
3.07197e-06	3.07197e-06	
4.85978e-06	4.85978e-06	
6.59804e-06	6.59804e-06	
8.62457e-06	8.62457e-06	
1.11698e-05	1.11698e-05	
1.40473e-05	1.40473e-05	
1.72359e-05	1.72359e-05	
2.09083e-05	2.09083e-05	
2.53206e-05	2.53206e-05	
3.01542e-05	3.01542e-05	
3.54864e-05	3.54864e-05	
4.18529e-05	4.18529e-05	
4.92878e-05	4.92878e-05	
5.73367e-05	5.73367e-05	
6.66527e-05	6.66527e-05	
7.70456e-05	7.70456e-05	
8.84245e-05	8.84245e-05	
0.000100732	0.000100732	
0.000114607	0.000114607	
0.000129673	0.000129673	
0.000146104	0.000146104	
0.000164454	0.000164454	
0.000184427	0.000184427	
0.000206553	0.000206553	
0.000230828	0.000230828	
0.000257545	0.000257545	
0.000286845	0.000286845	
0.000318696	0.000318696	
0.00035324	0.00035324	
0.000390482	0.000390482	
0.000431283	0.000431283	
0.000475422	0.000475422	
0.000521805	0.000521805	
0.000572405	0.000572405	
0.000626596	0.000626596	
0.000684621	0.000684621	
0.000746782	0.000746782	
0.000813599	0.000813599	
0.000885382	0.000885382	
0.00096269	0.00096269	
0.00104497	0.00104497	
0.00113241	0.00113241	
0.0012253	0.0012253	
0.00132351	0.00132351	
0.00142788	0.00142788	
0.0015377	0.0015377	
0.00165374	0.00165374	
0.00177662	0.00177662	
0.00190651	0.00190651	
0.00204463	0.00204463	
0.00219123	0.00219123	
0.00234384	0.00234384	
0.0025052	0.0025052	
0.00267412	0.00267412	
0.00285219	0.00285219	
0.00303776	0.00303776	
0.00323034	0.00323034	
0.0034307	0.0034307	
0.0036388	0.0036388	
0.00385611	0.00385611	
0.00408335	0.00408335	
0.00431998	0.00431998	
0.00456607	0.00456607	
0.00482177	0.00482177	
0.00508749	0.00508749	
0.00536528	0.00536528	
0.00565358	0.00565358	
0.00595126	0.00595126	
0.00626007	0.00626007	
0.00658087	0.00658087	
0.00691301	0.00691301	
0.00725534	0.00725534	
0.00760984	0.00760984	
0.00797931	0.00797931	
0.00836041	0.00836041	
0.00875157	0.00875157	
0.00915742	0.00915742	
0.00957571	0.00957571	
0.0100038	0.0100038	
0.0104443	0.0104443	
0.0108976	0.0108976	
0.0113633	0.0113633	
0.0118422	0.0118422	
0.0123321	0.0123321	
0.0128349	0.0128349	
0.0133504	0.0133504	
0.0138784	0.0138784	
0.0144206	0.0144206	
0.0149746	0.0149746	
0.0155422	0.0155422	
0.0161266	0.0161266	
0.0167256	0.0167256	
0.0173411	0.0173411	
0.0179717	0.0179717	
0.0186219	0.0186219	
0.0192895	0.0192895	
0.0199766	0.0199766	
0.0206839	0.0206839	
0.0214092	0.0214092	
0.0221571	0.0221571	
0.0229274	0.0229274	
0.0237237	0.0237237	
0.024541	0.024541	
0.0253833	0.0253833	
0.0262488	0.0262488	
0.0271414	0.0271414	
0.028057	0.028057	
0.0290045	0.0290045	
0.0299798	0.0299798	
0.0309851	0.0309851	
0.0320162	0.0320162	
0.0330764	0.0330764	
0.0341689	0.0341689	
0.0352895	0.0352895	
0.0364357	0.0364357	
0.0376108	0.0376108	
0.0388196	0.0388196	
0.0400563	0.0400563	
0.0413283	0.0413283	
0.0426317	0.0426317	
0.0439711	0.0439711	
0.0453425	0.0453425	
0.0467454	0.0467454	
0.0481832	0.0481832	
0.0496504	0.0496504	
0.0511505	0.0511505	
0.0526865	0.0526865	
0.0542546	0.0542546	
0.0558537	0.0558537	
0.0574885	0.0574885	
0.0591554	0.0591554	
0.0608594	0.0608594	
0.0626019	0.0626019	
0.0643794	0.0643794	
0.0661942	0.0661942	
0.0680479	0.0680479	
0.0699352	0.0699352	
0.0718633	0.0718633	
0.07383	0.07383	
0.0758355	0.0758355	
0.077883	0.077883	
0.0799681	0.0799681	
0.0820982	0.0820982	
0.0842748	0.0842748	
0.0864993	0.0864993	
0.0887705	0.0887705	
0.0910834	0.0910834	
0.0934424	0.0934424	
0.0958489	0.0958489	
0.0982987	0.0982987	
0.100795	0.100795	
0.103331	0.103331	
0.105912	0.105912	
0.10854	0.10854	
0.111211	0.111211	
0.113928	0.113928	
0.116693	0.116693	
0.119505	0.119505	
0.122365	0.122365	
0.12527	0.12527	
0.128221	0.128221	
0.131212	0.131212	
0.134243	0.134243	
0.137317	0.137317	
0.140437	0.140437	
0.143606	0.143606	
0.14682	0.14682	
0.150082	0.150082	
0.153383	0.153383	
0.156729	0.156729	
0.160128	0.160128	
0.163586	0.163586	
0.167105	0.167105	
0.170688	0.170688	
0.174336	0.174336	
0.178044	0.178044	
0.181825	0.181825	
0.185693	0.185693	
0.189644	0.189644	
0.193692	0.193692	
0.19782	0.19782	
0.202031	0.202031	
0.206321	0.206321	
0.210694	0.210694	
0.215154	0.215154	
0.219709	0.219709	
0.224358	0.224358	
0.229096	0.229096	
0.233926	0.233926	
0.238861	0.238861	
0.243907	0.243907	
0.249073	0.249073	
0.254362	0.254362	
0.259767	0.259767	
0.265299	0.265299	
0.270957	0.270957	
0.276741	0.276741	
0.282639	0.282639	
0.288659	0.288659	
0.294792	0.294792	
0.301045	0.301045	
0.307411	0.307411	
0.313887	0.313887	
0.320469	0.320469	
0.327149	0.327149	
0.333927	0.333927	
0.340804	0.340804	
0.347783	0.347783	
0.354868	0.354868	
0.362056	0.362056	
0.36934	0.36934	
0.376724	0.376724	
0.384224	0.384224	
0.391852	0.391852	
0.399606	0.399606	
0.407498	0.407498	
0.415522	0.415522	
0.423661	0.423661	
0.431928	0.431928	
0.440318	0.440318	
0.448837	0.448837	
0.457504	0.457504	
0.466307	0.466307	
0.475257	0.475257	
0.484355	0.484355	
0.493604	0.493604	
0.503014	0.503014	
0.512572	0.512572	
0.522275	0.522275	
0.532123	0.532123	
0.54212	0.54212	
0.55227	0.55227	
0.562579	0.562579	
0.573055	0.573055	
0.583701	0.583701	
0.594518	0.594518	
0.605521	0.605521	
0.616714	0.616714	
0.628093	0.628093	
0.639652	0.639652	
0.651367	0.651367	
0.663227	0.663227	
0.675248	0.675248	
0.687436	0.687436	
0.699797	0.699797	
0.712343	0.712343	
0.725079	0.725079	
0.737988	0.737988	
0.751061	0.751061	
0.764298	0.764298	
0.777711	0.777711	
0.791305	0.791305	
0.805069	0.805069	
0.818978	0.818978	
0.833034	0.833034	
0.847265	0.847265	
0.861692	0.861692	
0.876321	0.876321	
0.891159	0.891159	
0.906196	0.906196	
0.92144	0.92144	
0.936901	0.936901	
0.952591	0.952591	
0.968525	0.968525	
0.984712	0.984712	
1.00116	1.00116	
1.01787	1.01787	
1.03488	1.03488	
1.05217	1.05217	
1.06974	1.06974	
1.08761	1.08761	
1.10579	1.10579	
1.12427	1.12427	
1.14304	1.14304	
1.1621	1.1621	
1.18145	1.18145	
1.20111	1.20111	
1.22111	1.22111	
1.24145	1.24145	
1.26212	1.26212	
1.28309	1.28309	
1.30433	1.30433	
1.32581	1.32581	
1.34754	1.34754	
1.36955	1.36955	
1.39186	1.39186	
1.41444	1.41444	
1.43728	1.43728	
1.46035	1.46035	
1.48362	1.48362	
1.50703	1.50703	
1.53059	1.53059	
1.5543	1.5543	
1.57815	1.57815	
1.60215	1.60215	
1.6263	1.6263	
1.6506	1.6506	
1.67503	1.67503	
1.69956	1.69956	
1.72419	1.72419	
1.7489	1.7489	
1.77369	1.77369	
1.7986	1.7986	
1.82365	1.82365	
1.84884	1.84884	
1.87424	1.87424	
1.89992	1.89992	
1.92593	1.92593	
1.95229	1.95229	
1.97901	1.97901	
2.00608	2.00608	
2.03352	2.03352	
2.06137	2.06137	
2.08966	2.08966	
2.11845	2.11845	
2.14774	2.14774	
2.17754	2.17754	
2.20782	2.20782	
2.23859	2.23859	
2.26984	2.26984	
2.30156	2.30156	
2.3337	2.3337	
2.36621	2.36621	
2.39909	2.39909	
2.43239	2.43239	
2.46607	2.46607	
2.50012	2.50012	
2.53449	2.53449	
2.56909	2.56909	
2.60387	2.60387	
2.63883	2.63883	
2.67397	2.67397	
2.70932	2.70932	
2.74488	2.74488	
2.78065	2.78065	
2.81664	2.81664	
2.85287	2.85287	
2.88935	2.88935	
2.92606	2.92606	
2.96305	2.96305	
3.00034	3.00034	
3.03802	3.03802	
3.07612	3.07612	
3.11464	3.11464	
3.15353	3.15353	
3.19278	3.19278	
3.2324	3.2324	
3.27241	3.27241	
3.31281	3.31281	
3.35355	3.35355	
3.3946	3.3946	
3.43591	3.43591	
3.47747	3.47747	
3.5193	3.5193	
3.56141	3.56141	
3.60376	3.60376	
3.64633	3.64633	
3.6891	3.6891	
3.73214	3.73214	
3.77558	3.77558	
3.8195	3.8195	
3.86399	3.86399	
3.90904	3.90904	
3.95472	3.95472	
4.00107	4.00107	
4.04813	4.04813	
4.09586	4.09586	
4.14418	4.14418	
4.193	4.193	
4.24221	4.24221	
4.29181	4.29181	
4.34182	4.34182	
4.3922	4.3922	
4.44287	4.44287	
4.49371	4.49371	
4.5447	4.5447	
4.59577	4.59577	
4.64682	4.64682	
4.69774	4.69774	
4.74861	4.74861	
4.79951	4.79951	
4.85053	4.85053	
4.90168	4.89493	
4.95299	4.93279	
5.00452	4.96863	
5.05639	5.00249	
5.10862	5.03442	
5.16114	5.06447	
5.21383	5.09268	
5.26658	5.11911	
5.31941	5.14379	
5.37232	5.16678	
5.42524	5.18811	
5.47816	5.20782	
5.53113	5.22596	
5.58426	5.24257	
5.63761	5.25769	
5.69119	5.27135	
5.74508	5.2836	
5.79932	5.29447	
5.85391	5.30399	
5.90886	5.31221	
5.96422	5.31916	
6.01999	5.32487	
6.07617	5.32938	
6.1327	5.33272	
6.18948	5.33492	
6.24645	5.33601	
6.30353	5.33603	
6.36059	5.33499	
6.41756	5.33295	
6.47435	5.32991	
6.5309	5.32591	
6.5872	5.32099	
6.64326	5.31516	
6.699	5.30844	
6.75434	5.30088	
6.8092	5.29249	
6.86354	5.2833	
6.91736	5.27333	
6.9706	5.2626	
7.02316	5.25114	
7.07491	5.23898	
7.12583	5.22613	
7.17601	5.21261	
7.22546	5.19845	
7.27419	5.18367	
7.32223	5.16829	
7.36957	5.15232	
7.41635	5.13579	
7.46268	5.11872	
7.5087	5.10112	
7.55445	5.08302	
7.59995	5.06442	
7.64525	5.04536	
7.69034	5.02584	
7.73515	5.00588	
7.77953	4.98549	
7.82332	4.96471	
7.86648	4.94353	
7.90896	4.92197	
7.9508	4.90005	
7.99207	4.87779	
8.03289	4.8552	
8.07334	4.83228	
8.11357	4.80906	
8.15366	4.78555	
8.1936	4.76175	
8.23339	4.7377	
8.27303	4.71338	
8.3124	4.68882	
8.3514	4.66403	
8.38987	4.63903	
8.42764	4.61381	
8.46465	4.58839	
8.50097	4.56279	
8.53663	4.53701	
8.57164	4.51106	
8.60605	4.48495	
8.63981	4.4587	
8.67288	4.43231	
8.70531	4.40578	
8.73713	4.37914	
8.76839	4.35238	
8.79922	4.32552	
8.82963	4.29857	
8.85959	4.27152	
8.88897	4.2444	
8.91762	4.21721	
8.94542	4.18994	
8.97231	4.16263	
8.99829	4.13526	
9.0234	4.10784	
9.04766	4.08039	
9.0712	4.05291	
9.09416	4.0254	
9.11663	3.99787	
9.13869	3.97034	
9.16031	3.94279	
9.18146	3.91524	
9.20213	3.8877	
9.2223	3.86016	
9.24192	3.83264	
9.26098	3.80514	
9.27947	3.77767	
9.29742	3.75022	
9.31474	3.7228	
9.33137	3.69543	
9.34731	3.66809	
9.36259	3.64081	
9.37729	3.61357	
9.39152	3.58639	
9.40536	3.55926	
9.41889	3.5322	
9.43212	3.5052	
9.44508	3.47827	
9.45773	3.45142	
9.47012	3.42464	
9.48226	3.39794	
9.49412	3.37132	
9.50559	3.34478	
9.51655	3.31833	
9.52686	3.29197	
9.53645	3.26571	
9.54524	3.23954	
9.55307	3.21347	
9.55993	3.18749	
9.56583	3.16162	
9.57089	3.13586	
9.57523	3.1102	
9.57891	3.08465	
9.58188	3.05921	
9.58417	3.03389	
9.58583	3.00868	
9.58691	2.98358	
9.58736	2.9586	
9.58719	2.93375	
9.58647	2.90901	
9.58532	2.8844	
9.58374	2.85991	
9.58169	2.83554	
9.57907	2.8113	
9.57581	2.78719	
9.5719	2.76321	
9.56735	2.73936	
9.56217	2.71563	
9.5564	2.69204	
9.55004	2.66859	
9.54307	2.64527	
9.53535	2.62208	
9.52682	2.59902	
9.51746	2.57611	
9.50725	2.55333	
9.49628	2.53068	
9.48464	2.50818	
9.47236	2.48581	
9.45942	2.46359	
9.44593	2.4415	
9.43198	2.41955	
9.41768	2.39774	
9.40314	2.37608	
9.38838	2.35455	
9.37337	2.33317	
9.35808	2.31192	
9.34248	2.29082	
9.32662	2.26986	
9.31045	2.24904	
9.29398	2.22837	
9.27717	2.20784	
9.25996	2.18744	
9.24224	2.1672	
9.22389	2.14709	
9.20485	2.12712	
9.18508	2.1073	
9.16465	2.08762	
9.14355	2.06808	
9.12177	2.04869	
9.09932	2.02943	
9.07621	2.01032	
9.05256	1.99134	
9.02843	1.97251	
9.00388	1.95382	
8.97899	1.93527	
8.95386	1.91686	
8.92864	1.89859	
8.90347	1.88046	
8.8784	1.86246	
8.85344	1.84461	
8.82851	1.8269	
8.80357	1.80932	
8.77858	1.79188	
8.75345	1.77458	
8.72813	1.75741	
8.70255	1.74038	
8.67662	1.72349	
8.65028	1.70673	
8.62345	1.6901	
8.59613	1.67361	
8.56826	1.65726	
8.53981	1.64103	
8.51077	1.62494	
8.48105	1.60899	
8.45062	1.59316	
8.41949	1.57746	
8.38764	1.5619	
8.3552	1.54646	
8.32222	1.53115	
8.28891	1.51598	
8.25539	1.50092	
8.22164	1.486	
8.18771	1.4712	
8.15364	1.45653	
8.11945	1.44199	
8.08523	1.42757	
8.05104	1.41327	
8.01687	1.3991	
7.98269	1.38505	
7.94849	1.37112	
7.91432	1.35731	
7.8802	1.34362	
7.84616	1.33006	
7.81216	1.31661	
7.77822	1.30328	
7.74429	1.29007	
7.71033	1.27697	
7.6763	1.26399	
7.64217	1.25113	
7.60796	1.23838	
7.57369	1.22575	
7.53938	1.21323	
7.50506	1.20082	
7.47078	1.18853	
7.43652	1.17634	
7.40221	1.16427	
7.36777	1.15231	
7.33314	1.14045	
7.29834	1.12871	
7.26343	1.11707	
7.22848	1.10554	
7.19349	1.09411	
7.15837	1.08279	
7.12307	1.07158	
7.08764	1.06047	
7.05209	1.04946	
7.01644	1.03855	
6.98063	1.02775	
6.94464	1.01705	
6.9085	1.00644	
6.87222	0.995942	
6.83586	0.985539	
6.79953	0.975233	
6.76328	0.965025	
6.72716	0.954914	
6.69118	0.944899	
6.65539	0.934978	
6.61981	0.925153	
6.5845	0.915421	
6.54939	0.905782	
6.51447	0.896236	
6.47971	0.886781	
6.44512	0.877417	
6.4107	0.868143	
6.37648	0.858959	
6.34243	0.849864	
6.30852	0.840857	
6.27472	0.831937	
6.241	0.823104	
6.20737	0.814356	
6.17386	0.805695	
6.14044	0.797117	
6.10712	0.788624	
6.07389	0.780214	
6.04077	0.771886	
6.0078	0.763641	
5.97502	0.755476	
5.94245	0.747392	
5.91007	0.739388	
5.87791	0.731463	
5.84598	0.723617	
5.81433	0.715849	
5.78297	0.708157	
5.75189	0.700543	
5.72108	0.693004	
5.69045	0.68554	
5.66	0.678152	
5.62967	0.670837	
5.59936	0.663595	
5.569	0.656426	
5.53859	0.649329	
5.50805	0.642304	
5.47735	0.635349	
5.4465	0.628465	
5.41551	0.62165	
5.38434	0.614904	
5.35301	0.608227	
5.32151	0.601617	
5.28986	0.595075	
5.25805	0.588599	
5.22615	0.582189	
5.19412	0.575844	
5.16203	0.569564	
5.1299	0.563348	
5.09771	0.557196	
5.06545	0.551107	
5.03319	0.545081	
5.00092	0.539116	
4.96858	0.533213	
4.93618	0.527371	
4.9037	0.521588	
4.87115	0.515866	
4.83851	0.510202	
4.80574	0.504597	
4.77279	0.49905	
4.73965	0.493561	
4.70627	0.488129	
4.67268	0.482753	
4.63888	0.477433	
4.6049	0.472168	
4.57074	0.466958	
4.53641	0.461803	
4.5019	0.456701	
4.4672	0.451653	
4.43238	0.446657	
4.39746	0.441714	
4.36248	0.436823	
4.32745	0.431983	
4.29241	0.427194	
4.25737	0.422455	
4.22229	0.417766	
4.18718	0.413127	
4.15202	0.408536	
4.11683	0.403994	
4.08161	0.3995	
4.04637	0.395054	
4.01112	0.390654	
3.97587	0.386301	
3.94062	0.381995	
3.9053	0.377734	
3.86988	0.373518	
3.83433	0.369347	
3.79868	0.365221	
3.76291	0.361138	
3.72709	0.357099	
3.69128	0.353103	
3.65551	0.34915	
3.61983	0.345239	
3.58427	0.34137	
3.54886	0.337542	
3.51362	0.333756	
3.47859	0.33001	
3.4438	0.326304	
3.40927	0.322638	
3.375	0.319011	
3.34097	0.315424	
3.3072	0.311875	
3.27366	0.308364	
3.24038	0.304891	
3.20728	0.301456	
3.17441	0.298057	
3.14175	0.294696	
3.10927	0.291371	
3.07696	0.288081	
3.0448	0.284828	
3.01279	0.281609	
2.98092	0.278426	
2.94923	0.275277	
2.91771	0.272163	
2.88639	0.269082	
2.8553	0.266035	
2.82444	0.263021	
2.79382	0.26004	
2.76347	0.257091	
2.73337	0.254174	
2.70357	0.25129	
2.67407	0.248437	
2.64487	0.245615	
2.61597	0.242823	
2.58735	0.240063	
2.55897	0.237333	
2.53083	0.234632	
2.50287	0.231962	
2.47508	0.22932	
2.44742	0.226708	
2.41993	0.224124	
2.39257	0.221569	
2.36533	0.219042	
2.33826	0.216542	
2.31135	0.214071	
2.28463	0.211626	
2.25811	0.209208	
2.23178	0.206818	
2.20568	0.204453	
2.17982	0.202115	
2.15425	0.199802	
2.12899	0.197515	
2.10404	0.195254	
2.07943	0.193017	
2.05516	0.190806	
2.03124	0.188618	
2.00768	0.186455	
1.98447	0.184317	
1.96157	0.182201	
1.93894	0.18011	
1.91659	0.178041	
1.89447	0.175996	
1.87259	0.173974	
1.85094	0.171973	
1.82951	0.169996	
1.80827	0.16804	
1.78723	0.166106	
1.7664	0.164194	
1.74581	0.162303	
1.72545	0.160433	
1.70534	0.158584	
1.6855	0.156756	
1.66593	0.154948	
1.64661	0.153161	
1.6276	0.151394	
1.60892	0.149646	
1.59052	0.147918	
1.57241	0.146209	
1.55458	0.14452	
1.53702	0.142849	
1.51975	0.141198	
1.50274	0.139565	
1.48596	0.13795	
1.46938	0.136353	
1.45299	0.134775	
1.43676	0.133214	
1.42069	0.131671	
1.40475	0.130145	
1.38894	0.128636	
1.37326	0.127145	
1.3577	0.12567	
1.34227	0.124212	
1.32697	0.12277	
1.31178	0.121345	
1.2967	0.119936	
1.28175	0.118543	
1.26695	0.117165	
1.25229	0.115803	
1.23778	0.114457	
1.22341	0.113126	
1.20919	0.11181	
1.19511	0.110509	
1.1812	0.109222	
1.16742	0.107951	
1.1538	0.106693	
1.14032	0.10545	
1.12697	0.104221	
1.11374	0.103007	
1.10064	0.101806	
1.08765	0.100618	
1.07477	0.0994444	
1.06199	0.0982839	
1.04932	0.0971367	
1.03678	0.0960026	
1.02437	0.0948813	
1.0121	0.0937729	
0.999978	0.0926772	
0.988003	0.091594	
0.976179	0.0905231	
0.964493	0.0894645	
0.952998	0.088418	
0.941685	0.0873834	
0.930554	0.0863607	
0.919619	0.0853497	
0.908881	0.0843503	
0.898373	0.0833624	
0.888099	0.0823857	
0.878048	0.0814203	
0.868209	0.0804659	
0.858579	0.0795225	
0.849135	0.0785899	
0.839902	0.0776681	
0.830849	0.0767568	
0.82201	0.075856	
0.813385	0.0749655	
0.804972	0.0740853	
0.796745	0.0732152	
0.788717	0.0723551	
0.780907	0.0715049	
0.773327	0.0706645	
0.765976	0.0698338	
0.758863	0.0690127	
0.751975	0.068201	
0.745283	0.0673987	
0.738805	0.0666056	
0.732552	0.0658217	
0.726511	0.0650469	
0.720721	0.064281	
0.715137	0.0635239	
0.709755	0.0627756	
0.704601	0.0620359	
0.699668	0.0613048	
0.694906	0.0605821	
0.690335	0.0598678	
0.68594	0.0591618	
0.681692	0.0584639	
0.677611	0.0577741	
0.67369	0.0570924	
0.6699	0.0564185	
0.666251	0.0557524	
0.662736	0.055094	
0.659316	0.0544433	
0.656012	0.0538001	
0.652798	0.0531644	
0.649657	0.0525361	
0.646603	0.0519151	
0.643597	0.0513012	
0.640623	0.0506946	
0.637706	0.0500949	
0.634836	0.0495023	
0.631989	0.0489165	
0.629179	0.0483375	
0.626375	0.0477653	
0.623554	0.0471997	
0.620729	0.0466408	
0.617911	0.0460883	
0.615071	0.0455423	
0.612208	0.0450026	
0.609338	0.0444692	
0.606446	0.0439421	
0.603498	0.0434211	
0.600529	0.0429061	
0.597545	0.0423972	
0.594524	0.0418942	
0.591457	0.0413971	
0.588363	0.0409058	
0.585214	0.0404202	
0.581994	0.0399403	
0.578741	0.039466	
0.575454	0.0389973	
0.57212	0.038534	
0.568725	0.0380762	
0.565274	0.0376237	
0.561787	0.0371765	
0.558256	0.0367346	
0.554661	0.0362978	
0.550999	0.0358661	
0.547273	0.0354395	
0.543507	0.0350179	
0.539699	0.0346012	
0.535853	0.0341894	
0.531943	0.0337825	
0.52797	0.0333803	
0.523939	0.0329828	
0.519848	0.0325901	
0.515713	0.0322019	
0.511529	0.0318182	
0.507299	0.0314391	
0.503005	0.0310644	
0.498652	0.0306942	
0.494246	0.0303283	
0.489795	0.0299666	
0.485295	0.0296093	
0.480724	0.0292561	
0.47608	0.0289071	
0.471376	0.0285622	
0.466606	0.0282214	
0.461772	0.0278845	
0.456879	0.0275517	
0.451922	0.0272227	
0.446921	0.0268977	
0.441868	0.0265764	
0.436777	0.026259	
0.43164	0.0259453	
0.426476	0.0256352	
0.42127	0.0253289	
0.416057	0.0250261	
0.410813	0.024727	
0.405572	0.0244313	
0.400337	0.0241392	
0.395074	0.0238505	
0.389834	0.0235652	
0.384574	0.0232833	
0.379338	0.0230047	
0.374119	0.0227294	
0.368921	0.0224573	
0.363745	0.0221885	
0.35858	0.0219228	
0.353444	0.0216603	
0.348338	0.0214009	
0.343265	0.0211446	
0.338227	0.0208913	
0.333224	0.0206409	
0.328255	0.0203936	
0.323332	0.0201492	
0.318442	0.0199077	
0.313593	0.019669	
0.308785	0.0194332	
0.304021	0.0192001	
0.299303	0.0189698	
0.294634	0.0187423	
0.290005	0.0185175	
0.285431	0.0182953	
0.280906	0.0180757	
0.276422	0.0178588	
0.271996	0.0176444	
0.267612	0.0174326	
0.263291	0.0172233	
0.259016	0.0170164	
0.254796	0.0168121	
0.250635	0.0166101	
0.246517	0.0164106	
0.242473	0.0162134	
0.238478	0.0160186	
0.234538	0.0158261	
0.230649	0.0156358	
0.226809	0.0154479	
0.223033	0.0152621	
0.219311	0.0150786	
0.215639	0.0148973	
0.212014	0.0147181	
0.208439	0.0145411	
0.204926	0.0143661	
0.201485	0.0141933	
0.198113	0.0140225	
0.194806	0.0138537	
0.191594	0.0136869	
0.188443	0.0135222	
0.185401	0.0133594	
0.182455	0.0131985	
0.179614	0.0130395	
0.176873	0.0128825	
0.174244	0.0127273	
0.171739	0.012574	
0.169351	0.0124225	
0.167076	0.0122728	
0.164967	0.0121249	
0.162971	0.0119787	
0.16111	0.0118343	
0.159381	0.0116917	
0.15779	0.0115507	
0.156357	0.0114114	
0.155056	0.0112738	
0.153887	0.0111378	
0.152855	0.0110034	
0.151961	0.0108707	
0.151181	0.0107395	
0.150532	0.0106099	
0.150018	0.0104819	
0.149643	0.0103553	
0.149419	0.0102303	
0.149338	0.0101068	
0.149391	0.0099848	
0.149578	0.00986423	
0.149851	0.0097451	
0.150195	0.00962739	
0.15062	0.0095111	
0.151123	0.00939619	
0.151699	0.00928267	
0.152358	0.0091705	
0.153082	0.00905967	
0.153851	0.00895017	
0.154617	0.00884199	
0.15538	0.0087351	
0.156119	0.00862949	
0.156836	0.00852515	
0.157516	0.00842205	
0.158141	0.0083202	
0.158725	0.00821956	
0.159247	0.00812013	
0.15969	0.0080219	
0.160078	0.00792484	
0.160392	0.00782894	
0.160626	0.0077342	
0.160777	0.00764059	
0.160811	0.00754811	
0.160751	0.00745674	
0.160594	0.00736646	
0.160313	0.00727727	
0.159935	0.00718915	
0.159443	0.00710209	
0.158845	0.00701607	
0.158164	0.00693109	
0.157383	0.00684713	
0.156526	0.00676417	
0.15558	0.00668221	
0.154573	0.00660124	
0.15351	0.00652124	
0.152381	0.00644221	
0.151185	0.00636412	
0.149946	0.00628698	
0.148649	0.00621076	
0.147316	0.00613545	
0.14594	0.00606106	
0.144535	0.00598756	
0.143103	0.00591494	
0.141639	0.0058432	
0.140145	0.00577232	
0.138624	0.00570229	
0.137078	0.00563311	
0.135518	0.00556476	
0.133946	0.00549723	
0.132355	0.00543052	
0.130766	0.00536461	
0.12916	0.00529949	
0.127556	0.00523516	
0.125943	0.0051716	
0.124323	0.00510881	
0.122709	0.00504678	
0.121081	0.00498549	
0.119451	0.00492495	
0.11783	0.00486513	
0.116209	0.00480604	
0.114599	0.00474765	
0.112991	0.00468997	
0.111384	0.00463299	
0.109792	0.0045767	
0.108204	0.00452108	
0.106625	0.00446613	
0.105057	0.00441185	
0.103501	0.00435823	
0.101956	0.00430525	
0.100423	0.00425291	
0.0988869	0.0042012	
0.097365	0.00415011	
0.0958574	0.00409965	
0.094354	0.00404979	
0.092866	0.00400054	
0.0913937	0.00395188	
0.0899372	0.0039038	
0.0884967	0.00385631	
0.0870724	0.0038094	
0.0856591	0.00376305	
0.0842528	0.00371726	
0.0828736	0.00367202	
0.0815063	0.00362733	
0.0801505	0.00358318	
0.0788122	0.00353957	
0.0774866	0.00349648	
0.0761734	0.00345391	
0.0748823	0.00341186	
0.0735843	0.00337032	
0.0723248	0.00332928	
0.0710685	0.00328873	
0.0698256	0.00324868	
0.0686107	0.00320911	
0.0673993	0.00317002	
0.066216	0.00313141	
0.0650413	0.00309326	
0.0638944	0.00305557	
0.0627652	0.00301834	
0.0616696	0.00298156	
0.0605743	0.00294523	
0.0594962	0.00290933	
0.0584566	0.00287387	
0.0574165	0.00283884	
0.0564089	0.00280424	
0.0554167	0.00277005	
0.0544448	0.00273628	
0.0534878	0.00270292	
0.0525454	0.00266996	
0.0516174	0.0026374	
0.0507091	0.00260524	
0.0498256	0.00257346	
0.0489444	0.00254207	
0.0480768	0.00251107	
0.0472541	0.00248043	
0.0464345	0.00245017	
0.0456638	0.00242028	
0.0448921	0.00239075	
0.0441612	0.00236158	
0.0434443	0.00233276	
0.0427502	0.00230429	
0.0420638	0.00227617	
0.0414047	0.00224838	
0.0407925	0.00222094	
0.0402013	0.00219383	
0.0396317	0.00216705	
0.0390826	0.00214059	
0.0385755	0.00211445	
0.03812	0.00208863	
0.037698	0.00206313	
0.0373062	0.00203793	
0.0369489	0.00201304	
0.0366205	0.00198846	
0.03631	0.00196417	
0.0360348	0.00194018	
0.0357928	0.00191647	
0.0355712	0.00189306	
0.0353899	0.00186993	
0.0352292	0.00184708	
0.0350861	0.00182451	
0.0349968	0.00180222	
0.0349297	0.00178019	
0.0348851	0.00175844	
0.0348701	0.00173694	
0.0348665	0.00171571	
0.034872	0.00169474	
0.0348866	0.00167402	
0.0349109	0.00165355	
0.0349434	0.00163334	
0.0349562	0.00161337	
0.0349772	0.00159364	
0.0350015	0.00157415	
0.0349884	0.0015549	
0.0349503	0.00153588	
0.0348829	0.0015171	
0.0347992	0.00149854	
0.034689	0.00148021	
0.0345594	0.0014621	
0.0344063	0.00144422	
0.0342364	0.00142655	
0.0340338	0.00140909	
0.033829	0.00139185	
0.0335993	0.00137482	
0.0333523	0.00135799	
0.0330744	0.00134138	
0.0327879	0.00132496	
0.0324878	0.00130874	
0.0321624	0.00129272	
0.0318145	0.0012769	
0.0314537	0.00126127	
0.0310937	0.00124583	
0.0306927	0.00123057	
0.0303025	0.00121551	
0.0299011	0.00120062	
0.0295003	0.00118592	
0.0291005	0.0011714	
0.0287017	0.00115705	
0.0283043	0.00114288	
0.0279084	0.00112888	
0.0275144	0.00111506	
0.0271223	0.0011014	
0.0267323	0.00108791	
0.0263447	0.00107458	
0.0259595	0.00106141	
0.0255769	0.00104841	
0.025197	0.00103556	
0.0248201	0.00102287	
0.0244461	0.00101034	
0.0240752	0.000997959	
0.0237075	0.000985729	
0.023343	0.000973648	
0.022982	0.000961714	
0.02263	0.000949926	
0.0222812	0.000938282	
0.0219357	0.00092678	
0.0215996	0.000915419	
0.0212665	0.000904196	
0.0209365	0.00089311	
0.0206097	0.00088216	
0.0202862	0.000871343	
0.0199523	0.000860658	
0.0196419	0.000850104	
0.0193152	0.000839679	
0.0189927	0.000829381	
0.0186938	0.000819209	
0.018398	0.000809161	
0.0181054	0.000799236	
0.0178159	0.000789432	
0.0175355	0.000779748	
0.0172676	0.000770182	
0.0169924	0.000760733	
0.0167299	0.0007514	
0.0164603	0.00074218	
0.0162034	0.000733074	
0.015949	0.000724078	
0.0156876	0.000715193	
0.015439	0.000706416	
0.0152042	0.000697747	
0.0149603	0.000689183	
0.0147494	0.000680724	
0.0145396	0.000672369	
0.0143494	0.000664116	
0.0141593	0.000655963	
0.0139695	0.000647911	
0.0137801	0.000639956	
0.0135913	0.0006321	
0.0133919	0.000624339	
0.013205	0.000616673	
0.013019	0.000609101	
0.0128226	0.000601621	
0.0126391	0.000594234	
0.0124567	0.000586936	
0.0122754	0.000579728	
0.0120952	0.000572608	
0.0119341	0.000565575	
0.0117734	0.000558628	
0.011613	0.000551766	
0.0114531	0.000544988	
0.0112938	0.000538294	
0.0111351	0.000531681	
0.0109772	0.000525149	
0.0108387	0.000518697	
0.0107	0.000512324	
0.010567	0.000506029	
0.0104279	0.000499811	
0.0103085	0.000493669	
0.0101881	0.000487602	
0.0100671	0.00048161	
0.00995115	0.000476063	
0.00986941	0.000472153	
0.00978498	0.000468114	
0.00969809	0.000463957	
0.00963097	0.000460746	
0.00956051	0.000457375	
0.00948696	0.000453856	
0.00943217	0.000451235	
0.00938426	0.000448944	
0.0093405	0.00044685	
0.00932344	0.000446033	
0.00930198	0.000445007	
0.00927329	0.000443635	
0.00925734	0.000442871	
0.00923697	0.000441897	
0.00920936	0.000440576	
0.00920896	0.000440557	
0.00918922	0.000439613	
0.00919572	0.000439923	
0.00921477	0.000440835	
0.00922592	0.000441368	
0.0092479	0.00044242	
0.00926827	0.000443394	
0.00930076	0.000444949	
0.00932452	0.000446085	
0.00936008	0.000447787	
0.00942409	0.000450849	
0.00949744	0.000454358	
0.00957995	0.000458305	
0.00966859	0.000462546	
0.00976736	0.000467271	
0.00987148	0.000472252	
0.0100027	0.000438818	
0.010139	0.00043099	
0.0103047	0.000423298	
0.0104677	0.000415738	
0.0106214	0.000408308	
0.0107586	0.000401006	
0.0108595	0.000393829	
0.0109357	0.000386777	
0.0109995	0.000379846	
0.0110515	0.000373035	
0.0110807	0.000366341	
0.0110999	0.000359764	
0.0110791	0.000353299	
0.0110314	0.000346947	
0.0109783	0.000340704	
0.0109066	0.00033457	
0.0108309	0.000328541	
0.0107189	0.000322617	
0.0106053	0.000316796	
0.0104837	0.000311075	
0.0103376	0.000305454	
0.0101726	0.00029993	
0.0100032	0.000294502	
0.00981086	0.000288839	
0.00959761	0.00028256	
0.00938933	0.000276429	
0.00913976	0.000269081	
0.00890501	0.00026217	
0.00865066	0.000254682	
0.0083645	0.000246257	
0.0080759	0.00023776	
0.00776129	0.000228498	
0.00745735	0.00021955	
0.00714146	0.000210249	
0.00681278	0.000200573	
0.0064914	0.000191111	
0.00617093	0.000181677	
0.00583887	0.0001719	
0.00552137	0.000162553	
0.00517874	0.000152466	
0.00483919	0.000142469	
0.00448398	0.000132011	
0.00413306	0.00012168	
0.00378091	0.000111313	
0.00343301	0.00010107	
0.00308975	9.09644e-05	
0.00273658	8.05669e-05	
0.00238897	7.03329e-05	
0.00204673	6.02573e-05	
0.00170957	5.03309e-05	
0.00137188	4.03893e-05	
0.00103975	3.0611e-05	
0.000706414	2.07973e-05	
0.000378608	1.11465e-05	
3.90776e-05	1.15047e-06	
-0.000287564	-8.46609e-06	
-0.000597857	-1.76013e-05	
-0.00091866	-2.7046e-05	
-0.00124067	-3.65263e-05	
-0.00153615	-4.52253e-05	
-0.0018468	-5.43711e-05	
-0.00215125	-6.33342e-05	
-0.0024368	-7.1741e-05	
-0.00272347	-8.01808e-05	
-0.00299837	-8.8274e-05	
-0.0032683	-9.6221e-05	
-0.00351387	-0.000103451	
-0.00376219	-0.000110761	
-0.00400664	-0.000117958	
-0.00423422	-0.000124659	
-0.00446332	-0.000131403	
-0.00466477	-0.000137334	
-0.0048626	-0.000143158	
-0.00504773	-0.000148609	
-0.00523026	-0.000153983	
-0.00538684	-0.000158592	
-0.00554306	-0.000163192	
-0.00568628	-0.000167408	
-0.0058431	-0.000172025	
-0.00597494	-0.000175906	
-0.00611878	-0.000180141	
-0.00624988	-0.000184001	
-0.00635714	-0.000187159	
-0.0064653	-0.000190343	
-0.00655076	-0.000192859	
-0.00663823	-0.000195434	
-0.00674273	-0.000198511	
-0.00682233	-0.000200854	
-0.00690627	-0.000203325	
-0.00699255	-0.000205866	
-0.00705645	-0.000207747	
-0.00712373	-0.000209728	
-0.00718189	-0.00021144	
-0.00723826	-0.000213099	
-0.00729872	-0.000214879	
-0.0073503	-0.000216398	
-0.00740748	-0.000218081	
-0.00745588	-0.000219506	
-0.00750226	-0.000220872	
-0.00756376	-0.000222682	
-0.00761613	-0.000224224	
-0.00767962	-0.000226093	
-0.00773377	-0.000227688	
-0.00778537	-0.000229207	
-0.00782823	-0.000230469	
-0.00786984	-0.000231694	
-0.00792256	-0.000233246	
-0.00796637	-0.000234535	
-0.00800174	-0.000235577	
-0.00803595	-0.000236584	
-0.00807526	-0.000237741	
-0.00809969	-0.000238461	
-0.00813658	-0.000239546	
-0.00816529	-0.000240392	
-0.00819284	-0.000241203	
-0.00821272	-0.000241788	
-0.00822534	-0.00024216	
-0.00825181	-0.000242939	
-0.00827061	-0.000243493	
-0.00828218	-0.000243833	
-0.00828691	-0.000243972	
-0.00830409	-0.000244478	
-0.00830153	-0.000244403	
-0.0083055	-0.00024452	
-0.00830305	-0.000244447	
-0.00829453	-0.000244197	
-0.00828032	-0.000243778	
-0.00826073	-0.000243202	
-0.00822936	-0.000242278	
-0.00820037	-0.000241425	
-0.00816691	-0.000240439	
-0.00813671	-0.000239551	
-0.00810854	-0.000238721	
-0.00807591	-0.000237761	
-0.00803274	-0.00023649	
-0.00799241	-0.000235302	
-0.00795547	-0.000234215	
-0.00792122	-0.000233206	
-0.00787648	-0.000231889	
-0.00783493	-0.000230666	
-0.00778337	-0.000229148	
-0.00772893	-0.000227545	
-0.00767183	-0.000225864	
-0.00761224	-0.00022411	
-0.00755037	-0.000222288	
-0.00748637	-0.000220404	
-0.00742044	-0.000218463	
-0.00735271	-0.000216469	
-0.00728335	-0.000214427	
-0.00723143	-0.000212898	
-0.00717152	-0.000211134	
-0.00710301	-0.000209117	
-0.00703309	-0.000207059	
-0.00696191	-0.000204963	
-0.00688957	-0.000202834	
-0.00683029	-0.000201089	
-0.0067552	-0.000198878	
-0.00669342	-0.000197059	
-0.00661607	-0.000194782	
-0.00655228	-0.000192904	
-0.00649936	-0.000191346	
-0.00643246	-0.000189376	
-0.0063767	-0.000187734	
-0.00630721	-0.000185689	
-0.00623697	-0.000183621	
-0.00617263	-0.000181727	
-0.00610735	-0.000179805	
-0.00605363	-0.000178223	
-0.0059991	-0.000176618	
-0.0059371	-0.000174792	
-0.00588688	-0.000173314	
-0.0058473	-0.000172149	
-0.00579989	-0.000170753	
-0.00576327	-0.000169675	
-0.00571872	-0.000168363	
-0.00568463	-0.000167359	
-0.00564289	-0.000166131	
-0.00559931	-0.000164848	
-0.00556076	-0.000163713	
-0.00552024	-0.00016252	
-0.00547791	-0.000161274	
-0.00545403	-0.000160571	
-0.00542744	-0.000159788	
-0.0053983	-0.00015893	
-0.00537901	-0.000158362	
-0.00534457	-0.000157348	
-0.00533495	-0.000157065	
-0.00531615	-0.000156511	
-0.00530669	-0.000156233	
-0.00528155	-0.000155493	
-0.00525389	-0.000154678	
-0.00522388	-0.000153795	
-0.00519167	-0.000152846	
-0.00515741	-0.000151838	
-0.0051471	-0.000151534	
-0.00511455	-0.000150576	
-0.0050935	-0.000149956	
-0.00508224	-0.000149625	
-0.00505541	-0.000148835	
-0.00503874	-0.000148344	
-0.00500683	-0.000147405	
-0.00498542	-0.000146774	
-0.00497526	-0.000146475	
-0.00493575	-0.000145312	
-0.00492101	-0.000144878	
-0.00489112	-0.000143998	
-0.0048658	-0.000143253	
-0.00486425	-0.000143207	
-0.00483318	-0.000142292	
-0.00481271	-0.00014169	
-0.00479101	-0.000141051	
-0.0047533	-0.00013994	
-0.00474017	-0.000139554	
-0.00471191	-0.000138722	
-0.00468173	-0.000137833	
-0.00465703	-0.000137106	
-0.00463533	-0.000136467	
-0.00459236	-0.000135202	
-0.00457471	-0.000134683	
-0.00452832	-0.000133317	
-0.00450751	-0.000132704	
-0.00446521	-0.000131459	
-0.00442893	-0.000130391	
-0.00439695	-0.000129449	
-0.004351	-0.000128096	
-0.00431692	-0.000127093	
-0.00428275	-0.000126087	
-0.00424612	-0.000125009	
-0.00420961	-0.000123934	
-0.00417202	-0.000122827	
-0.00413346	-0.000121692	
-0.00412093	-0.000121323	
-0.00407909	-0.000120091	
-0.00406353	-0.000119633	
-0.00403327	-0.000118742	
-0.00401426	-0.000118183	
-0.00398078	-0.000117197	
-0.00394623	-0.00011618	
-0.00392324	-0.000115503	
-0.00389999	-0.000114818	
-0.00387377	-0.000114047	
-0.00384751	-0.000113273	
-0.00383214	-0.000112821	
-0.0038025	-0.000111948	
-0.00378397	-0.000111403	
-0.00375139	-0.000110444	
-0.00373014	-0.000109818	
-0.00369501	-0.000108784	
-0.00367855	-0.000108299	
-0.00364084	-0.000107189	
-0.00363592	-0.000107044	
-0.00361461	-0.000106417	
-0.0035933	-0.000105789	
-0.00355657	-0.000104708	
-0.00354567	-0.000104387	
-0.00353274	-0.000104006	
-0.00351218	-0.000103401	
-0.00350275	-0.000103123	
-0.00347189	-0.000102215	
-0.00345953	-0.000101851	
-0.00343269	-0.000101061	
-0.00341741	-0.000100611	
-0.00338783	-9.97402e-05	
-0.0033711	-9.92476e-05	
-0.00334597	-9.85078e-05	
-0.0033266	-9.79373e-05	
-0.003299	-9.71248e-05	
-0.00327733	-9.6487e-05	
-0.00326174	-9.60278e-05	
-0.00324458	-9.55227e-05	
-0.0032382	-9.53348e-05	
-0.00321752	-9.4726e-05	
-0.00319561	-9.4081e-05	
-0.00317255	-9.34022e-05	
-0.00314843	-9.2692e-05	
-0.00312333	-9.19529e-05	
-0.00310955	-9.15473e-05	
-0.00308198	-9.07358e-05	
-0.0030798	-9.06715e-05	
-0.00304931	-8.97737e-05	
-0.00303187	-8.92604e-05	
-0.00302568	-8.90781e-05	
-0.00300504	-8.84706e-05	
-0.00299586	-8.82003e-05	
-0.00297242	-8.75102e-05	
-0.00296063	-8.71629e-05	
-0.00293474	-8.64009e-05	
-0.00292068	-8.59868e-05	
-0.00289268	-8.51625e-05	
-0.00287665	-8.46907e-05	
-0.00284684	-8.38129e-05	
-0.00281659	-8.29223e-05	
-0.0027985	-8.23898e-05	
-0.00275975	-8.1249e-05	
-0.00274074	-8.06893e-05	
-0.00271535	-7.99417e-05	
-0.00268785	-7.91322e-05	
-0.00266142	-7.83542e-05	
-0.00264707	-7.79315e-05	
-0.00261898	-7.71046e-05	
-0.0026031	-7.6637e-05	
-0.0025736	-7.57686e-05	
-0.00255642	-7.52629e-05	
-0.00252574	-7.43595e-05	
-0.00250748	-7.38221e-05	
-0.00247581	-7.28897e-05	
-0.00244409	-7.19558e-05	
-0.00241235	-7.10213e-05	
-0.00239319	-7.04572e-05	
-0.00236075	-6.9502e-05	
-0.00232838	-6.85493e-05	
-0.00229612	-6.75994e-05	
-0.00226398	-6.66531e-05	
-0.00224456	-6.60815e-05	
-0.00221198	-6.51222e-05	
-0.00219219	-6.45395e-05	
-0.00215929	-6.35709e-05	
-0.00212664	-6.26099e-05	
-0.00212152	-6.2459e-05	
-0.00208784	-6.14675e-05	
-0.00205452	-6.04865e-05	
-0.00204882	-6.03187e-05	
-0.00201464	-5.93124e-05	
-0.00200817	-5.9122e-05	
-0.00198823	-5.85349e-05	
-0.00196793	-5.79373e-05	
-0.00195966	-5.76936e-05	
-0.00194498	-5.72617e-05	
-0.00194244	-5.71868e-05	
-0.00192583	-5.66978e-05	
-0.00192148	-5.65696e-05	
-0.00190317	-5.60307e-05	
-0.00189724	-5.58561e-05	
-0.00187746	-5.52738e-05	
-0.00187016	-5.50589e-05	
-0.00184911	-5.44392e-05	
-0.0018545	-5.45979e-05	
-0.00183156	-5.39225e-05	
-0.00180856	-5.32451e-05	
-0.00181214	-5.33506e-05	
-0.00178752	-5.26258e-05	
-0.0017896	-5.26871e-05	
-0.00177758	-5.23332e-05	
-0.00175091	-5.15479e-05	
-0.00173845	-5.11812e-05	
-0.0017254	-5.07969e-05	
-0.00171179	-5.03964e-05	
-0.00171033	-5.03532e-05	
-0.00169501	-4.99023e-05	
-0.00169194	-4.98119e-05	
-0.00167513	-4.93169e-05	
-0.00165802	-4.88132e-05	
-0.00164064	-4.83015e-05	
-0.00162302	-4.77828e-05	
-0.00160519	-4.72579e-05	
-0.00158717	-4.67274e-05	
-0.00158164	-4.65646e-05	
-0.00156259	-4.60036e-05	
-0.0015561	-4.58127e-05	
-0.00153616	-4.52256e-05	
-0.00154206	-4.53994e-05	
-0.0015206	-4.47677e-05	
-0.00151244	-4.45272e-05	
-0.0015036	-4.42669e-05	
-0.00148092	-4.35995e-05	
-0.00146453	-4.31169e-05	
-0.00145509	-4.28389e-05	
-0.00143798	-4.23352e-05	
-0.00142788	-4.20378e-05	
-0.00139696	-4.11274e-05	
-0.00138708	-4.08366e-05	
-0.00138242	-4.06994e-05	
-0.00136418	-4.01623e-05	
-0.00135876	-4.00029e-05	
-0.00133982	-3.94453e-05	
-0.00132096	-3.88899e-05	
-0.00130218	-3.8337e-05	
-0.00128349	-3.7787e-05	
-0.00126491	-3.724e-05	
-0.00125356	-3.69058e-05	
-0.0012348	-3.63534e-05	
-0.0012233	-3.60148e-05	
-0.00121154	-3.56685e-05	
-0.00121527	-3.57785e-05	
-0.00121483	-3.57653e-05	
-0.00121654	-3.58158e-05	
-0.00121724	-3.58365e-05	
-0.00121699	-3.5829e-05	
-0.00120009	-3.53316e-05	
-0.001199	-3.52995e-05	
-0.00118133	-3.47791e-05	
-0.00117952	-3.47259e-05	
-0.00117693	-3.46496e-05	
-0.0011736	-3.45515e-05	
-0.00116957	-3.44331e-05	
-0.00114915	-3.38319e-05	
-0.00114478	-3.37032e-05	
-0.0011398	-3.35566e-05	
-0.00114087	-3.35879e-05	
-0.00114709	-3.37711e-05	
-0.00114601	-3.37394e-05	
-0.00114413	-3.36841e-05	
-0.0011415	-3.36066e-05	
-0.00115112	-3.38899e-05	
-0.00114636	-3.37497e-05	
-0.00114101	-3.35922e-05	
-0.00113511	-3.34184e-05	
-0.00112869	-3.32294e-05	
-0.00112932	-3.3248e-05	
-0.00112153	-3.30187e-05	
-0.00111334	-3.27776e-05	
-0.00111232	-3.27474e-05	
-0.00112294	-3.30602e-05	
-0.00113293	-3.33544e-05	
-0.00112071	-3.29946e-05	
-0.00112914	-3.32426e-05	
-0.00112882	-3.32331e-05	
-0.00113507	-3.34174e-05	
-0.00114012	-3.35659e-05	
-0.0011366	-3.34624e-05	
-0.00113243	-3.33396e-05	
-0.00111427	-3.28048e-05	
-0.00110969	-3.26699e-05	
-0.00110453	-3.25181e-05	
-0.00109883	-3.23505e-05	
-0.00109264	-3.21681e-05	
-0.00108598	-3.19719e-05	
-0.00107888	-3.17628e-05	
-0.00107137	-3.15418e-05	
-0.00107634	-3.16881e-05	
-0.00106736	-3.14237e-05	
-0.00107094	-3.15292e-05	
-0.00106066	-3.12265e-05	
-0.00105016	-3.09176e-05	
-0.00103948	-3.06031e-05	
-0.00102863	-3.02835e-05	
-0.00101762	-2.99595e-05	
-0.00100648	-2.96314e-05	
-0.000995213	-2.92998e-05	
-0.000998927	-2.94091e-05	
-0.000986593	-2.9046e-05	
-0.000989305	-2.91258e-05	
-0.000997204	-2.93584e-05	
-0.000991042	-2.9177e-05	
-0.000997344	-2.93625e-05	
-0.000989675	-2.91367e-05	
-0.000981699	-2.89019e-05	
-0.000973441	-2.86588e-05	
-0.000964922	-2.8408e-05	
-0.000956164	-2.81501e-05	
-0.000947187	-2.78858e-05	
-0.00093801	-2.76157e-05	
-0.000928652	-2.73402e-05	
-0.00091913	-2.70598e-05	
-0.000909462	-2.67752e-05	
-0.000912522	-2.68653e-05	
-0.000901858	-2.65513e-05	
-0.000903986	-2.6614e-05	
-0.00089245	-2.62744e-05	
-0.000880902	-2.59344e-05	
-0.000869352	-2.55943e-05	
-0.000884634	-2.60443e-05	
-0.000871547	-2.5659e-05	
-0.000885381	-2.60662e-05	
-0.000885308	-2.60641e-05	
-0.000897019	-2.64089e-05	
-0.000894935	-2.63475e-05	
-0.000892297	-2.62698e-05	
-0.000901583	-2.65432e-05	
-0.000897211	-2.64145e-05	
-0.00090486	-2.66397e-05	
-0.000898942	-2.64655e-05	
-0.000892684	-2.62813e-05	
-0.000886113	-2.60878e-05	
-0.000879249	-2.58857e-05	
-0.000872117	-2.56757e-05	
-0.000864735	-2.54584e-05	
-0.000857125	-2.52343e-05	
-0.000849304	-2.50041e-05	
-0.000854287	-2.51508e-05	
-0.000845344	-2.48875e-05	
-0.000862122	-2.53815e-05	
-0.000864439	-2.54497e-05	
-0.000878821	-2.58731e-05	
-0.000878866	-2.58744e-05	
-0.000878246	-2.58562e-05	
-0.000876999	-2.58195e-05	
-0.000888014	-2.61437e-05	
-0.000884876	-2.60514e-05	
-0.000894102	-2.6323e-05	
-0.000889274	-2.61809e-05	
-0.000884052	-2.60271e-05	
-0.000906271	-2.66813e-05	
-0.000898725	-2.64591e-05	
-0.000903786	-2.66081e-05	
-0.000910104	-2.67941e-05	
-0.000913144	-2.68836e-05	
-0.000917551	-2.70133e-05	
-0.000933741	-2.749e-05	
-0.000935572	-2.75439e-05	
-0.00094932	-2.79486e-05	
-0.000948836	-2.79344e-05	
-0.000960393	-2.82746e-05	
-0.000957834	-2.81993e-05	
-0.000954701	-2.81071e-05	
-0.000963755	-2.83736e-05	
-0.000958835	-2.82288e-05	
-0.000966202	-2.84457e-05	
-0.00095969	-2.82539e-05	
-0.000952828	-2.80519e-05	
-0.000960027	-2.82639e-05	
-0.00097854	-2.88089e-05	
-0.000968417	-2.85109e-05	
-0.000984981	-2.89985e-05	
-0.000973015	-2.86463e-05	
-0.00098784	-2.90827e-05	
-0.000988618	-2.91056e-05	
-0.000988607	-2.91053e-05	
-0.0010003	-2.94496e-05	
-0.000998121	-2.93854e-05	
-0.00100776	-2.96692e-05	
-0.00100364	-2.95479e-05	
-0.000998999	-2.94112e-05	
-0.00099387	-2.92602e-05	
-0.000988286	-2.90958e-05	
-0.000982276	-2.89189e-05	
-0.00098832	-2.90968e-05	
-0.000980822	-2.88761e-05	
-0.000987818	-2.9082e-05	
-0.000978864	-2.88184e-05	
-0.000982136	-2.89148e-05	
-0.000986833	-2.9053e-05	
-0.000990516	-2.91615e-05	
-0.000993242	-2.92417e-05	
-0.000995062	-2.92953e-05	
-0.000996027	-2.93237e-05	
-0.000996187	-2.93284e-05	
-0.00100831	-2.96855e-05	
-0.00100626	-2.96249e-05	
-0.00101629	-2.99202e-05	
-0.00101225	-2.98013e-05	
-0.00102041	-3.00414e-05	
-0.0010146	-2.98704e-05	
-0.00100836	-2.96867e-05	
-0.00100171	-2.94911e-05	
-0.00100133	-2.94799e-05	
-0.00099358	-2.92517e-05	
-0.00100503	-2.95887e-05	
-0.00100219	-2.95053e-05	
-0.000998765	-2.94044e-05	
-0.00100765	-2.96659e-05	
-0.00100239	-2.95112e-05	
-0.00100955	-2.9722e-05	
-0.00100267	-2.95194e-05	
-0.0010083	-2.9685e-05	
-0.000999975	-2.944e-05	
-0.000991373	-2.91867e-05	
-0.000982517	-2.8926e-05	
-0.000973427	-2.86584e-05	
-0.000964124	-2.83845e-05	
-0.000967903	-2.84958e-05	
-0.00095746	-2.81883e-05	
-0.000960169	-2.8268e-05	
-0.000969	-2.8528e-05	
-0.000969592	-2.85455e-05	
-0.000969011	-2.85284e-05	
-0.000975689	-2.8725e-05	
-0.000993978	-2.92634e-05	
-0.000997739	-2.93741e-05	
-0.00101326	-2.98311e-05	
-0.0010144	-2.98647e-05	
-0.00102744	-3.02485e-05	
-0.00102623	-3.02128e-05	
-0.00103704	-3.05311e-05	
-0.00104645	-3.08082e-05	
-0.00105453	-3.10461e-05	
-0.00106135	-3.1247e-05	
-0.00105426	-3.1038e-05	
-0.0010595	-3.11924e-05	
-0.00105091	-3.09396e-05	
-0.00104203	-3.0678e-05	
-0.00103287	-3.04083e-05	
-0.00102345	-3.01311e-05	
-0.0010138	-2.9847e-05	
-0.00103078	-3.03469e-05	
-0.00103328	-3.04205e-05	
-0.00103348	-3.04262e-05	
-0.00104699	-3.08241e-05	
-0.00104483	-3.07606e-05	
-0.00104339	-3.07181e-05	
-0.00105397	-3.10296e-05	
-0.00103631	-3.05098e-05	
-0.00104572	-3.07869e-05	
-0.00103381	-3.04361e-05	
-0.0010218	-3.00824e-05	
-0.00102215	-3.00929e-05	
-0.00101654	-2.99276e-05	
-0.00101566	-2.99017e-05	
-0.00100161	-2.94882e-05	
-0.00100007	-2.94427e-05	
-0.000997855	-2.93775e-05	
-0.000982567	-2.89275e-05	
-0.000967415	-2.84814e-05	
-0.000980073	-2.8854e-05	
-0.000963595	-2.83689e-05	
-0.000962138	-2.8326e-05	
-0.000957686	-2.8195e-05	
-0.000955121	-2.81194e-05	
-0.000951982	-2.8027e-05	
-0.000948306	-2.79188e-05	
-0.000956992	-2.81745e-05	
-0.000951591	-2.80155e-05	
-0.000943429	-2.77752e-05	
-0.000930741	-2.74017e-05	
-0.000937581	-2.7603e-05	
-0.000930455	-2.73932e-05	
-0.000935902	-2.75536e-05	
-0.000927465	-2.73052e-05	
-0.000931679	-2.74293e-05	
-0.000915445	-2.69513e-05	
-0.000881078	-2.59395e-05	
-0.000854108	-2.51455e-05	
-0.000821947	-2.41987e-05	
-0.000797102	-2.34672e-05	
-0.000766988	-2.25807e-05	
-0.000744114	-2.19072e-05	
-0.000728625	-2.14512e-05	
-0.000707247	-2.08219e-05	
-0.000680061	-2.00215e-05	
-0.000679923	-2.00174e-05	
-0.000666552	-1.96238e-05	
-0.000666174	-1.96126e-05	
-0.000652586	-1.92126e-05	
-0.000639285	-1.8821e-05	
-0.000638992	-1.88124e-05	
-0.000625506	-1.84153e-05	
-0.00062505	-1.84019e-05	
-0.00061142	-1.80006e-05	
-0.000610839	-1.79835e-05	
-0.000597101	-1.75791e-05	
-0.000612221	-1.80242e-05	
-0.000613285	-1.80555e-05	
-0.000626553	-1.84462e-05	
-0.000610068	-1.79608e-05	
-0.000622588	-1.83294e-05	
-0.000633921	-1.86631e-05	
-0.000631398	-1.85888e-05	
-0.000628544	-1.85048e-05	
-0.000638107	-1.87863e-05	
-0.000633913	-1.86628e-05	
-0.000629481	-1.85323e-05	
-0.000637556	-1.87701e-05	
-0.00063196	-1.86053e-05	
-0.000652336	-1.92052e-05	
-0.000644924	-1.8987e-05	
-0.000663578	-1.95362e-05	
-0.000654535	-1.927e-05	
-0.000658792	-1.93953e-05	
-0.000675161	-1.98772e-05	
-0.000657179	-1.93478e-05	
-0.000666	-1.96075e-05	
-0.000660821	-1.9455e-05	
-0.000655033	-1.92846e-05	
-0.000649491	-1.91215e-05	
-0.000656768	-1.93357e-05	
-0.000650141	-1.91406e-05	
-0.000656395	-1.93247e-05	
-0.000648804	-1.91012e-05	
-0.00065415	-1.92586e-05	
-0.000645706	-1.901e-05	
-0.000650249	-1.91438e-05	
-0.000641051	-1.8873e-05	
-0.000631896	-1.86035e-05	
-0.000635781	-1.87178e-05	
-0.00064036	-1.88526e-05	
-0.000642797	-1.89244e-05	
-0.000646006	-1.90189e-05	
-0.000647147	-1.90525e-05	
-0.000649131	-1.91109e-05	
-0.00065608	-1.93154e-05	
-0.00064218	-1.89062e-05	
-0.000642981	-1.89298e-05	
-0.000643251	-1.89377e-05	
-0.00064302	-1.89309e-05	
-0.000654891	-1.92805e-05	
-0.000665589	-1.95954e-05	
-0.000662597	-1.95073e-05	
-0.000671851	-1.97798e-05	
-0.000667494	-1.96515e-05	
-0.000675457	-1.98859e-05	
-0.000682455	-2.00919e-05	
-0.000675962	-1.99008e-05	
-0.000681906	-2.00758e-05	
-0.000674421	-1.98554e-05	
-0.000679431	-2.00029e-05	
-0.000671067	-1.97567e-05	
-0.000662676	-1.95096e-05	
-0.000660902	-1.94574e-05	
-0.000679628	-2.00087e-05	
-0.000675872	-1.98981e-05	
-0.000699492	-2.05935e-05	
-0.000708503	-2.08588e-05	
-0.000729192	-2.14679e-05	
-0.000748145	-2.20259e-05	
-0.000752718	-2.21606e-05	
-0.000769191	-2.26455e-05	
-0.00077882	-2.2929e-05	
-0.000792629	-2.33356e-05	
-0.000792321	-2.33265e-05	
-0.000804161	-2.36751e-05	
-0.000801987	-2.36111e-05	
-0.000812062	-2.39077e-05	
-0.000808218	-2.37945e-05	
-0.000816714	-2.40446e-05	
-0.000811379	-2.38876e-05	
-0.000805737	-2.37215e-05	
-0.00081981	-2.41358e-05	
-0.000812459	-2.39194e-05	
-0.000817645	-2.4072e-05	
-0.000842602	-2.48068e-05	
-0.000844809	-2.48718e-05	
-0.000866937	-2.55232e-05	
-0.000879857	-2.59036e-05	
-0.000885931	-2.60824e-05	
-0.000896431	-2.63915e-05	
-0.00090021	-2.65028e-05	
-0.000908537	-2.6748e-05	
-0.000910258	-2.67986e-05	
-0.000923923	-2.72009e-05	
-0.000936107	-2.75597e-05	
-0.000926889	-2.72883e-05	
-0.000924771	-2.72259e-05	
-0.000927519	-2.73068e-05	
-0.000923967	-2.72022e-05	
-0.000912652	-2.68691e-05	
-0.00091401	-2.69091e-05	
-0.000924241	-2.72103e-05	
-0.000930834	-2.74044e-05	
-0.000938701	-2.7636e-05	
-0.000958277	-2.82123e-05	
-0.000955731	-2.81374e-05	
-0.000972887	-2.86425e-05	
-0.00096805	-2.85001e-05	
-0.0010005	-2.94554e-05	
-0.00102515	-3.01812e-05	
-0.00106691	-3.14106e-05	
-0.00107863	-3.17557e-05	
-0.00111571	-3.28472e-05	
-0.00114982	-3.38514e-05	
-0.00116837	-3.43978e-05	
-0.00119772	-3.52616e-05	
-0.00121174	-3.56746e-05	
-0.00123678	-3.64117e-05	
-0.00124673	-3.67045e-05	
-0.00125516	-3.69527e-05	
-0.00126216	-3.71589e-05	
-0.00128206	-3.77447e-05	
-0.0012856	-3.7849e-05	
-0.00131509	-3.87171e-05	
-0.00131477	-3.87079e-05	
-0.00132774	-3.90895e-05	
-0.00135182	-3.97986e-05	
-0.00136064	-4.00582e-05	
-0.0013808	-4.06516e-05	
-0.00138589	-4.08015e-05	
-0.00140251	-4.12908e-05	
-0.00140425	-4.13421e-05	
-0.00140484	-4.13593e-05	
-0.00140433	-4.13444e-05	
-0.00143717	-4.23114e-05	
-0.00144022	-4.2401e-05	
-0.00146884	-4.32436e-05	
-0.00148198	-4.36306e-05	
-0.00150598	-4.43372e-05	
-0.00151475	-4.45952e-05	
-0.00152186	-4.48047e-05	
-0.00154015	-4.53432e-05	
-0.0015435	-4.54419e-05	
-0.00155823	-4.58753e-05	
-0.00155821	-4.58747e-05	
-0.00156974	-4.62141e-05	
-0.00156669	-4.61246e-05	
-0.00158948	-4.67955e-05	
-0.00158293	-4.66026e-05	
-0.0016024	-4.71757e-05	
-0.00161954	-4.76803e-05	
-0.00162838	-4.79408e-05	
-0.00164822	-4.85248e-05	
-0.00165295	-4.86641e-05	
-0.00166889	-4.91334e-05	
-0.00166994	-4.91641e-05	
-0.00166966	-4.91559e-05	
-0.00168086	-4.94858e-05	
-0.00167743	-4.93848e-05	
-0.00167982	-4.94549e-05	
-0.00170172	-5.00999e-05	
-0.00169328	-4.98514e-05	
-0.00171888	-5.0605e-05	
-0.00172184	-5.06921e-05	
-0.00173048	-5.09464e-05	
-0.00175004	-5.15225e-05	
-0.00174729	-5.14415e-05	
-0.00176326	-5.19116e-05	
-0.0017705	-5.21249e-05	
-0.00178247	-5.24773e-05	
-0.00177254	-5.21848e-05	
-0.00178796	-5.26389e-05	
-0.00178843	-5.26526e-05	
-0.00180025	-5.30005e-05	
-0.0017973	-5.29138e-05	
-0.00180019	-5.29989e-05	
-0.00179454	-5.28324e-05	
-0.00178785	-5.26356e-05	
-0.00179516	-5.28508e-05	
-0.00178574	-5.25734e-05	
-0.00178824	-5.26469e-05	
-0.00180419	-5.31165e-05	
-0.00181786	-5.35192e-05	
-0.00182382	-5.36945e-05	
-0.00183362	-5.39831e-05	
-0.00183592	-5.40506e-05	
-0.00184226	-5.42374e-05	
-0.00183414	-5.39983e-05	
-0.00184497	-5.43173e-05	
-0.00183392	-5.39919e-05	
-0.00184199	-5.42295e-05	
-0.00182834	-5.38276e-05	
-0.00182123	-5.36184e-05	
-0.00181316	-5.33808e-05	
-0.00180419	-5.31166e-05	
-0.0018071	-5.32022e-05	
-0.00179575	-5.2868e-05	
-0.00181053	-5.33033e-05	
-0.00179626	-5.28833e-05	
-0.00179419	-5.28222e-05	
-0.00178511	-5.2555e-05	
-0.00178098	-5.24333e-05	
-0.00176997	-5.21092e-05	
-0.00177814	-5.23496e-05	
-0.00177176	-5.21619e-05	
-0.00177715	-5.23205e-05	
-0.00176815	-5.20557e-05	
-0.00177107	-5.21416e-05	
-0.00175976	-5.18085e-05	
-0.00175501	-5.16686e-05	
-0.00175469	-5.16593e-05	
-0.00175447	-5.16528e-05	
-0.00175154	-5.15665e-05	
-0.00174885	-5.14874e-05	
-0.00175785	-5.17523e-05	
-0.00175216	-5.15847e-05	
-0.00175832	-5.17662e-05	
-0.00174995	-5.15198e-05	
-0.00177402	-5.22285e-05	
-0.00178252	-5.24787e-05	
-0.00180204	-5.30535e-05	
-0.00181909	-5.35552e-05	
-0.00183378	-5.39879e-05	
-0.00184625	-5.4355e-05	
-0.00184376	-5.42817e-05	
-0.00185288	-5.455e-05	
-0.00187489	-5.51981e-05	
-0.00186656	-5.49528e-05	
-0.00187015	-5.50585e-05	
-0.00188694	-5.55529e-05	
-0.00187368	-5.51623e-05	
-0.00188743	-5.55673e-05	
-0.0018713	-5.50924e-05	
-0.00185469	-5.46033e-05	
-0.0018653	-5.49156e-05	
-0.00184622	-5.4354e-05	
-0.00185451	-5.45982e-05	
-0.00185391	-5.45805e-05	
-0.00184624	-5.43547e-05	
-0.00185035	-5.44756e-05	
-0.00185282	-5.45484e-05	
-0.00184103	-5.42013e-05	
-0.00184125	-5.42078e-05	
-0.00182735	-5.37984e-05	
-0.00182559	-5.37466e-05	
-0.00180983	-5.32825e-05	
-0.0017936	-5.28048e-05	
-0.00180336	-5.30921e-05	
-0.00178479	-5.25455e-05	
-0.00177867	-5.23653e-05	
-0.00177225	-5.21762e-05	
-0.00176417	-5.19383e-05	
-0.00175591	-5.16952e-05	
-0.00175979	-5.18094e-05	
-0.00174913	-5.14956e-05	
-0.00174333	-5.13248e-05	
-0.00173098	-5.09612e-05	
-0.00173102	-5.09624e-05	
-0.00171676	-5.05427e-05	
-0.0017076	-5.02729e-05	
-0.00170509	-5.01991e-05	
-0.00169402	-4.98732e-05	
-0.00168973	-4.97469e-05	
-0.00169138	-4.97953e-05	
-0.0016717	-4.92159e-05	
-0.00165897	-4.88413e-05	
-0.0016656	-4.90365e-05	
-0.00165774	-4.88051e-05	
-0.00165493	-4.87222e-05	
-0.00164518	-4.84352e-05	
-0.0016406	-4.83003e-05	
-0.00162919	-4.79646e-05	
-0.00163007	-4.79903e-05	
-0.00161681	-4.76e-05	
-0.00161595	-4.75746e-05	
-0.00160106	-4.71363e-05	
-0.00161377	-4.75105e-05	
-0.00158956	-4.67978e-05	
-0.00160051	-4.71203e-05	
-0.00160233	-4.71738e-05	
-0.00158219	-4.65807e-05	
-0.00158995	-4.68094e-05	
-0.00158321	-4.66108e-05	
-0.00158853	-4.67673e-05	
-0.00157947	-4.65007e-05	
-0.00158261	-4.65932e-05	
-0.00157151	-4.62664e-05	
-0.00157273	-4.63023e-05	
-0.00155982	-4.59223e-05	
-0.00157332	-4.63197e-05	
-0.00157213	-4.62846e-05	
-0.00158255	-4.65914e-05	
-0.00159118	-4.68454e-05	
-0.00158538	-4.66748e-05	
-0.00159145	-4.68535e-05	
-0.00158325	-4.6612e-05	
-0.00158705	-4.67238e-05	
-0.00159109	-4.68429e-05	
-0.00159204	-4.68709e-05	
-0.00157901	-4.64873e-05	
-0.00159238	-4.68807e-05	
-0.00157694	-4.64261e-05	
-0.00158803	-4.67526e-05	
-0.00158484	-4.66587e-05	
-0.00159308	-4.69015e-05	
-0.00159966	-4.7095e-05	
-0.00160465	-4.72419e-05	
-0.00160814	-4.73448e-05	
-0.00161022	-4.7406e-05	
-0.00161097	-4.7428e-05	
-0.00162471	-4.78325e-05	
-0.00162218	-4.77582e-05	
-0.00163283	-4.80716e-05	
-0.00164164	-4.83309e-05	
-0.001622	-4.77528e-05	
-0.00162896	-4.79578e-05	
-0.0016343	-4.8115e-05	
-0.0016381	-4.82268e-05	
-0.00164045	-4.82959e-05	
-0.00164142	-4.83245e-05	
-0.0016411	-4.83151e-05	
-0.00163956	-4.82698e-05	
-0.00163687	-4.81907e-05	
-0.00164722	-4.84952e-05	
-0.00164161	-4.83303e-05	
-0.0016351	-4.81384e-05	
-0.00164183	-4.83365e-05	
-0.00163421	-4.81122e-05	
-0.00163852	-4.82391e-05	
-0.00162862	-4.79477e-05	
-0.00163079	-4.80115e-05	
-0.0016316	-4.80354e-05	
-0.00163114	-4.80218e-05	
-0.00161674	-4.7598e-05	
-0.00162907	-4.79609e-05	
-0.00162507	-4.78433e-05	
-0.00163447	-4.81199e-05	
-0.00162771	-4.79208e-05	
-0.00162162	-4.77417e-05	
-0.00162753	-4.79157e-05	
-0.00160476	-4.72453e-05	
-0.00159481	-4.69524e-05	
-0.00158575	-4.66856e-05	
-0.00158888	-4.67778e-05	
-0.00159063	-4.68294e-05	
-0.00159109	-4.68427e-05	
-0.00157745	-4.64411e-05	
-0.00157626	-4.64063e-05	
-0.00157396	-4.63385e-05	
-0.0015706	-4.62397e-05	
-0.00156626	-4.61116e-05	
-0.00154811	-4.55773e-05	
-0.00154958	-4.56208e-05	
-0.00153005	-4.50458e-05	
-0.00153024	-4.50514e-05	
-0.00154408	-4.54589e-05	
-0.00154115	-4.53725e-05	
-0.00153917	-4.53143e-05	
-0.00154902	-4.56041e-05	
-0.00155713	-4.58429e-05	
-0.0015636	-4.60334e-05	
-0.00156852	-4.61783e-05	
-0.00155911	-4.59013e-05	
-0.00156193	-4.59843e-05	
-0.00155054	-4.56491e-05	
-0.00155151	-4.56775e-05	
-0.00155125	-4.56698e-05	
-0.00154983	-4.56281e-05	
-0.00154733	-4.55544e-05	
-0.0015438	-4.54505e-05	
-0.00152644	-4.49395e-05	
-0.00153577	-4.52141e-05	
-0.00151656	-4.46487e-05	
-0.00152415	-4.48721e-05	
-0.00153016	-4.50489e-05	
-0.00153467	-4.51816e-05	
-0.00153776	-4.52727e-05	
-0.00153951	-4.53243e-05	
-0.00152603	-4.49275e-05	
-0.0015137	-4.45644e-05	
-0.00151338	-4.4555e-05	
-0.00151194	-4.45125e-05	
-0.00150944	-4.44389e-05	
-0.00149349	-4.39694e-05	
-0.00148978	-4.38603e-05	
-0.00147271	-4.33578e-05	
-0.00146796	-4.32179e-05	
-0.00147677	-4.3477e-05	
-0.00146956	-4.3265e-05	
-0.00146166	-4.30324e-05	
-0.0014675	-4.32043e-05	
-0.00145751	-4.29102e-05	
-0.00146138	-4.30242e-05	
-0.00146393	-4.30992e-05	
-0.00146523	-4.31374e-05	
-0.00146535	-4.31408e-05	
-0.00145176	-4.2741e-05	
-0.00145045	-4.27024e-05	
-0.00143554	-4.22632e-05	
-0.00144027	-4.24024e-05	
-0.00144364	-4.25017e-05	
-0.00144573	-4.25632e-05	
-0.00144661	-4.25891e-05	
-0.00144635	-4.25814e-05	
-0.00143216	-4.21637e-05	
-0.00144466	-4.25319e-05	
-0.00144125	-4.24315e-05	
-0.00145106	-4.27202e-05	
-0.0014451	-4.25448e-05	
-0.00143965	-4.23844e-05	
-0.00144628	-4.25796e-05	
-0.00143859	-4.23531e-05	
-0.00144311	-4.24861e-05	
-0.00144627	-4.25793e-05	
-0.00144817	-4.26352e-05	
-0.00144887	-4.26556e-05	
-0.00144843	-4.26428e-05	
-0.00143407	-4.22201e-05	
-0.00143231	-4.21682e-05	
-0.00142957	-4.20875e-05	
-0.00141305	-4.16012e-05	
-0.00142338	-4.19053e-05	
-0.00141196	-4.15692e-05	
-0.00140611	-4.13967e-05	
-0.00142039	-4.18174e-05	
-0.00141192	-4.15679e-05	
-0.00142374	-4.19159e-05	
-0.00143381	-4.22123e-05	
-0.00144222	-4.24598e-05	
-0.00144905	-4.26612e-05	
-0.00144168	-4.24441e-05	
-0.00144637	-4.25822e-05	
-0.0014497	-4.26802e-05	
-0.00143902	-4.23657e-05	
-0.00144762	-4.26188e-05	
-0.00143488	-4.22437e-05	
-0.00144154	-4.24398e-05	
-0.00144673	-4.25926e-05	
-0.00145053	-4.27046e-05	
-0.00144015	-4.23991e-05	
-0.00144215	-4.24579e-05	
-0.00143008	-4.21026e-05	
-0.00144474	-4.25342e-05	
-0.00143035	-4.21106e-05	
-0.00144283	-4.24779e-05	
-0.0014535	-4.27921e-05	
-0.00146247	-4.3056e-05	
-0.00146982	-4.32724e-05	
-0.00146993	-4.32757e-05	
-0.00147463	-4.34142e-05	
-0.00146522	-4.31372e-05	
-0.001475	-4.34251e-05	
-0.00147038	-4.3289e-05	
-0.00147062	-4.32961e-05	
-0.00146403	-4.31021e-05	
-0.00148453	-4.37055e-05	
-0.00147492	-4.34226e-05	
-0.00149256	-4.39419e-05	
-0.00150806	-4.43984e-05	
-0.00152154	-4.47952e-05	
-0.0015331	-4.51354e-05	
-0.00153011	-4.50474e-05	
-0.00153886	-4.53052e-05	
-0.00153999	-4.53384e-05	
-0.00154586	-4.55111e-05	
-0.00155712	-4.58428e-05	
-0.00156657	-4.61209e-05	
-0.00156142	-4.59694e-05	
-0.00156826	-4.61708e-05	
-0.00156066	-4.5947e-05	
-0.00156519	-4.60801e-05	
-0.0015554	-4.57921e-05	
-0.00155097	-4.56618e-05	
-0.00155253	-4.57076e-05	
-0.00154593	-4.55132e-05	
-0.00153854	-4.52956e-05	
-0.00153041	-4.50564e-05	
-0.00152849	-4.49999e-05	
-0.00151864	-4.47097e-05	
-0.0015151	-4.46055e-05	
-0.00150372	-4.42705e-05	
-0.00149876	-4.41244e-05	
-0.00147332	-4.33756e-05	
-0.00146786	-4.32149e-05	
-0.00146882	-4.3243e-05	
-0.00147537	-4.3436e-05	
-0.00145957	-4.29707e-05	
-0.00145768	-4.29151e-05	
-0.00144069	-4.24149e-05	
-0.0014377	-4.23268e-05	
-0.00143379	-4.22119e-05	
-0.00141604	-4.16892e-05	
-0.00141123	-4.15475e-05	
-0.00139263	-4.10001e-05	
-0.00138705	-4.08356e-05	
-0.00138074	-4.06498e-05	
-0.00137374	-4.0444e-05	
-0.00137939	-4.06103e-05	
-0.0013704	-4.03456e-05	
-0.0013479	-3.96832e-05	
-0.00135194	-3.98022e-05	
-0.00135473	-3.98843e-05	
-0.00135634	-3.99316e-05	
-0.00135683	-3.99462e-05	
-0.00134341	-3.95509e-05	
-0.00134261	-3.95273e-05	
-0.00132797	-3.90964e-05	
-0.00132604	-3.90395e-05	
-0.00131035	-3.85777e-05	
-0.00130744	-3.8492e-05	
-0.00129085	-3.80034e-05	
-0.0012871	-3.7893e-05	
-0.00126972	-3.73815e-05	
-0.00126525	-3.72499e-05	
-0.00124722	-3.6719e-05	
-0.00124214	-3.65696e-05	
-0.00123643	-3.64012e-05	
-0.0012301	-3.6215e-05	
-0.00122321	-3.60122e-05	
-0.00120293	-3.5415e-05	
-0.00119577	-3.52042e-05	
-0.00118811	-3.49789e-05	
-0.00118	-3.47401e-05	
-0.0011586	-3.411e-05	
-0.00115042	-3.38691e-05	
-0.00112897	-3.32377e-05	
-0.00113585	-3.34402e-05	
-0.00114148	-3.3606e-05	
-0.00113084	-3.32928e-05	
-0.00114181	-3.36155e-05	
-0.0011362	-3.34504e-05	
-0.00113005	-3.32695e-05	
-0.00113849	-3.35179e-05	
-0.0011305	-3.32827e-05	
-0.0011372	-3.348e-05	
-0.00114266	-3.36408e-05	
-0.00113422	-3.33922e-05	
-0.00113813	-3.35074e-05	
-0.00114096	-3.35907e-05	
-0.00114277	-3.36439e-05	
-0.00114361	-3.36688e-05	
-0.00114354	-3.36668e-05	
-0.00114262	-3.36395e-05	
-0.00114088	-3.35884e-05	
-0.00113839	-3.35149e-05	
-0.00113518	-3.34204e-05	
-0.00113129	-3.3306e-05	
-0.00112678	-3.31731e-05	
-0.00112167	-3.30228e-05	
-0.00110329	-3.24815e-05	
-0.00109785	-3.23214e-05	
-0.00107917	-3.17714e-05	
-0.00107347	-3.16037e-05	
-0.00106053	-3.12228e-05	
-0.00105429	-3.10392e-05	
-0.00106173	-3.12581e-05	
-0.00105383	-3.10254e-05	
-0.00104558	-3.07827e-05	
-0.00105114	-3.09462e-05	
-0.00105558	-3.10769e-05	
-0.00104651	-3.08101e-05	
-0.00104963	-3.0902e-05	
-0.00103203	-3.03837e-05	
-0.00103441	-3.04538e-05	
-0.00101612	-2.99154e-05	
-0.00101787	-2.99668e-05	
-0.00101199	-2.97936e-05	
-0.00101244	-2.98069e-05	
-0.0010121	-2.97969e-05	
-0.00100426	-2.95661e-05	
-0.00100287	-2.95251e-05	
-0.00101519	-2.98879e-05	
-0.00101165	-2.97837e-05	
-0.00100895	-2.97042e-05	
-0.00101863	-2.99893e-05	
-0.001014	-2.9853e-05	
-0.00101469	-2.98732e-05	
-0.00102175	-3.00809e-05	
-0.00102763	-3.02541e-05	
-0.0010324	-3.03945e-05	
-0.00103612	-3.0504e-05	
-0.00103884	-3.05842e-05	
-0.00104062	-3.06367e-05	
-0.00104152	-3.06631e-05	
-0.00105626	-3.10971e-05	
-0.00105468	-3.10505e-05	
-0.00105239	-3.09832e-05	
-0.00106413	-3.13287e-05	
-0.00104671	-3.08159e-05	
-0.00103675	-3.05227e-05	
-0.00101933	-3.00099e-05	
-0.000994434	-2.92768e-05	
-0.000985169	-2.90041e-05	
-0.000981438	-2.88942e-05	
-0.000979412	-2.88346e-05	
-0.000968787	-2.85218e-05	
-0.000963785	-2.83745e-05	
-0.000973025	-2.86465e-05	
-0.000981002	-2.88814e-05	
-0.000975331	-2.87144e-05	
-0.0009817	-2.89019e-05	
-0.00098152	-2.88966e-05	
-0.000993479	-2.92487e-05	
-0.000991135	-2.91797e-05	
-0.00100105	-2.94715e-05	
-0.00101004	-2.97364e-05	
-0.00101735	-2.99516e-05	
-0.00101061	-2.9753e-05	
-0.00102963	-3.03132e-05	
-0.00102065	-3.00486e-05	
-0.00103755	-3.05463e-05	
-0.0010527	-3.09924e-05	
-0.00106619	-3.13895e-05	
-0.00107811	-3.17402e-05	
-0.00108256	-3.18712e-05	
-0.00107808	-3.17395e-05	
-0.00107305	-3.15913e-05	
-0.0010675	-3.14279e-05	
-0.00104888	-3.08799e-05	
-0.00104312	-3.07102e-05	
-0.0010369	-3.05271e-05	
-0.00103026	-3.03314e-05	
-0.00101064	-2.97539e-05	
-0.00100396	-2.95573e-05	
-0.000996907	-2.93496e-05	
-0.000982483	-2.8925e-05	
-0.000975168	-2.87096e-05	
-0.000960513	-2.82782e-05	
-0.000945975	-2.78502e-05	
-0.000946778	-2.78738e-05	
-0.000931599	-2.74269e-05	
-0.000919081	-2.70584e-05	
-0.000919316	-2.70653e-05	
-0.000906116	-2.66767e-05	
-0.000898571	-2.64546e-05	
-0.000885199	-2.60609e-05	
-0.000884654	-2.60448e-05	
-0.000883473	-2.60101e-05	
-0.000881694	-2.59577e-05	
-0.000879352	-2.58887e-05	
-0.000876481	-2.58042e-05	
-0.000873113	-2.57051e-05	
-0.00086928	-2.55922e-05	
-0.000865011	-2.54665e-05	
-0.000847606	-2.49541e-05	
-0.000843288	-2.4827e-05	
-0.000825852	-2.43137e-05	
-0.000821522	-2.41862e-05	
-0.000804092	-2.3673e-05	
-0.000799783	-2.35462e-05	
-0.000809368	-2.38283e-05	
-0.000803543	-2.36569e-05	
-0.000797446	-2.34774e-05	
-0.000805347	-2.371e-05	
-0.000797938	-2.34918e-05	
-0.000804601	-2.3688e-05	
-0.000810276	-2.38551e-05	
-0.000821914	-2.41977e-05	
-0.000825366	-2.42993e-05	
-0.000827997	-2.43768e-05	
-0.000829853	-2.44315e-05	
-0.000830977	-2.44646e-05	
-0.00083141	-2.44773e-05	
-0.000831191	-2.44708e-05	
-0.000830358	-2.44463e-05	
-0.000814696	-2.39852e-05	
-0.000820467	-2.41551e-05	
-0.000825288	-2.42971e-05	
-0.000822312	-2.42094e-05	
-0.000825784	-2.43117e-05	
-0.000828435	-2.43897e-05	
-0.00083031	-2.44449e-05	
-0.000831451	-2.44785e-05	
-0.000831899	-2.44917e-05	
-0.000831694	-2.44857e-05	
-0.000830874	-2.44615e-05	
-0.000829474	-2.44203e-05	
-0.000827529	-2.4363e-05	
-0.000812342	-2.39159e-05	
-0.000810142	-2.38512e-05	
-0.000794729	-2.33974e-05	
-0.000792328	-2.33267e-05	
-0.000804551	-2.36865e-05	
-0.000815467	-2.40079e-05	
-0.000810058	-2.38487e-05	
-0.000819432	-2.41247e-05	
-0.000812567	-2.39226e-05	
-0.000820567	-2.41581e-05	
-0.000827489	-2.43619e-05	
-0.000820662	-2.41609e-05	
-0.000826336	-2.43279e-05	
-0.000818332	-2.40923e-05	
-0.000822899	-2.42267e-05	
-0.000826584	-2.43352e-05	
-0.000836457	-2.46259e-05	
-0.000851387	-2.50654e-05	
-0.000858566	-2.52768e-05	
-0.000864686	-2.54569e-05	
-0.000876056	-2.57917e-05	
-0.000879861	-2.59037e-05	
-0.000889038	-2.61739e-05	
-0.000897018	-2.64088e-05	
-0.00089802	-2.64383e-05	
-0.000904132	-2.66183e-05	
-0.000903367	-2.65958e-05	
-0.000914832	-2.69333e-05	
-0.000912083	-2.68524e-05	
-0.000921671	-2.71346e-05	
-0.000943986	-2.77916e-05	
-0.000950339	-2.79786e-05	
-0.00095561	-2.81338e-05	
-0.000973831	-2.86703e-05	
-0.000990273	-2.91543e-05	
-0.00100503	-2.95887e-05	
-0.00101818	-2.99758e-05	
-0.0010298	-3.03181e-05	
-0.00103999	-3.0618e-05	
-0.00103608	-3.05028e-05	
-0.00104434	-3.0746e-05	
-0.00105133	-3.0952e-05	
-0.00105714	-3.11229e-05	
-0.00106181	-3.12606e-05	
-0.00108052	-3.18112e-05	
-0.00108224	-3.18618e-05	
-0.00109814	-3.233e-05	
-0.00108448	-3.19278e-05	
-0.00109861	-3.23437e-05	
-0.0011111	-3.27114e-05	
-0.00110916	-3.26546e-05	
-0.00111938	-3.29552e-05	
-0.00111529	-3.28349e-05	
-0.00110837	-3.2631e-05	
-0.00110323	-3.248e-05	
-0.00111043	-3.26919e-05	
-0.00111638	-3.2867e-05	
-0.00112114	-3.30072e-05	
-0.00112479	-3.31146e-05	
-0.00112738	-3.31908e-05	
-0.00112897	-3.32376e-05	
-0.00114288	-3.36472e-05	
-0.00115513	-3.40078e-05	
-0.00115295	-3.39438e-05	
-0.00116289	-3.42362e-05	
-0.00115852	-3.41077e-05	
-0.00117341	-3.45459e-05	
-0.00118711	-3.49493e-05	
-0.001219	-3.58883e-05	
-0.00124113	-3.65396e-05	
-0.00124764	-3.67315e-05	
-0.00127327	-3.7486e-05	
-0.00129647	-3.8169e-05	
-0.00128421	-3.7808e-05	
-0.00128441	-3.78138e-05	
-0.00128363	-3.77909e-05	
-0.00126919	-3.7366e-05	
-0.00126736	-3.7312e-05	
-0.00126468	-3.72329e-05	
-0.00126119	-3.71304e-05	
-0.00126002	-3.70959e-05	
-0.0012549	-3.69452e-05	
-0.00124913	-3.67753e-05	
-0.00125854	-3.70523e-05	
-0.00125067	-3.68206e-05	
-0.0012581	-3.70393e-05	
-0.00126415	-3.72176e-05	
-0.00126891	-3.73576e-05	
-0.00127243	-3.74614e-05	
-0.0012748	-3.7531e-05	
-0.00127607	-3.75683e-05	
-0.0012763	-3.75751e-05	
-0.00127555	-3.75532e-05	
-0.00127389	-3.75042e-05	
-0.00127136	-3.74298e-05	
-0.00125529	-3.69567e-05	
-0.00125192	-3.68575e-05	
-0.00123508	-3.63615e-05	
-0.00123099	-3.62412e-05	
-0.00121348	-3.57258e-05	
-0.00120879	-3.55877e-05	
-0.00120346	-3.54307e-05	
-0.00119752	-3.52559e-05	
-0.00119102	-3.50646e-05	
-0.00117698	-3.46511e-05	
-0.00116987	-3.44418e-05	
-0.00115527	-3.40119e-05	
-0.00114765	-3.37877e-05	
-0.00113961	-3.35508e-05	
-0.00113116	-3.33023e-05	
-0.00110962	-3.26681e-05	
-0.00110121	-3.24203e-05	
-0.00109245	-3.21624e-05	
-0.00108336	-3.18949e-05	
-0.00107481	-3.16431e-05	
-0.00107851	-3.1752e-05	
-0.00106861	-3.14605e-05	
-0.0010639	-3.13219e-05	
-0.0010658	-3.13779e-05	
-0.00106679	-3.14071e-05	
-0.00106692	-3.14109e-05	
-0.00106624	-3.13908e-05	
-0.00106479	-3.13482e-05	
-0.00105005	-3.09142e-05	
-0.00104794	-3.0852e-05	
-0.00104515	-3.077e-05	
-0.00104174	-3.06696e-05	
-0.00103774	-3.05517e-05	
-0.00103318	-3.04176e-05	
-0.00102811	-3.02683e-05	
-0.00102255	-3.01046e-05	
-0.00101654	-2.99277e-05	
-0.00101011	-2.97383e-05	
-0.00100328	-2.95373e-05	
-0.000996091	-2.93256e-05	
-0.000988561	-2.91039e-05	
-0.000968142	-2.85028e-05	
-0.000960738	-2.82848e-05	
-0.000954431	-2.80991e-05	
-0.000946369	-2.78618e-05	
-0.000938055	-2.7617e-05	
-0.000943621	-2.77809e-05	
-0.00092147	-2.71287e-05	
-0.00092658	-2.72792e-05	
-0.000930699	-2.74004e-05	
-0.000933879	-2.74941e-05	
-0.000936173	-2.75616e-05	
-0.000937629	-2.76045e-05	
-0.000938295	-2.76241e-05	
-0.000938215	-2.76217e-05	
-0.000944193	-2.77977e-05	
-0.000942355	-2.77436e-05	
-0.000939912	-2.76717e-05	
-0.0009369	-2.7583e-05	
-0.000933354	-2.74786e-05	
-0.000929308	-2.73595e-05	
-0.000924793	-2.72265e-05	
-0.000919839	-2.70807e-05	
-0.000914475	-2.69228e-05	
-0.000923689	-2.71941e-05	
-0.000916719	-2.69888e-05	
-0.000909456	-2.6775e-05	
-0.000923645	-2.71927e-05	
-0.000921363	-2.71256e-05	
-0.000933478	-2.74822e-05	
-0.000944194	-2.77977e-05	
-0.000953584	-2.80742e-05	
-0.000961716	-2.83136e-05	
-0.000955929	-2.81432e-05	
-0.000962481	-2.83361e-05	
-0.000967931	-2.84966e-05	
-0.00097234	-2.86264e-05	
-0.000975762	-2.87271e-05	
-0.000978252	-2.88004e-05	
-0.000987009	-2.90582e-05	
-0.00099452	-2.92794e-05	
-0.00100085	-2.94657e-05	
-0.000993611	-2.92526e-05	
-0.000998489	-2.93962e-05	
-0.000996644	-2.93419e-05	
-0.00100688	-2.96433e-05	
-0.00100305	-2.95304e-05	
-0.00101855	-2.99868e-05	
-0.00103852	-3.05749e-05	
-0.00105044	-3.09258e-05	
-0.00106088	-3.12332e-05	
-0.00108321	-3.18904e-05	
-0.00110343	-3.24858e-05	
-0.00113675	-3.34667e-05	
-0.00115222	-3.3922e-05	
-0.00116593	-3.43257e-05	
-0.00117797	-3.46804e-05	
-0.00117599	-3.4622e-05	
-0.00120077	-3.53515e-05	
-0.00120814	-3.55684e-05	
-0.00121417	-3.57461e-05	
-0.00123403	-3.63307e-05	
-0.00124337	-3.66057e-05	
-0.00126646	-3.72855e-05	
-0.00128728	-3.78983e-05	
-0.00129306	-3.80685e-05	
-0.00132437	-3.89904e-05	
-0.00134593	-3.96251e-05	
-0.00135278	-3.98269e-05	
-0.00137068	-4.03537e-05	
-0.00137406	-4.04533e-05	
-0.00139557	-4.10864e-05	
-0.00142876	-4.20636e-05	
-0.001445	-4.25417e-05	
-0.00147319	-4.33717e-05	
-0.00149865	-4.41214e-05	
-0.00150199	-4.42196e-05	
-0.00153056	-4.50608e-05	
-0.0015229	-4.48352e-05	
-0.00154797	-4.55733e-05	
-0.00157044	-4.62348e-05	
-0.00157798	-4.6457e-05	
-0.00159636	-4.69979e-05	
-0.00160002	-4.71058e-05	
-0.00161472	-4.75386e-05	
-0.00161491	-4.75442e-05	
-0.00162632	-4.78801e-05	
-0.00163586	-4.81607e-05	
-0.00164361	-4.83889e-05	
-0.00163722	-4.8201e-05	
-0.00164242	-4.8354e-05	
-0.00163363	-4.80952e-05	
-0.00163656	-4.81816e-05	
-0.00162564	-4.78601e-05	
-0.00162658	-4.78875e-05	
-0.00162623	-4.78773e-05	
-0.00162467	-4.78315e-05	
-0.00162198	-4.77522e-05	
-0.0016333	-4.80856e-05	
-0.00162766	-4.79195e-05	
-0.0016362	-4.81709e-05	
-0.00162793	-4.79275e-05	
-0.00160646	-4.72953e-05	
-0.00161254	-4.74743e-05	
-0.00158952	-4.67966e-05	
-0.00159416	-4.69331e-05	
-0.00159733	-4.70264e-05	
-0.00158638	-4.67041e-05	
-0.00158759	-4.67399e-05	
-0.00157481	-4.63635e-05	
-0.00156742	-4.61459e-05	
-0.00155927	-4.59059e-05	
-0.00155041	-4.56451e-05	
-0.00154089	-4.53648e-05	
-0.00153075	-4.50663e-05	
-0.00150718	-4.43725e-05	
-0.00150996	-4.44544e-05	
-0.00149817	-4.41071e-05	
-0.00148592	-4.37465e-05	
-0.00148014	-4.35763e-05	
-0.00146668	-4.31802e-05	
-0.0014529	-4.27743e-05	
-0.0014388	-4.23594e-05	
-0.00142443	-4.19363e-05	
-0.00142309	-4.18968e-05	
-0.00142075	-4.18279e-05	
-0.00140488	-4.13607e-05	
-0.00138818	-4.0869e-05	
-0.00137827	-4.05772e-05	
-0.00138144	-4.06707e-05	
-0.0013834	-4.07281e-05	
-0.00137064	-4.03525e-05	
-0.00137113	-4.0367e-05	
-0.00135701	-3.99512e-05	
-0.00135622	-3.99281e-05	
-0.00135446	-3.98763e-05	
-0.0013255	-3.90235e-05	
-0.00132348	-3.8964e-05	
-0.00132057	-3.88786e-05	
-0.00131684	-3.87687e-05	
-0.00131233	-3.86359e-05	
-0.00129436	-3.81067e-05	
-0.00128917	-3.7954e-05	
-0.0012833	-3.77814e-05	
-0.00127681	-3.75901e-05	
-0.00126972	-3.73815e-05	
-0.00126209	-3.71567e-05	
-0.0012412	-3.65419e-05	
-0.00123331	-3.63096e-05	
-0.00122495	-3.60632e-05	
-0.00121613	-3.58038e-05	
-0.00120691	-3.55322e-05	
-0.0011973	-3.52494e-05	
-0.00118734	-3.49562e-05	
-0.00117706	-3.46535e-05	
-0.00116648	-3.43419e-05	
-0.00115562	-3.40224e-05	
-0.00114452	-3.36955e-05	
-0.00113319	-3.33619e-05	
-0.00113576	-3.34377e-05	
-0.00112322	-3.30685e-05	
-0.00112467	-3.3111e-05	
-0.00111245	-3.27513e-05	
-0.00111282	-3.27623e-05	
-0.00111233	-3.27479e-05	
-0.00109831	-3.23349e-05	
-0.00109698	-3.2296e-05	
-0.00108218	-3.18602e-05	
-0.00108014	-3.18e-05	
-0.0010774	-3.17194e-05	
-0.001074	-3.16195e-05	
-0.00106999	-3.15014e-05	
-0.00106541	-3.13663e-05	
-0.00105443	-3.10433e-05	
-0.00104914	-3.08874e-05	
-0.00103751	-3.05451e-05	
-0.0010385	-3.05742e-05	
-0.00103865	-3.05785e-05	
-0.00102527	-3.01848e-05	
-0.00102462	-3.01656e-05	
-0.00103834	-3.05693e-05	
-0.00103538	-3.04823e-05	
-0.00104691	-3.08218e-05	
-0.00104189	-3.06741e-05	
-0.0010434	-3.07185e-05	
-0.00105211	-3.09749e-05	
-0.00105368	-3.10212e-05	
-0.00106723	-3.14199e-05	
-0.00107919	-3.1772e-05	
-0.00107456	-3.16359e-05	
-0.00108448	-3.19278e-05	
-0.00109991	-3.2382e-05	
-0.00110672	-3.25827e-05	
-0.00111921	-3.29504e-05	
-0.00113014	-3.32722e-05	
-0.0011396	-3.35505e-05	
-0.00114765	-3.37875e-05	
-0.00114164	-3.36107e-05	
-0.00114785	-3.37934e-05	
-0.0011401	-3.35654e-05	
-0.00114467	-3.36999e-05	
-0.00113539	-3.34266e-05	
-0.00113851	-3.35184e-05	
-0.00112786	-3.3205e-05	
-0.0011297	-3.32592e-05	
-0.00111786	-3.29105e-05	
-0.00113198	-3.33263e-05	
-0.00113104	-3.32985e-05	
-0.0011293	-3.32473e-05	
-0.0011402	-3.35684e-05	
-0.0011235	-3.30765e-05	
-0.00113303	-3.33572e-05	
-0.00112817	-3.32141e-05	
-0.00113573	-3.34367e-05	
-0.001142	-3.36213e-05	
-0.00114705	-3.377e-05	
-0.00115095	-3.38846e-05	
-0.00115375	-3.39672e-05	
-0.00116241	-3.42221e-05	
-0.00116281	-3.42339e-05	
-0.00116919	-3.44219e-05	
-0.00117433	-3.45731e-05	
-0.0011714	-3.4487e-05	
-0.00116219	-3.42158e-05	
-0.0011582	-3.40983e-05	
-0.001148	-3.37979e-05	
-0.00114997	-3.38559e-05	
-0.001147	-3.37684e-05	
-0.00114729	-3.3777e-05	
-0.00115561	-3.4022e-05	
-0.00116258	-3.42272e-05	
-0.00115248	-3.39299e-05	
-0.00114209	-3.3624e-05	
-0.00114723	-3.37753e-05	
-0.0011581	-3.40952e-05	
-0.00116058	-3.41683e-05	
-0.00115648	-3.40476e-05	
-0.00116419	-3.42747e-05	
-0.00115814	-3.40963e-05	
-0.001164	-3.42691e-05	
-0.0011562	-3.40395e-05	
-0.00116043	-3.4164e-05	
-0.00115109	-3.3889e-05	
-0.00115387	-3.39708e-05	
-0.00114317	-3.36556e-05	
-0.00114467	-3.36998e-05	
-0.00114522	-3.3716e-05	
-0.00114487	-3.37059e-05	
-0.00114369	-3.36709e-05	
-0.00114901	-3.38275e-05	
-0.00115315	-3.39496e-05	
-0.00116308	-3.42419e-05	
-0.00117858	-3.46983e-05	
-0.00119231	-3.51024e-05	
-0.00121111	-3.5656e-05	
-0.00122792	-3.61509e-05	
-0.00124284	-3.65902e-05	
-0.00125597	-3.69767e-05	
-0.0012674	-3.73132e-05	
-0.00128425	-3.78091e-05	
-0.00129916	-3.8248e-05	
-0.00131223	-3.8633e-05	
-0.00132357	-3.89667e-05	
-0.00133325	-3.92519e-05	
-0.00135478	-3.98857e-05	
-0.00136065	-4.00586e-05	
-0.00137856	-4.05859e-05	
-0.00138101	-4.06578e-05	
-0.00136982	-4.03283e-05	
-0.00137069	-4.03539e-05	
-0.0013713	-4.03719e-05	
-0.00137001	-4.03342e-05	
-0.00138117	-4.06627e-05	
-0.00137725	-4.05472e-05	
-0.00138591	-4.08022e-05	
-0.00138694	-4.08323e-05	
-0.00139999	-4.12167e-05	
-0.00140421	-4.13408e-05	
-0.00140102	-4.1247e-05	
-0.0014101	-4.15142e-05	
-0.00141759	-4.17349e-05	
-0.00141086	-4.15366e-05	
-0.00141618	-4.16932e-05	
-0.00142012	-4.18094e-05	
-0.00142277	-4.18873e-05	
-0.00142419	-4.19292e-05	
-0.00141742	-4.17298e-05	
-0.00141701	-4.17177e-05	
-0.00140851	-4.14675e-05	
-0.00140648	-4.14076e-05	
-0.00139646	-4.11127e-05	
-0.001393	-4.1011e-05	
-0.00138165	-4.06769e-05	
-0.00136991	-4.03312e-05	
-0.00135212	-3.98075e-05	
-0.00134002	-3.94512e-05	
-0.00132192	-3.89181e-05	
-0.00130954	-3.85538e-05	
-0.00131804	-3.88039e-05	
-0.00131094	-3.8595e-05	
-0.00129622	-3.81617e-05	
-0.0012955	-3.81404e-05	
-0.00126713	-3.73053e-05	
-0.00127317	-3.7483e-05	
-0.0012779	-3.76222e-05	
-0.00127437	-3.75182e-05	
-0.00125595	-3.6976e-05	
-0.00123932	-3.64863e-05	
-0.00122103	-3.59479e-05	
-0.00120454	-3.54625e-05	
-0.00118641	-3.49289e-05	
-0.00118256	-3.48154e-05	
-0.00117803	-3.46822e-05	
-0.00117288	-3.45304e-05	
-0.00117416	-3.45681e-05	
-0.00116203	-3.4211e-05	
-0.00116217	-3.42151e-05	
-0.00116143	-3.41932e-05	
-0.00115985	-3.41468e-05	
-0.00115749	-3.40773e-05	
-0.00115439	-3.3986e-05	
-0.0011506	-3.38744e-05	
-0.00114616	-3.37436e-05	
-0.0011411	-3.35949e-05	
-0.00112303	-3.30627e-05	
-0.00111759	-3.29028e-05	
-0.00109918	-3.23605e-05	
-0.00109344	-3.21916e-05	
-0.0010872	-3.2008e-05	
-0.00108051	-3.18109e-05	
-0.00107338	-3.1601e-05	
-0.00106585	-3.13794e-05	
-0.00105795	-3.11468e-05	
-0.00106479	-3.13481e-05	
-0.00105535	-3.10701e-05	
-0.00106073	-3.12287e-05	
-0.00106501	-3.13547e-05	
-0.00106824	-3.14499e-05	
-0.00107048	-3.15158e-05	
-0.00105906	-3.11794e-05	
-0.00106022	-3.12136e-05	
-0.00106051	-3.12223e-05	
-0.00105999	-3.12069e-05	
-0.00105182	-3.09662e-05	
-0.0010502	-3.09186e-05	
-0.00104788	-3.08504e-05	
-0.00104491	-3.07629e-05	
-0.00102859	-3.02824e-05	
-0.00102516	-3.01814e-05	
-0.00102115	-3.00634e-05	
-0.0010166	-2.99295e-05	
-0.00101155	-2.97808e-05	
-0.000993294	-2.92433e-05	
-0.000988064	-2.90893e-05	
-0.000969659	-2.85474e-05	
-0.000964307	-2.83899e-05	
-0.000958535	-2.822e-05	
-0.000952371	-2.80385e-05	
-0.000945842	-2.78463e-05	
-0.000952252	-2.8035e-05	
-0.000931568	-2.7426e-05	
-0.000937375	-2.7597e-05	
-0.000928865	-2.73464e-05	
-0.000920142	-2.70896e-05	
-0.000924502	-2.7218e-05	
-0.000914638	-2.69276e-05	
-0.000917927	-2.70244e-05	
-0.000920335	-2.70953e-05	
-0.000921912	-2.71417e-05	
-0.000922702	-2.7165e-05	
-0.000922751	-2.71664e-05	
-0.000922102	-2.71473e-05	
-0.000920794	-2.71088e-05	
-0.000918867	-2.70521e-05	
-0.000916358	-2.69782e-05	
-0.000913301	-2.68882e-05	
-0.000909731	-2.67831e-05	
-0.000905679	-2.66638e-05	
-0.000888446	-2.61565e-05	
-0.000884262	-2.60333e-05	
-0.000894595	-2.63375e-05	
-0.000888716	-2.61644e-05	
-0.000897449	-2.64215e-05	
-0.00089006	-2.6204e-05	
-0.000882422	-2.59791e-05	
-0.000889503	-2.61876e-05	
-0.000880561	-2.59243e-05	
-0.000871468	-2.56566e-05	
-0.000877184	-2.58249e-05	
-0.000866966	-2.55241e-05	
-0.000871625	-2.56612e-05	
-0.000875359	-2.57712e-05	
-0.000863274	-2.54154e-05	
-0.000866176	-2.55008e-05	
-0.000853313	-2.51221e-05	
-0.000855489	-2.51862e-05	
-0.000856895	-2.52276e-05	
-0.000857574	-2.52476e-05	
-0.000857568	-2.52474e-05	
-0.000856915	-2.52282e-05	
-0.000855653	-2.5191e-05	
-0.000853819	-2.5137e-05	
-0.000851446	-2.50672e-05	
-0.000848566	-2.49824e-05	
-0.000845212	-2.48836e-05	
-0.000841412	-2.47718e-05	
-0.000837196	-2.46476e-05	
-0.00083259	-2.4512e-05	
-0.00082762	-2.43657e-05	
-0.000822311	-2.42094e-05	
-0.000816686	-2.40438e-05	
-0.000810768	-2.38696e-05	
-0.000804577	-2.36873e-05	
-0.000798134	-2.34976e-05	
-0.000791459	-2.33011e-05	
-0.000784569	-2.30983e-05	
-0.000777483	-2.28896e-05	
-0.000770216	-2.26757e-05	
-0.000762785	-2.24569e-05	
-0.000755205	-2.22338e-05	
-0.000747489	-2.20066e-05	
-0.000739653	-2.17759e-05	
-0.000731707	-2.1542e-05	
-0.000711074	-2.09345e-05	
-0.000703679	-2.07168e-05	
-0.000696176	-2.04959e-05	
-0.000688579	-2.02722e-05	
-0.000680898	-2.00461e-05	
-0.000673143	-1.98178e-05	
-0.000665325	-1.95876e-05	
-0.000657454	-1.93559e-05	
-0.000649538	-1.91229e-05	
-0.000641586	-1.88887e-05	
-0.000633606	-1.86538e-05	
-0.000613014	-1.80476e-05	
-0.000605731	-1.78332e-05	
-0.000598409	-1.76176e-05	
-0.000591055	-1.74011e-05	
-0.000583677	-1.71839e-05	
-0.000576282	-1.69661e-05	
-0.000568876	-1.67481e-05	
-0.000575716	-1.69495e-05	
-0.000561912	-1.65431e-05	
-0.000575317	-1.69377e-05	
-0.000566246	-1.66707e-05	
-0.00056609	-1.66661e-05	
-0.000570944	-1.6809e-05	
-0.000569661	-1.67712e-05	
-0.000580474	-1.70896e-05	
-0.00059023	-1.73768e-05	
-0.000598981	-1.76344e-05	
-0.000606779	-1.7864e-05	
-0.000613673	-1.8067e-05	
-0.000607256	-1.7878e-05	
-0.000613202	-1.80531e-05	
-0.000604232	-1.7789e-05	
-0.000609433	-1.79421e-05	
-0.000613876	-1.80729e-05	
-0.000605149	-1.7816e-05	
-0.000608918	-1.7927e-05	
-0.000612012	-1.80181e-05	
-0.000614467	-1.80903e-05	
-0.000616318	-1.81448e-05	
-0.000617598	-1.81825e-05	
-0.000618339	-1.82043e-05	
-0.000618571	-1.82112e-05	
-0.000605872	-1.78373e-05	
-0.000620145	-1.82575e-05	
-0.000606431	-1.78537e-05	
-0.000612661	-1.80372e-05	
-0.000625158	-1.84051e-05	
-0.000629381	-1.85294e-05	
-0.000646999	-1.90481e-05	
-0.000649007	-1.91072e-05	
-0.000664523	-1.9564e-05	
-0.000678647	-1.99799e-05	
-0.000691451	-2.03568e-05	
-0.000702999	-2.06968e-05	
-0.000713355	-2.10017e-05	
-0.000709726	-2.08948e-05	
-0.000718624	-2.11568e-05	
-0.000726469	-2.13878e-05	
-0.000740203	-2.17921e-05	
-0.000745705	-2.19541e-05	
-0.000757216	-2.2293e-05	
-0.00076061	-2.23929e-05	
-0.000770122	-2.26729e-05	
-0.000771622	-2.27171e-05	
-0.000793451	-2.33597e-05	
-0.000799319	-2.35325e-05	
-0.00081836	-2.40931e-05	
-0.000835692	-2.46034e-05	
-0.000824559	-2.42756e-05	
-0.000840283	-2.47385e-05	
-0.000842021	-2.47897e-05	
-0.000855476	-2.51858e-05	
-0.000867515	-2.55402e-05	
-0.000878209	-2.58551e-05	
-0.000887629	-2.61324e-05	
-0.000895839	-2.63741e-05	
-0.000902902	-2.65821e-05	
-0.000908881	-2.67581e-05	
-0.000913831	-2.69038e-05	
-0.000917808	-2.70209e-05	
-0.000920865	-2.71109e-05	
-0.0009106	-2.68087e-05	
-0.000912689	-2.68702e-05	
-0.000901518	-2.65413e-05	
-0.000902759	-2.65779e-05	
-0.000903248	-2.65923e-05	
-0.000903029	-2.65858e-05	
-0.000909443	-2.67746e-05	
-0.00092189	-2.71411e-05	
-0.000906088	-2.66759e-05	
-0.000917349	-2.70074e-05	
-0.000912884	-2.68759e-05	
-0.000916407	-2.69797e-05	
-0.000931891	-2.74355e-05	
-0.000926031	-2.7263e-05	
-0.000939562	-2.76614e-05	
-0.000931855	-2.74345e-05	
-0.000943642	-2.77815e-05	
-0.000954041	-2.80876e-05	
-0.000963125	-2.83551e-05	
-0.000958107	-2.82073e-05	
-0.000965509	-2.84253e-05	
-0.000958904	-2.82308e-05	
-0.000964809	-2.84046e-05	
-0.000969648	-2.85471e-05	
-0.000973478	-2.86599e-05	
-0.000976354	-2.87446e-05	
-0.000965476	-2.84243e-05	
-0.000967346	-2.84793e-05	
-0.00096838	-2.85098e-05	
-0.000968624	-2.8517e-05	
-0.000968124	-2.85023e-05	
-0.000966923	-2.84669e-05	
-0.000965061	-2.84121e-05	
-0.000962578	-2.8339e-05	
-0.000959511	-2.82487e-05	
-0.000955897	-2.81423e-05	
-0.000951769	-2.80207e-05	
-0.000962259	-2.83296e-05	
-0.000971422	-2.85993e-05	
-0.000964228	-2.83875e-05	
-0.000956719	-2.81665e-05	
-0.000964018	-2.83814e-05	
-0.000948187	-2.79153e-05	
-0.000954534	-2.81021e-05	
-0.000952494	-2.80421e-05	
-0.000944286	-2.78004e-05	
-0.000941404	-2.77156e-05	
-0.000925524	-2.72481e-05	
-0.000922309	-2.71534e-05	
-0.000918582	-2.70437e-05	
-0.000901924	-2.65533e-05	
-0.000897993	-2.64375e-05	
-0.000881158	-2.59419e-05	
-0.000877075	-2.58217e-05	
-0.000872565	-2.56889e-05	
-0.000867655	-2.55444e-05	
-0.00084992	-2.50222e-05	
-0.000845013	-2.48778e-05	
-0.000827298	-2.43562e-05	
-0.000822426	-2.42128e-05	
-0.000817214	-2.40593e-05	
-0.000811683	-2.38965e-05	
-0.000805858	-2.3725e-05	
-0.000799759	-2.35455e-05	
-0.000793406	-2.33584e-05	
-0.000786819	-2.31645e-05	
-0.000780016	-2.29642e-05	
-0.000773015	-2.27581e-05	
-0.000765832	-2.25466e-05	
-0.000758483	-2.23303e-05	
-0.000750984	-2.21095e-05	
-0.000730896	-2.15181e-05	
-0.00072386	-2.13109e-05	
-0.000716681	-2.10996e-05	
-0.000709373	-2.08845e-05	
-0.00070195	-2.06659e-05	
-0.000708102	-2.0847e-05	
-0.000699687	-2.05993e-05	
-0.000704907	-2.0753e-05	
-0.000709297	-2.08822e-05	
-0.000700045	-2.06098e-05	
-0.00070365	-2.0716e-05	
-0.000693664	-2.0422e-05	
-0.000696581	-2.05078e-05	
-0.000685951	-2.01949e-05	
-0.00069503	-2.04622e-05	
-0.000696301	-2.04996e-05	
-0.000703737	-2.07185e-05	
-0.000697486	-2.05345e-05	
-0.000697035	-2.05212e-05	
-0.000690116	-2.03175e-05	
-0.000695803	-2.04849e-05	
-0.00070064	-2.06273e-05	
-0.000704671	-2.0746e-05	
-0.000707939	-2.08422e-05	
-0.000697757	-2.05424e-05	
-0.000700361	-2.06191e-05	
-0.000702289	-2.06759e-05	
-0.000703576	-2.07138e-05	
-0.00071218	-2.09671e-05	
-0.000692216	-2.03793e-05	
-0.000692491	-2.03874e-05	
-0.000700149	-2.06129e-05	
-0.000679303	-1.99992e-05	
-0.000686676	-2.02162e-05	
-0.000693109	-2.04056e-05	
-0.000685921	-2.0194e-05	
-0.000698381	-2.05608e-05	
-0.000697149	-2.05245e-05	
-0.000707913	-2.08415e-05	
-0.000717527	-2.11245e-05	
-0.000726049	-2.13754e-05	
-0.000733534	-2.15958e-05	
-0.000740038	-2.17872e-05	
-0.000733158	-2.15847e-05	
-0.000738572	-2.17441e-05	
-0.000743119	-2.18779e-05	
-0.000746845	-2.19876e-05	
-0.000749793	-2.20744e-05	
-0.000739556	-2.1773e-05	
-0.000741799	-2.18391e-05	
-0.000730902	-2.15183e-05	
-0.000732531	-2.15662e-05	
