0	0	
0	0	
0	0	
-1.44746e-12	-1.44746e-12	
-1.11694e-11	-1.11694e-11	
-3.75139e-11	-3.75139e-11	
-9.44752e-11	-9.44752e-11	
-1.88204e-10	-1.88204e-10	
-3.47338e-10	-3.47338e-10	
-5.79302e-10	-5.79302e-10	
-9.35982e-10	-9.35982e-10	
-1.37579e-09	-1.37579e-09	
-2.15309e-09	-2.15309e-09	
-3.04525e-09	-3.04525e-09	
-4.29567e-09	-4.29567e-09	
-5.97071e-09	-5.97071e-09	
-7.82836e-09	-7.82836e-09	
-1.02267e-08	-1.02267e-08	
-1.31004e-08	-1.31004e-08	
-1.64885e-08	-1.64885e-08	
-2.07981e-08	-2.07981e-08	
-2.54282e-08	-2.54282e-08	
-3.12235e-08	-3.12235e-08	
-3.80887e-08	-3.80887e-08	
-4.55051e-08	-4.55051e-08	
-5.5369e-08	-5.5369e-08	
-6.61271e-08	-6.61271e-08	
-7.91603e-08	-7.91603e-08	
-9.35085e-08	-9.35085e-08	
-1.09706e-07	-1.09706e-07	
-1.30073e-07	-1.30073e-07	
-1.51121e-07	-1.51121e-07	
-1.76032e-07	-1.76032e-07	
-2.04836e-07	-2.04836e-07	
-2.35201e-07	-2.35201e-07	
-2.70457e-07	-2.70457e-07	
-3.07416e-07	-3.07416e-07	
-3.4828e-07	-3.4828e-07	
-3.9279e-07	-3.9279e-07	
-4.41149e-07	-4.41149e-07	
-4.9435e-07	-4.9435e-07	
-5.53939e-07	-5.53939e-07	
-6.15551e-07	-6.15551e-07	
-6.84539e-07	-6.84539e-07	
-7.5561e-07	-7.5561e-07	
-8.3266e-07	-8.3266e-07	
-9.23407e-07	-9.23407e-07	
-1.01315e-06	-1.01315e-06	
-1.10974e-06	-1.10974e-06	
-1.21994e-06	-1.21994e-06	
-1.33912e-06	-1.33912e-06	
-1.46605e-06	-1.46605e-06	
-1.60146e-06	-1.60146e-06	
-1.74703e-06	-1.74703e-06	
-1.9065e-06	-1.9065e-06	
-2.06985e-06	-2.06985e-06	
-2.2483e-06	-2.2483e-06	
-2.42841e-06	-2.42841e-06	
-2.61899e-06	-2.61899e-06	
-2.81726e-06	-2.81726e-06	
-3.02408e-06	-3.02408e-06	
-3.24174e-06	-3.24174e-06	
-3.46841e-06	-3.46841e-06	
-3.7043e-06	-3.7043e-06	
-3.96073e-06	-3.96073e-06	
-4.21763e-06	-4.21763e-06	
-4.48793e-06	-4.48793e-06	
-4.77107e-06	-4.77107e-06	
-5.06453e-06	-5.06453e-06	
-5.36854e-06	-5.36854e-06	
-5.68233e-06	-5.68233e-06	
-6.00288e-06	-6.00288e-06	
-6.33482e-06	-6.33482e-06	
-6.67372e-06	-6.67372e-06	
-7.0246e-06	-7.0246e-06	
-7.37758e-06	-7.37758e-06	
-7.7393e-06	-7.7393e-06	
-8.11266e-06	-8.11266e-06	
-8.49365e-06	-8.49365e-06	
-8.88242e-06	-8.88242e-06	
-9.28065e-06	-9.28065e-06	
-9.68539e-06	-9.68539e-06	
-1.00984e-05	-1.00984e-05	
-1.05148e-05	-1.05148e-05	
-1.09399e-05	-1.09399e-05	
-1.13977e-05	-1.13977e-05	
-1.18319e-05	-1.18319e-05	
-1.22796e-05	-1.22796e-05	
-1.2761e-05	-1.2761e-05	
-1.31995e-05	-1.31995e-05	
-1.3694e-05	-1.3694e-05	
-1.41358e-05	-1.41358e-05	
-1.45388e-05	-1.45388e-05	
-1.49738e-05	-1.49738e-05	
-1.53751e-05	-1.53751e-05	
-1.57729e-05	-1.57729e-05	
-1.6196e-05	-1.6196e-05	
-1.65829e-05	-1.65829e-05	
-1.69668e-05	-1.69668e-05	
-1.73365e-05	-1.73365e-05	
-1.77009e-05	-1.77009e-05	
-1.80481e-05	-1.80481e-05	
-1.83967e-05	-1.83967e-05	
-1.86864e-05	-1.86864e-05	
-1.89732e-05	-1.89732e-05	
-1.92132e-05	-1.92132e-05	
-1.94902e-05	-1.94902e-05	
-1.97006e-05	-1.97006e-05	
-1.98631e-05	-1.98631e-05	
-2.00684e-05	-2.00684e-05	
-2.02391e-05	-2.02391e-05	
-2.03239e-05	-2.03239e-05	
-2.04415e-05	-2.04415e-05	
-2.04455e-05	-2.04455e-05	
-2.05041e-05	-2.05041e-05	
-2.03879e-05	-2.03879e-05	
-2.01257e-05	-2.01257e-05	
-1.97416e-05	-1.97416e-05	
-1.92653e-05	-1.92653e-05	
-1.87024e-05	-1.87024e-05	
-1.80487e-05	-1.80487e-05	
-1.74477e-05	-1.74477e-05	
-1.67107e-05	-1.67107e-05	
-1.60531e-05	-1.60531e-05	
-1.52272e-05	-1.52272e-05	
-1.43133e-05	-1.43133e-05	
-1.32377e-05	-1.32377e-05	
-1.21549e-05	-1.21549e-05	
-1.09146e-05	-1.09146e-05	
-9.59837e-06	-9.59837e-06	
-8.21325e-06	-8.21325e-06	
-6.65696e-06	-6.65696e-06	
-4.98427e-06	-4.98427e-06	
-3.12906e-06	-3.12906e-06	
-1.20358e-06	-1.20358e-06	
9.10802e-07	9.10802e-07	
3.24029e-06	3.24029e-06	
5.83323e-06	5.83323e-06	
8.5366e-06	8.5366e-06	
1.15171e-05	1.15171e-05	
1.46151e-05	1.46151e-05	
1.79487e-05	1.79487e-05	
2.14333e-05	2.14333e-05	
2.51171e-05	2.51171e-05	
2.90988e-05	2.90988e-05	
3.35805e-05	3.35805e-05	
3.83434e-05	3.83434e-05	
4.35175e-05	4.35175e-05	
4.91512e-05	4.91512e-05	
5.52091e-05	5.52091e-05	
6.18552e-05	6.18552e-05	
6.92829e-05	6.92829e-05	
7.71619e-05	7.71619e-05	
8.61088e-05	8.61088e-05	
9.61545e-05	9.61545e-05	
0.000107633	0.000107633	
0.00012041	0.00012041	
0.000134591	0.000134591	
0.000149728	0.000149728	
0.000165804	0.000165804	
0.000183168	0.000183168	
0.000201201	0.000201201	
0.000220461	0.000220461	
0.000241225	0.000241225	
0.000262739	0.000262739	
0.00028559	0.00028559	
0.000310146	0.000310146	
0.000336255	0.000336255	
0.00036403	0.00036403	
0.000393597	0.000393597	
0.000425163	0.000425163	
0.000458727	0.000458727	
0.000494077	0.000494077	
0.00053132	0.00053132	
0.0005712	0.0005712	
0.000613613	0.000613613	
0.000658924	0.000658924	
0.000706441	0.000706441	
0.000756876	0.000756876	
0.000810067	0.000810067	
0.000865904	0.000865904	
0.000924555	0.000924555	
0.000986203	0.000986203	
0.00105056	0.00105056	
0.00111711	0.00111711	
0.00118574	0.00118574	
0.00125634	0.00125634	
0.00132963	0.00132963	
0.00140589	0.00140589	
0.00148575	0.00148575	
0.00156921	0.00156921	
0.00165568	0.00165568	
0.00174517	0.00174517	
0.0018379	0.0018379	
0.00193482	0.00193482	
0.00203596	0.00203596	
0.00214073	0.00214073	
0.00224962	0.00224962	
0.00236185	0.00236185	
0.00247844	0.00247844	
0.00259902	0.00259902	
0.00272448	0.00272448	
0.00285438	0.00285438	
0.00298917	0.00298917	
0.00312764	0.00312764	
0.00327062	0.00327062	
0.00341737	0.00341737	
0.00356949	0.00356949	
0.00372683	0.00372683	
0.00388913	0.00388913	
0.00405597	0.00405597	
0.00422705	0.00422705	
0.00440313	0.00440313	
0.00458565	0.00458565	
0.00477478	0.00477478	
0.00496928	0.00496928	
0.00516937	0.00516937	
0.00537597	0.00537597	
0.00559104	0.00559104	
0.00581429	0.00581429	
0.00604318	0.00604318	
0.00627782	0.00627782	
0.00651974	0.00651974	
0.00676923	0.00676923	
0.00702575	0.00702575	
0.00728785	0.00728785	
0.00755668	0.00755668	
0.00783296	0.00783296	
0.00811641	0.00811641	
0.00840706	0.00840706	
0.00870521	0.00870521	
0.0090101	0.0090101	
0.00932227	0.00932227	
0.00964409	0.00964409	
0.00997573	0.00997573	
0.0103151	0.0103151	
0.010663	0.010663	
0.0110226	0.0110226	
0.0113917	0.0113917	
0.0117691	0.0117691	
0.0121569	0.0121569	
0.0125573	0.0125573	
0.0129701	0.0129701	
0.013395	0.013395	
0.0138313	0.0138313	
0.014279	0.014279	
0.0147381	0.0147381	
0.0152098	0.0152098	
0.0156949	0.0156949	
0.0161943	0.0161943	
0.0167072	0.0167072	
0.0172327	0.0172327	
0.0177727	0.0177727	
0.0183279	0.0183279	
0.018898	0.018898	
0.0194821	0.0194821	
0.0200812	0.0200812	
0.0206974	0.0206974	
0.0213306	0.0213306	
0.0219818	0.0219818	
0.0226507	0.0226507	
0.0233353	0.0233353	
0.0240377	0.0240377	
0.0247571	0.0247571	
0.0254968	0.0254968	
0.0262547	0.0262547	
0.0270281	0.0270281	
0.0278213	0.0278213	
0.0286328	0.0286328	
0.0294674	0.0294674	
0.0303214	0.0303214	
0.031194	0.031194	
0.0320893	0.0320893	
0.0330087	0.0330087	
0.0339528	0.0339528	
0.0349181	0.0349181	
0.0359067	0.0359067	
0.0369237	0.0369237	
0.0379653	0.0379653	
0.0390333	0.0390333	
0.0401283	0.0401283	
0.0412539	0.0412539	
0.0424043	0.0424043	
0.0435849	0.0435849	
0.0447944	0.0447944	
0.0460345	0.0460345	
0.0473051	0.0473051	
0.0486074	0.0486074	
0.0499432	0.0499432	
0.0513127	0.0513127	
0.0527187	0.0527187	
0.0541595	0.0541595	
0.0556358	0.0556358	
0.0571459	0.0571459	
0.0586953	0.0586953	
0.0602821	0.0602821	
0.061907	0.061907	
0.0635694	0.0635694	
0.0652693	0.0652693	
0.0670072	0.0670072	
0.068786	0.068786	
0.0706058	0.0706058	
0.0724665	0.0724665	
0.0743737	0.0743737	
0.0763186	0.0763186	
0.0783078	0.0783078	
0.0803463	0.0803463	
0.0824292	0.0824292	
0.0845571	0.0845571	
0.0867289	0.0867289	
0.0889492	0.0889492	
0.0912227	0.0912227	
0.0935432	0.0935432	
0.0959175	0.0959175	
0.0983423	0.0983423	
0.100822	0.100822	
0.103351	0.103351	
0.105934	0.105934	
0.108567	0.108567	
0.111252	0.111252	
0.113982	0.113982	
0.116762	0.116762	
0.119588	0.119588	
0.122466	0.122466	
0.125401	0.125401	
0.128394	0.128394	
0.131441	0.131441	
0.134549	0.134549	
0.137713	0.137713	
0.140936	0.140936	
0.144224	0.144224	
0.147573	0.147573	
0.150984	0.150984	
0.154463	0.154463	
0.158013	0.158013	
0.161627	0.161627	
0.165307	0.165307	
0.169062	0.169062	
0.172889	0.172889	
0.176798	0.176798	
0.180781	0.180781	
0.184838	0.184838	
0.188971	0.188971	
0.193179	0.193179	
0.197463	0.197463	
0.201837	0.201837	
0.206289	0.206289	
0.210827	0.210827	
0.215441	0.215441	
0.220138	0.220138	
0.224938	0.224938	
0.229839	0.229839	
0.234854	0.234854	
0.239983	0.239983	
0.245216	0.245216	
0.250562	0.250562	
0.256012	0.256012	
0.261567	0.261567	
0.267223	0.267223	
0.272988	0.272988	
0.278865	0.278865	
0.284868	0.284868	
0.290985	0.290985	
0.297211	0.297211	
0.303543	0.303543	
0.309984	0.309984	
0.316538	0.316538	
0.323213	0.323213	
0.330009	0.330009	
0.336926	0.336926	
0.343945	0.343945	
0.351053	0.351053	
0.358251	0.358251	
0.365553	0.365553	
0.372974	0.372974	
0.380523	0.380523	
0.388199	0.388199	
0.396001	0.396001	
0.403916	0.403916	
0.411961	0.411961	
0.420139	0.420139	
0.428448	0.428448	
0.436891	0.436891	
0.445469	0.445469	
0.454175	0.454175	
0.463003	0.463003	
0.471963	0.471963	
0.481055	0.481055	
0.490271	0.490271	
0.499622	0.499622	
0.509111	0.509111	
0.518732	0.518732	
0.528496	0.528496	
0.538403	0.538403	
0.548458	0.548458	
0.55866	0.55866	
0.569018	0.569018	
0.579538	0.579538	
0.590219	0.590219	
0.601068	0.601068	
0.612088	0.612088	
0.623287	0.623287	
0.634659	0.634659	
0.646186	0.646186	
0.657862	0.657862	
0.669698	0.669698	
0.681699	0.681699	
0.693885	0.693885	
0.706255	0.706255	
0.7188	0.7188	
0.731528	0.731528	
0.744417	0.744417	
0.757471	0.757471	
0.770685	0.770685	
0.784062	0.784062	
0.79762	0.79762	
0.811357	0.811357	
0.825283	0.825283	
0.839409	0.839409	
0.853752	0.853752	
0.868322	0.868322	
0.883124	0.883124	
0.898157	0.898157	
0.913409	0.913409	
0.928885	0.928885	
0.944597	0.944597	
0.960564	0.960564	
0.976784	0.976784	
0.993262	0.993262	
1.00999	1.00999	
1.02698	1.02698	
1.04424	1.04424	
1.06177	1.06177	
1.07959	1.07959	
1.0977	1.0977	
1.11609	1.11609	
1.13475	1.13475	
1.15366	1.15366	
1.17284	1.17284	
1.19231	1.19231	
1.21212	1.21212	
1.23227	1.23227	
1.25274	1.25274	
1.2735	1.2735	
1.29453	1.29453	
1.31581	1.31581	
1.33733	1.33733	
1.3591	1.3591	
1.38108	1.38108	
1.40325	1.40325	
1.42559	1.42559	
1.44812	1.44812	
1.47082	1.47082	
1.49366	1.49366	
1.51664	1.51664	
1.53979	1.53979	
1.5631	1.5631	
1.58657	1.58657	
1.61018	1.61018	
1.63391	1.63391	
1.65775	1.65775	
1.68171	1.68171	
1.70583	1.70583	
1.73015	1.73015	
1.75466	1.75466	
1.7794	1.7794	
1.80435	1.80435	
1.82952	1.82952	
1.85487	1.85487	
1.88045	1.88045	
1.90631	1.90631	
1.93254	1.93254	
1.9592	1.9592	
1.98632	1.98632	
2.0139	2.0139	
2.04194	2.04194	
2.07046	2.07046	
2.09946	2.09946	
2.12894	2.12894	
2.15898	2.15898	
2.18959	2.18959	
2.22075	2.22075	
2.25241	2.25241	
2.28453	2.28453	
2.31706	2.31706	
2.34997	2.34997	
2.38316	2.38316	
2.41663	2.41663	
2.45039	2.45039	
2.48444	2.48444	
2.51875	2.51875	
2.55326	2.55326	
2.58791	2.58791	
2.62262	2.62262	
2.65738	2.65738	
2.69222	2.69222	
2.72721	2.72721	
2.76239	2.76239	
2.79778	2.79778	
2.83339	2.83339	
2.86926	2.86926	
2.9054	2.9054	
2.94183	2.94183	
2.97862	2.97862	
3.01585	3.01585	
3.0536	3.0536	
3.09188	3.09188	
3.13067	3.13067	
3.16996	3.16996	
3.20969	3.20969	
3.24986	3.24986	
3.29045	3.29045	
3.33142	3.33142	
3.37273	3.37273	
3.41437	3.41437	
3.45635	3.45635	
3.49867	3.49867	
3.54132	3.54132	
3.58425	3.58425	
3.62743	3.62743	
3.67084	3.67084	
3.71451	3.71451	
3.75847	3.75847	
3.80283	3.80283	
3.84762	3.84762	
3.8929	3.8929	
3.9387	3.9387	
3.98509	3.98509	
4.03209	4.03209	
4.07967	4.07967	
4.12781	4.12781	
4.17642	4.17642	
4.22545	4.22545	
4.27484	4.27484	
4.32449	4.32449	
4.37433	4.37433	
4.4243	4.4243	
4.47436	4.47436	
4.52445	4.52445	
4.57459	4.57459	
4.62474	4.62474	
4.67493	4.67493	
4.72516	4.72516	
4.77552	4.77552	
4.82605	4.82605	
4.8767	4.8767	
4.9275	4.9275	
4.9785	4.9785	
5.02981	5.02981	
5.08145	5.08145	
5.13344	5.13344	
5.1857	5.1857	
5.23825	5.23825	
5.29104	5.29104	
5.34412	5.34412	
5.39747	5.39747	
5.45107	5.45107	
5.50494	5.50494	
5.55909	5.55909	
5.61352	5.61352	
5.66824	5.66824	
5.72334	5.72334	
5.77889	5.77889	
5.835	5.835	
5.89179	5.89179	
5.94936	5.94936	
6.00769	6.00769	
6.06667	6.06667	
6.1262	6.1262	
6.18618	6.18618	
6.24652	6.24652	
6.30715	6.30715	
6.3681	6.3681	
6.42931	6.42931	
6.49068	6.49068	
6.55217	6.55217	
6.6138	6.6138	
6.67554	6.67554	
6.73739	6.73739	
6.79933	6.79026	
6.86136	6.8349	
6.9235	6.87694	
6.98578	6.91646	
7.04821	6.95352	
7.11072	6.98818	
7.17312	7.0205	
7.23524	7.05054	
7.297	7.07835	
7.35836	7.104	
7.41931	7.12754	
7.47992	7.14902	
7.54026	7.1685	
7.6004	7.18603	
7.66044	7.20166	
7.72054	7.21544	
7.78069	7.22742	
7.8409	7.23764	
7.90112	7.24617	
7.96122	7.25303	
8.02116	7.25828	
8.08087	7.26196	
8.1403	7.26412	
8.1994	7.26479	
8.25812	7.26401	
8.31646	7.26184	
8.37443	7.2583	
8.43204	7.25344	
8.48936	7.2473	
8.54651	7.2399	
8.60353	7.23129	
8.66048	7.22151	
8.71739	7.21059	
8.77416	7.19856	
8.83065	7.18545	
8.88669	7.1713	
8.94212	7.15615	
8.99688	7.14001	
9.05092	7.12293	
9.10422	7.10493	
9.15681	7.08604	
9.20871	7.06629	
9.26001	7.04571	
9.31084	7.02432	
9.3612	7.00216	
9.41113	6.97925	
9.46063	6.9556	
9.50962	6.93126	
9.55795	6.90624	
9.60535	6.88057	
9.65157	6.85427	
9.69655	6.82736	
9.74036	6.79986	
9.78316	6.7718	
9.82512	6.74321	
9.86642	6.71409	
9.90717	6.68446	
9.94743	6.65436	
9.98723	6.6238	
10.0264	6.5928	
10.0649	6.56137	
10.1024	6.52953	
10.1391	6.49731	
10.1747	6.46471	
10.2093	6.43176	
10.2429	6.39848	
10.2754	6.36487	
10.307	6.33095	
10.3379	6.29674	
10.3683	6.26226	
10.3984	6.22751	
10.4284	6.19252	
10.4582	6.15729	
10.4877	6.12185	
10.5167	6.08619	
10.5451	6.05034	
10.5726	6.01431	
10.5991	5.97811	
10.6244	5.94175	
10.6488	5.90525	
10.6723	5.8686	
10.695	5.83184	
10.717	5.79496	
10.7384	5.75798	
10.7592	5.7209	
10.7794	5.68374	
10.799	5.64651	
10.8181	5.60921	
10.8366	5.57186	
10.8544	5.53447	
10.8715	5.49703	
10.8877	5.45957	
10.9028	5.42208	
10.917	5.38458	
10.9304	5.34708	
10.9428	5.30958	
10.9545	5.27208	
10.9655	5.23461	
10.976	5.19715	
10.9859	5.15973	
10.9954	5.12234	
11.0044	5.085	
11.0128	5.04771	
11.0204	5.01047	
11.0273	4.97329	
11.0332	4.93618	
11.0381	4.89913	
11.0421	4.86217	
11.0452	4.82529	
11.0474	4.78849	
11.0488	4.75179	
11.0496	4.71518	
11.0498	4.67868	
11.0495	4.64227	
11.0488	4.60598	
11.0477	4.5698	
11.0462	4.53374	
11.0443	4.4978	
11.0419	4.46199	
11.0389	4.4263	
11.0351	4.39075	
11.0305	4.35533	
11.0251	4.32004	
11.0188	4.2849	
11.0117	4.24991	
11.0039	4.21506	
10.9954	4.18036	
10.9862	4.14581	
10.9763	4.11141	
10.9658	4.07718	
10.9548	4.0431	
10.9432	4.00919	
10.9311	3.97544	
10.9183	3.94185	
10.905	3.90843	
10.8912	3.87518	
10.8767	3.84211	
10.8614	3.80921	
10.8454	3.77648	
10.8285	3.74392	
10.8108	3.71155	
10.7923	3.67935	
10.7731	3.64734	
10.7533	3.6155	
10.7327	3.58385	
10.7116	3.55239	
10.6899	3.5211	
10.6675	3.49001	
10.6445	3.4591	
10.6208	3.42837	
10.5965	3.39784	
10.5717	3.36749	
10.5465	3.33734	
10.5209	3.30737	
10.495	3.2776	
10.4686	3.24801	
10.4418	3.21862	
10.4146	3.18942	
10.387	3.16042	
10.3588	3.1316	
10.3302	3.10298	
10.3013	3.07455	
10.2719	3.04632	
10.2422	3.01828	
10.2122	2.99043	
10.182	2.96277	
10.1516	2.93531	
10.1208	2.90805	
10.0897	2.88097	
10.0582	2.85409	
10.0264	2.82741	
9.99417	2.80091	
9.96167	2.77461	
9.92891	2.7485	
9.89594	2.72259	
9.86281	2.69686	
9.82951	2.67133	
9.79597	2.64599	
9.76215	2.62084	
9.72796	2.59588	
9.6934	2.57111	
9.6584	2.54653	
9.62293	2.52214	
9.58702	2.49794	
9.55068	2.47393	
9.51391	2.4501	
9.47672	2.42646	
9.43909	2.40301	
9.40096	2.37974	
9.36233	2.35666	
9.32322	2.33376	
9.28366	2.31104	
9.24368	2.28851	
9.2033	2.26616	
9.16254	2.244	
9.1215	2.22201	
9.08031	2.2002	
9.03903	2.17858	
8.99769	2.15713	
8.95631	2.13586	
8.91495	2.11476	
8.87367	2.09385	
8.83249	2.0731	
8.7914	2.05254	
8.75035	2.03214	
8.70923	2.01192	
8.66797	1.99187	
8.62651	1.97199	
8.58487	1.95228	
8.54307	1.93274	
8.50108	1.91337	
8.45888	1.89417	
8.41639	1.87513	
8.37361	1.85626	
8.33052	1.83755	
8.28715	1.81901	
8.2435	1.80063	
8.19962	1.78241	
8.15555	1.76435	
8.11131	1.74645	
8.06692	1.72871	
8.02244	1.71113	
7.97798	1.6937	
7.93366	1.67644	
7.88951	1.65932	
7.8456	1.64236	
7.80193	1.62555	
7.75846	1.6089	
7.71516	1.5924	
7.672	1.57604	
7.62894	1.55984	
7.58597	1.54378	
7.5431	1.52787	
7.50032	1.5121	
7.45773	1.49649	
7.41524	1.48101	
7.37282	1.46568	
7.33037	1.45049	
7.288	1.43544	
7.24568	1.42053	
7.20341	1.40576	
7.1612	1.39113	
7.11911	1.37663	
7.07714	1.36228	
7.03531	1.34805	
6.99361	1.33396	
6.95197	1.32001	
6.91047	1.30618	
6.86908	1.29249	
6.82784	1.27892	
6.78684	1.26549	
6.74599	1.25218	
6.70538	1.23901	
6.66485	1.22595	
6.62438	1.21302	
6.58389	1.20022	
6.54344	1.18754	
6.50298	1.17498	
6.46257	1.16255	
6.42217	1.15023	
6.38176	1.13803	
6.34137	1.12596	
6.30097	1.11399	
6.2606	1.10215	
6.22028	1.09042	
6.18005	1.07881	
6.13993	1.06731	
6.0999	1.05592	
6.05997	1.04464	
6.02018	1.03348	
5.98052	1.02243	
5.94105	1.01148	
5.90181	1.00064	
5.86278	0.989913	
5.82397	0.979289	
5.78527	0.968771	
5.74673	0.958358	
5.70834	0.948048	
5.67012	0.937842	
5.63208	0.927737	
5.59419	0.917733	
5.55644	0.90783	
5.51881	0.898026	
5.48132	0.88832	
5.44399	0.878712	
5.40685	0.869201	
5.3699	0.859786	
5.33315	0.850466	
5.29656	0.84124	
5.26016	0.832108	
5.22392	0.823068	
5.1879	0.81412	
5.15211	0.805263	
5.11661	0.796496	
5.08134	0.787819	
5.04631	0.77923	
5.01147	0.770729	
4.97679	0.762315	
4.94228	0.753987	
4.90791	0.745744	
4.87368	0.737586	
4.8396	0.729512	
4.80565	0.721521	
4.77183	0.713612	
4.73811	0.705785	
4.70445	0.698039	
4.67084	0.690373	
4.63725	0.682786	
4.60366	0.675278	
4.57008	0.667847	
4.53651	0.660494	
4.50296	0.653217	
4.46943	0.646016	
4.43592	0.63889	
4.40244	0.631838	
4.36897	0.62486	
4.33553	0.617955	
4.3021	0.611122	
4.26869	0.60436	
4.23529	0.59767	
4.20189	0.591049	
4.16849	0.584499	
4.1351	0.578017	
4.10173	0.571603	
4.06836	0.565256	
4.03499	0.558977	
4.00161	0.552764	
3.96821	0.546617	
3.93479	0.540534	
3.90133	0.534516	
3.86782	0.528562	
3.83424	0.52267	
3.80062	0.516842	
3.76696	0.511075	
3.73329	0.505369	
3.69958	0.499724	
3.66584	0.49414	
3.6321	0.488615	
3.59835	0.483148	
3.56464	0.47774	
3.53097	0.47239	
3.49736	0.467097	
3.46383	0.461861	
3.43037	0.456681	
3.39699	0.451556	
3.36365	0.446487	
3.33042	0.441472	
3.29731	0.43651	
3.26431	0.431602	
3.23146	0.426747	
3.19873	0.421944	
3.16612	0.417193	
3.13364	0.412494	
3.10129	0.407845	
3.06909	0.403246	
3.03703	0.398697	
3.00515	0.394197	
2.97342	0.389746	
2.94189	0.385343	
2.91055	0.380988	
2.87941	0.37668	
2.84849	0.372419	
2.81778	0.368204	
2.78731	0.364035	
2.75706	0.359912	
2.72707	0.355833	
2.69733	0.351799	
2.66786	0.347809	
2.63867	0.343862	
2.60972	0.339959	
2.58102	0.336098	
2.55254	0.332279	
2.52431	0.328503	
2.49632	0.324767	
2.46857	0.321073	
2.44105	0.317419	
2.41377	0.313805	
2.38671	0.310231	
2.35992	0.306696	
2.33334	0.3032	
2.30698	0.299742	
2.28084	0.296323	
2.25493	0.292941	
2.22925	0.289596	
2.20382	0.286288	
2.17862	0.283017	
2.15365	0.279782	
2.12895	0.276583	
2.10451	0.273419	
2.08034	0.27029	
2.05644	0.267196	
2.03279	0.264136	
2.0094	0.261109	
1.98627	0.258117	
1.96338	0.255157	
1.94071	0.252231	
1.91827	0.249337	
1.89609	0.246475	
1.87412	0.243645	
1.85236	0.240846	
1.8308	0.238079	
1.80946	0.235342	
1.78834	0.232636	
1.76744	0.22996	
1.74675	0.227314	
1.72626	0.224698	
1.70601	0.222111	
1.68596	0.219552	
1.66617	0.217022	
1.6466	0.214521	
1.6273	0.212047	
1.60823	0.209602	
1.58941	0.207183	
1.57085	0.204792	
1.55255	0.202427	
1.5345	0.200089	
1.5167	0.197778	
1.49912	0.195492	
1.48177	0.193232	
1.46465	0.190997	
1.44775	0.188788	
1.43107	0.186603	
1.41459	0.184443	
1.39833	0.182307	
1.38229	0.180196	
1.36645	0.178108	
1.35083	0.176044	
1.33543	0.174003	
1.32025	0.171985	
1.3053	0.16999	
1.29055	0.168017	
1.27606	0.166067	
1.26179	0.164138	
1.24778	0.162232	
1.23398	0.160347	
1.22042	0.158484	
1.20709	0.156641	
1.19399	0.15482	
1.18113	0.153019	
1.16847	0.151239	
1.15604	0.149478	
1.14379	0.147738	
1.13174	0.146018	
1.1199	0.144317	
1.10822	0.142635	
1.09675	0.140973	
1.08545	0.139329	
1.07435	0.137704	
1.06343	0.136098	
1.05269	0.13451	
1.04215	0.13294	
1.03179	0.131388	
1.02165	0.129854	
1.01167	0.128337	
1.0019	0.126838	
0.99231	0.125355	
0.98294	0.12389	
0.973751	0.122441	
0.96475	0.121009	
0.955933	0.119594	
0.947306	0.118194	
0.938848	0.116811	
0.930546	0.115443	
0.922445	0.114091	
0.914521	0.112754	
0.906769	0.111433	
0.899148	0.110127	
0.891707	0.108836	
0.88443	0.10756	
0.877311	0.106298	
0.870326	0.105051	
0.86348	0.103819	
0.856766	0.1026	
0.850213	0.101396	
0.843789	0.100205	
0.837507	0.0990278	
0.831355	0.0978643	
0.825335	0.0967143	
0.819409	0.0955774	
0.813593	0.0944537	
0.807878	0.0933429	
0.802281	0.092245	
0.79679	0.0911597	
0.791368	0.0900869	
0.786061	0.0890265	
0.780854	0.0879783	
0.77575	0.0869423	
0.770705	0.0859182	
0.765735	0.0849059	
0.76083	0.0839054	
0.755991	0.0829164	
0.751208	0.0819389	
0.746455	0.0809726	
0.741752	0.0800176	
0.737091	0.0790736	
0.732454	0.0781405	
0.72783	0.0772183	
0.723212	0.0763067	
0.718615	0.0754058	
0.714014	0.0745152	
0.70942	0.073635	
0.704824	0.072765	
0.700191	0.0719051	
0.695537	0.0710552	
0.690861	0.0702152	
0.686182	0.0693849	
0.681496	0.0685642	
0.676794	0.0677531	
0.672067	0.0669515	
0.667309	0.0661591	
0.662553	0.065376	
0.657784	0.064602	
0.652997	0.063837	
0.64819	0.0630809	
0.643365	0.0623336	
0.638494	0.061595	
0.633587	0.0608651	
0.628655	0.0601436	
0.623702	0.0594305	
0.618709	0.0587258	
0.613684	0.0580293	
0.608643	0.0573409	
0.603574	0.0566606	
0.598466	0.0559882	
0.593314	0.0553236	
0.588146	0.0546669	
0.582957	0.0540177	
0.577742	0.0533762	
0.572486	0.0527422	
0.567204	0.0521156	
0.561899	0.0514963	
0.556568	0.0508843	
0.551218	0.0502794	
0.545856	0.0496816	
0.54045	0.0490909	
0.535022	0.048507	
0.529568	0.04793	
0.524093	0.0473597	
0.518604	0.0467961	
0.513094	0.0462392	
0.507585	0.0456887	
0.502049	0.0451448	
0.496483	0.0446072	
0.490888	0.0440759	
0.485289	0.0435508	
0.479671	0.043032	
0.474039	0.0425192	
0.468378	0.0420124	
0.462703	0.0415116	
0.457015	0.0410167	
0.451319	0.0405276	
0.445607	0.0400442	
0.439892	0.0395666	
0.434177	0.0390945	
0.428466	0.038628	
0.422763	0.038167	
0.417071	0.0377114	
0.411395	0.0372612	
0.405738	0.0368163	
0.400102	0.0363767	
0.394491	0.0359422	
0.38891	0.0355128	
0.383355	0.0350885	
0.377835	0.0346692	
0.37235	0.0342548	
0.366894	0.0338454	
0.361483	0.0334407	
0.356112	0.0330409	
0.350783	0.0326457	
0.345497	0.0322553	
0.340255	0.0318694	
0.33506	0.0314881	
0.329911	0.0311113	
0.324821	0.030739	
0.31978	0.030371	
0.314788	0.0300074	
0.309853	0.0296481	
0.304969	0.0292931	
0.300147	0.0289422	
0.295376	0.0285955	
0.290668	0.0282529	
0.286022	0.0279144	
0.28145	0.0275799	
0.276939	0.0272493	
0.272501	0.0269226	
0.268124	0.0265998	
0.263828	0.0262809	
0.259601	0.0259657	
0.255455	0.0256543	
0.251389	0.0253465	
0.247404	0.0250424	
0.243497	0.0247419	
0.239677	0.024445	
0.235944	0.0241516	
0.2323	0.0238616	
0.228742	0.0235751	
0.22528	0.0232921	
0.221906	0.0230123	
0.218634	0.0227359	
0.215463	0.0224628	
0.212402	0.0221929	
0.209459	0.0219263	
0.206644	0.0216628	
0.203945	0.0214024	
0.201382	0.0211451	
0.198939	0.0208909	
0.196619	0.0206397	
0.19443	0.0203915	
0.192383	0.0201463	
0.190486	0.0199039	
0.188723	0.0196645	
0.187094	0.0194279	
0.185584	0.0191941	
0.184185	0.0189631	
0.182918	0.0187349	
0.18178	0.0185094	
0.180767	0.0182865	
0.179879	0.0180663	
0.179112	0.0178488	
0.178443	0.0176338	
0.177881	0.0174214	
0.177421	0.0172115	
0.177046	0.0170042	
0.176757	0.0167993	
0.176541	0.0165968	
0.176397	0.0163968	
0.176334	0.0161991	
0.176337	0.0160039	
0.17639	0.0158109	
0.176492	0.0156202	
0.176616	0.0154319	
0.176752	0.0152457	
0.176909	0.0150618	
0.177109	0.0148801	
0.177318	0.0147006	
0.177534	0.0145232	
0.177711	0.0143479	
0.177854	0.0141748	
0.177957	0.0140037	
0.178014	0.0138346	
0.178042	0.0136676	
0.178012	0.0135025	
0.177933	0.0133395	
0.177778	0.0131784	
0.177561	0.0130192	
0.177271	0.0128619	
0.176909	0.0127065	
0.176469	0.012553	
0.175936	0.0124013	
0.175321	0.0122514	
0.17461	0.0121033	
0.173802	0.011957	
0.172888	0.0118125	
0.171891	0.0116696	
0.170809	0.0115285	
0.169636	0.0113891	
0.168387	0.0112514	
0.167058	0.0111153	
0.165654	0.0109808	
0.164169	0.0108479	
0.162611	0.0107167	
0.160994	0.010587	
0.159324	0.0104589	
0.157604	0.0103323	
0.155846	0.0102072	
0.154054	0.0100836	
0.152223	0.00996156	
0.150358	0.00984094	
0.148472	0.00972177	
0.146564	0.00960403	
0.144649	0.0094877	
0.142712	0.00937277	
0.140767	0.00925923	
0.138828	0.00914704	
0.136889	0.00903621	
0.134954	0.00892671	
0.133029	0.00881852	
0.131115	0.00871164	
0.129205	0.00860604	
0.127303	0.00850171	
0.125407	0.00839863	
0.123525	0.0082968	
0.121655	0.00819619	
0.119794	0.00809679	
0.11795	0.00799859	
0.116124	0.00790157	
0.11431	0.00780571	
0.112515	0.00771101	
0.110738	0.00761746	
0.10898	0.00752502	
0.107241	0.00743371	
0.105521	0.00734349	
0.103821	0.00725435	
0.10214	0.0071663	
0.100479	0.0070793	
0.0988373	0.00699335	
0.0972158	0.00690844	
0.095622	0.00682455	
0.0940477	0.00674167	
0.092493	0.00665979	
0.090958	0.0065789	
0.0894426	0.00649898	
0.0879469	0.00642003	
0.0864792	0.00634203	
0.0850224	0.00626497	
0.0835934	0.00618884	
0.0821793	0.00611363	
0.0807888	0.00603933	
0.0794129	0.00596592	
0.0780562	0.0058934	
0.0767186	0.00582176	
0.0754	0.00575098	
0.0741126	0.00568105	
0.0728432	0.00561197	
0.0715919	0.00554373	
0.0703584	0.0054763	
0.0691503	0.0054097	
0.0679519	0.00534389	
0.0667786	0.00527888	
0.0656224	0.00521466	
0.0644832	0.00515122	
0.0633607	0.00508854	
0.0622549	0.00502662	
0.0611657	0.00496544	
0.0600929	0.00490501	
0.0590453	0.00484531	
0.0580385	0.00478633	
0.0570459	0.00472806	
0.0560672	0.0046705	
0.0551025	0.00461363	
0.0541517	0.00455745	
0.0532271	0.00450195	
0.05232	0.00444713	
0.0514458	0.00439296	
0.0505876	0.00433946	
0.0497617	0.00428659	
0.0489908	0.00423437	
0.0482605	0.00418279	
0.0475777	0.00413182	
0.0469499	0.00408148	
0.046382	0.00403174	
0.0458672	0.00398261	
0.0454453	0.00393407	
0.0450902	0.00388612	
0.0447991	0.00383875	
0.0445805	0.00379195	
0.0444315	0.00374572	
0.0443609	0.00370005	
0.0443471	0.00365494	
0.0444086	0.00361037	
0.0445191	0.00356634	
0.0446684	0.00352285	
0.0448663	0.00347988	
0.0450974	0.00343743	
0.0453469	0.0033955	
0.0456138	0.00335408	
0.0458967	0.00331316	
0.046182	0.00327274	
0.0464695	0.0032328	
0.0467452	0.00319335	
0.0469973	0.00315438	
0.0472395	0.00311589	
0.0474649	0.00307786	
0.0476636	0.00304029	
0.0478286	0.00300318	
0.047954	0.00296651	
0.0480123	0.0029303	
0.0480239	0.00289452	
0.0480035	0.00285918	
0.0479232	0.00282426	
0.047799	0.00278977	
0.0476249	0.0027557	
0.0474048	0.00272205	
0.0471071	0.0026888	
0.0467528	0.00265596	
0.0463141	0.00262351	
0.0458301	0.00259146	
0.0452927	0.0025598	
0.0447084	0.00252852	
0.0440587	0.00249763	
0.0433723	0.00246711	
0.0426572	0.00243696	
0.0419151	0.00240717	
0.0411453	0.00237775	
0.0403585	0.00234869	
0.0395734	0.002303	
0.0387871	0.00225724	
0.0380116	0.00221211	
0.037243	0.00216738	
0.0364819	0.00212309	
0.0357368	0.00207973	
0.0350075	0.00203728	
0.0342799	0.00199494	
0.0335682	0.00195353	
0.032872	0.001913	
0.0321908	0.00187336	
0.0315157	0.00183408	
0.0308556	0.00179566	
0.0302051	0.0017578	
0.0295604	0.00172028	
0.0289231	0.0016832	
0.0283004	0.00164696	
0.0276872	0.00161127	
0.0270881	0.00157641	
0.026503	0.00154236	
0.0259226	0.00150858	
0.0253646	0.00147611	
0.0248106	0.00144387	
0.0242697	0.00141239	
0.0237323	0.00138112	
0.0232169	0.00135112	
0.0227043	0.00132129	
0.0222039	0.00129217	
0.0217058	0.00126318	
0.0212154	0.00123465	
0.0207323	0.00120653	
0.020266	0.00117939	
0.0197975	0.00115213	
0.0193496	0.00112606	
0.018904	0.00110013	
0.0184562	0.00107407	
0.0180476	0.00105029	
0.0176212	0.00102548	
0.0172194	0.00100209	
0.016833	0.000979608	
0.0164284	0.000956064	
0.0160568	0.000934436	
0.0156721	0.000912049	
0.0153044	0.000890651	
0.0149529	0.000870196	
0.0146036	0.000849864	
0.0142563	0.000829655	
0.013934	0.000810901	
0.0135971	0.000791291	
0.0132918	0.000773524	
0.0129804	0.000755404	
0.0126628	0.000736922	
0.0123681	0.00071977	
0.0120667	0.000702227	
0.0117733	0.000685158	
0.0114827	0.000668245	
0.0112001	0.000651796	
0.0109163	0.000635283	
0.0106406	0.000619236	
0.0103726	0.000603638	
0.010112	0.000588476	
0.00985878	0.000573738	
0.00961256	0.000559409	
0.00937317	0.000545478	
0.00914039	0.000531931	
0.00891403	0.000518758	
0.00869389	0.000505946	
0.00847449	0.000493179	
0.00826125	0.000480769	
0.00805396	0.000468706	
0.00786688	0.000457818	
0.00768457	0.000447208	
0.00750689	0.000436868	
0.00733371	0.00042679	
0.00716492	0.000416967	
0.00700037	0.000407391	
0.00683996	0.000398056	
0.00668358	0.000388955	
0.0065311	0.000380081	
0.00638241	0.000371429	
0.00623743	0.000362991	
0.00609603	0.000354763	
0.00595813	0.000346738	
0.00582363	0.00033891	
0.00569244	0.000331275	
0.00556446	0.000323827	
0.0054396	0.000316561	
0.00531779	0.000309472	
0.00519894	0.000302556	
0.00508298	0.000295807	
0.00496982	0.000289222	
0.00485938	0.000282795	
0.00474628	0.000276213	
0.00463606	0.000269799	
0.00452866	0.000263548	
0.00442398	0.000257457	
0.00432196	0.000251519	
0.00422252	0.000245732	
0.00412558	0.000240091	
0.00403108	0.000234591	
0.00392988	0.000228702	
0.00384057	0.000223505	
0.00375348	0.000218436	
0.00366855	0.000213493	
0.0035857	0.000208672	
0.00349958	0.00020366	
0.00342106	0.000199091	
0.0033532	0.000195142	
0.00327263	0.000190453	
0.00319952	0.000186198	
0.00312286	0.000181737	
0.00304822	0.000177393	
0.00297556	0.000173165	
0.00290481	0.000169047	
0.00283591	0.000165038	
0.00276882	0.000161133	
0.00270348	0.000157331	
0.00263984	0.000153627	
0.00257785	0.00015002	
0.00251746	0.000146505	
0.00245863	0.000143082	
0.00240131	0.000139746	
0.00234546	0.000136495	
0.00229103	0.000133328	
0.002238	0.000130242	
0.00218631	0.000127234	
0.00213593	0.000124302	
0.00208682	0.000121444	
0.0020532	0.000119487	
0.0020057	0.000116723	
0.00195941	0.000114029	
0.00191429	0.000111403	
0.00187031	0.000108844	
0.00182743	0.000106349	
0.00178563	0.000103916	
0.00174488	0.000101544	
0.00169977	9.89193e-05	
0.00165596	9.63698e-05	
0.00161341	9.38934e-05	
0.00157207	9.14878e-05	
0.00153191	8.91507e-05	
0.0014929	8.68801e-05	
0.00145499	8.46738e-05	
0.00141814	8.25298e-05	
0.00137446	7.99874e-05	
0.00134012	7.79889e-05	
0.0013161	7.65914e-05	
0.0012752	7.42108e-05	
0.00124357	7.23702e-05	
0.00121281	7.05803e-05	
0.0011829	6.88396e-05	
0.00114817	6.68186e-05	
0.0011202	6.51908e-05	
0.00109298	6.36069e-05	
0.00105293	6.12758e-05	
0.0010223	5.94931e-05	
0.000984705	5.73055e-05	
0.00095646	5.56618e-05	
0.000929107	5.407e-05	
0.000894666	5.20657e-05	
0.000876131	5.0987e-05	
0.000851334	4.95439e-05	
0.000827312	4.8146e-05	
0.000804039	4.67916e-05	
0.000773518	4.50154e-05	
0.000744155	4.33066e-05	
0.000738549	4.29804e-05	
0.000712684	4.14751e-05	
0.000699808	4.07258e-05	
0.000675086	3.92871e-05	
0.000663329	3.86029e-05	
0.000645048	3.7539e-05	
0.000634028	3.68977e-05	
0.000623162	3.62653e-05	
0.000597726	3.4785e-05	
0.000605514	3.52383e-05	
0.000594908	3.4621e-05	
0.000586995	3.41606e-05	
0.00058869	3.42592e-05	
0.000565595	3.29152e-05	
0.000555517	3.23287e-05	
0.000553641	3.22195e-05	
0.000523227	3.04496e-05	
0.000518457	3.01719e-05	
0.00050946	2.96484e-05	
0.000508655	2.96015e-05	
0.000493995	2.87484e-05	
0.000493329	2.87096e-05	
0.000496453	2.88914e-05	
0.000486832	2.83315e-05	
0.000495021	2.88081e-05	
0.000487294	2.83584e-05	
0.000481217	2.80048e-05	
0.000473553	2.75587e-05	
0.000457936	2.66499e-05	
0.000460581	2.68038e-05	
0.000462732	2.6929e-05	
0.000446684	2.59951e-05	
0.000448956	2.61273e-05	
0.000433016	2.51997e-05	
0.000425718	2.4775e-05	
0.000420099	2.44479e-05	
0.000414486	2.41213e-05	
0.000417013	2.42684e-05	
0.000419086	2.4389e-05	
0.000412591	2.4011e-05	
0.000414299	2.41104e-05	
0.000407456	2.37122e-05	
0.000400699	2.33189e-05	
0.000394027	2.29307e-05	
0.000387441	2.25474e-05	
0.0003891	2.2644e-05	
0.000390375	2.27181e-05	
0.00038312	2.22959e-05	
0.000375991	2.1881e-05	
0.000371408	2.16144e-05	
0.000372565	2.16817e-05	
0.00036762	2.13939e-05	
0.00035461	2.06368e-05	
0.000350152	2.03773e-05	
0.000345686	2.01174e-05	
0.000333133	1.93869e-05	
0.000329133	1.91541e-05	
0.000317025	1.84495e-05	
0.000313463	1.82422e-05	
0.000301773	1.75619e-05	
0.000298623	1.73786e-05	
0.000301967	1.75732e-05	
0.000312893	1.8209e-05	
0.00030031	1.74767e-05	
0.000288219	1.67731e-05	
0.000299274	1.74164e-05	
0.000294914	1.71627e-05	
0.000297136	1.7292e-05	
0.000299009	1.7401e-05	
0.000308575	1.79577e-05	
0.00030934	1.80023e-05	
0.000303267	1.76488e-05	
0.000289172	1.68286e-05	
0.000275665	1.60425e-05	
0.000270867	1.57633e-05	
0.00026614	1.54882e-05	
0.000253331	1.47428e-05	
0.000249218	1.45034e-05	
0.000236994	1.3792e-05	
0.000227673	1.32496e-05	
0.000224494	1.30646e-05	
0.000213159	1.24049e-05	
0.000204697	1.19125e-05	
0.000196565	1.14392e-05	
0.00018636	1.08453e-05	
0.000170799	9.93977e-06	
0.000155997	9.07837e-06	
0.000150116	8.73609e-06	
0.00013626	7.92977e-06	
0.00013774	8.01587e-06	
0.000139032	8.09108e-06	
0.000148353	8.63351e-06	
0.000157032	9.1386e-06	
0.000156888	9.13017e-06	
0.000156634	9.11541e-06	
0.000164496	9.57293e-06	
0.000171787	9.99723e-06	
0.000178534	1.03899e-05	
0.000184763	1.07524e-05	
0.000190499	1.10862e-05	
0.000195767	1.13928e-05	
0.000200587	1.16733e-05	
0.000204983	1.19291e-05	
0.000194253	1.13047e-05	
0.000198717	1.15645e-05	
0.000202778	1.18008e-05	
0.000208247	1.2119e-05	
0.000211456	1.23058e-05	
0.000224368	1.30572e-05	
0.000236376	1.37561e-05	
0.000229212	1.33391e-05	
0.000240602	1.4002e-05	
0.000241106	1.40313e-05	
0.000241402	1.40485e-05	
0.0002415	1.40542e-05	
0.000241412	1.40491e-05	
0.000241148	1.40338e-05	
0.000240719	1.40088e-05	
0.000231851	1.34927e-05	
0.000231601	1.34782e-05	
0.000222903	1.2972e-05	
0.000222826	1.29675e-05	
0.000224388	1.30584e-05	
0.000223891	1.30295e-05	
0.000223255	1.29925e-05	
0.000232588	1.35356e-05	
0.000222807	1.29664e-05	
0.000223528	1.30084e-05	
0.000222237	1.29332e-05	
0.000225152	1.31029e-05	
0.000225237	1.31078e-05	
0.000233462	1.35865e-05	
0.000225263	1.31093e-05	
0.000233147	1.35682e-05	
0.000221954	1.29168e-05	
0.000223869	1.30282e-05	
0.000207091	1.20518e-05	
0.000209536	1.21941e-05	
0.000203238	1.18276e-05	
0.000205596	1.19648e-05	
0.000207667	1.20853e-05	
0.000209463	1.21899e-05	
0.000211001	1.22793e-05	
0.000203833	1.18622e-05	
0.000205383	1.19524e-05	
0.000206692	1.20286e-05	
0.000199303	1.15986e-05	
0.000200657	1.16774e-05	
0.000193311	1.12499e-05	
0.000186239	1.08383e-05	
0.000187909	1.09355e-05	
0.000170845	9.94245e-06	
0.000173129	1.00754e-05	
0.00016513	9.60985e-06	
0.000167489	9.74716e-06	
0.00015956	9.28571e-06	
0.000161995	9.42741e-06	
0.000154136	8.97004e-06	
0.000156646	9.11613e-06	
0.000150398	8.75254e-06	
0.000144395	8.40314e-06	
0.000147127	8.56216e-06	
0.000139546	8.12099e-06	
0.000142343	8.28377e-06	
0.000136366	7.93588e-06	
0.000129082	7.51204e-06	
0.000132176	7.69207e-06	
0.000134994	7.85606e-06	
0.000129032	7.50912e-06	
0.000131834	7.67217e-06	
0.000134377	7.82016e-06	
0.000136674	7.95384e-06	
0.000130212	7.57775e-06	
0.000132549	7.71375e-06	
0.000134653	7.8362e-06	
0.000136536	7.9458e-06	
0.000138209	8.04317e-06	
0.000131147	7.63218e-06	
0.000132928	7.73583e-06	
0.000125967	7.33075e-06	
0.000127852	7.44043e-06	
0.000120989	7.04102e-06	
0.000122973	7.15651e-06	
0.000124752	7.26003e-06	
0.000117786	6.8546e-06	
0.000119681	6.9649e-06	
0.000121378	7.06367e-06	
0.000122887	7.15151e-06	
0.000124218	7.22897e-06	
0.00012538	7.29658e-06	
0.000120636	7.02048e-06	
0.000111701	6.50052e-06	
0.000113313	6.59432e-06	
0.000114748	6.67783e-06	
0.000101694	5.91815e-06	
0.000103633	6.031e-06	
0.000105384	6.13288e-06	
0.000101201	5.88945e-06	
8.86038e-05	5.15635e-06	
9.09957e-05	5.29555e-06	
8.74244e-05	5.08772e-06	
8.11687e-05	4.72366e-06	
7.80328e-05	4.54117e-06	
7.50176e-05	4.3657e-06	
7.78813e-05	4.53235e-06	
7.47587e-05	4.35063e-06	
7.17585e-05	4.17603e-06	
6.88758e-05	4.00827e-06	
6.61061e-05	3.84709e-06	
6.34451e-05	3.69223e-06	
5.22904e-05	3.04308e-06	
5.03335e-05	2.92919e-06	
4.84506e-05	2.81961e-06	
4.66389e-05	2.71418e-06	
4.48957e-05	2.61273e-06	
4.32184e-05	2.51512e-06	
4.16045e-05	2.4212e-06	
3.14421e-05	1.82979e-06	
3.04479e-05	1.77193e-06	
2.94876e-05	1.71605e-06	
2.856e-05	1.66207e-06	
2.76641e-05	1.60993e-06	
3.45183e-05	2.00881e-06	
4.95738e-05	2.88498e-06	
6.37316e-05	3.7089e-06	
7.70326e-05	4.48296e-06	
8.95155e-05	5.20941e-06	
0.000101218	5.89044e-06	
0.000112175	6.52812e-06	
0.000122422	7.12445e-06	
0.000123362	7.17915e-06	
0.000132787	7.72761e-06	
0.000141573	8.23893e-06	
0.00014975	8.71483e-06	
0.000157348	9.15698e-06	
0.000155757	9.06437e-06	
0.000162777	9.47294e-06	
0.000169274	9.85104e-06	
0.000183463	1.06768e-05	
0.000199143	1.15893e-05	
0.000219981	1.28019e-05	
0.00025605	1.4901e-05	
0.000275014	1.60046e-05	
0.000298894	1.73943e-05	
0.000345078	2.00821e-05	
0.000382155	2.22397e-05	
0.000423033	2.46187e-05	
0.000452604	2.63396e-05	
0.000482588	2.80845e-05	
0.000510494	2.97085e-05	
0.000536421	3.12174e-05	
0.000551919	3.21193e-05	
0.000574661	3.34427e-05	
0.00059567	3.46654e-05	
0.000606483	3.52947e-05	
0.000630988	3.67208e-05	
0.00063885	3.71783e-05	
0.000654332	3.80793e-05	
0.000668438	3.89002e-05	
0.000681235	3.96449e-05	
0.000699009	4.06793e-05	
0.000719426	4.18675e-05	
0.000727726	4.23505e-05	
0.000745414	4.33799e-05	
0.00074256	4.32138e-05	
0.000747872	4.35229e-05	
0.000752317	4.37816e-05	
0.000755942	4.39926e-05	
0.000758792	4.41584e-05	
0.000760909	4.42816e-05	
0.000762332	4.43644e-05	
0.000773521	4.50155e-05	
0.000773067	4.49891e-05	
0.000772057	4.49304e-05	
0.000770525	4.48412e-05	
0.000768501	4.47234e-05	
0.000766015	4.45787e-05	
0.000754523	4.39099e-05	
0.000751694	4.37453e-05	
0.000748461	4.35572e-05	
0.000744851	4.33471e-05	
0.000740887	4.31164e-05	
0.000736593	4.28665e-05	
0.000731991	4.25987e-05	
0.000727101	4.23141e-05	
0.000721944	4.2014e-05	
0.000716539	4.16995e-05	
0.000710905	4.13716e-05	
0.000705058	4.10313e-05	
0.000699015	4.06796e-05	
0.000692792	4.03175e-05	
0.000686405	3.99458e-05	
0.000679866	3.95652e-05	
0.00067319	3.91767e-05	
0.00066639	3.8781e-05	
0.000669924	3.89867e-05	
0.000662304	3.85432e-05	
0.000665071	3.87043e-05	
0.00065673	3.82188e-05	
0.000648371	3.77324e-05	
0.000640003	3.72454e-05	
0.000631632	3.67583e-05	
0.000623265	3.62713e-05	
0.000614908	3.5785e-05	
0.000606567	3.52995e-05	
0.000598246	3.48153e-05	
0.000589952	3.43326e-05	
0.000581688	3.38517e-05	
0.000577956	3.36346e-05	
0.000560906	3.26423e-05	
0.000553011	3.21828e-05	
0.00054515	3.17254e-05	
0.00053733	3.12703e-05	
0.000540017	3.14266e-05	
0.000531678	3.09414e-05	
0.000523417	3.04606e-05	
0.000525701	3.05935e-05	
0.000508386	2.95859e-05	
0.000504787	2.93764e-05	
0.000490659	2.85542e-05	
0.000476971	2.77577e-05	
0.000469561	2.73264e-05	
0.000447645	2.6051e-05	
0.00043537	2.53367e-05	
0.00042347	2.46441e-05	
0.000411933	2.39727e-05	
0.000400746	2.33217e-05	
0.000395754	2.30311e-05	
0.000384893	2.23991e-05	
0.000374364	2.17864e-05	
0.000364156	2.11923e-05	
0.000354259	2.06163e-05	
0.000350519	2.03987e-05	
0.000340871	1.98372e-05	
0.000341883	1.98961e-05	
0.000332215	1.93335e-05	
0.00032871	1.91295e-05	
0.000319298	1.85818e-05	
0.000310185	1.80514e-05	
0.000311727	1.81411e-05	
0.000302578	1.76087e-05	
0.000304094	1.76969e-05	
0.000305293	1.77667e-05	
0.000295825	1.72157e-05	
0.000286676	1.66833e-05	
0.000288206	1.67723e-05	
0.00027906	1.62401e-05	
0.000280599	1.63296e-05	
0.000271466	1.57982e-05	
0.000262652	1.52852e-05	
0.000264518	1.53938e-05	
0.000255705	1.48809e-05	
0.000247203	1.43862e-05	
0.000249377	1.45127e-05	
0.000251238	1.4621e-05	
0.000252804	1.47121e-05	
0.000243713	1.41831e-05	
0.000245336	1.42775e-05	
0.000246681	1.43558e-05	
0.000237386	1.38149e-05	
0.000238823	1.38984e-05	
0.000229619	1.33628e-05	
0.000220769	1.28478e-05	
0.000222638	1.29566e-05	
0.000205111	1.19366e-05	
0.000207556	1.20789e-05	
0.000199324	1.15998e-05	
0.000201795	1.17436e-05	
0.000197816	1.15121e-05	
0.000189691	1.10392e-05	
0.000181888	1.05851e-05	
0.000184777	1.07532e-05	
0.000181205	1.05454e-05	
0.000177702	1.03415e-05	
0.000174265	1.01415e-05	
0.000170894	9.9453e-06	
0.000173744	1.01111e-05	
0.000170143	9.90156e-06	
0.000172354	1.00302e-05	
0.000168574	9.81028e-06	
0.00015455	8.99413e-06	
0.000167616	9.75451e-06	
0.000179807	1.0464e-05	
0.000180829	1.05235e-05	
0.000181657	1.05716e-05	
0.000166229	9.67383e-06	
0.000177967	1.03569e-05	
0.000188898	1.09931e-05	
0.000188725	1.0983e-05	
0.000198755	1.15667e-05	
0.000197725	1.15067e-05	
0.000206941	1.20431e-05	
0.000215473	1.25396e-05	
0.000223354	1.29982e-05	
0.000220278	1.28192e-05	
0.000227549	1.32424e-05	
0.000223895	1.30297e-05	
0.000230619	1.3421e-05	
0.000226446	1.31782e-05	
0.000222341	1.29393e-05	
0.000228642	1.3306e-05	
0.000224071	1.304e-05	
0.000219594	1.27794e-05	
0.000225546	1.31258e-05	
0.000230987	1.34424e-05	
0.000235942	1.37308e-05	
0.000240436	1.39923e-05	
0.000244491	1.42283e-05	
0.000248129	1.444e-05	
0.000241031	1.4027e-05	
0.000244499	1.42288e-05	
0.000247584	1.44083e-05	
0.000250305	1.45667e-05	
0.000252681	1.4705e-05	
0.000244391	1.42225e-05	
0.000246731	1.43587e-05	
0.000248752	1.44763e-05	
0.000240128	1.39744e-05	
0.000242159	1.40926e-05	
0.000243891	1.41934e-05	
0.000234998	1.36759e-05	
0.000236779	1.37795e-05	
0.000227938	1.3265e-05	
0.000229773	1.33718e-05	
0.00023133	1.34624e-05	
0.000232623	1.35377e-05	
0.000233667	1.35984e-05	
0.000224133	1.30436e-05	
0.000225318	1.31125e-05	
0.000217511	1.26582e-05	
0.0002084	1.2128e-05	
0.000209996	1.22208e-05	
0.000211342	1.22992e-05	
0.000212451	1.23638e-05	
0.000213337	1.24153e-05	
0.000203669	1.18527e-05	
0.000204744	1.19152e-05	
0.000205602	1.19652e-05	
0.000195915	1.14014e-05	
0.000196977	1.14632e-05	
0.000191718	1.11571e-05	
0.000192727	1.12159e-05	
0.000187422	1.09071e-05	
0.000182279	1.06079e-05	
0.000183405	1.06734e-05	
0.000178217	1.03715e-05	
0.000164552	9.57623e-06	
0.000160186	9.32214e-06	
0.000162061	9.43126e-06	
0.000147252	8.56943e-06	
0.000143524	8.35244e-06	
0.000129558	7.53969e-06	
0.000132749	7.72541e-06	
0.000129545	7.53898e-06	
0.000126428	7.35756e-06	
0.000123394	7.18098e-06	
0.00012044	7.00911e-06	
0.000107223	6.2399e-06	
0.000105025	6.11197e-06	
0.000102873	5.98677e-06	
0.000100767	5.86423e-06	
8.83637e-05	5.14238e-06	
8.6947e-05	5.05994e-06	
8.55459e-05	4.9784e-06	
8.41606e-05	4.89778e-06	
8.27913e-05	4.81809e-06	
8.1438e-05	4.73934e-06	
8.01008e-05	4.66152e-06	
7.87799e-05	4.58465e-06	
6.71324e-05	3.90682e-06	
6.64448e-05	3.8668e-06	
6.57464e-05	3.82615e-06	
5.46956e-05	3.18305e-06	
5.45798e-05	3.17631e-06	
4.40867e-05	2.56565e-06	
4.45045e-05	2.58997e-06	
3.45221e-05	2.00903e-06	
2.50857e-05	1.45988e-06	
2.65141e-05	1.543e-06	
1.74978e-05	1.01829e-06	
1.93279e-05	1.1248e-06	
2.10385e-05	1.22435e-06	
2.26352e-05	1.31727e-06	
2.41233e-05	1.40387e-06	
2.55079e-05	1.48445e-06	
2.67939e-05	1.55929e-06	
2.79861e-05	1.62867e-06	
2.90887e-05	1.69284e-06	
1.97635e-05	1.15015e-06	
2.13006e-05	1.2396e-06	
2.27336e-05	1.32299e-06	
2.40672e-05	1.40061e-06	
2.53063e-05	1.47272e-06	
2.64553e-05	1.53958e-06	
2.75185e-05	1.60146e-06	
2.85e-05	1.65858e-06	
2.94037e-05	1.71117e-06	
3.02335e-05	1.75946e-06	
3.09929e-05	1.80365e-06	
3.16854e-05	1.84395e-06	
3.23144e-05	1.88056e-06	
3.28829e-05	1.91364e-06	
3.3394e-05	1.94339e-06	
3.38506e-05	1.96996e-06	
3.42556e-05	1.99353e-06	
2.8736e-05	1.67231e-06	
1.90438e-05	1.10826e-06	
2.02355e-05	1.17762e-06	
2.13437e-05	1.24211e-06	
2.23722e-05	1.30197e-06	
1.74495e-05	1.01548e-06	
1.86712e-05	1.08658e-06	
1.98088e-05	1.15279e-06	
1.49908e-05	8.72397e-07	
1.63131e-05	9.4935e-07	
1.75473e-05	1.02118e-06	
1.2822e-05	7.46187e-07	
5.59372e-06	3.2553e-07	
1.5397e-06	8.9604e-08	
3.59237e-06	2.0906e-07	
-3.50812e-07	-2.04157e-08	
1.80777e-06	1.05204e-07	
3.84126e-06	2.23545e-07	
-1.20184e-07	-6.99421e-09	
2.021e-06	1.17614e-07	
-1.83755e-06	-1.06937e-07	
-5.47356e-06	-3.18537e-07	
-8.89704e-06	-5.17769e-07	
-1.21176e-05	-7.05192e-07	
-1.51444e-05	-8.8134e-07	
-1.79864e-05	-1.04673e-06	
-2.06518e-05	-1.20185e-06	
-1.72735e-05	-1.00524e-06	
-1.99512e-05	-1.16107e-06	
-1.6585e-05	-9.65173e-07	
-1.92746e-05	-1.1217e-06	
-2.17956e-05	-1.26841e-06	
-2.41556e-05	-1.40575e-06	
-2.63621e-05	-1.53416e-06	
-2.84223e-05	-1.65406e-06	
-3.0343e-05	-1.76583e-06	
-3.21307e-05	-1.86987e-06	
-3.37917e-05	-1.96653e-06	
-3.53321e-05	-2.05617e-06	
-3.67575e-05	-2.13913e-06	
-3.80735e-05	-2.21571e-06	
-3.92853e-05	-2.28623e-06	
-4.03981e-05	-2.35099e-06	
-4.14166e-05	-2.41027e-06	
-4.23455e-05	-2.46432e-06	
-4.31892e-05	-2.51343e-06	
-4.3952e-05	-2.55782e-06	
-4.4638e-05	-2.59774e-06	
-4.52509e-05	-2.63341e-06	
-4.57946e-05	-2.66505e-06	
-4.62726e-05	-2.69287e-06	
-4.66883e-05	-2.71706e-06	
-4.7045e-05	-2.73781e-06	
-4.73458e-05	-2.75532e-06	
-4.75936e-05	-2.76974e-06	
-4.77913e-05	-2.78124e-06	
-4.79416e-05	-2.78999e-06	
-4.80472e-05	-2.79614e-06	
-4.81105e-05	-2.79982e-06	
-4.81338e-05	-2.80118e-06	
-4.81196e-05	-2.80035e-06	
-4.80698e-05	-2.79746e-06	
-4.79867e-05	-2.79262e-06	
-4.78721e-05	-2.78595e-06	
-4.7728e-05	-2.77756e-06	
-4.75562e-05	-2.76756e-06	
-5.61134e-05	-3.26556e-06	
-5.53828e-05	-3.22304e-06	
-5.46523e-05	-3.18053e-06	
-5.39224e-05	-3.13805e-06	
-5.31937e-05	-3.09564e-06	
-5.24667e-05	-3.05333e-06	
-5.17418e-05	-3.01115e-06	
-5.10193e-05	-2.9691e-06	
-5.02999e-05	-2.92723e-06	
-4.95837e-05	-2.88555e-06	
-4.88712e-05	-2.84409e-06	
-4.81626e-05	-2.80286e-06	
-4.74584e-05	-2.76187e-06	
-4.67587e-05	-2.72115e-06	
-4.60638e-05	-2.68072e-06	
-4.53741e-05	-2.64058e-06	
-4.46896e-05	-2.60074e-06	
-4.40107e-05	-2.56123e-06	
-4.33375e-05	-2.52206e-06	
-4.26703e-05	-2.48322e-06	
-5.07641e-05	-2.95425e-06	
-4.96007e-05	-2.88655e-06	
-4.84666e-05	-2.82054e-06	
-4.73609e-05	-2.7562e-06	
-4.62829e-05	-2.69346e-06	
-4.52317e-05	-2.63229e-06	
-4.42067e-05	-2.57264e-06	
-4.32071e-05	-2.51447e-06	
-4.22322e-05	-2.45773e-06	
-4.12814e-05	-2.4024e-06	
-4.03539e-05	-2.34842e-06	
-3.94491e-05	-2.29577e-06	
-3.85665e-05	-2.2444e-06	
-3.77053e-05	-2.19428e-06	
-3.68651e-05	-2.14539e-06	
-3.60452e-05	-2.09767e-06	
-3.52451e-05	-2.05111e-06	
-3.44643e-05	-2.00567e-06	
-3.37023e-05	-1.96133e-06	
-3.29585e-05	-1.91804e-06	
-3.8516e-05	-2.24147e-06	
-3.74425e-05	-2.17899e-06	
-3.64022e-05	-2.11845e-06	
-3.53941e-05	-2.05978e-06	
-4.07006e-05	-2.3686e-06	
-3.93887e-05	-2.29225e-06	
-4.44059e-05	-2.58423e-06	
-4.28184e-05	-2.49185e-06	
-4.75732e-05	-2.76856e-06	
-5.20196e-05	-3.02732e-06	
-4.98884e-05	-2.90329e-06	
-5.41253e-05	-3.14986e-06	
-5.80785e-05	-3.37991e-06	
-6.17613e-05	-3.59424e-06	
-6.51864e-05	-3.79357e-06	
-6.20826e-05	-3.61294e-06	
-6.53933e-05	-3.80561e-06	
-6.8465e-05	-3.98437e-06	
-7.1309e-05	-4.14988e-06	
-7.39362e-05	-4.30277e-06	
-7.63571e-05	-4.44365e-06	
-7.85817e-05	-4.57311e-06	
-8.06194e-05	-4.6917e-06	
-8.24796e-05	-4.79996e-06	
-8.4171e-05	-4.89839e-06	
-8.57019e-05	-4.98748e-06	
-8.0797e-05	-4.70204e-06	
-8.23958e-05	-4.79508e-06	
-9.41836e-05	-5.48107e-06	
-9.48819e-05	-5.52171e-06	
-9.54687e-05	-5.55586e-06	
-0.000106293	-6.18577e-06	
-0.000106073	-6.173e-06	
-0.000105786	-6.15631e-06	
-0.000105436	-6.13593e-06	
-0.000105027	-6.11209e-06	
-0.000104561	-6.08501e-06	
-0.000104044	-6.05489e-06	
-0.000103477	-6.02194e-06	
-0.0001115	-6.4888e-06	
-0.000110344	-6.42154e-06	
-0.000109171	-6.35329e-06	
-0.000107983	-6.28416e-06	
-0.000106782	-6.21425e-06	
-0.000105569	-6.14367e-06	
-0.000104346	-6.0725e-06	
-0.000103115	-6.00082e-06	
-0.00011051	-6.4312e-06	
-0.000108764	-6.32959e-06	
-0.000107036	-6.22904e-06	
-0.000105326	-6.12954e-06	
-0.000103635	-6.03113e-06	
-0.000101963	-5.93381e-06	
-0.00010031	-5.8376e-06	
-9.86756e-05	-5.74249e-06	
-0.000105695	-6.15098e-06	
-0.000103598	-6.02894e-06	
-0.000101543	-5.90935e-06	
-9.95291e-05	-5.79216e-06	
-9.75558e-05	-5.67732e-06	
-0.000105965	-6.16669e-06	
-0.000103469	-6.02145e-06	
-0.000101038	-5.87999e-06	
-0.000107305	-6.24468e-06	
-0.000104497	-6.08129e-06	
-0.000101772	-5.92267e-06	
-9.91256e-05	-5.76868e-06	
-9.65564e-05	-5.61916e-06	
-0.000104404	-6.07589e-06	
-0.000101381	-5.89994e-06	
-9.84547e-05	-5.72964e-06	
-9.56217e-05	-5.56477e-06	
-9.2879e-05	-5.40516e-06	
-9.02235e-05	-5.25061e-06	
-8.7652e-05	-5.10097e-06	
-8.51619e-05	-4.95605e-06	
-8.27503e-05	-4.81571e-06	
-8.04145e-05	-4.67977e-06	
-7.81519e-05	-4.5481e-06	
-7.59601e-05	-4.42055e-06	
-7.38366e-05	-4.29697e-06	
-7.17791e-05	-4.17723e-06	
-6.97854e-05	-4.06121e-06	
-6.78534e-05	-3.94877e-06	
-7.4615e-05	-4.34227e-06	
-7.22987e-05	-4.20747e-06	
-7.00607e-05	-4.07723e-06	
-6.78981e-05	-3.95137e-06	
-6.58082e-05	-3.82975e-06	
-6.37885e-05	-3.71221e-06	
-6.18364e-05	-3.59861e-06	
-5.99496e-05	-3.48881e-06	
-5.81257e-05	-3.38267e-06	
-5.63626e-05	-3.28006e-06	
-5.46579e-05	-3.18085e-06	
-5.30098e-05	-3.08494e-06	
-6.00502e-05	-3.49466e-06	
-5.80078e-05	-3.3758e-06	
-5.60386e-05	-3.2612e-06	
-5.41401e-05	-3.15072e-06	
-5.23095e-05	-3.04419e-06	
-5.05444e-05	-2.94147e-06	
-4.88424e-05	-2.84241e-06	
-4.7201e-05	-2.7469e-06	
-5.42523e-05	-3.15725e-06	
-6.08585e-05	-3.5417e-06	
-5.84061e-05	-3.39898e-06	
-6.6393e-05	-3.86378e-06	
-6.35292e-05	-3.69712e-06	
-6.07817e-05	-3.53723e-06	
-6.84886e-05	-3.98574e-06	
-6.53593e-05	-3.80363e-06	
-6.23601e-05	-3.62909e-06	
-5.94858e-05	-3.46181e-06	
-5.67313e-05	-3.30152e-06	
-6.44348e-05	-3.74982e-06	
-6.13053e-05	-3.5677e-06	
-5.8309e-05	-3.39333e-06	
-5.54404e-05	-3.22639e-06	
-5.8857e-05	-3.42522e-06	
-5.58708e-05	-3.25144e-06	
-6.33564e-05	-3.68707e-06	
-6.6185e-05	-3.85168e-06	
-6.2639e-05	-3.64532e-06	
-5.9249e-05	-3.44803e-06	
-6.21711e-05	-3.61809e-06	
-6.73505e-05	-3.91951e-06	
-6.97106e-05	-4.05686e-06	
-6.57204e-05	-3.82464e-06	
-6.80718e-05	-3.96149e-06	
-7.02372e-05	-4.0875e-06	
-6.60629e-05	-3.84457e-06	
-6.82406e-05	-3.9713e-06	
-6.40794e-05	-3.72914e-06	
-6.87426e-05	-4.00052e-06	
-7.0615e-05	-4.10949e-06	
-7.23269e-05	-4.20911e-06	
-6.77236e-05	-3.94122e-06	
-7.81356e-05	-4.54715e-06	
-7.30894e-05	-4.25348e-06	
-7.44398e-05	-4.33207e-06	
-7.56567e-05	-4.40289e-06	
-7.67468e-05	-4.46633e-06	
-7.77165e-05	-4.52276e-06	
-7.8572e-05	-4.57255e-06	
-7.93193e-05	-4.61604e-06	
-7.99639e-05	-4.65355e-06	
-8.05113e-05	-4.68541e-06	
-8.09665e-05	-4.7119e-06	
-8.13346e-05	-4.73332e-06	
-8.16203e-05	-4.74995e-06	
-8.1828e-05	-4.76204e-06	
-8.19622e-05	-4.76984e-06	
-8.20268e-05	-4.7736e-06	
-8.20259e-05	-4.77355e-06	
-8.19631e-05	-4.7699e-06	
-8.18422e-05	-4.76286e-06	
-9.20092e-05	-5.35454e-06	
-9.11813e-05	-5.30636e-06	
-9.03322e-05	-5.25694e-06	
-9.98063e-05	-5.80829e-06	
-9.83194e-05	-5.72176e-06	
-9.68436e-05	-5.63588e-06	
-9.53793e-05	-5.55066e-06	
-9.3927e-05	-5.46615e-06	
-0.00010283	-5.98426e-06	
-0.000100802	-5.86625e-06	
-0.000107455	-6.25339e-06	
-0.000105005	-6.11083e-06	
-0.000102616	-5.97182e-06	
-0.000100287	-5.83628e-06	
-9.8016e-05	-5.7041e-06	
-0.000104441	-6.07801e-06	
-0.000101779	-5.92309e-06	
-9.91928e-05	-5.77259e-06	
-0.00010532	-6.12917e-06	
-0.000102377	-5.95788e-06	
-9.95248e-05	-5.79191e-06	
-9.67614e-05	-5.63109e-06	
-9.40833e-05	-5.47524e-06	
-9.14878e-05	-5.32419e-06	
-8.89721e-05	-5.17779e-06	
-8.65335e-05	-5.03587e-06	
-9.28093e-05	-5.4011e-06	
-9.00154e-05	-5.23851e-06	
-8.73139e-05	-5.08129e-06	
-8.47013e-05	-4.92925e-06	
-8.21746e-05	-4.7822e-06	
-7.97307e-05	-4.63998e-06	
-7.73668e-05	-4.50241e-06	
-7.508e-05	-4.36933e-06	
-7.28677e-05	-4.24058e-06	
-7.07272e-05	-4.11602e-06	
-6.86561e-05	-3.99548e-06	
-6.66519e-05	-3.87885e-06	
-6.47122e-05	-3.76597e-06	
-6.2835e-05	-3.65672e-06	
-6.1018e-05	-3.55098e-06	
-5.92591e-05	-3.44862e-06	
-5.75563e-05	-3.34953e-06	
-5.59077e-05	-3.25359e-06	
-5.43114e-05	-3.16069e-06	
-5.27657e-05	-3.07073e-06	
-5.12688e-05	-2.98362e-06	
-5.84589e-05	-3.40205e-06	
-5.65529e-05	-3.29113e-06	
-5.47135e-05	-3.18409e-06	
-5.29383e-05	-3.08078e-06	
-5.12249e-05	-2.98106e-06	
-5.8211e-05	-3.38762e-06	
-5.61128e-05	-3.26552e-06	
-5.40926e-05	-3.14796e-06	
-6.24902e-05	-3.63666e-06	
-6.00166e-05	-3.4927e-06	
-5.76394e-05	-3.35436e-06	
-5.53551e-05	-3.22143e-06	
-5.31599e-05	-3.09368e-06	
-5.96904e-05	-3.47372e-06	
-6.75044e-05	-3.92847e-06	
-6.44769e-05	-3.75228e-06	
-6.15743e-05	-3.58336e-06	
-5.87916e-05	-3.42142e-06	
-5.61241e-05	-3.26618e-06	
-5.35671e-05	-3.11737e-06	
-5.11163e-05	-2.97475e-06	
-4.87674e-05	-2.83805e-06	
-4.65163e-05	-2.70705e-06	
-4.43592e-05	-2.58151e-06	
-4.22923e-05	-2.46123e-06	
-4.0312e-05	-2.34598e-06	
-4.87575e-05	-2.83747e-06	
-4.63394e-05	-2.69675e-06	
-4.4025e-05	-2.56206e-06	
-5.21528e-05	-3.03507e-06	
-4.94326e-05	-2.87676e-06	
-4.68311e-05	-2.72537e-06	
-5.46862e-05	-3.1825e-06	
-5.7411e-05	-3.34107e-06	
-5.42323e-05	-3.15609e-06	
-5.1195e-05	-2.97932e-06	
-4.82931e-05	-2.81045e-06	
-4.55211e-05	-2.64913e-06	
-4.85777e-05	-2.82701e-06	
-4.57184e-05	-2.66061e-06	
-4.86926e-05	-2.8337e-06	
-5.14596e-05	-2.99472e-06	
-5.6965e-05	-3.31512e-06	
-5.91761e-05	-3.44379e-06	
-5.55118e-05	-3.23055e-06	
-5.20156e-05	-3.02708e-06	
-5.43847e-05	-3.16495e-06	
-5.65769e-05	-3.29253e-06	
-5.28968e-05	-3.07837e-06	
-5.50918e-05	-3.2061e-06	
-5.71194e-05	-3.3241e-06	
-5.89877e-05	-3.43283e-06	
-6.07045e-05	-3.53274e-06	
-6.2277e-05	-3.62425e-06	
-6.37125e-05	-3.70779e-06	
-6.50177e-05	-3.78375e-06	
-6.6199e-05	-3.85249e-06	
-6.72627e-05	-3.9144e-06	
-6.82147e-05	-3.9698e-06	
-6.90607e-05	-4.01903e-06	
-6.98061e-05	-4.06241e-06	
-7.04561e-05	-4.10024e-06	
-7.10158e-05	-4.13281e-06	
-8.21195e-05	-4.779e-06	
-8.18952e-05	-4.76595e-06	
-8.1622e-05	-4.75004e-06	
-8.13029e-05	-4.73147e-06	
-8.09407e-05	-4.7104e-06	
-8.05383e-05	-4.68698e-06	
-9.07279e-05	-5.27997e-06	
-8.96354e-05	-5.21639e-06	
-8.85378e-05	-5.15252e-06	
-8.74365e-05	-5.08842e-06	
-9.50876e-05	-5.53368e-06	
-9.34731e-05	-5.43973e-06	
-9.18807e-05	-5.34706e-06	
-9.03103e-05	-5.25567e-06	
-8.87618e-05	-5.16555e-06	
-8.72351e-05	-5.07671e-06	
-8.57301e-05	-4.98912e-06	
-8.42468e-05	-4.9028e-06	
-8.27849e-05	-4.81772e-06	
-9.79708e-05	-5.70148e-06	
-0.00010187	-5.92838e-06	
-0.000105468	-6.1378e-06	
-0.000119124	-6.9325e-06	
-0.000121564	-7.07452e-06	
-0.000123773	-7.20306e-06	
-0.000125762	-7.3188e-06	
-0.000127542	-7.42239e-06	
-0.000129124	-7.51445e-06	
-0.000130518	-7.59556e-06	
-0.000131733	-7.66629e-06	
-0.000143122	-8.3291e-06	
-0.000143408	-8.34572e-06	
-0.000143569	-8.3551e-06	
-0.000153956	-8.95955e-06	
-0.000153288	-8.9207e-06	
-0.000152543	-8.87734e-06	
-0.000151726	-8.82977e-06	
-0.000150841	-8.77827e-06	
-0.000149893	-8.7231e-06	
-0.000159229	-9.26642e-06	
-0.000157567	-9.1697e-06	
-0.000164516	-9.5741e-06	
-0.000162308	-9.44562e-06	
-0.000160104	-9.31737e-06	
-0.000157906	-9.18945e-06	
-0.000155715	-9.06194e-06	
-0.000153532	-8.93489e-06	
-0.000161701	-9.4103e-06	
-0.000158937	-9.24945e-06	
-0.000156212	-9.09085e-06	
-0.000163868	-9.53639e-06	
-0.000160618	-9.34729e-06	
-0.000157434	-9.16199e-06	
-0.000164657	-9.5823e-06	
-0.000160998	-9.36938e-06	
-0.00016777	-9.76351e-06	
-0.000163686	-9.52579e-06	
-0.000159711	-9.2945e-06	
-0.000166187	-9.67137e-06	
-0.000161824	-9.41744e-06	
-0.000167931	-9.77286e-06	
-0.000163219	-9.49864e-06	
-0.000158654	-9.23297e-06	
-0.000154231	-8.97557e-06	
-0.000149945	-8.72615e-06	
-0.000145792	-8.48444e-06	
-0.000150401	-8.75267e-06	
-0.000145998	-8.49645e-06	
-0.000141737	-8.2485e-06	
-0.000137614	-8.00855e-06	
-0.000133623	-7.77631e-06	
-0.000148859	-8.66294e-06	
-0.000154353	-8.98269e-06	
-0.000149074	-8.67545e-06	
-0.000163082	-9.49069e-06	
-0.000157067	-9.14063e-06	
-0.000161621	-9.40564e-06	
-0.000155449	-9.04647e-06	
-0.000149514	-8.70106e-06	
-0.00015244	-8.87136e-06	
-0.000156792	-9.12464e-06	
-0.000160777	-9.35652e-06	
-0.000154069	-8.96615e-06	
-0.000157972	-9.19329e-06	
-0.00015119	-8.79858e-06	
-0.000155025	-9.02176e-06	
-0.00014818	-8.62345e-06	
-0.000151959	-8.84336e-06	
-0.000151055	-8.79075e-06	
-0.000152732	-8.88835e-06	
-0.000145564	-8.47118e-06	
-0.000168811	-9.82405e-06	
-0.000160484	-9.33945e-06	
-0.00018433	-1.07272e-05	
-0.000174853	-1.01757e-05	
-0.000200319	-1.16577e-05	
-0.000211066	-1.22831e-05	
-0.000199615	-1.16167e-05	
-0.000210093	-1.22265e-05	
-0.00020438	-1.1894e-05	
-0.00020748	-1.20745e-05	
-0.000201606	-1.17326e-05	
-0.000195917	-1.14015e-05	
-0.000190406	-1.10808e-05	
-0.000185067	-1.07701e-05	
-0.000179895	-1.04691e-05	
-0.000168892	-9.82877e-06	
-0.000164383	-9.56641e-06	
-0.000173117	-1.00746e-05	
-0.000178454	-1.03853e-05	
-0.000181649	-1.05712e-05	
-0.000186226	-1.08375e-05	
-0.000180058	-1.04786e-05	
-0.00018445	-1.07342e-05	
-0.000188451	-1.0967e-05	
-0.000175747	-1.02277e-05	
-0.000179972	-1.04736e-05	
-0.000173477	-1.00956e-05	
-0.000167223	-9.73167e-06	
-0.000171545	-9.98315e-06	
-0.000165146	-9.61079e-06	
-0.00015899	-9.25252e-06	
-0.000153066	-8.9078e-06	
-0.000147367	-8.57613e-06	
-0.000152226	-8.8589e-06	
-0.000146349	-8.51688e-06	
-0.000151041	-8.78994e-06	
-0.000145008	-8.43882e-06	
-0.000139211	-8.10146e-06	
-0.000168222	-9.78981e-06	
-0.000160863	-9.36153e-06	
-0.000153804	-8.95073e-06	
-0.000162466	-9.45484e-06	
-0.0001792	-1.04287e-05	
-0.000196543	-1.14379e-05	
-0.00020235	-1.17759e-05	
-0.000207671	-1.20855e-05	
-0.000212531	-1.23684e-05	
-0.000216952	-1.26256e-05	
-0.000231349	-1.34635e-05	
-0.000234353	-1.36383e-05	
-0.000256158	-1.49073e-05	
-0.000267764	-1.55827e-05	
-0.000278502	-1.62076e-05	
-0.000286713	-1.66854e-05	
-0.000295939	-1.72224e-05	
-0.00029402	-1.71107e-05	
-0.000302383	-1.75974e-05	
-0.000299645	-1.7438e-05	
-0.000307231	-1.78795e-05	
-0.000314151	-1.82822e-05	
-0.000310044	-1.80432e-05	
-0.000316332	-1.84091e-05	
-0.000311627	-1.81354e-05	
-0.000317351	-1.84684e-05	
-0.000322507	-1.87685e-05	
-0.000327125	-1.90372e-05	
-0.000329528	-1.91771e-05	
-0.000333248	-1.93936e-05	
-0.00032611	-1.89782e-05	
-0.000329528	-1.91771e-05	
-0.000322109	-1.87453e-05	
-0.000325265	-1.8929e-05	
-0.000336751	-1.95974e-05	
-0.000328175	-1.90984e-05	
-0.000330237	-1.92184e-05	
-0.000331932	-1.9317e-05	
-0.000333279	-1.93954e-05	
-0.000334298	-1.94547e-05	
-0.000335006	-1.94959e-05	
-0.000333718	-1.94209e-05	
-0.000333955	-1.94347e-05	
-0.000323533	-1.88282e-05	
-0.000330092	-1.92099e-05	
-0.000338547	-1.9702e-05	
-0.000337507	-1.96415e-05	
-0.000336273	-1.95696e-05	
-0.000334855	-1.94871e-05	
-0.000342022	-1.99042e-05	
-0.000345997	-2.01355e-05	
-0.000339021	-1.97295e-05	
-0.000351286	-2.04433e-05	
-0.000353949	-2.05983e-05	
-0.000356193	-2.07289e-05	
-0.000358039	-2.08363e-05	
-0.000349046	-2.0313e-05	
-0.000335336	-1.95151e-05	
-0.000337592	-1.96464e-05	
-0.000329	-1.91464e-05	
-0.000299057	-1.74038e-05	
-0.000287231	-1.67156e-05	
-0.000274043	-1.59481e-05	
-0.000263228	-1.53187e-05	
-0.000252834	-1.47138e-05	
-0.000242845	-1.41325e-05	
-0.000231422	-1.34677e-05	
-0.000222302	-1.2937e-05	
-0.000213538	-1.2427e-05	
-0.000194536	-1.13212e-05	
-0.000185232	-1.07797e-05	
-0.000178145	-1.03673e-05	
-0.000160751	-9.35499e-06	
-0.000154811	-9.00934e-06	
-0.000138516	-8.06105e-06	
-0.00013363	-7.77669e-06	
-0.000128923	-7.50276e-06	
-0.000113809	-6.62322e-06	
-0.000108232	-6.29862e-06	
-0.000104716	-6.094e-06	
-9.07433e-05	-5.28087e-06	
-8.80823e-05	-5.126e-06	
-7.49283e-05	-4.3605e-06	
-8.15699e-05	-4.74701e-06	
-7.92502e-05	-4.61201e-06	
-6.64246e-05	-3.86562e-06	
-7.33822e-05	-4.27053e-06	
-7.98857e-05	-4.649e-06	
-7.74371e-05	-4.5065e-06	
-7.50704e-05	-4.36877e-06	
-6.22037e-05	-3.61999e-06	
-6.91258e-05	-4.02282e-06	
-6.70798e-05	-3.90375e-06	
-6.51005e-05	-3.78857e-06	
-6.31855e-05	-3.67712e-06	
-6.13327e-05	-3.5693e-06	
-4.89608e-05	-2.8493e-06	
-4.78401e-05	-2.78408e-06	
-3.61685e-05	-2.10485e-06	
-4.42367e-05	-2.57439e-06	
-4.32901e-05	-2.51929e-06	
-4.2365e-05	-2.46546e-06	
-4.1461e-05	-2.41285e-06	
-4.90967e-05	-2.85721e-06	
-4.77386e-05	-2.77818e-06	
-6.10539e-05	-3.55307e-06	
-4.83494e-05	-2.81372e-06	
-5.54347e-05	-3.22606e-06	
-5.9429e-05	-3.45851e-06	
-5.72736e-05	-3.33307e-06	
-5.51985e-05	-3.21231e-06	
-5.90767e-05	-3.43801e-06	
-7.14436e-05	-4.15771e-06	
-7.42923e-05	-4.32349e-06	
-6.64579e-05	-3.86756e-06	
-7.82417e-05	-4.55333e-06	
-8.05356e-05	-4.68682e-06	
-8.26373e-05	-4.80913e-06	
-8.45562e-05	-4.9208e-06	
-8.63014e-05	-5.02236e-06	
-9.66369e-05	-5.62385e-06	
-9.16758e-05	-5.33513e-06	
-8.23421e-05	-4.79195e-06	
-8.65881e-05	-5.03905e-06	
-8.61741e-05	-5.01496e-06	
-9.61826e-05	-5.59741e-06	
-9.67894e-05	-5.63272e-06	
-9.72884e-05	-5.66176e-06	
-0.000106441	-6.1944e-06	
-0.000106233	-6.18231e-06	
-9.54934e-05	-5.5573e-06	
-9.57609e-05	-5.57287e-06	
-9.59409e-05	-5.58334e-06	
-0.000104794	-6.09854e-06	
-0.000104305	-6.07007e-06	
-0.000103765	-6.03866e-06	
-0.00010147	-5.90509e-06	
-0.000100938	-5.87413e-06	
-8.98961e-05	-5.23156e-06	
-9.8639e-05	-5.74036e-06	
-9.80509e-05	-5.70614e-06	
-9.74226e-05	-5.66957e-06	
-9.67568e-05	-5.63083e-06	
-8.55925e-05	-4.98111e-06	
-8.3759e-05	-4.87441e-06	
-8.36756e-05	-4.86956e-06	
-9.22895e-05	-5.37085e-06	
-8.11208e-05	-4.72088e-06	
-7.92865e-05	-4.61413e-06	
-7.92059e-05	-4.60944e-06	
-7.90701e-05	-4.60154e-06	
-7.88825e-05	-4.59062e-06	
-8.74016e-05	-5.08639e-06	
-8.66111e-05	-5.04039e-06	
-9.4556e-05	-5.50275e-06	
-9.32188e-05	-5.42493e-06	
-8.14242e-05	-4.73853e-06	
-8.94634e-05	-5.20638e-06	
-9.69744e-05	-5.64349e-06	
-8.47625e-05	-4.93281e-06	
-8.36504e-05	-4.86809e-06	
-7.20752e-05	-4.19446e-06	
-8.03283e-05	-4.67476e-06	
-7.92923e-05	-4.61447e-06	
-7.65476e-05	-4.45474e-06	
-7.56108e-05	-4.40022e-06	
-8.34261e-05	-4.85504e-06	
-8.19751e-05	-4.7706e-06	
-7.00817e-05	-4.07845e-06	
-7.80364e-05	-4.54138e-06	
-7.67208e-05	-4.46482e-06	
-7.54227e-05	-4.38927e-06	
-7.41422e-05	-4.31475e-06	
-8.16346e-05	-4.75078e-06	
-7.98806e-05	-4.6487e-06	
-8.69223e-05	-5.0585e-06	
-8.47394e-05	-4.93146e-06	
-9.13732e-05	-5.31752e-06	
-9.75578e-05	-5.67744e-06	
-9.4559e-05	-5.50292e-06	
-8.11969e-05	-4.72531e-06	
-8.77587e-05	-5.10718e-06	
-7.4659e-05	-4.34483e-06	
-8.14731e-05	-4.74138e-06	
-7.90797e-05	-4.60209e-06	
-7.50555e-05	-4.36791e-06	
-8.16692e-05	-4.75279e-06	
-7.90867e-05	-4.6025e-06	
-7.65925e-05	-4.45735e-06	
-7.41836e-05	-4.31716e-06	
-7.18568e-05	-4.18175e-06	
-7.83646e-05	-4.56048e-06	
-6.52212e-05	-3.79559e-06	
-6.32456e-05	-3.68062e-06	
-5.96273e-05	-3.47005e-06	
-6.39919e-05	-3.72405e-06	
-5.14821e-05	-2.99604e-06	
-5.62266e-05	-3.27214e-06	
-5.03139e-05	-2.92805e-06	
-4.89327e-05	-2.84767e-06	
-5.3706e-05	-3.12546e-06	
-5.20529e-05	-3.02925e-06	
-4.87471e-05	-2.83687e-06	
-5.34145e-05	-3.10849e-06	
-6.65804e-05	-3.87469e-06	
-6.40229e-05	-3.72585e-06	
-6.7676e-05	-3.93845e-06	
-7.37119e-05	-4.28971e-06	
-7.6703e-05	-4.46378e-06	
-7.94649e-05	-4.62451e-06	
-8.20086e-05	-4.77254e-06	
-7.40019e-05	-4.30659e-06	
-7.6741e-05	-4.46599e-06	
-7.92653e-05	-4.61289e-06	
-7.12424e-05	-4.146e-06	
-7.66114e-05	-4.45845e-06	
-7.89718e-05	-4.59582e-06	
-8.11374e-05	-4.72184e-06	
-8.31176e-05	-4.83708e-06	
-8.49217e-05	-4.94207e-06	
-9.53646e-05	-5.5498e-06	
-9.63307e-05	-5.60603e-06	
-9.71689e-05	-5.65481e-06	
-9.78857e-05	-5.69652e-06	
-9.84876e-05	-5.73155e-06	
-9.72784e-05	-5.66118e-06	
-9.77675e-05	-5.68964e-06	
-8.78121e-05	-5.11028e-06	
-8.87038e-05	-5.16218e-06	
-8.94775e-05	-5.2072e-06	
-9.01394e-05	-5.24572e-06	
-9.06954e-05	-5.27808e-06	
-8.08084e-05	-4.7027e-06	
-8.17698e-05	-4.75865e-06	
-8.26145e-05	-4.80781e-06	
-7.30058e-05	-4.24862e-06	
-7.42354e-05	-4.32018e-06	
-7.53385e-05	-4.38438e-06	
-7.63217e-05	-4.44159e-06	
-7.71909e-05	-4.49217e-06	
-6.76094e-05	-3.93457e-06	
-7.7675e-05	-4.52035e-06	
-7.82988e-05	-4.55665e-06	
-7.88279e-05	-4.58744e-06	
-7.92672e-05	-4.61301e-06	
-7.96216e-05	-4.63363e-06	
-7.98956e-05	-4.64957e-06	
-8.00936e-05	-4.6611e-06	
-6.98772e-05	-4.06655e-06	
-7.93425e-05	-4.61739e-06	
-7.93993e-05	-4.6207e-06	
-7.9393e-05	-4.62033e-06	
-7.93271e-05	-4.6165e-06	
-7.92053e-05	-4.6094e-06	
-7.90306e-05	-4.59924e-06	
-7.88064e-05	-4.58619e-06	
-6.81929e-05	-3.96853e-06	
-6.84789e-05	-3.98518e-06	
-5.83543e-05	-3.39597e-06	
-5.91086e-05	-3.43986e-06	
-5.97751e-05	-3.47865e-06	
-5.00156e-05	-2.91069e-06	
-5.11205e-05	-2.97499e-06	
-5.21235e-05	-3.03336e-06	
-5.30297e-05	-3.0861e-06	
-6.26502e-05	-3.64597e-06	
-6.28659e-05	-3.65852e-06	
-5.2679e-05	-3.06569e-06	
-5.3379e-05	-3.10643e-06	
-4.36559e-05	-2.54059e-06	
-4.47999e-05	-2.60716e-06	
-3.55018e-05	-2.06605e-06	
-3.70526e-05	-2.1563e-06	
-4.72928e-05	-2.75223e-06	
-4.81042e-05	-2.79945e-06	
-5.7639e-05	-3.35434e-06	
-5.77776e-05	-3.36241e-06	
-6.66709e-05	-3.87996e-06	
-6.61981e-05	-3.85244e-06	
-6.57024e-05	-3.82359e-06	
-6.51855e-05	-3.79351e-06	
-6.46492e-05	-3.7623e-06	
-6.40948e-05	-3.73004e-06	
-6.35238e-05	-3.69681e-06	
-6.29377e-05	-3.6627e-06	
-6.23377e-05	-3.62778e-06	
-6.17251e-05	-3.59213e-06	
-6.1101e-05	-3.55581e-06	
-6.04666e-05	-3.5189e-06	
-5.9823e-05	-3.48144e-06	
-5.91712e-05	-3.44351e-06	
-6.73183e-05	-3.91763e-06	
-6.61415e-05	-3.84915e-06	
-7.37884e-05	-4.29417e-06	
-7.21353e-05	-4.19796e-06	
-7.05224e-05	-4.1041e-06	
-6.89489e-05	-4.01252e-06	
-6.74135e-05	-3.92317e-06	
-6.59152e-05	-3.83598e-06	
-6.44532e-05	-3.7509e-06	
-6.30263e-05	-3.66786e-06	
-6.16337e-05	-3.58681e-06	
-6.64375e-05	-3.86637e-06	
-7.3559e-05	-4.28081e-06	
-7.14106e-05	-4.15579e-06	
-7.54946e-05	-4.39346e-06	
-7.31245e-05	-4.25553e-06	
-8.55175e-05	-4.97675e-06	
-8.24534e-05	-4.79843e-06	
-9.4185e-05	-5.48116e-06	
-9.04909e-05	-5.26618e-06	
-9.12293e-05	-5.30915e-06	
-9.37305e-05	-5.45471e-06	
-8.53881e-05	-4.96922e-06	
-8.80891e-05	-5.1264e-06	
-9.3212e-05	-5.42453e-06	
-8.46981e-05	-4.92906e-06	
-8.7238e-05	-5.07687e-06	
-8.95665e-05	-5.21238e-06	
-9.16941e-05	-5.3362e-06	
-9.62737e-05	-5.60271e-06	
-9.7875e-05	-5.6959e-06	
-0.00010783	-6.27525e-06	
-0.000108614	-6.32086e-06	
-0.00011779	-6.85489e-06	
-0.000117833	-6.85735e-06	
-0.000107154	-6.2359e-06	
-0.000107636	-6.26396e-06	
-0.000116529	-6.78148e-06	
-0.000116305	-6.76843e-06	
-0.000116006	-6.75103e-06	
-0.000124156	-7.22532e-06	
-0.000123226	-7.1712e-06	
-0.000122256	-7.11476e-06	
-0.00012125	-7.0562e-06	
-0.000120209	-6.99567e-06	
-0.000119138	-6.93333e-06	
-0.000118039	-6.86934e-06	
-0.000116913	-6.80383e-06	
-0.000115764	-6.73695e-06	
-0.000112719	-6.55976e-06	
-0.000111638	-6.49684e-06	
-9.99048e-05	-5.81403e-06	
-9.93986e-05	-5.78457e-06	
-9.88464e-05	-5.75243e-06	
-0.000106771	-6.21359e-06	
-0.000105641	-6.14784e-06	
-0.000104496	-6.08122e-06	
-0.000103338	-6.01383e-06	
-0.000110688	-6.44156e-06	
-0.000109014	-6.34413e-06	
-0.000115873	-6.74329e-06	
-0.000113732	-6.61869e-06	
-0.000120147	-6.99203e-06	
-0.000117585	-6.84292e-06	
-0.000115081	-6.69719e-06	
-0.000112633	-6.55476e-06	
-0.00011876	-6.91134e-06	
-0.000115928	-6.74648e-06	
-0.000121689	-7.08177e-06	
-0.000118509	-6.89672e-06	
-0.000115422	-6.71707e-06	
-0.000112425	-6.54265e-06	
-0.000109515	-6.3733e-06	
-0.000106689	-6.20884e-06	
-0.000103945	-6.04913e-06	
-0.000101279	-5.89401e-06	
-9.86901e-05	-5.74334e-06	
-8.55453e-05	-4.97837e-06	
-8.37191e-05	-4.87209e-06	
-9.04537e-05	-5.26401e-06	
-8.82148e-05	-5.13372e-06	
-8.60377e-05	-5.00702e-06	
-8.39205e-05	-4.88381e-06	
-8.18613e-05	-4.76397e-06	
-7.98584e-05	-4.64741e-06	
-7.79101e-05	-4.53403e-06	
-8.45341e-05	-4.91952e-06	
-8.21953e-05	-4.78341e-06	
-7.99286e-05	-4.65149e-06	
-7.77315e-05	-4.52363e-06	
-8.4121e-05	-4.89548e-06	
-8.15616e-05	-4.74653e-06	
-7.90873e-05	-4.60254e-06	
-6.60656e-05	-3.84473e-06	
-7.28893e-05	-4.24184e-06	
-7.07477e-05	-4.11721e-06	
-6.86755e-05	-3.99661e-06	
-7.51895e-05	-4.3757e-06	
-7.27542e-05	-4.23398e-06	
-7.89229e-05	-4.59297e-06	
-8.46786e-05	-4.92793e-06	
-7.08915e-05	-4.12558e-06	
-6.84708e-05	-3.9847e-06	
-7.46566e-05	-4.34469e-06	
-7.19122e-05	-4.18498e-06	
-6.92708e-05	-4.03126e-06	
-6.67286e-05	-3.88332e-06	
-5.36522e-05	-3.12232e-06	
-6.04337e-05	-3.51698e-06	
-5.82616e-05	-3.39057e-06	
-6.46895e-05	-3.76465e-06	
-6.21808e-05	-3.61865e-06	
-5.7895e-05	-3.36924e-06	
-5.56852e-05	-3.24063e-06	
-6.20793e-05	-3.61275e-06	
-6.80602e-05	-3.96081e-06	
-5.4498e-05	-3.17154e-06	
-6.08209e-05	-3.53951e-06	
-5.82163e-05	-3.38794e-06	
-6.42364e-05	-3.73828e-06	
-6.13437e-05	-3.56994e-06	
-6.70898e-05	-3.90434e-06	
-6.39367e-05	-3.72084e-06	
-6.94354e-05	-4.04084e-06	
-6.60473e-05	-3.84366e-06	
-6.28035e-05	-3.65489e-06	
-6.82176e-05	-3.96997e-06	
-6.47507e-05	-3.76821e-06	
-6.99529e-05	-4.07096e-06	
-7.48042e-05	-4.35328e-06	
-7.08018e-05	-4.12036e-06	
-7.54946e-05	-4.39346e-06	
-7.13423e-05	-4.15181e-06	
-7.58934e-05	-4.41667e-06	
-8.01265e-05	-4.66301e-06	
-6.49075e-05	-3.77734e-06	
-6.96609e-05	-4.05396e-06	
-7.40892e-05	-4.31167e-06	
-7.56858e-05	-4.40458e-06	
-7.11366e-05	-4.13984e-06	
-6.67945e-05	-3.88715e-06	
-6.07768e-05	-3.53695e-06	
-5.69323e-05	-3.31321e-06	
-5.32652e-05	-3.0998e-06	
-6.4521e-05	-3.75484e-06	
-6.03301e-05	-3.51095e-06	
-6.23311e-05	-3.6274e-06	
-5.81732e-05	-3.38543e-06	
-4.98642e-05	-2.90188e-06	
-5.48587e-05	-3.19254e-06	
-5.70034e-05	-3.31735e-06	
-5.29851e-05	-3.0835e-06	
-5.51542e-05	-3.20974e-06	
-6.59132e-05	-3.83586e-06	
-6.72501e-05	-3.91366e-06	
-6.24625e-05	-3.63505e-06	
-5.35566e-05	-3.11676e-06	
-5.54635e-05	-3.22774e-06	
-4.05925e-05	-2.36231e-06	
-4.317e-05	-2.51231e-06	
-2.89404e-05	-1.6842e-06	
-2.61342e-05	-1.5209e-06	
-2.78793e-05	-1.62246e-06	
-3.10904e-05	-1.80933e-06	
-3.40939e-05	-1.98412e-06	
-4.56554e-05	-2.65694e-06	
-4.7764e-05	-2.77966e-06	
-3.9373e-05	-2.29134e-06	
-5.05318e-05	-2.94073e-06	
-5.22571e-05	-3.04113e-06	
-6.25998e-05	-3.64304e-06	
-6.35468e-05	-3.69815e-06	
-5.4049e-05	-3.14542e-06	
-5.53974e-05	-3.22389e-06	
-5.50398e-05	-3.20308e-06	
-5.62482e-05	-3.2734e-06	
-6.61006e-05	-3.84677e-06	
-6.65827e-05	-3.87482e-06	
-7.57427e-05	-4.4079e-06	
-7.55649e-05	-4.39755e-06	
-7.53403e-05	-4.38448e-06	
-7.50717e-05	-4.36885e-06	
-7.47619e-05	-4.35082e-06	
-7.44135e-05	-4.33054e-06	
-7.4029e-05	-4.30816e-06	
-7.36106e-05	-4.28382e-06	
-8.19164e-05	-4.76718e-06	
-8.09287e-05	-4.7097e-06	
-7.99366e-05	-4.65196e-06	
-8.76968e-05	-5.10357e-06	
-8.61903e-05	-5.0159e-06	
-9.34609e-05	-5.43902e-06	
-9.14886e-05	-5.32424e-06	
-7.92176e-05	-4.61012e-06	
-7.79329e-05	-4.53536e-06	
-8.54188e-05	-4.971e-06	
-7.33128e-05	-4.26649e-06	
-7.21881e-05	-4.20103e-06	
-6.07307e-05	-3.53426e-06	
-4.98842e-05	-2.90304e-06	
-4.99644e-05	-2.90771e-06	
-3.96597e-05	-2.30802e-06	
-4.02583e-05	-2.34286e-06	
-4.07923e-05	-2.37393e-06	
-4.12649e-05	-2.40144e-06	
-5.0435e-05	-2.9351e-06	
-3.99431e-05	-2.32452e-06	
-4.91208e-05	-2.85862e-06	
-4.89798e-05	-2.85041e-06	
-4.88099e-05	-2.84052e-06	
-4.86129e-05	-2.82906e-06	
-5.71463e-05	-3.32566e-06	
-5.63917e-05	-3.28175e-06	
-5.56379e-05	-3.23789e-06	
-4.45427e-05	-2.59219e-06	
-4.43924e-05	-2.58345e-06	
-4.42173e-05	-2.57326e-06	
-4.40189e-05	-2.56171e-06	
-4.37987e-05	-2.54889e-06	
-4.35581e-05	-2.53489e-06	
-5.20541e-05	-3.02932e-06	
-5.12682e-05	-2.98358e-06	
-4.0146e-05	-2.33632e-06	
-3.99736e-05	-2.32629e-06	
-3.9781e-05	-2.31508e-06	
-2.92268e-05	-1.70087e-06	
-2.95981e-05	-1.72248e-06	
-4.46732e-05	-2.59979e-06	
-5.00947e-05	-2.91529e-06	
-5.51677e-05	-3.21052e-06	
-5.99083e-05	-3.48641e-06	
-6.70963e-05	-3.90471e-06	
-6.07148e-05	-3.53334e-06	
-7.37517e-05	-4.29203e-06	
-7.723e-05	-4.49445e-06	
-7.01081e-05	-4.07999e-06	
-8.24399e-05	-4.79764e-06	
-8.5247e-05	-4.961e-06	
-8.78289e-05	-5.11126e-06	
-9.89524e-05	-5.7586e-06	
-0.000100608	-5.85494e-06	
-0.000110848	-6.4509e-06	
-0.000111663	-6.49828e-06	
-0.000102003	-5.93615e-06	
-0.000111919	-6.51321e-06	
-0.000112426	-6.54273e-06	
-0.00011282	-6.56563e-06	
-0.000121862	-7.09181e-06	
-0.000121537	-7.07294e-06	
-0.000129896	-7.55936e-06	
-0.000128921	-7.50266e-06	
-0.000127906	-7.44355e-06	
-0.000126852	-7.38221e-06	
-0.000125762	-7.31882e-06	
-0.000124641	-7.25354e-06	
-0.000123489	-7.18654e-06	
-0.000122311	-7.11795e-06	
-0.000129863	-7.55748e-06	
-0.000128129	-7.45657e-06	
-0.000126398	-7.35582e-06	
-0.000124671	-7.25529e-06	
-0.000131704	-7.6646e-06	
-0.000129479	-7.53513e-06	
-0.000127284	-7.40739e-06	
-0.000133875	-7.79094e-06	
-0.000131231	-7.63708e-06	
-0.00012864	-7.48628e-06	
-0.0001261	-7.33848e-06	
-0.000132367	-7.70316e-06	
-0.000119076	-6.92968e-06	
-0.000116799	-6.79721e-06	
-0.000114565	-6.66721e-06	
-0.000112373	-6.53963e-06	
-0.000118978	-6.92397e-06	
-0.000116358	-6.77152e-06	
-0.000113801	-6.6227e-06	
-0.000111304	-6.47742e-06	
-0.000117623	-6.84512e-06	
-0.000114734	-6.67704e-06	
-0.000111925	-6.51356e-06	
-0.000109193	-6.35454e-06	
-0.000106534	-6.19983e-06	
-0.000112704	-6.55887e-06	
-0.000109679	-6.38284e-06	
-0.000106745	-6.21208e-06	
-0.000102196	-5.94736e-06	
-9.9533e-05	-5.79239e-06	
-9.69477e-05	-5.64194e-06	
-9.44374e-05	-5.49585e-06	
-0.000100756	-5.86354e-06	
-9.78798e-05	-5.69618e-06	
-9.50951e-05	-5.53412e-06	
-9.23983e-05	-5.37718e-06	
-8.97864e-05	-5.22518e-06	
-9.60122e-05	-5.58749e-06	
-9.3053e-05	-5.41528e-06	
-9.01933e-05	-5.24886e-06	
-8.74294e-05	-5.08801e-06	
-8.4758e-05	-4.93255e-06	
-9.09316e-05	-5.29182e-06	
-8.79269e-05	-5.11697e-06	
-8.50282e-05	-4.94827e-06	
-9.09873e-05	-5.29507e-06	
-7.74378e-05	-4.50654e-06	
-7.49491e-05	-4.36171e-06	
-7.25466e-05	-4.22189e-06	
-5.98843e-05	-3.48501e-06	
-7.30492e-05	-4.25115e-06	
-7.06006e-05	-4.10865e-06	
-7.44023e-05	-4.32989e-06	
-8.05226e-05	-4.68607e-06	
-8.36388e-05	-4.86742e-06	
-8.65134e-05	-5.0347e-06	
-8.29947e-05	-4.82993e-06	
-9.44189e-05	-5.49477e-06	
-9.64765e-05	-5.61452e-06	
-8.78349e-05	-5.11161e-06	
-9.01309e-05	-5.24523e-06	
-0.000100868	-5.87008e-06	
-0.000102273	-5.95184e-06	
-0.000101768	-5.92243e-06	
-0.000102967	-5.99224e-06	
-9.35116e-05	-5.44197e-06	
-9.50362e-05	-5.5307e-06	
-9.64017e-05	-5.61016e-06	
-9.76163e-05	-5.68084e-06	
-9.86876e-05	-5.74319e-06	
-9.96231e-05	-5.79763e-06	
-0.00010043	-5.84458e-06	
-0.000101115	-5.88443e-06	
-0.000101684	-5.91756e-06	
-0.000110784	-6.44717e-06	
-0.000110639	-6.43872e-06	
-0.000110419	-6.4259e-06	
-0.000110128	-6.40897e-06	
-0.000118411	-6.89102e-06	
-0.00011749	-6.8374e-06	
-0.000116533	-6.7817e-06	
-0.000115542	-6.72407e-06	
-0.000114522	-6.66468e-06	
-0.000122114	-7.10651e-06	
-0.000120538	-7.01481e-06	
-0.000118962	-6.92308e-06	
-0.000117386	-6.83138e-06	
-0.000124453	-7.24263e-06	
-0.00012238	-7.12201e-06	
-0.000120334	-7.00292e-06	
-0.000118314	-6.88539e-06	
-0.000114569	-6.66739e-06	
-0.000112704	-6.55886e-06	
-0.000100352	-5.84005e-06	
-0.000107782	-6.27244e-06	
-0.000104311	-6.07046e-06	
-0.000102714	-5.97749e-06	
-0.000109771	-6.38818e-06	
-0.0001077	-6.26767e-06	
-9.51582e-05	-5.53779e-06	
-0.000102413	-5.95996e-06	
-0.000100533	-5.8506e-06	
-8.81774e-05	-5.13154e-06	
-9.56123e-05	-5.56422e-06	
-9.39084e-05	-5.46506e-06	
-9.22314e-05	-5.36747e-06	
-9.05809e-05	-5.27142e-06	
-8.7204e-05	-5.07489e-06	
-8.57076e-05	-4.98781e-06	
-8.42323e-05	-4.90196e-06	
-7.22695e-05	-4.20577e-06	
-7.14464e-05	-4.15787e-06	
-6.88639e-05	-4.00758e-06	
-7.67707e-05	-4.46772e-06	
-7.5526e-05	-4.39528e-06	
-8.29361e-05	-4.82652e-06	
-8.9859e-05	-5.2294e-06	
-7.71682e-05	-4.49085e-06	
-8.42957e-05	-4.90564e-06	
-7.1802e-05	-4.17857e-06	
-7.91194e-05	-4.6044e-06	
-7.73172e-05	-4.49952e-06	
-7.55599e-05	-4.39726e-06	
-7.38464e-05	-4.29754e-06	
-8.0816e-05	-4.70314e-06	
-6.8176e-05	-3.96755e-06	
-6.67176e-05	-3.88268e-06	
-6.52925e-05	-3.79974e-06	
-6.21471e-05	-3.61669e-06	
-6.08879e-05	-3.54341e-06	
-5.96549e-05	-3.47166e-06	
-6.70882e-05	-3.90424e-06	
-7.40448e-05	-4.30909e-06	
-7.19063e-05	-4.18464e-06	
-6.98362e-05	-4.06416e-06	
-6.78321e-05	-3.94753e-06	
-7.45321e-05	-4.33745e-06	
-7.21515e-05	-4.1989e-06	
-6.98529e-05	-4.06513e-06	
-6.76333e-05	-3.93597e-06	
-7.41305e-05	-4.31407e-06	
-7.15589e-05	-4.16441e-06	
-6.90807e-05	-4.02019e-06	
-5.61838e-05	-3.26965e-06	
-6.31329e-05	-3.67406e-06	
-6.9636e-05	-4.05252e-06	
-5.65648e-05	-3.29183e-06	
-6.94621e-05	-4.04239e-06	
-6.68144e-05	-3.88831e-06	
-7.29087e-05	-4.24297e-06	
-6.99581e-05	-4.07126e-06	
-6.71239e-05	-3.90632e-06	
-7.03989e-05	-4.09691e-06	
-6.74357e-05	-3.92446e-06	
-6.90022e-05	-4.01563e-06	
-6.60161e-05	-3.84185e-06	
-6.91489e-05	-4.02416e-06	
-7.04632e-05	-4.10065e-06	
-7.32357e-05	-4.262e-06	
-6.54515e-05	-3.80899e-06	
-7.71626e-05	-4.49053e-06	
-6.28824e-05	-3.65948e-06	
-7.46352e-05	-4.34344e-06	
-7.69022e-05	-4.47537e-06	
-7.89812e-05	-4.59636e-06	
-8.96374e-05	-5.21651e-06	
-9.08594e-05	-5.28762e-06	
-8.16001e-05	-4.74877e-06	
-8.31526e-05	-4.83912e-06	
-7.42108e-05	-4.31875e-06	
-8.48241e-05	-4.9364e-06	
-8.60093e-05	-5.00537e-06	
-8.70616e-05	-5.06661e-06	
-8.7988e-05	-5.12052e-06	
-9.75508e-05	-5.67703e-06	
-9.77361e-05	-5.68781e-06	
-0.000106593	-6.20324e-06	
-0.000106106	-6.1749e-06	
-0.000114323	-6.65307e-06	
-0.000113226	-6.58927e-06	
-0.000112107	-6.52416e-06	
-0.000110968	-6.45786e-06	
-0.00010981	-6.39048e-06	
-9.82935e-05	-5.72025e-06	
-9.77053e-05	-5.68602e-06	
-9.70771e-05	-5.64947e-06	
-0.000105168	-6.1203e-06	
-0.000112715	-6.55953e-06	
-0.000110989	-6.45909e-06	
-0.000118034	-6.86909e-06	
-0.000115831	-6.74085e-06	
-0.000122422	-7.12443e-06	
-0.000119787	-6.9711e-06	
-0.000117213	-6.82131e-06	
-0.000123454	-7.1845e-06	
-0.000120489	-7.01191e-06	
-0.000117602	-6.84392e-06	
-0.000114792	-6.6804e-06	
-0.000112057	-6.52122e-06	
-0.00011815	-6.87579e-06	
-0.000115048	-6.6953e-06	
-0.000101695	-5.91821e-06	
-0.000108129	-6.29265e-06	
-0.000114113	-6.64088e-06	
-0.000110912	-6.45459e-06	
-0.000107811	-6.27411e-06	
-0.000104806	-6.09925e-06	
-0.00011065	-6.43936e-06	
-0.00010732	-6.24556e-06	
-0.0001041	-6.05817e-06	
-0.000100986	-5.87694e-06	
-0.00010673	-6.21122e-06	
-0.000103309	-6.01211e-06	
-0.000100005	-5.81988e-06	
-0.000105572	-6.14382e-06	
-0.00011074	-6.44457e-06	
-0.000106772	-6.21367e-06	
-0.000101364	-5.89897e-06	
-9.77771e-05	-5.6902e-06	
-8.39789e-05	-4.88721e-06	
-9.00069e-05	-5.23801e-06	
-8.68656e-05	-5.0552e-06	
-7.34961e-05	-4.27715e-06	
-7.99361e-05	-4.65193e-06	
-6.68481e-05	-3.89027e-06	
-6.48025e-05	-3.77122e-06	
-6.28253e-05	-3.65616e-06	
-6.0914e-05	-3.54493e-06	
-6.78222e-05	-3.94696e-06	
-6.55274e-05	-3.81341e-06	
-7.20707e-05	-4.1942e-06	
-6.94287e-05	-4.04045e-06	
-7.56416e-05	-4.40201e-06	
-7.26855e-05	-4.22998e-06	
-6.9844e-05	-4.06462e-06	
-6.71127e-05	-3.90567e-06	
-7.06001e-05	-4.10862e-06	
-8.25903e-05	-4.8064e-06	
-7.89624e-05	-4.59527e-06	
-8.42386e-05	-4.90232e-06	
-8.65058e-05	-5.03426e-06	
-9.73339e-05	-5.66441e-06	
-9.87119e-05	-5.7446e-06	
-9.99364e-05	-5.81587e-06	
-0.000109771	-6.38822e-06	
-0.000110204	-6.4134e-06	
-0.000104416	-6.07656e-06	
-0.000104994	-6.11017e-06	
-0.000114215	-6.64682e-06	
-0.000122822	-7.14769e-06	
-0.000122086	-7.1049e-06	
-0.000121301	-7.05921e-06	
-0.000123113	-7.16463e-06	
-0.000122085	-7.10479e-06	
-0.000121023	-7.04302e-06	
-0.000119931	-6.97948e-06	
-0.000127568	-7.42388e-06	
-0.00013467	-7.8372e-06	
-0.000126395	-7.35564e-06	
-0.000124612	-7.25186e-06	
-0.000131593	-7.65812e-06	
-0.000129318	-7.52576e-06	
-0.000135833	-7.90487e-06	
-0.000133115	-7.74673e-06	
-0.000130453	-7.59182e-06	
-0.000130489	-7.59387e-06	
-0.000117438	-6.83437e-06	
-0.000124145	-7.2247e-06	
-0.000130374	-7.5872e-06	
-0.000127392	-7.41366e-06	
-0.000133241	-7.75402e-06	
-0.000129898	-7.55947e-06	
-0.000126648	-7.37037e-06	
-0.000132245	-7.69611e-06	
-0.000137422	-7.99738e-06	
-0.000133443	-7.76579e-06	
-0.000129591	-7.54161e-06	
-0.000134618	-7.83416e-06	
-0.000139255	-8.10403e-06	
-0.000134765	-7.84276e-06	
-0.000139188	-8.10011e-06	
-0.000137138	-7.98086e-06	
-0.000141216	-8.21817e-06	
-0.000144954	-8.43568e-06	
-0.000139612	-8.1248e-06	
-0.000134471	-7.82562e-06	
-0.000138279	-8.04724e-06	
-0.000133009	-7.74052e-06	
-0.00012794	-7.44556e-06	
-0.000131821	-7.67144e-06	
-0.000126625	-7.36903e-06	
-0.000130387	-7.58795e-06	
-0.000125079	-7.27905e-06	
-0.000128737	-7.49192e-06	
-0.000123332	-7.17738e-06	
-0.000118144	-6.87545e-06	
-0.000102821	-5.98375e-06	
-0.000107398	-6.2501e-06	
-0.000111632	-6.49647e-06	
-0.000106782	-6.21426e-06	
-0.00010213	-5.94354e-06	
-9.76681e-05	-5.68386e-06	
-0.000102144	-5.94433e-06	
-0.000106286	-6.18538e-06	
-0.000101355	-5.8984e-06	
-0.000105386	-6.13298e-06	
-0.00010035	-5.83993e-06	
-0.000104283	-6.06883e-06	
-9.91565e-05	-5.77048e-06	
-9.42488e-05	-5.48487e-06	
-9.83073e-05	-5.72106e-06	
-9.33031e-05	-5.42983e-06	
-9.72712e-05	-5.66076e-06	
-9.21827e-05	-5.36463e-06	
-7.69736e-05	-4.47953e-06	
-8.16768e-05	-4.75323e-06	
-7.72929e-05	-4.49811e-06	
-7.31019e-05	-4.25421e-06	
-6.90961e-05	-4.02109e-06	
-7.40236e-05	-4.30785e-06	
-6.9857e-05	-4.06537e-06	
-7.46324e-05	-4.34328e-06	
-5.99793e-05	-3.49053e-06	
-6.52194e-05	-3.79548e-06	
-6.1354e-05	-3.57054e-06	
-5.76639e-05	-3.35579e-06	
-5.41418e-05	-3.15082e-06	
-5.95367e-05	-3.46478e-06	
-6.45775e-05	-3.75813e-06	
-6.05247e-05	-3.52227e-06	
-5.49565e-05	-3.19823e-06	
-6.0124e-05	-3.49896e-06	
-6.495e-05	-3.77981e-06	
-6.94504e-05	-4.04171e-06	
-7.36405e-05	-4.28556e-06	
-6.8779e-05	-4.00264e-06	
-6.24422e-05	-3.63386e-06	
-5.81235e-05	-3.38254e-06	
-5.23065e-05	-3.04401e-06	
-4.84855e-05	-2.82165e-06	
-5.36029e-05	-3.11945e-06	
-4.96306e-05	-2.88828e-06	
-5.46045e-05	-3.17774e-06	
-5.04961e-05	-2.93866e-06	
-5.53411e-05	-3.22061e-06	
-4.94088e-05	-2.87538e-06	
-6.09645e-05	-3.54787e-06	
-5.54762e-05	-3.22847e-06	
-7.53523e-05	-4.38517e-06	
-7.8549e-05	-4.57121e-06	
-7.27474e-05	-4.23358e-06	
-5.09385e-05	-2.9644e-06	
-5.5382e-05	-3.22299e-06	
-5.07732e-05	-2.95478e-06	
-4.63902e-05	-2.69971e-06	
-5.09794e-05	-2.96678e-06	
-4.65111e-05	-2.70675e-06	
-5.10198e-05	-2.96913e-06	
-4.64757e-05	-2.70469e-06	
-2.58722e-05	-1.50565e-06	
-1.51859e-05	-8.83754e-07	
-2.13855e-05	-1.24455e-06	
-1.09289e-05	-6.36012e-07	
7.69266e-06	4.4768e-07	
2.52411e-05	1.46892e-06	
4.17647e-05	2.43052e-06	
5.73097e-05	3.33518e-06	
7.19206e-05	4.18547e-06	
7.68839e-05	4.47431e-06	
8.15047e-05	4.74322e-06	
9.45551e-05	5.5027e-06	
0.000106786	6.2145e-06	
0.000119822	6.97315e-06	
0.000130434	7.59072e-06	
0.000131584	7.65762e-06	
0.000132568	7.7149e-06	
0.000142152	8.27265e-06	
0.000142324	8.28263e-06	
0.000151134	8.79534e-06	
0.000134285	7.81478e-06	
0.00014334	8.34178e-06	
0.000143013	8.32273e-06	
0.000151353	8.80806e-06	
0.000150344	8.74937e-06	
0.000158036	9.197e-06	
0.000165168	9.61204e-06	
0.00016301	9.48648e-06	
0.000154177	8.97242e-06	
0.000161166	9.37916e-06	
0.000167633	9.75552e-06	
0.000169192	9.84624e-06	
0.000166189	9.67149e-06	
0.000182332	1.06109e-05	
0.000178313	1.0377e-05	
0.00017439	1.01487e-05	
0.000189659	1.10373e-05	
0.000193567	1.12647e-05	
0.000197105	1.14707e-05	
0.000201969	1.17537e-05	
0.000212566	1.23704e-05	
0.000247951	1.44297e-05	
0.00029044	1.69024e-05	
0.00034514	2.00857e-05	
0.000421342	2.45203e-05	
0.000517157	3.00963e-05	
0.000631793	3.67676e-05	
0.000772465	4.49541e-05	
0.000912331	5.30937e-05	
0.00106157	6.17786e-05	
0.00120761	7.02778e-05	
0.00133562	7.77274e-05	
0.00147438	8.58027e-05	
0.00160178	9.32167e-05	
0.00172942	0.000100645	
0.00183969	0.000107062	
0.00194225	0.000113031	
0.00204006	0.000118723	
0.00213689	0.000124358	
0.00222039	0.000129217	
0.00228285	0.000132852	
0.00236076	0.000137386	
0.00242626	0.000141198	
0.00248617	0.000144684	
0.00253213	0.000147359	
0.00258219	0.000150272	
0.002602	0.000151425	
0.0026546	0.000154486	
0.00267234	0.000155518	
0.00268704	0.000156374	
0.00270763	0.000157573	
0.00271625	0.000158074	
0.00271627	0.000158075	
0.00272289	0.00015846	
0.002703	0.000157303	
0.00269085	0.000156596	
0.00266873	0.000155308	
0.00264586	0.000153978	
0.00263095	0.00015311	
0.00260627	0.000151674	
0.00258968	0.000150708	
0.00257379	0.000149783	
0.00254652	0.000148197	
0.00252754	0.000147092	
0.0024991	0.000145437	
0.00248584	0.000144665	
0.0024801	0.000144331	
0.00248098	0.000144382	
0.00248858	0.000144825	
0.00249557	0.000145231	
0.00249858	0.000145406	
0.00249952	0.000145461	
0.00248989	0.000144901	
0.00248757	0.000144766	
0.00248351	0.00014453	
0.00246917	0.000143695	
0.00246243	0.000143303	
0.00245422	0.000142825	
0.00243599	0.000141764	
0.0024256	0.00014116	
0.00240534	0.000139981	
0.00238443	0.000138764	
0.00238202	0.000138623	
0.00235885	0.000137275	
0.00232125	0.000135086	
0.00228987	0.000133261	
0.00224993	0.000130936	
0.00221922	0.000129149	
0.0021886	0.000127367	
0.00214944	0.000125088	
0.00213	0.000123957	
0.00209097	0.000121685	
0.00206124	0.000119955	
0.00202303	0.000117731	
0.00198547	0.000115546	
0.00194178	0.000113003	
0.00190592	0.000110916	
0.00187932	0.000109368	
0.00184419	0.000107324	
0.00181832	0.000105818	
0.00179256	0.000104319	
0.00176692	0.000102827	
0.00173279	0.000100841	
0.00170964	9.94936e-05	
0.00168483	9.80498e-05	
0.0016361	9.52138e-05	
0.001613	9.38695e-05	
0.00157457	9.16334e-05	
0.00153717	8.94563e-05	
0.00150074	8.73366e-05	
0.00145663	8.47696e-05	
0.00143305	8.33973e-05	
0.00139928	8.14321e-05	
0.00136639	7.95182e-05	
0.00132572	7.71512e-05	
0.00129502	7.53644e-05	
0.00125646	7.31204e-05	
0.0012278	7.14528e-05	
0.00121032	7.04354e-05	
0.00117383	6.83117e-05	
0.00114718	6.67612e-05	
0.0011212	6.52491e-05	
0.00108722	6.32716e-05	
0.00106301	6.18627e-05	
0.00103075	5.99849e-05	
0.00100819	5.86724e-05	
0.000996629	5.79995e-05	
0.000965879	5.621e-05	
0.000936163	5.44806e-05	
0.000916084	5.33121e-05	
0.000887825	5.16676e-05	
0.000869157	5.05811e-05	
0.000850903	4.95189e-05	
0.000833053	4.84801e-05	
0.000815599	4.74643e-05	
0.000789889	4.59681e-05	
0.000773698	4.50258e-05	
0.000757851	4.41036e-05	
0.000742341	4.3201e-05	
0.000718519	4.18147e-05	
0.000698285	4.06372e-05	
0.000684561	3.98385e-05	
0.000671107	3.90555e-05	
0.000657918	3.8288e-05	
0.000636348	3.70327e-05	
0.000601587	3.50097e-05	
0.00057632	3.35393e-05	
0.000550103	3.20136e-05	
0.000532929	3.10142e-05	
0.000524979	3.05515e-05	
0.000502455	2.92407e-05	
0.0004896	2.84926e-05	
0.000468356	2.72563e-05	
0.000456733	2.65799e-05	
0.000445431	2.59222e-05	
0.000434442	2.52826e-05	
0.000414998	2.41511e-05	
0.000396356	2.30662e-05	
0.00038724	2.25357e-05	
0.000369598	2.1509e-05	
0.000344732	2.00619e-05	
0.00033933	1.97475e-05	
0.000329631	1.91831e-05	
0.000323004	1.87974e-05	
0.00029116	1.69442e-05	
0.000292151	1.70019e-05	
0.000270276	1.57289e-05	
0.000266163	1.54896e-05	
0.000236733	1.37768e-05	
0.000225407	1.31177e-05	
0.000212597	1.23722e-05	
0.000216957	1.2626e-05	
0.000189674	1.10382e-05	
0.000189165	1.10086e-05	
0.00016319	9.49693e-06	
0.000163933	9.54016e-06	
0.000153789	8.94986e-06	
0.000129479	7.53509e-06	
0.00012306	7.16158e-06	
0.000108961	6.34108e-06	
0.000103544	6.02582e-06	
8.17626e-05	4.75823e-06	
8.65205e-05	5.03512e-06	
8.21845e-05	4.78278e-06	
7.00791e-05	4.0783e-06	
6.65706e-05	3.87412e-06	
7.19689e-05	4.18828e-06	
6.82476e-05	3.97171e-06	
4.80915e-05	2.79872e-06	
4.5651e-05	2.65669e-06	
3.70614e-05	2.15682e-06	
3.51907e-05	2.04795e-06	
2.54448e-05	1.48078e-06	
3.45362e-05	2.00986e-06	
2.47825e-05	1.44224e-06	
6.92852e-06	4.0321e-07	
1.54452e-05	8.98841e-07	
-1.89056e-06	-1.10023e-07	
-1.82313e-05	-1.06098e-06	
-3.36216e-05	-1.95663e-06	
-3.94639e-05	-2.29662e-06	
-5.35822e-05	-3.11825e-06	
-5.82102e-05	-3.38758e-06	
-7.11697e-05	-4.14177e-06	
-8.33328e-05	-4.84961e-06	
-8.60953e-05	-5.01037e-06	
-9.72751e-05	-5.66099e-06	
-0.000107741	-6.27005e-06	
-0.000108885	-6.33662e-06	
-0.000118522	-6.89745e-06	
-0.000118876	-6.91809e-06	
-0.000127762	-7.43517e-06	
-0.000127401	-7.41416e-06	
-0.000126964	-7.38876e-06	
-0.000135098	-7.8621e-06	
-0.000142663	-8.30238e-06	
-0.000149687	-8.71116e-06	
-0.000147556	-8.58709e-06	
-0.000145435	-8.46366e-06	
-0.000151966	-8.84377e-06	
-0.000149368	-8.69257e-06	
-0.000155447	-9.04634e-06	
-0.00016106	-9.373e-06	
-0.00016623	-9.67388e-06	
-0.000162338	-9.44736e-06	
-0.000167187	-9.72956e-06	
-0.000162991	-9.48539e-06	
-0.000167554	-9.75091e-06	
-0.000163088	-9.49101e-06	
-0.000158755	-9.23885e-06	
-0.000163191	-9.49703e-06	
-0.00015861	-9.23039e-06	
-0.000162812	-9.47493e-06	
-0.00016665	-9.6983e-06	
-0.000161502	-9.39871e-06	
-0.000165168	-9.61205e-06	
-0.000159858	-9.30307e-06	
-0.000154733	-9.00478e-06	
-0.000158425	-9.21964e-06	
-0.000161786	-9.41524e-06	
-0.00015449	-8.99066e-06	
-0.000149198	-8.68265e-06	
-0.000142394	-8.28673e-06	
-0.000146216	-8.50912e-06	
-0.000149708	-8.71235e-06	
-0.000144246	-8.3945e-06	
-0.00014763	-8.5914e-06	
-0.000150708	-8.77053e-06	
-0.000153496	-8.93278e-06	
-0.000156008	-9.07899e-06	
-0.000149618	-8.70712e-06	
-0.000152122	-8.85286e-06	
-0.000154368	-8.98356e-06	
-0.000147728	-8.59715e-06	
-0.000149998	-8.72925e-06	
-0.000132927	-7.73577e-06	
-0.000135832	-7.90483e-06	
-0.000129827	-7.55538e-06	
-0.000132709	-7.72312e-06	
-0.000135326	-7.87541e-06	
-0.000137691	-8.01304e-06	
-0.000131176	-7.63389e-06	
-0.000133576	-7.77356e-06	
-0.00011664	-6.78794e-06	
-0.000119684	-6.96511e-06	
-0.000128749	-7.49263e-06	
-0.000137197	-7.98425e-06	
-0.000138772	-8.07594e-06	
-0.000146437	-8.52202e-06	
-0.000164067	-9.54801e-06	
-0.000170049	-9.89609e-06	
-0.000165217	-9.6149e-06	
-0.000164595	-9.57869e-06	
-0.000170169	-9.90307e-06	
-0.000183338	-1.06695e-05	
-0.000189445	-1.10249e-05	
-0.000209985	-1.22202e-05	
-0.000229189	-1.33378e-05	
-0.000238363	-1.38717e-05	
-0.000245246	-1.42722e-05	
-0.000261891	-1.52409e-05	
-0.000277385	-1.61426e-05	
-0.000291782	-1.69804e-05	
-0.000296377	-1.72479e-05	
-0.000309242	-1.79965e-05	
-0.000321136	-1.86887e-05	
-0.00032335	-1.88176e-05	
-0.000323607	-1.88325e-05	
-0.000325192	-1.89247e-05	
-0.000324854	-1.89051e-05	
-0.000325877	-1.89646e-05	
-0.000335351	-1.9516e-05	
-0.000324932	-1.89096e-05	
-0.000333962	-1.94352e-05	
-0.000333468	-1.94064e-05	
-0.000341506	-1.98741e-05	
-0.00034007	-1.97906e-05	
-0.000347215	-2.02064e-05	
-0.00035369	-2.05832e-05	
-0.000359526	-2.09229e-05	
-0.000356001	-2.07177e-05	
-0.000361165	-2.10183e-05	
-0.000357006	-2.07762e-05	
-0.000361571	-2.10419e-05	
-0.000356846	-2.07669e-05	
-0.000360878	-2.10016e-05	
-0.000364408	-2.12069e-05	
-0.000358704	-2.0875e-05	
-0.000353057	-2.05464e-05	
-0.000356223	-2.07306e-05	
-0.000358939	-2.08887e-05	
-0.000352472	-2.05124e-05	
-0.000354867	-2.06517e-05	
-0.0003481	-2.02579e-05	
-0.000350215	-2.0381e-05	
-0.000343189	-1.99721e-05	
-0.000345062	-2.00811e-05	
-0.000346568	-2.01687e-05	
-0.000347726	-2.02361e-05	
-0.000348556	-2.02844e-05	
-0.000349075	-2.03146e-05	
-0.000349301	-2.03278e-05	
-0.000349251	-2.03249e-05	
-0.00034894	-2.03068e-05	
-0.000348384	-2.02744e-05	
-0.000347597	-2.02286e-05	
-0.000346593	-2.01702e-05	
-0.000345385	-2.00999e-05	
-0.00033523	-1.95089e-05	
-0.00033416	-1.94467e-05	
-0.0003329	-1.93733e-05	
-0.00033146	-1.92895e-05	
-0.000329854	-1.9196e-05	
-0.00032809	-1.90934e-05	
-0.00032618	-1.89823e-05	
-0.000324134	-1.88632e-05	
-0.000313204	-1.82271e-05	
-0.000311421	-1.81234e-05	
-0.000309505	-1.80119e-05	
-0.00029871	-1.73836e-05	
-0.000297064	-1.72878e-05	
-0.000295288	-1.71845e-05	
-0.000284635	-1.65645e-05	
-0.000272792	-1.58753e-05	
-0.000271765	-1.58155e-05	
-0.000270591	-1.57472e-05	
-0.000260524	-1.51614e-05	
-0.000259594	-1.51073e-05	
-0.000258522	-1.50448e-05	
-0.00024856	-1.44651e-05	
-0.000247737	-1.44172e-05	
-0.000246775	-1.43612e-05	
-0.000226584	-1.31862e-05	
-0.000226477	-1.318e-05	
-0.00021745	-1.26546e-05	
-0.000217532	-1.26594e-05	
-0.000217445	-1.26544e-05	
-0.000208443	-1.21305e-05	
-0.000208556	-1.21371e-05	
-0.000208506	-1.21341e-05	
-0.0002083	-1.21222e-05	
-0.000199194	-1.15922e-05	
-0.000190459	-1.10839e-05	
-0.000190838	-1.11059e-05	
-0.00019105	-1.11183e-05	
-0.000182351	-1.0612e-05	
-0.000182768	-1.06363e-05	
-0.000183024	-1.06512e-05	
-0.000183127	-1.06572e-05	
-0.000183086	-1.06548e-05	
-0.000182909	-1.06445e-05	
-0.000182605	-1.06268e-05	
-0.00018218	-1.06021e-05	
-0.000172886	-1.00612e-05	
-0.000180251	-1.04898e-05	
-0.000195699	-1.13888e-05	
-0.000210113	-1.22277e-05	
-0.000223543	-1.30092e-05	
-0.000227394	-1.32333e-05	
-0.000239493	-1.39375e-05	
-0.000250718	-1.45907e-05	
-0.000261111	-1.51955e-05	
-0.000270711	-1.57542e-05	
-0.000295698	-1.72084e-05	
-0.00031903	-1.85662e-05	
-0.000324643	-1.88928e-05	
-0.000329689	-1.91865e-05	
-0.000334198	-1.94489e-05	
-0.000338196	-1.96815e-05	
-0.00034171	-1.9886e-05	
-0.000344764	-2.00638e-05	
-0.000338743	-1.97134e-05	
-0.000341452	-1.9871e-05	
-0.000343749	-2.00047e-05	
-0.000345655	-2.01156e-05	
-0.00034719	-2.0205e-05	
-0.000348376	-2.0274e-05	
-0.000349231	-2.03238e-05	
-0.000349774	-2.03553e-05	
-0.000341381	-1.98669e-05	
-0.000341853	-1.98944e-05	
-0.00034204	-1.99052e-05	
-0.000341958	-1.99004e-05	
-0.000341622	-1.98809e-05	
-0.000341049	-1.98476e-05	
-0.000340251	-1.98011e-05	
-0.000339242	-1.97424e-05	
-0.000318937	-1.85608e-05	
-0.000318654	-1.85443e-05	
-0.000318146	-1.85147e-05	
-0.000308787	-1.797e-05	
-0.000308372	-1.79459e-05	
-0.000304984	-1.77488e-05	
-0.000304325	-1.77104e-05	
-0.000303473	-1.76608e-05	
-0.000293801	-1.7098e-05	
-0.000293103	-1.70573e-05	
-0.000292223	-1.70061e-05	
-0.000296922	-1.72796e-05	
-0.000295379	-1.71898e-05	
-0.000299451	-1.74267e-05	
-0.000313455	-1.82417e-05	
-0.000326421	-1.89963e-05	
-0.000338398	-1.96933e-05	
-0.000349432	-2.03355e-05	
-0.00034343	-1.99861e-05	
-0.00035089	-2.04203e-05	
-0.000360422	-2.0975e-05	
-0.000360494	-2.09792e-05	
-0.000368932	-2.14702e-05	
-0.000376608	-2.19169e-05	
-0.000374919	-2.18186e-05	
-0.000381685	-2.22124e-05	
-0.000379134	-2.2064e-05	
-0.000385084	-2.24102e-05	
-0.000396395	-2.30685e-05	
-0.000400767	-2.33229e-05	
-0.000395945	-2.30423e-05	
-0.000399742	-2.32633e-05	
-0.000409012	-2.38027e-05	
-0.000408686	-2.37837e-05	
-0.00040807	-2.37479e-05	
-0.000415938	-2.42058e-05	
-0.000417049	-2.42705e-05	
-0.000415018	-2.41523e-05	
-0.000421547	-2.45322e-05	
-0.000421391	-2.45231e-05	
-0.000420927	-2.44961e-05	
-0.000426164	-2.48009e-05	
-0.000416146	-2.42179e-05	
-0.000415029	-2.41529e-05	
-0.000419656	-2.44222e-05	
-0.000414945	-2.4148e-05	
-0.000412955	-2.40322e-05	
-0.000416759	-2.42536e-05	
-0.000420032	-2.4444e-05	
-0.000416808	-2.42564e-05	
-0.00041069	-2.39004e-05	
-0.000413369	-2.40563e-05	
-0.000406827	-2.36756e-05	
-0.000409109	-2.38084e-05	
-0.000410952	-2.39156e-05	
-0.000403623	-2.34891e-05	
-0.000405166	-2.35789e-05	
-0.000406315	-2.36458e-05	
-0.000407092	-2.3691e-05	
-0.000407517	-2.37157e-05	
-0.000398855	-2.32116e-05	
-0.000399144	-2.32284e-05	
-0.000393123	-2.28781e-05	
-0.000384387	-2.23697e-05	
-0.000384618	-2.23831e-05	
-0.000384546	-2.23789e-05	
-0.000384188	-2.23581e-05	
-0.000374805	-2.1812e-05	
-0.000374432	-2.17903e-05	
-0.000373799	-2.17535e-05	
-0.00037292	-2.17023e-05	
-0.000363054	-2.11282e-05	
-0.000362236	-2.10806e-05	
-0.000361192	-2.10198e-05	
-0.000359935	-2.09467e-05	
-0.000358479	-2.08619e-05	
-0.000346443	-2.01615e-05	
-0.000345228	-2.00908e-05	
-0.000343823	-2.0009e-05	
-0.000342239	-1.99168e-05	
-0.000340488	-1.98149e-05	
-0.00033858	-1.97039e-05	
-0.000336526	-1.95844e-05	
-0.00032558	-1.89473e-05	
-0.000323772	-1.88421e-05	
-0.000321824	-1.87287e-05	
-0.000319744	-1.86077e-05	
-0.000317542	-1.84796e-05	
-0.000315228	-1.83449e-05	
-0.000312808	-1.82041e-05	
-0.000310291	-1.80576e-05	
-0.000298928	-1.73963e-05	
-0.000296747	-1.72694e-05	
-0.000294467	-1.71367e-05	
-0.000292096	-1.69987e-05	
-0.00028964	-1.68558e-05	
-0.000287107	-1.67084e-05	
-0.000275746	-1.60472e-05	
-0.000273585	-1.59215e-05	
-0.000262585	-1.52813e-05	
-0.000260774	-1.51759e-05	
-0.000250113	-1.45555e-05	
-0.000248632	-1.44693e-05	
-0.000247047	-1.43771e-05	
-0.000236611	-1.37697e-05	
-0.000235351	-1.36964e-05	
-0.000233986	-1.36169e-05	
-0.000232522	-1.35318e-05	
-0.000222211	-1.29317e-05	
-0.000221079	-1.28658e-05	
-0.000219845	-1.2794e-05	
-0.000218517	-1.27167e-05	
-0.000208343	-1.21247e-05	
-0.000207352	-1.2067e-05	
-0.000206261	-1.20035e-05	
-0.000196321	-1.1425e-05	
-0.000195559	-1.13807e-05	
-0.000185937	-1.08207e-05	
-0.000185482	-1.07942e-05	
-0.000184913	-1.07611e-05	
-0.000184238	-1.07218e-05	
-0.000183462	-1.06767e-05	
-0.000182592	-1.06261e-05	
-0.000172879	-1.00608e-05	
-0.000172348	-1.00299e-05	
-0.000162961	-9.48363e-06	
-0.000162746	-9.47109e-06	
-0.00016242	-9.45212e-06	
-0.00016199	-9.42712e-06	
-0.000152707	-8.88687e-06	
-0.000152596	-8.88045e-06	
-0.000152377	-8.8677e-06	
-0.000152056	-8.84899e-06	
-0.000151638	-8.82469e-06	
-0.000131981	-7.68073e-06	
-0.0001325	-7.71093e-06	
-0.000132889	-7.73359e-06	
-0.0001244	-7.23955e-06	
-0.00012506	-7.27793e-06	
-0.000125587	-7.30863e-06	
-0.00012599	-7.33205e-06	
-0.000126274	-7.34861e-06	
-0.000117691	-6.8491e-06	
-0.000118267	-6.88263e-06	
-0.000118721	-6.90904e-06	
-0.000119059	-6.92873e-06	
-0.000110532	-6.4325e-06	
-0.000111167	-6.46942e-06	
-0.000111681	-6.49936e-06	
-0.000103326	-6.0131e-06	
