0	0	
-1.61075e-13	-1.61075e-13	
-1.23811e-12	-1.23811e-12	
4.3751e-11	4.3751e-11	
2.95061e-10	2.95061e-10	
7.34366e-10	7.34366e-10	
1.91246e-09	1.91246e-09	
3.85285e-09	3.85285e-09	
7.16647e-09	7.16647e-09	
1.42389e-08	1.42389e-08	
2.32459e-08	2.32459e-08	
3.54725e-08	3.54725e-08	
5.69447e-08	5.69447e-08	
8.60434e-08	8.60434e-08	
1.23823e-07	1.23823e-07	
1.76446e-07	1.76446e-07	
2.48795e-07	2.48795e-07	
3.29718e-07	3.29718e-07	
4.45593e-07	4.45593e-07	
5.74347e-07	5.74347e-07	
7.51575e-07	7.51575e-07	
9.46109e-07	9.46109e-07	
1.16836e-06	1.16836e-06	
1.44648e-06	1.44648e-06	
1.76281e-06	1.76281e-06	
2.11942e-06	2.11942e-06	
2.52664e-06	2.52664e-06	
2.97963e-06	2.97963e-06	
3.48026e-06	3.48026e-06	
4.0418e-06	4.0418e-06	
4.61804e-06	4.61804e-06	
5.2426e-06	5.2426e-06	
6.02479e-06	6.02479e-06	
6.82274e-06	6.82274e-06	
7.6878e-06	7.6878e-06	
8.68304e-06	8.68304e-06	
9.68538e-06	9.68538e-06	
1.06979e-05	1.06979e-05	
1.17788e-05	1.17788e-05	
1.293e-05	1.293e-05	
1.41535e-05	1.41535e-05	
1.54406e-05	1.54406e-05	
1.68144e-05	1.68144e-05	
1.82665e-05	1.82665e-05	
1.96793e-05	1.96793e-05	
2.08932e-05	2.08932e-05	
2.24264e-05	2.24264e-05	
2.38707e-05	2.38707e-05	
2.57182e-05	2.57182e-05	
2.73091e-05	2.73091e-05	
2.89827e-05	2.89827e-05	
3.06812e-05	3.06812e-05	
3.20739e-05	3.20739e-05	
3.36882e-05	3.36882e-05	
3.53784e-05	3.53784e-05	
3.7354e-05	3.7354e-05	
3.88859e-05	3.88859e-05	
4.07697e-05	4.07697e-05	
4.20812e-05	4.20812e-05	
4.32234e-05	4.32234e-05	
4.46404e-05	4.46404e-05	
4.55942e-05	4.55942e-05	
4.70219e-05	4.70219e-05	
4.82446e-05	4.82446e-05	
4.93196e-05	4.93196e-05	
5.0442e-05	5.0442e-05	
5.15726e-05	5.15726e-05	
5.22978e-05	5.22978e-05	
5.2964e-05	5.2964e-05	
5.36177e-05	5.36177e-05	
5.47832e-05	5.47832e-05	
5.49239e-05	5.49239e-05	
5.54872e-05	5.54872e-05	
5.61569e-05	5.61569e-05	
5.682e-05	5.682e-05	
5.68359e-05	5.68359e-05	
5.74884e-05	5.74884e-05	
5.74439e-05	5.74439e-05	
5.79463e-05	5.79463e-05	
5.78435e-05	5.78435e-05	
5.77132e-05	5.77132e-05	
5.83606e-05	5.83606e-05	
5.81752e-05	5.81752e-05	
5.79645e-05	5.79645e-05	
5.77294e-05	5.77294e-05	
5.83049e-05	5.83049e-05	
5.80196e-05	5.80196e-05	
5.77122e-05	5.77122e-05	
5.73837e-05	5.73837e-05	
5.7035e-05	5.7035e-05	
5.76532e-05	5.76532e-05	
5.72599e-05	5.72599e-05	
5.68486e-05	5.68486e-05	
5.64203e-05	5.64203e-05	
5.7096e-05	5.7096e-05	
5.66269e-05	5.66269e-05	
5.6143e-05	5.6143e-05	
5.70098e-05	5.70098e-05	
5.64861e-05	5.64861e-05	
5.59498e-05	5.59498e-05	
5.68934e-05	5.68934e-05	
5.6319e-05	5.6319e-05	
5.71567e-05	5.71567e-05	
5.65467e-05	5.65467e-05	
5.74328e-05	5.74328e-05	
5.67879e-05	5.67879e-05	
5.79036e-05	5.79036e-05	
5.88584e-05	5.88584e-05	
5.98318e-05	5.98318e-05	
5.90974e-05	5.90974e-05	
6.60451e-05	6.60451e-05	
6.68199e-05	6.68199e-05	
6.80269e-05	6.80269e-05	
7.13875e-05	7.13875e-05	
7.21741e-05	7.21741e-05	
7.54456e-05	7.54456e-05	
7.92245e-05	7.92245e-05	
8.2819e-05	8.2819e-05	
8.59793e-05	8.59793e-05	
8.94318e-05	8.94318e-05	
9.26771e-05	9.26771e-05	
9.85666e-05	9.85666e-05	
0.000102128	0.000102128	
0.000108189	0.000108189	
0.000114318	0.000114318	
0.000120228	0.000120228	
0.000126787	0.000126787	
0.000135807	0.000135807	
0.000145217	0.000145217	
0.000154087	0.000154087	
0.000163677	0.000163677	
0.000173024	0.000173024	
0.000186805	0.000186805	
0.00019966	0.00019966	
0.000212613	0.000212613	
0.000225306	0.000225306	
0.000238458	0.000238458	
0.000251706	0.000251706	
0.000264669	0.000264669	
0.000278115	0.000278115	
0.000291656	0.000291656	
0.000306102	0.000306102	
0.000323949	0.000323949	
0.000341475	0.000341475	
0.000358672	0.000358672	
0.000380371	0.000380371	
0.000399925	0.000399925	
0.000417753	0.000417753	
0.000435683	0.000435683	
0.000454667	0.000454667	
0.000473268	0.000473268	
0.000495917	0.000495917	
0.000514142	0.000514142	
0.000537596	0.000537596	
0.000565323	0.000565323	
0.000590488	0.000590488	
0.000617914	0.000617914	
0.000656486	0.000656486	
0.000684998	0.000684998	
0.000723923	0.000723923	
0.000751831	0.000751831	
0.000780438	0.000780438	
0.000826675	0.000826675	
0.000860646	0.000860646	
0.000909117	0.000909117	
0.000942964	0.000942964	
0.000990531	0.000990531	
0.00103418	0.00103418	
0.00108997	0.00108997	
0.00114985	0.00114985	
0.0012014	0.0012014	
0.00124665	0.00124665	
0.00130417	0.00130417	
0.00136169	0.00136169	
0.00143704	0.00143704	
0.0015093	0.0015093	
0.00158378	0.00158378	
0.00165743	0.00165743	
0.00172233	0.00172233	
0.00179607	0.00179607	
0.00188367	0.00188367	
0.00197941	0.00197941	
0.00206993	0.00206993	
0.00215859	0.00215859	
0.00227495	0.00227495	
0.00237952	0.00237952	
0.00249821	0.00249821	
0.00263663	0.00263663	
0.00274591	0.00274591	
0.00286815	0.00286815	
0.00298531	0.00298531	
0.00312057	0.00312057	
0.00325837	0.00325837	
0.00342166	0.00342166	
0.00355903	0.00355903	
0.00372271	0.00372271	
0.00390558	0.00390558	
0.00410563	0.00410563	
0.00425653	0.00425653	
0.00442551	0.00442551	
0.00459724	0.00459724	
0.00478958	0.00478958	
0.00501289	0.00501289	
0.00523165	0.00523165	
0.00546227	0.00546227	
0.00570712	0.00570712	
0.00593517	0.00593517	
0.00616219	0.00616219	
0.00638828	0.00638828	
0.00667204	0.00667204	
0.00697445	0.00697445	
0.00725465	0.00725465	
0.00754762	0.00754762	
0.00784555	0.00784555	
0.00809654	0.00809654	
0.00841693	0.00841693	
0.00876285	0.00876285	
0.00908573	0.00908573	
0.00942665	0.00942665	
0.00978701	0.00978701	
0.0101523	0.0101523	
0.010577	0.010577	
0.0110195	0.0110195	
0.0114753	0.0114753	
0.0119324	0.0119324	
0.0124571	0.0124571	
0.0130058	0.0130058	
0.013588	0.013588	
0.0141464	0.0141464	
0.0146181	0.0146181	
0.0152617	0.0152617	
0.0159033	0.0159033	
0.0164894	0.0164894	
0.0170949	0.0170949	
0.0177766	0.0177766	
0.0185846	0.0185846	
0.0193219	0.0193219	
0.0200513	0.0200513	
0.0208862	0.0208862	
0.0216228	0.0216228	
0.0224289	0.0224289	
0.0233249	0.0233249	
0.0241546	0.0241546	
0.0250134	0.0250134	
0.0259153	0.0259153	
0.0268113	0.0268113	
0.0277134	0.0277134	
0.0286279	0.0286279	
0.02966	0.02966	
0.0306521	0.0306521	
0.0316788	0.0316788	
0.0327255	0.0327255	
0.0336703	0.0336703	
0.0347017	0.0347017	
0.035774	0.035774	
0.0368915	0.0368915	
0.0381797	0.0381797	
0.0394621	0.0394621	
0.0407052	0.0407052	
0.0419939	0.0419939	
0.043413	0.043413	
0.0447528	0.0447528	
0.0462327	0.0462327	
0.0474417	0.0474417	
0.048799	0.048799	
0.0503161	0.0503161	
0.0517667	0.0517667	
0.0532363	0.0532363	
0.0546621	0.0546621	
0.0561486	0.0561486	
0.0575963	0.0575963	
0.0591165	0.0591165	
0.0605214	0.0605214	
0.0619864	0.0619864	
0.0636038	0.0636038	
0.0652389	0.0652389	
0.06707	0.06707	
0.0688226	0.0688226	
0.0706613	0.0706613	
0.0727521	0.0727521	
0.0745866	0.0745866	
0.0765686	0.0765686	
0.0784158	0.0784158	
0.080556	0.080556	
0.0823987	0.0823987	
0.0843759	0.0843759	
0.0863523	0.0863523	
0.0883494	0.0883494	
0.0901973	0.0901973	
0.0921683	0.0921683	
0.0942178	0.0942178	
0.0961299	0.0961299	
0.0980614	0.0980614	
0.100308	0.100308	
0.102694	0.102694	
0.104943	0.104943	
0.107226	0.107226	
0.109798	0.109798	
0.112013	0.112013	
0.114582	0.114582	
0.11707	0.11707	
0.119592	0.119592	
0.121948	0.121948	
0.124052	0.124052	
0.126447	0.126447	
0.128818	0.128818	
0.131225	0.131225	
0.133561	0.133561	
0.136174	0.136174	
0.138774	0.138774	
0.141469	0.141469	
0.14427	0.14427	
0.147002	0.147002	
0.149773	0.149773	
0.152803	0.152803	
0.156105	0.156105	
0.159455	0.159455	
0.16283	0.16283	
0.16638	0.16638	
0.170209	0.170209	
0.173979	0.173979	
0.178043	0.178043	
0.181761	0.181761	
0.186024	0.186024	
0.189871	0.189871	
0.194057	0.194057	
0.198289	0.198289	
0.202906	0.202906	
0.207499	0.207499	
0.212111	0.212111	
0.21702	0.21702	
0.221928	0.221928	
0.226691	0.226691	
0.231387	0.231387	
0.236613	0.236613	
0.241762	0.241762	
0.246963	0.246963	
0.252673	0.252673	
0.258354	0.258354	
0.264106	0.264106	
0.270053	0.270053	
0.276382	0.276382	
0.282458	0.282458	
0.288784	0.288784	
0.295117	0.295117	
0.30164	0.30164	
0.307951	0.307951	
0.314591	0.314591	
0.321698	0.321698	
0.32855	0.32855	
0.335684	0.335684	
0.342786	0.342786	
0.349632	0.349632	
0.356949	0.356949	
0.364268	0.364268	
0.371803	0.371803	
0.379462	0.379462	
0.387283	0.387283	
0.395213	0.395213	
0.403419	0.403419	
0.41157	0.41157	
0.419792	0.419792	
0.428554	0.428554	
0.437207	0.437207	
0.446659	0.446659	
0.455765	0.455765	
0.464954	0.464954	
0.474481	0.474481	
0.484113	0.484113	
0.493923	0.493923	
0.503503	0.503503	
0.513291	0.513291	
0.522959	0.522959	
0.53254	0.53254	
0.542017	0.542017	
0.551878	0.551878	
0.562102	0.562102	
0.572562	0.572562	
0.583095	0.583095	
0.593708	0.593708	
0.604491	0.604491	
0.615901	0.615901	
0.627217	0.627217	
0.63854	0.63854	
0.650294	0.650294	
0.661841	0.661841	
0.6738	0.6738	
0.685672	0.685672	
0.698812	0.698812	
0.712522	0.712522	
0.726948	0.726948	
0.741473	0.741473	
0.756443	0.756443	
0.771515	0.771515	
0.787219	0.787219	
0.804129	0.804129	
0.821634	0.821634	
0.840138	0.840138	
0.858587	0.858587	
0.87679	0.87679	
0.895198	0.895198	
0.913469	0.913469	
0.932193	0.932193	
0.95193	0.95193	
0.972051	0.972051	
0.992308	0.992308	
1.01202	1.01202	
1.03114	1.03114	
1.05007	1.05007	
1.06936	1.06936	
1.0891	1.0891	
1.10911	1.10911	
1.12949	1.12949	
1.14984	1.14984	
1.16998	1.16998	
1.19023	1.19023	
1.21172	1.21172	
1.23472	1.23472	
1.25934	1.25934	
1.28413	1.28413	
1.30915	1.30915	
1.3347	1.3347	
1.36156	1.36156	
1.38909	1.38909	
1.41741	1.41741	
1.44617	1.44617	
1.47497	1.47497	
1.50406	1.50406	
1.53335	1.53335	
1.56325	1.56325	
1.59371	1.59371	
1.62634	1.62634	
1.66077	1.66077	
1.6963	1.6963	
1.73272	1.73272	
1.76916	1.76916	
1.80533	1.80533	
1.84126	1.84126	
1.87546	1.87546	
1.90942	1.90942	
1.94365	1.94365	
1.97875	1.97875	
2.01515	2.01515	
2.0508	2.0508	
2.08742	2.08742	
2.12422	2.12422	
2.16061	2.16061	
2.1957	2.1957	
2.23146	2.23146	
2.26824	2.26824	
2.30567	2.30567	
2.34244	2.34244	
2.37948	2.37948	
2.41474	2.41474	
2.44818	2.44818	
2.48173	2.48173	
2.51661	2.51661	
2.55488	2.55488	
2.59331	2.59331	
2.63181	2.63181	
2.671	2.671	
2.70938	2.70938	
2.74757	2.74757	
2.78609	2.78609	
2.82719	2.82719	
2.87049	2.87049	
2.91504	2.91504	
2.96163	2.96163	
3.00831	3.00831	
3.05418	3.05418	
3.10164	3.10164	
3.15234	3.15234	
3.20675	3.20675	
3.26262	3.26262	
3.31556	3.31556	
3.36521	3.36521	
3.4139	3.4139	
3.46413	3.46413	
3.51618	3.51618	
3.56823	3.56823	
3.61749	3.61749	
3.66623	3.66623	
3.71652	3.71652	
3.76832	3.76832	
3.81967	3.81967	
3.86959	3.86959	
3.91778	3.91778	
3.96733	3.96733	
4.01953	4.01953	
4.07217	4.07217	
4.1239	4.1239	
4.17635	4.17635	
4.23001	4.23001	
4.28797	4.28797	
4.34897	4.34897	
4.41017	4.41017	
4.46956	4.46878	
4.52924	4.52388	
4.59237	4.5778	
4.65953	4.63057	
4.72608	4.6822	
4.7909	4.7327	
4.85497	4.78209	
4.92004	4.83038	
4.98255	4.8776	
5.04434	4.92374	
5.10354	4.96883	
5.1625	5.01289	
5.22194	5.05591	
5.27808	5.09793	
5.33128	5.13895	
5.38176	5.17898	
5.43277	5.21804	
5.4854	5.25614	
5.53894	5.29329	
5.59333	5.32951	
5.6496	5.36481	
5.70905	5.3992	
5.77394	5.4327	
5.8428	5.46531	
5.91296	5.49706	
5.9856	5.52794	
6.06009	5.55797	
6.1375	5.58717	
6.21457	5.61554	
6.28826	5.6431	
6.36011	5.66986	
6.43065	5.69582	
6.49877	5.72101	
6.56284	5.74543	
6.62402	5.76909	
6.68144	5.792	
6.73467	5.81417	
6.7849	5.83562	
6.833	5.85635	
6.88158	5.87637	
6.93207	5.8957	
6.9867	5.91434	
7.0462	5.9323	
7.10861	5.9496	
7.17091	5.96624	
7.23734	5.98223	
7.3071	5.99758	
7.37686	6.01231	
7.44442	6.02641	
7.51053	6.0399	
7.57263	6.05279	
7.63014	6.06508	
7.68197	6.07679	
7.73063	6.08793	
7.77644	6.09849	
7.81745	6.1085	
7.85611	6.11796	
7.89514	6.12687	
7.93307	6.13525	
7.97366	6.1431	
8.01898	6.15043	
8.06591	6.15726	
8.11576	6.16357	
8.1703	6.1694	
8.22934	6.17473	
8.29173	6.17959	
8.3536	6.18397	
8.41316	6.18788	
8.46815	6.19134	
8.51886	6.19435	
8.56592	6.19691	
8.60821	6.19903	
8.64535	6.20072	
8.68109	6.20199	
8.71615	6.20284	
8.75107	6.20328	
8.78849	6.20332	
8.82777	6.20296	
8.86828	6.20221	
8.90988	6.20107	
8.95444	6.19955	
9.00403	6.19767	
9.05617	6.19541	
9.10773	6.1928	
9.15643	6.18983	
9.20172	6.18651	
9.24275	6.18285	
9.28072	6.17885	
9.3153	6.17452	
9.34848	6.16986	
9.38291	6.16489	
9.41803	6.1596	
9.4535	6.154	
9.4896	6.14809	
9.52515	6.14189	
9.55932	6.13539	
9.59282	6.1286	
9.62799	6.12153	
9.66461	6.11419	
9.70303	6.10656	
9.74034	6.09867	
9.77269	6.09052	
9.79887	6.0821	
9.82263	6.07343	
9.84367	6.06452	
9.86339	6.05535	
9.88227	6.04595	
9.90371	6.0363	
9.92885	6.02643	
9.9562	6.01633	
9.98604	6.006	
10.0165	5.99546	
10.0474	5.9847	
10.0787	5.97373	
10.1082	5.96255	
10.1355	5.95117	
10.1608	5.93959	
10.1836	5.92782	
10.2006	5.91586	
10.2163	5.9037	
10.2305	5.89137	
10.2444	5.87885	
10.2574	5.86616	
10.2679	5.8533	
10.2824	5.84027	
10.3011	5.82707	
10.323	5.81371	
10.3474	5.8002	
10.3729	5.78652	
10.401	5.7727	
10.426	5.75873	
10.4479	5.74461	
10.4666	5.73035	
10.4824	5.71595	
10.4975	5.70142	
10.511	5.68676	
10.522	5.67196	
10.5311	5.65704	
10.5385	5.642	
10.548	5.62683	
10.5605	5.61155	
10.5747	5.59615	
10.588	5.58065	
10.6011	5.56503	
10.6154	5.5493	
10.6287	5.53348	
10.642	5.51755	
10.652	5.50152	
10.6582	5.4854	
10.6594	5.46918	
10.658	5.45288	
10.6577	5.43648	
10.6561	5.42	
10.655	5.40344	
10.6543	5.3868	
10.6536	5.37008	
10.6553	5.35328	
10.6581	5.33641	
10.6622	5.31946	
10.6684	5.30245	
10.6758	5.28537	
10.6831	5.26822	
10.6879	5.25102	
10.6882	5.23375	
10.6855	5.21642	
10.6786	5.19904	
10.67	5.1816	
10.6623	5.16411	
10.6549	5.14656	
10.6484	5.12897	
10.6442	5.11134	
10.6421	5.09365	
10.6438	5.07593	
10.6472	5.05816	
10.6519	5.04036	
10.6589	5.02251	
10.6671	5.00463	
10.6717	4.98672	
10.6716	4.96877	
10.6692	4.9508	
10.6633	4.93279	
10.6546	4.91475	
10.6435	4.89669	
10.6315	4.87861	
10.6198	4.8605	
10.6078	4.84237	
10.5949	4.82422	
10.5822	4.80606	
10.5725	4.78787	
10.5655	4.76967	
10.5613	4.75146	
10.5593	4.73324	
10.5591	4.715	
10.5572	4.69675	
10.5529	4.67849	
10.5447	4.66023	
10.5311	4.64196	
10.5143	4.62369	
10.4972	4.60541	
10.4818	4.58713	
10.4669	4.56885	
10.452	4.55057	
10.4378	4.53229	
10.4252	4.51401	
10.4169	4.49574	
10.4118	4.47747	
10.4066	4.4592	
10.4019	4.44095	
10.3972	4.4227	
10.3917	4.40446	
10.3859	4.38623	
10.3783	4.36801	
10.3672	4.3498	
10.3516	4.33161	
10.3385	4.31343	
10.3259	4.29526	
10.3111	4.27711	
10.2971	4.25898	
10.2823	4.24087	
10.2692	4.22277	
10.2573	4.20469	
10.2478	4.18663	
10.2403	4.1686	
10.2334	4.15058	
10.2322	4.13259	
10.2314	4.11462	
10.2295	4.09668	
10.226	4.07876	
10.2151	4.06086	
10.1982	4.043	
10.178	4.02516	
10.1571	4.00734	
10.135	3.98956	
10.1125	3.97181	
10.0922	3.95408	
10.0723	3.93639	
10.0528	3.91872	
10.0371	3.90109	
10.0213	3.88349	
10.0054	3.86593	
9.98995	3.84839	
9.97555	3.8309	
9.9597	3.81343	
9.94368	3.796	
9.92653	3.77861	
9.90808	3.76126	
9.88563	3.74394	
9.86158	3.72666	
9.83767	3.70941	
9.81208	3.69221	
9.78801	3.67504	
9.76444	3.65792	
9.74074	3.64083	
9.71903	3.62379	
9.69851	3.60678	
9.68014	3.58982	
9.66308	3.57289	
9.649	3.55601	
9.63908	3.53918	
9.6295	3.52238	
9.61797	3.50563	
9.60482	3.48892	
9.58686	3.47226	
9.56528	3.45564	
9.5424	3.43906	
9.52052	3.42253	
9.49757	3.40605	
9.47516	3.38961	
9.45242	3.37322	
9.43071	3.35687	
9.40724	3.34058	
9.38258	3.32432	
9.35965	3.30812	
9.33806	3.29196	
9.3192	3.27585	
9.30249	3.25979	
9.28657	3.24378	
9.26906	3.22781	
9.25115	3.2119	
9.23144	3.19603	
9.20864	3.18021	
9.18389	3.16445	
9.15883	3.14873	
9.13282	3.13306	
9.10617	3.11744	
9.07784	3.10187	
9.04706	3.08636	
9.01455	3.07089	
8.98124	3.05548	
8.9502	3.04011	
8.9229	3.0248	
8.89916	3.00954	
8.87897	2.99433	
8.86252	2.97917	
8.85026	2.96406	
8.83783	2.94901	
8.82256	2.93401	
8.80698	2.91906	
8.78996	2.90416	
8.77007	2.88932	
8.74915	2.87452	
8.72804	2.85978	
8.70584	2.8451	
8.68246	2.83046	
8.6592	2.81588	
8.63605	2.80135	
8.61026	2.78688	
8.58427	2.77246	
8.56116	2.75809	
8.54048	2.74377	
8.5207	2.72951	
8.50474	2.71531	
8.49336	2.70115	
8.48378	2.68705	
8.47349	2.673	
8.46311	2.65901	
8.45247	2.64507	
8.43979	2.63118	
8.42296	2.61735	
8.4044	2.60357	
8.38508	2.58985	
8.36259	2.57618	
8.33768	2.56256	
8.3101	2.549	
8.27919	2.53549	
8.24536	2.52203	
8.2121	2.50863	
8.18132	2.49529	
8.15316	2.48199	
8.12821	2.46875	
8.10533	2.45557	
8.08669	2.44243	
8.07299	2.42936	
8.05895	2.41633	
8.04432	2.40336	
8.02779	2.39044	
8.00922	2.37758	
7.98821	2.36477	
7.9662	2.35201	
7.94313	2.33931	
7.91944	2.32666	
7.89364	2.31407	
7.86627	2.30152	
7.83571	2.28904	
7.8049	2.2766	
7.77254	2.26422	
7.73892	2.25189	
7.70847	2.23961	
7.68241	2.22739	
7.65819	2.21522	
7.63815	2.2031	
7.62317	2.19104	
7.61218	2.17903	
7.60382	2.16707	
7.59621	2.15516	
7.58702	2.14331	
7.57714	2.13151	
7.56474	2.11976	
7.54719	2.10807	
7.52557	2.09642	
7.5026	2.08483	
7.47714	2.07329	
7.44664	2.0618	
7.41321	2.05037	
7.37771	2.03898	
7.34013	2.02765	
7.30203	2.01637	
7.26471	2.00514	
7.23016	1.99396	
7.2009	1.98284	
7.17624	1.97176	
7.15574	1.96074	
7.14139	1.94976	
7.132	1.93884	
7.12663	1.92797	
7.12096	1.91714	
7.11183	1.90637	
7.10138	1.89565	
7.08837	1.88498	
7.06903	1.87436	
7.04588	1.86379	
7.02062	1.85327	
6.9909	1.8428	
6.95783	1.83238	
6.92087	1.822	
6.88176	1.81168	
6.84286	1.80141	
6.8038	1.79118	
6.76677	1.78101	
6.73009	1.77088	
6.69848	1.7608	
6.6716	1.75077	
6.65108	1.74079	
6.63592	1.73086	
6.62594	1.72098	
6.62249	1.71114	
6.62378	1.70135	
6.62544	1.69161	
6.62544	1.68192	
6.62107	1.67227	
6.61254	1.66267	
6.59891	1.65312	
6.5788	1.64362	
6.55286	1.63416	
6.52253	1.62475	
6.48894	1.61538	
6.45318	1.60607	
6.41573	1.59679	
6.37615	1.58757	
6.33698	1.57839	
6.29764	1.56926	
6.26145	1.56017	
6.22642	1.55113	
6.19454	1.54213	
6.16952	1.53318	
6.15067	1.52427	
6.13802	1.51541	
6.13273	1.50659	
6.12971	1.49782	
6.13156	1.48909	
6.13392	1.48041	
6.13641	1.47177	
6.13296	1.46318	
6.1242	1.45463	
6.11002	1.44612	
6.09037	1.43765	
6.06707	1.42923	
6.03673	1.42086	
6.00429	1.41252	
5.9704	1.40423	
5.93566	1.39598	
5.89984	1.38778	
5.86405	1.37961	
5.82623	1.37149	
5.78922	1.36342	
5.75602	1.35538	
5.7251	1.34738	
5.69814	1.33943	
5.6755	1.33152	
5.65559	1.32365	
5.64324	1.31582	
5.63467	1.30803	
5.63105	1.30028	
5.6274	1.29258	
5.62386	1.28491	
5.6195	1.27729	
5.61257	1.2697	
5.60401	1.26216	
5.59051	1.25465	
5.571	1.24719	
5.54801	1.23976	
5.52237	1.23237	
5.49492	1.22503	
5.46663	1.21772	
5.43563	1.21045	
5.40199	1.20322	
5.36712	1.19603	
5.33316	1.18888	
5.2997	1.18176	
5.26695	1.17469	
5.23469	1.16765	
5.20332	1.16065	
5.17465	1.15368	
5.14881	1.14676	
5.12567	1.13987	
5.10474	1.13302	
5.08657	1.12621	
5.06941	1.11943	
5.05494	1.11269	
5.04301	1.10599	
5.03217	1.09932	
5.02052	1.09269	
5.00774	1.0861	
4.99447	1.07954	
4.98153	1.07302	
4.96835	1.06653	
4.95545	1.06008	
4.94208	1.05367	
4.92651	1.04728	
4.90811	1.04094	
4.88897	1.03463	
4.87004	1.02835	
4.84912	1.02211	
4.82874	1.01591	
4.80486	1.00973	
4.7795	1.0036	
4.7539	0.997491	
4.72907	0.991421	
4.7037	0.985384	
4.6784	0.979381	
4.65379	0.973411	
4.62902	0.967474	
4.60379	0.961571	
4.5811	0.9557	
4.56176	0.949862	
4.54356	0.944057	
4.52723	0.938284	
4.51239	0.932544	
4.49685	0.926835	
4.48023	0.921159	
4.46373	0.915515	
4.44951	0.909902	
4.4346	0.904321	
4.42012	0.898771	
4.40458	0.893253	
4.38778	0.887765	
4.37037	0.882309	
4.35309	0.876884	
4.33572	0.871489	
4.31841	0.866124	
4.30065	0.860791	
4.28151	0.855487	
4.26024	0.850213	
4.23673	0.84497	
4.21376	0.839756	
4.19213	0.834572	
4.16781	0.829418	
4.14611	0.824292	
4.12548	0.819197	
4.10249	0.81413	
4.07912	0.809092	
4.0576	0.804083	
4.03694	0.799103	
4.01703	0.794151	
3.99523	0.789227	
3.97521	0.784332	
3.95387	0.779465	
3.93283	0.774626	
3.9116	0.769815	
3.8922	0.765032	
3.87585	0.760276	
3.86073	0.755548	
3.84799	0.750846	
3.83701	0.746172	
3.8271	0.741526	
3.81867	0.736905	
3.812	0.732312	
3.80784	0.727746	
3.80321	0.723205	
3.79931	0.718692	
3.7943	0.714204	
3.78812	0.709742	
3.78075	0.705307	
3.77427	0.700897	
3.76899	0.696513	
3.76258	0.692155	
3.75638	0.687822	
3.75002	0.683514	
3.74177	0.679232	
3.73037	0.674974	
3.71617	0.670742	
3.70102	0.666534	
3.68471	0.662351	
3.66634	0.658192	
3.64768	0.654058	
3.62902	0.649948	
3.60999	0.645863	
3.58744	0.641801	
3.56444	0.637763	
3.5405	0.633749	
3.51976	0.629759	
3.49861	0.625792	
3.47601	0.621849	
3.45451	0.617929	
3.4334	0.614032	
3.41212	0.610158	
3.38993	0.606307	
3.36869	0.602479	
3.34997	0.598674	
3.33542	0.594891	
3.32173	0.591131	
3.30933	0.587393	
3.29708	0.583677	
3.28416	0.579983	
3.27091	0.576311	
3.25489	0.572661	
3.24007	0.569033	
3.22605	0.565427	
3.21491	0.561842	
3.20385	0.558278	
3.1941	0.554736	
3.1855	0.551215	
3.1752	0.547715	
3.16373	0.544236	
3.15282	0.540777	
3.14067	0.53734	
3.1294	0.533923	
3.11907	0.530527	
3.10706	0.527151	
3.09699	0.523795	
3.0876	0.520459	
3.07604	0.517144	
3.06325	0.513848	
3.0474	0.510572	
3.03251	0.507316	
3.01845	0.50408	
3.0045	0.500863	
2.98885	0.497666	
2.97252	0.494487	
2.95648	0.491329	
2.93974	0.488189	
2.9213	0.485068	
2.90134	0.481966	
2.88206	0.478883	
2.86299	0.475818	
2.84741	0.472772	
2.8323	0.469745	
2.81525	0.466736	
2.79918	0.463745	
2.78207	0.460772	
2.76699	0.457818	
2.75196	0.454881	
2.73657	0.451963	
2.72086	0.449062	
2.7061	0.446179	
2.69246	0.443313	
2.67923	0.440465	
2.66727	0.437634	
2.6545	0.43482	
2.6406	0.432024	
2.62813	0.429245	
2.61603	0.426483	
2.60472	0.423737	
2.59332	0.421009	
2.58142	0.418297	
2.56975	0.415602	
2.5599	0.412923	
2.55227	0.410261	
2.54463	0.407615	
2.53716	0.404985	
2.52972	0.402372	
2.52182	0.399774	
2.51316	0.397193	
2.50386	0.394627	
2.49365	0.392077	
2.48321	0.389543	
2.47379	0.387025	
2.46563	0.384522	
2.45723	0.382034	
2.44892	0.379562	
2.43895	0.377105	
2.42738	0.374663	
2.41508	0.372237	
2.40267	0.369825	
2.38953	0.367429	
2.37478	0.365047	
2.36061	0.362679	
2.34674	0.360327	
2.33404	0.357989	
2.32258	0.355666	
2.3107	0.353357	
2.29803	0.351062	
2.28389	0.348782	
2.2672	0.346515	
2.25131	0.344263	
2.23534	0.342025	
2.22053	0.339801	
2.20518	0.33759	
2.19027	0.335394	
2.17277	0.333211	
2.15622	0.331041	
2.13885	0.328886	
2.12327	0.326743	
2.10923	0.324614	
2.09346	0.322499	
2.07938	0.320396	
2.06386	0.318307	
2.04773	0.31623	
2.03201	0.314167	
2.01875	0.312117	
2.00725	0.310079	
1.99686	0.308054	
1.98663	0.306042	
1.97467	0.304042	
1.96246	0.302055	
1.95142	0.300081	
1.93933	0.298119	
1.92877	0.296169	
1.91977	0.294231	
1.9124	0.292306	
1.9043	0.290392	
1.89616	0.288491	
1.88679	0.286602	
1.87763	0.284724	
1.8682	0.282858	
1.85887	0.281005	
1.84972	0.279162	
1.84139	0.277332	
1.83239	0.275513	
1.82336	0.273705	
1.81307	0.271909	
1.80335	0.270124	
1.79402	0.26835	
1.78499	0.266588	
1.77751	0.264837	
1.76939	0.263096	
1.76087	0.261367	
1.75211	0.259649	
1.74131	0.257942	
1.73011	0.256245	
1.7212	0.254559	
1.71143	0.252884	
1.70325	0.25122	
1.69653	0.249566	
1.68901	0.247922	
1.68137	0.246289	
1.6737	0.244667	
1.66392	0.243054	
1.65381	0.241452	
1.64302	0.23986	
1.63213	0.238278	
1.62133	0.236706	
1.61031	0.235145	
1.59972	0.233593	
1.58903	0.232051	
1.57905	0.230519	
1.56943	0.228996	
1.5595	0.227484	
1.54967	0.225981	
1.54104	0.224487	
1.53278	0.223003	
1.52365	0.221529	
1.51449	0.220064	
1.50546	0.218608	
1.49547	0.217162	
1.4842	0.215725	
1.4728	0.214297	
1.46122	0.212878	
1.44975	0.211468	
1.4388	0.210068	
1.42797	0.208676	
1.41869	0.207293	
1.40926	0.205919	
1.3995	0.204554	
1.38895	0.203197	
1.37877	0.20185	
1.36826	0.200511	
1.35681	0.19918	
1.34635	0.197858	
1.33727	0.196545	
1.32851	0.19524	
1.31932	0.193943	
1.31072	0.192655	
1.30278	0.191375	
1.29526	0.190103	
1.28535	0.188839	
1.27457	0.187584	
1.26309	0.186337	
1.25243	0.185097	
1.24144	0.183866	
1.23106	0.182642	
1.22242	0.181427	
1.21417	0.180219	
1.20647	0.179019	
1.19871	0.177827	
1.19161	0.176643	
1.18479	0.175466	
1.17886	0.174297	
1.17139	0.173135	
1.16339	0.171981	
1.15463	0.170834	
1.14689	0.169695	
1.13875	0.168563	
1.1316	0.167438	
1.1234	0.166321	
1.11518	0.165211	
1.10843	0.164108	
1.10132	0.163012	
1.09457	0.161923	
1.08679	0.160842	
1.08002	0.159767	
1.07284	0.158699	
1.06527	0.157639	
1.05902	0.156585	
1.05131	0.155538	
1.04555	0.154498	
1.03917	0.153464	
1.03338	0.152438	
1.02862	0.151417	
1.02387	0.150404	
1.01991	0.149397	
1.0147	0.148397	
1.00958	0.147403	
1.00524	0.146416	
1.0005	0.145435	
0.994709	0.14446	
0.989317	0.143492	
0.983134	0.14253	
0.977825	0.141575	
0.97219	0.140626	
0.966704	0.139682	
0.960956	0.138745	
0.954982	0.137814	
0.947774	0.13689	
0.94179	0.135971	
0.936358	0.135058	
0.930156	0.134151	
0.925761	0.13325	
0.920273	0.132355	
0.914077	0.131466	
0.910142	0.130583	
0.906912	0.129705	
0.904375	0.128833	
0.902066	0.127967	
0.899321	0.127107	
0.897562	0.126252	
0.893762	0.125403	
0.890152	0.124559	
0.887711	0.123721	
0.883692	0.122888	
0.879026	0.122061	
0.874921	0.121239	
0.870353	0.120423	
0.865331	0.119612	
0.861691	0.118806	
0.858411	0.118006	
0.85495	0.117211	
0.851258	0.116421	
0.847984	0.115636	
0.84459	0.114856	
0.840573	0.114082	
0.838528	0.113312	
0.835798	0.112548	
0.832101	0.111789	
0.829358	0.111034	
0.825872	0.110285	
0.820416	0.109541	
0.815909	0.108801	
0.811042	0.108067	
0.806413	0.107337	
0.802287	0.106612	
0.797108	0.105892	
0.791186	0.105176	
0.785022	0.104465	
0.779402	0.103759	
0.774391	0.103058	
0.768585	0.102361	
0.764392	0.101669	
0.759233	0.100981	
0.754681	0.100298	
0.749008	0.0996195	
0.744826	0.0989454	
0.740088	0.0982758	
0.735003	0.0976106	
0.730752	0.0969498	
0.727311	0.0962933	
0.722457	0.0956412	
0.716926	0.0949934	
0.710861	0.0943499	
0.704895	0.0937106	
0.698177	0.0930756	
0.692043	0.0924448	
0.686164	0.0918181	
0.681635	0.0911956	
0.676581	0.0905773	
0.671388	0.089963	
0.666066	0.0893528	
0.661657	0.0887466	
0.656342	0.0881445	
0.651893	0.0875463	
0.646688	0.0869522	
0.643402	0.0863619	
0.639135	0.0857756	
0.635789	0.0851932	
0.631819	0.0846146	
0.629066	0.0840399	
0.624268	0.083469	
0.619178	0.0829019	
0.612968	0.0823385	
0.608025	0.0817789	
0.603163	0.0812231	
0.598058	0.0806709	
0.593813	0.0801224	
0.589583	0.0795775	
0.586222	0.0790363	
0.581274	0.0784986	
0.576366	0.0779646	
0.571344	0.0774341	
0.56687	0.0769071	
0.563228	0.0763836	
0.558874	0.0758636	
0.555213	0.0753471	
0.550934	0.0748341	
0.547808	0.0743244	
0.545095	0.0738182	
0.540684	0.0733153	
0.536887	0.0728158	
0.532135	0.0723196	
0.528004	0.0718267	
0.524143	0.0713371	
0.519377	0.0708508	
0.515048	0.0703677	
0.511272	0.0698879	
0.506754	0.0694112	
0.503117	0.0689377	
0.499552	0.0684675	
0.49615	0.0680003	
0.492543	0.0675363	
0.489688	0.0670753	
0.487115	0.0666175	
0.484779	0.0661627	
0.481916	0.065711	
0.479945	0.0652622	
0.478536	0.0648165	
0.476289	0.0643738	
0.474997	0.063934	
0.474341	0.0634972	
0.471639	0.0630633	
0.4695	0.0626323	
0.467517	0.0622042	
0.465131	0.0617789	
0.462885	0.0613565	
0.460408	0.060937	
0.457531	0.0605202	
0.45485	0.0601063	
0.453304	0.0596951	
0.450714	0.0592867	
0.449618	0.058881	
0.4486	0.0584781	
0.447073	0.0580778	
0.445586	0.0576803	
0.445273	0.0572854	
0.443895	0.0568931	
0.443282	0.0565035	
0.442683	0.0561165	
0.441804	0.0557321	
0.440923	0.0553503	
0.439296	0.0549711	
0.438459	0.0545944	
0.437778	0.0542203	
0.435951	0.0538486	
0.434556	0.0534795	
0.433315	0.0531128	
0.430971	0.0527486	
0.429861	0.0523869	
0.429267	0.0520276	
0.426637	0.0516707	
0.424664	0.0513162	
0.423527	0.0509642	
0.420848	0.0506144	
0.418651	0.0502671	
0.418096	0.049922	
0.416018	0.0495793	
0.414753	0.049239	
0.413775	0.0489009	
0.412765	0.048565	
0.411213	0.0482315	
0.410483	0.0479002	
0.408019	0.0475711	
0.406307	0.0472443	
0.404763	0.0469197	
0.401411	0.0465972	
0.399434	0.0462769	
0.397345	0.0459588	
0.393008	0.0456429	
0.389708	0.0453291	
0.38573	0.0450174	
0.383383	0.0447078	
0.379595	0.0444003	
0.377137	0.0440948	
0.375195	0.0437915	
0.372112	0.0434902	
0.370283	0.0431909	
0.368203	0.0428936	
0.366289	0.0425984	
0.364349	0.0423052	
0.362615	0.0420139	
0.362039	0.0417246	
0.359588	0.0414373	
0.358383	0.0411519	
0.356673	0.0408684	
0.354162	0.0405869	
0.352004	0.0403073	
0.349474	0.0400296	
0.347415	0.0397537	
0.344821	0.0394797	
0.342149	0.0392076	
0.339615	0.0389373	
0.337623	0.0386689	
0.334873	0.0384023	
0.3327	0.0381375	
0.330439	0.0378744	
0.328433	0.0376132	
0.325987	0.0373538	
0.324797	0.0370961	
0.323587	0.0368401	
0.323622	0.0365859	
0.321649	0.0363334	
0.321327	0.0360826	
0.319899	0.0358336	
0.319313	0.0355862	
0.317198	0.0353405	
0.315108	0.0350964	
0.313543	0.0348541	
0.312357	0.0346133	
0.310854	0.0343743	
0.308133	0.0341368	
0.306901	0.033901	
0.303586	0.0336667	
0.301686	0.0334341	
0.298323	0.033203	
0.29471	0.0329735	
0.292019	0.0327456	
0.288683	0.0325192	
0.286088	0.0322943	
0.282888	0.032071	
0.279363	0.0318492	
0.277537	0.031629	
0.275027	0.0314102	
0.272635	0.0311929	
0.271075	0.0309771	
0.268802	0.0307627	
0.266593	0.0305499	
0.265327	0.0303384	
0.263307	0.0301284	
0.261751	0.0299199	
0.260651	0.0297128	
0.258007	0.029507	
0.256297	0.0293027	
0.254278	0.0290998	
0.251928	0.0288983	
0.24967	0.0286981	
0.247917	0.0284993	
0.245421	0.0283019	
0.243068	0.0281058	
0.242299	0.027911	
0.240442	0.0277176	
0.239816	0.0275255	
0.239251	0.0273347	
0.237061	0.0271452	
0.236494	0.026957	
0.236792	0.0267701	
0.236271	0.0265845	
0.236947	0.0264001	
0.237195	0.026217	
0.236217	0.0260351	
0.236453	0.0258545	
0.235926	0.0256752	
0.23534	0.025497	
0.235207	0.0253201	
0.233461	0.0251444	
0.232178	0.0249699	
0.231365	0.0247965	
0.229272	0.0246244	
0.227467	0.0244534	
0.225525	0.0242837	
0.223851	0.024115	
0.220807	0.0239476	
0.21875	0.0237812	
0.218005	0.0236161	
0.216855	0.023452	
0.214943	0.0232891	
0.213967	0.0231273	
0.212551	0.0229666	
0.210069	0.022807	
0.207628	0.0226485	
0.206154	0.022491	
0.204721	0.0223347	
0.202236	0.0221794	
0.200191	0.0220252	
0.197903	0.0218721	
0.196044	0.02172	
0.193527	0.0215689	
0.19062	0.0214189	
0.188746	0.0212699	
0.186942	0.021122	
0.185187	0.020975	
0.182342	0.0208291	
0.179966	0.0206841	
0.178472	0.0205402	
0.177509	0.0203972	
0.175716	0.0202553	
0.173944	0.0201143	
0.173138	0.0199743	
0.172661	0.0198352	
0.171849	0.0196971	
0.170579	0.0195599	
0.169471	0.0194237	
0.168776	0.0192884	
0.167683	0.0191541	
0.166623	0.0190206	
0.164739	0.0188881	
0.163834	0.0187565	
0.163652	0.0186258	
0.16318	0.018496	
0.162269	0.0183671	
0.160992	0.0182391	
0.160946	0.018112	
0.160225	0.0179857	
0.15945	0.0178603	
0.158679	0.0177358	
0.157955	0.0176121	
0.158032	0.0174893	
0.158169	0.0173673	
0.157442	0.0172462	
0.157123	0.0171259	
0.15693	0.0170064	
0.156236	0.0168878	
0.155186	0.01677	
0.153765	0.016653	
0.152357	0.0165367	
0.151069	0.0164213	
0.150187	0.0163067	
0.149031	0.0161929	
0.14737	0.0160799	
0.145901	0.0159676	
0.144866	0.0158561	
0.144238	0.0157454	
0.143345	0.0156354	
0.141997	0.0155262	
0.140284	0.0154178	
0.139506	0.0153101	
0.138364	0.0152032	
0.137609	0.015097	
0.136981	0.0149915	
0.13509	0.0148867	
0.134106	0.0147827	
0.133131	0.0146794	
0.132652	0.0145768	
0.13179	0.0144749	
0.130828	0.0143737	
0.129322	0.0142733	
0.128574	0.0141735	
0.127887	0.0140744	
0.126868	0.013976	
0.126629	0.0138782	
0.126076	0.0137812	
0.125173	0.0136848	
0.12504	0.013589	
0.125789	0.013494	
0.125642	0.0133996	
0.124902	0.0133058	
0.125083	0.0132127	
0.125212	0.0131203	
0.125667	0.0130285	
0.125665	0.0129373	
0.1254	0.0128467	
0.126349	0.0127568	
0.126501	0.0126675	
0.126769	0.0125788	
0.12601	0.0124908	
0.125752	0.0124033	
0.125683	0.0123164	
0.124746	0.0122302	
0.124267	0.0121445	
0.124203	0.0120595	
0.124494	0.011975	
0.123537	0.0118911	
0.122164	0.0118078	
0.12132	0.0117251	
0.120491	0.0116429	
0.119618	0.0115613	
0.118839	0.0114803	
0.118091	0.0113998	
0.11649	0.0113199	
0.116311	0.0112406	
0.11526	0.0111618	
0.114646	0.0110835	
0.112952	0.0110058	
0.111107	0.0109287	
0.109995	0.010852	
0.108588	0.0107759	
0.10696	0.0107003	
0.105213	0.0106253	
0.102977	0.0105508	
0.10051	0.0104767	
0.0985261	0.0104032	
0.0962498	0.0103303	
0.0947827	0.0102578	
0.0934641	0.0101858	
0.0929629	0.0101143	
0.0920286	0.0100433	
0.0907324	0.00997285	
0.0902128	0.00990285	
0.0893496	0.00983333	
0.0885196	0.0097643	
0.0885705	0.00969575	
0.0885846	0.00962767	
0.0882175	0.00956007	
0.0882246	0.00949294	
0.0882487	0.00942627	
0.0878451	0.00936007	
0.0878767	0.00929433	
0.0878981	0.00922904	
0.0879962	0.00916421	
0.0884483	0.00909983	
0.0892963	0.0090359	
0.0900997	0.00897241	
0.089703	0.00890936	
0.0896288	0.00884675	
0.0883831	0.00878458	
0.0875974	0.00872284	
0.086407	0.00866153	
0.0856284	0.00860064	
0.0853652	0.00854018	
0.0845833	0.00848014	
0.0843045	0.00842052	
0.084031	0.00836132	
0.0829791	0.00830252	
0.0827488	0.00824414	
0.0825129	0.00818616	
0.082277	0.00812858	
0.0814908	0.00807141	
0.0810186	0.00801463	
0.0795001	0.00795825	
0.0782952	0.00790227	
0.0772168	0.00784667	
0.0757031	0.00779146	
0.0747508	0.00773663	
0.0728587	0.00768219	
0.0716299	0.00762813	
0.0697776	0.00757444	
0.0683845	0.00752113	
0.0669999	0.00746819	
0.0654709	0.00741562	
0.0644672	0.00736341	
0.0639085	0.00731157	
0.0630374	0.00726009	
0.0628968	0.00720897	
0.0621529	0.0071582	
0.0614905	0.00710779	
0.0615752	0.00705773	
0.0614687	0.00700803	
0.061271	0.00695866	
0.0614958	0.00690965	
0.0616956	0.00686097	
0.061472	0.00681263	
0.0617135	0.00676463	
0.0618501	0.00671697	
0.0620546	0.00666964	
0.0613981	0.00662264	
0.0616038	0.00657597	
0.0609173	0.00652962	
0.0607204	0.0064836	
0.0607626	0.0064379	
0.0607549	0.00639251	
0.0607471	0.00634745	
0.0611328	0.0063027	
0.0608657	0.00625826	
0.0613173	0.00621413	
0.0612428	0.00617031	
0.0612245	0.0061268	
0.061108	0.00608359	
0.0607386	0.00604069	
0.0601473	0.00599808	
0.0593841	0.00595577	
0.0589399	0.00591376	
0.05771	0.00587204	
0.0567961	0.00583061	
0.0562315	0.00578947	
0.0553022	0.00574862	
0.0544221	0.00570806	
0.0535941	0.00566777	
0.0528276	0.00562778	
0.0524205	0.00558806	
0.0520832	0.00554861	
0.0514309	0.00550945	
0.0511406	0.00547056	
0.0508857	0.00543194	
0.0507617	0.00539359	
0.0503901	0.00535551	
0.0503183	0.00531769	
0.0499566	0.00528014	
0.0498064	0.00524286	
0.0490651	0.00520583	
0.0484257	0.00516907	
0.0482438	0.00513256	
0.0476775	0.0050963	
0.0470929	0.0050603	
0.0467079	0.00502456	
0.0464806	0.00498906	
0.0459889	0.00495381	
0.0465346	0.00491881	
0.0462642	0.00488405	
0.0467829	0.00484954	
0.0466001	0.00481527	
0.0470361	0.00478124	
0.0468439	0.00474745	
0.0471254	0.00471389	
0.0470437	0.00468057	
0.0469731	0.00464749	
0.0468576	0.00461463	
0.0462895	0.00458201	
0.0457596	0.00454961	
0.0453125	0.00451744	
0.0443952	0.0044855	
0.0439233	0.00445378	
0.0426994	0.00442229	
0.0418589	0.00439101	
0.0414898	0.00435995	
0.0407922	0.00432912	
0.0404648	0.00429849	
0.0402072	0.00426809	
0.0399102	0.00423789	
0.0396899	0.00420791	
0.0398001	0.00417814	
0.040032	0.00414858	
0.0393127	0.00411922	
0.0390974	0.00409007	
0.0388351	0.00406113	
0.0378061	0.00403239	
0.0372071	0.00400385	
0.0365949	0.00397551	
0.0356178	0.00394737	
0.03512	0.00391943	
0.0346584	0.00389168	
0.034307	0.00386413	
0.0337108	0.00383677	
0.0337519	0.00380961	
0.0337333	0.00378263	
0.0338846	0.00375585	
0.0341667	0.00372925	
0.0345765	0.00370284	
0.0345796	0.00367662	
0.0349502	0.00365058	
0.0353472	0.00362472	
0.0352803	0.00359905	
0.034796	0.00357355	
0.0343474	0.00354823	
0.0338819	0.0035231	
0.033026	0.00349814	
0.0323409	0.00347335	
0.0313642	0.00344874	
0.0307665	0.0034243	
0.0302941	0.00340003	
0.0295759	0.00337594	
0.0297367	0.00335201	
0.0294433	0.00332825	
0.0300704	0.00330466	
0.0306394	0.00328124	
0.0317623	0.00325798	
0.0321455	0.00323488	
0.032342	0.00321195	
0.032229	0.00318918	
0.0322883	0.00316656	
0.0314765	0.00314411	
0.03073	0.00312181	
0.0299596	0.00309968	
0.0288099	0.00307769	
0.0282022	0.00305587	
0.027065	0.00303419	
0.0260263	0.00301267	
0.0255268	0.0029913	
0.0253943	0.00297008	
0.0253142	0.00294901	
0.0256347	0.00292809	
0.0268204	0.00290732	
0.027666	0.00288669	
0.0286598	0.00286621	
0.0296974	0.00284587	
0.0303265	0.00282567	
0.0304598	0.00280562	
0.0301394	0.00278571	
0.0294258	0.00276594	
0.0287203	0.00274631	
0.0276177	0.00272681	
0.0261811	0.00270746	
0.025119	0.00268824	
0.0241546	0.00266915	
0.0228373	0.0026502	
0.0223229	0.00263139	
0.0219109	0.0026127	
0.0219179	0.00259415	
0.0223618	0.00257573	
0.0232247	0.00255744	
0.0240703	0.00253928	
0.0253351	0.00252124	
0.0265343	0.00250334	
0.0272541	0.00248555	
0.0275062	0.0024679	
0.0272666	0.00245037	
0.0261723	0.00243296	
0.0247755	0.00241568	
0.0237199	0.00239852	
0.0223769	0.00238147	
0.0210839	0.00236455	
0.0197798	0.00234775	
0.0185864	0.00233107	
0.0178256	0.0023145	
0.0175124	0.00229806	
0.0182728	0.00228172	
0.0197434	0.00226551	
0.0224111	0.00224941	
0.0254624	0.00223342	
0.0288416	0.00221754	
0.0315306	0.00220178	
0.0324216	0.00218612	
0.0312467	0.00217058	
0.0287888	0.00215515	
0.0254579	0.00213983	
0.0203483	0.00212461	
0.0162587	0.00210951	
0.0126752	0.0020945	
0.0104956	0.00207961	
0.0109533	0.00206482	
0.0130783	0.00205013	
0.0208337	0.00203555	
0.0330379	0.00202107	
0.043896	0.0020067	
0.0480581	0.00199242	
0.0437907	0.00197825	
0.0322521	0.00196418	
0.0199002	0.0019502	
0.00876113	0.000858585	
0.00352319	0.00034527	
0.00417595	0.00040924	
0.00826074	0.000809547	
0.0126759	0.00193633	
0.0142654	0.00192255	
0.0138302	0.00190887	
0.011872	0.00189529	
0.0133605	0.0018818	
0.0163806	0.00186841	
0.0194033	0.00185511	
0.0240275	0.00184191	
0.0282812	0.0018288	
0.0310925	0.00181578	
0.032413	0.00180286	
0.032913	0.00179003	
0.0315134	0.00177728	
0.0296803	0.00176463	
0.0280636	0.00175207	
0.0259666	0.00173959	
0.0215138	0.00172721	
0.0154006	0.00171491	
0.00709858	0.00079045	
-0.00264062	-0.000294041	
-0.0106319	-0.0106319	
-0.0139089	-0.0139089	
-0.0143032	-0.0143032	
0.00702595	0.00702595	
0.152324	0.00899922	
0.362701	0.00883694	
0.55542	0.0086767	
0.689994	0.00851846	
0.668007	0.00836221	
0.567829	0.00820792	
0.490402	0.00805558	
0.464289	0.00790516	
0.485006	0.00775664	
0.535584	0.00761	
0.599345	0.00746522	
0.656467	0.00732228	
0.689222	0.00718115	
0.691067	0.00704183	
0.662464	0.00690428	
0.617521	0.00676849	
0.569443	0.00663444	
0.529435	0.00650212	
0.505364	0.00637149	
0.502949	0.00624254	
0.523779	0.00611526	
0.562749	0.00598963	
0.607069	0.00586562	
0.647971	0.00574322	
0.676601	0.00562241	
0.684013	0.00550317	
0.671984	0.00538549	
0.639439	0.00526935	
0.59103	0.00515472	
0.535384	0.00504161	
0.475931	0.00492998	
0.415455	0.00481982	
0.356599	0.00471111	
0.301434	0.00460384	
0.249691	0.004498	
0.201315	0.00439355	
0.155999	0.0042905	
0.115961	0.00418883	
0.080861	0.00408851	
0.0511389	0.00398953	
0.0314264	0.00389189	
0.0214752	0.00379556	
0.0199938	0.00370052	
0.0283041	0.00360677	
0.0506587	0.00351429	
0.0829771	0.00342306	
0.11588	0.00333307	
0.133058	0.00324432	
0.123844	0.00315677	
0.0948697	0.00307042	
0.0631533	0.00298526	
0.0359808	0.00290126	
0.0181244	0.00281843	
0.00810018	0.00125961	
0.00302011	0.00046964	
0.00387107	0.000601968	
0.0141485	0.00273674	
0.0235233	0.00265618	
0.0280013	0.00257675	
0.0290932	0.00249841	
0.0345715	0.00242118	
0.0388872	0.00234502	
0.0445713	0.00226993	
0.0591721	0.00219589	
0.0814851	0.00212291	
0.109858	0.00205095	
0.138525	0.00198001	
0.16557	0.00191008	
0.183949	0.00184115	
0.194634	0.0017732	
0.197856	0.00170623	
0.193025	0.00164022	
0.184559	0.00157516	
0.173175	0.00151104	
0.16083	0.00144785	
0.148151	0.00138558	
0.139123	0.00132421	
0.131656	0.00126374	
0.125244	0.00120416	
0.122261	0.00114546	
0.121049	0.00108762	
0.121415	0.00103064	
0.121682	0.000974501	
0.119238	0.0009192	
0.115348	0.000864725	
0.10941	0.000811066	
0.101531	0.000758213	
0.0913427	0.000706158	
0.0812071	0.000654891	
0.0698879	0.000604402	
0.0575351	0.000554682	
0.0450025	0.000505722	
0.031652	0.000457513	
0.0178273	0.000410046	
0.00361971	8.32569e-05	
-0.0120276	-0.0120276	
-0.0253345	-0.0253345	
-0.036814	-0.036814	
-0.0263441	-0.0263441	
0.110805	0.0217791	
0.312187	0.0213826	
0.495667	0.0209911	
0.624337	0.0206046	
0.611621	0.0202229	
0.519995	0.019846	
0.447787	0.0194738	
0.427606	0.0191064	
0.45912	0.0187437	
0.524842	0.0183855	
0.605532	0.0180319	
0.681895	0.0176828	
0.734981	0.0173381	
0.751883	0.0169979	
0.737832	0.016662	
0.703919	0.0163304	
0.668242	0.0160031	
0.644978	0.01568	
0.635682	0.015361	
0.647761	0.0150462	
0.68064	0.0147355	
0.725153	0.0144287	
0.77328	0.014126	
0.817802	0.0138272	
0.84964	0.0135323	
0.861812	0.0132413	
0.853172	0.012954	
0.826432	0.0126706	
0.789082	0.0123908	
0.742155	0.0121147	
0.689349	0.0118423	
0.633171	0.0115735	
0.576045	0.0113082	
0.520052	0.0110465	
0.466662	0.0107882	
0.417612	0.0105334	
0.370407	0.010282	
0.326655	0.010034	
0.287691	0.00978923	
0.252046	0.0095478	
0.22575	0.00930961	
0.205639	0.00907465	
0.193209	0.00884286	
0.186428	0.00861421	
0.182528	0.00838867	
0.18254	0.0081662	
0.183219	0.00794677	
0.180098	0.00773035	
0.17242	0.00751688	
0.159826	0.00730636	
0.143335	0.00709873	
0.123979	0.00689398	
0.102795	0.00669205	
0.0814833	0.00649293	
0.0612938	0.00629658	
0.042103	0.00610297	
0.0255688	0.00591207	
0.0122906	0.00572384	
0.00636554	0.00296449	
0.0108489	0.00553826	
0.0373531	0.00535529	
0.100036	0.00517491	
0.177493	0.00499708	
0.24918	0.00482178	
0.267637	0.00464897	
0.246752	0.00447863	
0.22583	0.00431073	
0.222917	0.00414524	
0.23873	0.00398213	
0.266131	0.00382138	
0.298513	0.00366296	
0.326605	0.00350683	
0.344757	0.00335298	
0.349204	0.00320138	
0.342693	0.00305199	
0.329036	0.00290481	
0.31429	0.00275979	
0.301579	0.00261691	
0.294505	0.00247615	
0.294177	0.00233749	
0.302711	0.0022009	
0.318297	0.00206635	
0.335544	0.00193382	
0.350353	0.00180329	
0.360636	0.00167473	
0.36549	0.00154812	
0.3647	0.00142343	
0.35824	0.00130065	
0.347875	0.00117976	
0.332165	0.00106072	
0.310954	0.000943516	
0.28597	0.000828129	
0.260712	0.000714534	
0.234331	0.000602712	
0.211162	0.00049264	
0.189428	0.000384298	
0.171299	0.000277665	
0.154775	0.00017272	
0.140248	6.94428e-05	
0.12649	3.21862e-05	
0.113355	0.000132187	
0.10231	0.000230579	
0.0918914	0.000327383	
0.0825612	0.000422616	
0.0740268	0.000516299	
0.0671765	0.000608449	
0.0595273	0.000699087	
0.0514578	0.000788229	
0.0409526	0.000875895	
0.0272668	0.000962102	
0.0122466	0.00104687	
-0.00393265	-0.000336171	
-0.0213631	-0.0213631	
-0.0366729	-0.0366729	
-0.0457821	-0.0457821	
-0.0318242	-0.0318242	
0.0985101	0.0276848	
0.283945	0.0271313	
0.450439	0.026585	
0.572636	0.0260456	
0.571009	0.0255132	
0.492726	0.0249877	
0.425444	0.0244691	
0.404657	0.0239571	
0.431288	0.0234518	
0.491441	0.0229531	
0.569414	0.0224609	
0.64479	0.0219751	
0.700838	0.0214957	
0.725562	0.0210226	
0.719314	0.0205557	
0.690466	0.020095	
0.656737	0.0196404	
0.62919	0.0191918	
0.614866	0.0187491	
0.618082	0.0183123	
0.637923	0.0178813	
0.670029	0.0174561	
0.710276	0.0170366	
0.749415	0.0166227	
0.779428	0.0162143	
0.792112	0.0158114	
0.784442	0.015414	
0.760965	0.015022	
0.726753	0.0146352	
0.681798	0.0142537	
0.632686	0.0138774	
0.579163	0.0135063	
0.525579	0.0131402	
0.473118	0.0127791	
0.424543	0.012423	
0.379431	0.0120718	
0.336822	0.0117254	
0.299483	0.0113838	
0.266032	0.011047	
0.238334	0.0107149	
0.217504	0.0103873	
0.20339	0.0100644	
0.191569	0.00974595	
0.185272	0.00943199	
0.183197	0.00912246	
0.184369	0.00881729	
0.190491	0.00851644	
0.196117	0.00821986	
0.200988	0.0079275	
0.198602	0.0076393	
0.191585	0.00735524	
0.178883	0.00707524	
0.161918	0.00679927	
0.141816	0.00652729	
0.121195	0.00625923	
0.102664	0.00599507	
0.0870031	0.00573474	
0.0748601	0.00547822	
0.0648996	0.00522545	
0.0589759	0.00497639	
0.0558869	0.004731	
0.0561629	0.00448922	
0.060746	0.00425104	
0.0694806	0.00401638	
0.0816537	0.00378523	
0.0960665	0.00355753	
0.11044	0.00333325	
0.12253	0.00311235	
0.134277	0.00289478	
0.143658	0.0026805	
0.151447	0.00246948	
0.155295	0.00226168	
0.159088	0.00205706	
0.160922	0.00185558	
0.161228	0.00165721	
0.160231	0.00146191	
0.158893	0.00126963	
0.155353	0.00108036	
0.148419	0.000894036	
0.140586	0.000710641	
0.13255	0.000530134	
0.12623	0.000352482	
0.123047	0.00017765	
0.122284	5.60332e-06	
0.123648	0.000163691	
0.126464	0.000330266	
0.128648	0.000494154	
0.130201	0.000655389	
0.13163	0.000814002	
0.132048	0.000970025	
0.131484	0.00112349	
0.129283	0.00127443	
0.125323	0.00142287	
0.119201	0.00156884	
0.111387	0.00171238	
0.102258	0.00185351	
0.0933415	0.00199227	
0.0842608	0.00212868	
0.0750156	0.00226277	
0.0662603	0.00239457	
0.0576726	0.0025241	
0.0499022	0.00265141	
0.0424872	0.0027765	
0.0360603	0.00289942	
0.0312433	0.00302018	
0.0276674	0.00313882	
0.0255143	0.00325536	
0.0250309	0.00336983	
0.0252179	0.00348225	
0.0275246	0.00359265	
0.032604	0.00370105	
0.0385846	0.00380748	
0.0456059	0.00391197	
0.0510834	0.00401453	
0.0538004	0.00411519	
0.0538984	0.00421398	
0.0529079	0.00431092	
0.051801	0.00440604	
0.051735	0.00449935	
0.05161	0.00459087	
0.0524028	0.00468064	
0.0538242	0.00476868	
0.0563151	0.004855	
0.0583555	0.00493963	
0.0605081	0.00502258	
0.0626626	0.00510389	
0.0658482	0.00518358	
0.0694081	0.00526165	
0.0729919	0.00533814	
0.0763987	0.00541307	
0.0804	0.00548644	
0.0842156	0.0055583	
0.0880894	0.00562865	
0.0903495	0.00569751	
0.0925369	0.0057649	
0.0941185	0.00583085	
0.0945839	0.00589537	
0.0933855	0.00595848	
0.0910605	0.0060202	
0.0887765	0.00608055	
0.086175	0.00613954	
0.0835454	0.0061972	
0.0819151	0.00625353	
0.0798578	0.00630857	
0.0787082	0.00636232	
0.0784005	0.0064148	
0.078988	0.00646603	
0.0806744	0.00651603	
0.0825946	0.00656481	
0.0845086	0.0066124	
0.0860637	0.00665879	
0.0871915	0.00670402	
0.0881819	0.0067481	
0.0884193	0.00679104	
0.0882806	0.00683285	
0.0870583	0.00687356	
0.0857169	0.00691318	
0.0836807	0.00695173	
0.0820573	0.00698921	
0.0805101	0.00702564	
0.0790723	0.00706104	
0.0784531	0.00709543	
0.07833	0.00712881	
0.0792702	0.00716119	
0.0802819	0.00719261	
0.0820533	0.00722306	
0.083316	0.00725256	
0.0853382	0.00728112	
0.0869098	0.00730876	
0.0900233	0.00733549	
0.0926963	0.00736133	
0.0943514	0.00738628	
0.0956021	0.00741035	
0.0975766	0.00743357	
0.0991199	0.00745594	
0.100435	0.00747748	
0.101044	0.00749819	
0.101589	0.00751809	
0.102153	0.00753719	
0.102702	0.0075555	
0.103616	0.00757304	
0.104484	0.00758981	
0.104637	0.00760583	
0.104647	0.0076211	
0.105104	0.00763565	
0.10665	0.00764947	
0.107853	0.00766258	
0.108555	0.00767499	
0.109629	0.00768671	
0.111091	0.00769775	
0.113198	0.00770812	
0.114563	0.00771783	
0.115411	0.0077269	
0.115763	0.00773532	
0.116219	0.00774311	
0.11643	0.00775029	
0.116376	0.00775685	
0.116013	0.00776281	
0.114741	0.00776818	
0.113552	0.00777297	
0.112419	0.00777718	
0.110796	0.00778082	
0.10995	0.00778391	
0.108491	0.00778646	
0.107106	0.00778846	
0.10502	0.00778993	
0.10342	0.00779088	
0.10185	0.00779132	
0.100422	0.00779125	
0.0985052	0.00779069	
0.0967465	0.00778963	
0.0957907	0.0077881	
0.0945951	0.00778608	
0.0929997	0.00778361	
0.0918473	0.00778067	
0.0908021	0.00777728	
0.0891602	0.00777345	
0.0877484	0.00776919	
0.0864061	0.00776449	
0.0846103	0.00775938	
0.0834106	0.00775384	
0.0818251	0.0077479	
0.0802424	0.00774156	
0.0787671	0.00773483	
0.0769539	0.00772771	
0.0755575	0.0077202	
0.0734581	0.00771233	
0.0718282	0.00770408	
0.0703958	0.00769548	
0.0687123	0.00768652	
0.0677628	0.00767721	
0.0672451	0.00766756	
0.0668642	0.00765757	
0.0672795	0.00764725	
0.0676538	0.00763661	
0.0689226	0.00762565	
0.0696463	0.00761438	
0.070364	0.0076028	
0.0713052	0.00759092	
0.0719666	0.00757874	
0.0727284	0.00756627	
0.0735969	0.00755352	
0.0739485	0.00754049	
0.0746628	0.00752718	
0.0748151	0.00751361	
0.0750622	0.00749977	
0.0744537	0.00748568	
0.0750041	0.00747133	
0.0747723	0.00745673	
0.0745718	0.00744188	
0.0744898	0.0074268	
0.0743146	0.00741149	
0.0742532	0.00739594	
0.0738008	0.00738017	
0.0733631	0.00736419	
0.0737064	0.00734798	
0.0743996	0.00733157	
0.0744638	0.00731494	
0.0747798	0.00729812	
0.0750818	0.0072811	
0.075391	0.00726388	
0.075314	0.00724648	
0.0752014	0.00722888	
0.0743013	0.00721111	
0.0738242	0.00719316	
0.0729988	0.00717504	
0.0724417	0.00715675	
0.0720309	0.00713829	
0.0711806	0.00711968	
0.0707865	0.0071009	
0.0699751	0.00708197	
0.0692419	0.00706289	
0.0681974	0.00704366	
0.0671869	0.00702429	
0.0665779	0.00700478	
0.0656151	0.00698513	
0.0650659	0.00696536	
0.0646638	0.00694545	
0.0641504	0.00692541	
0.0641558	0.00690526	
0.0638103	0.00688498	
0.0637081	0.00686459	
0.0637317	0.00684408	
0.0642025	0.00682347	
0.0646116	0.00680274	
0.0649137	0.00678192	
0.0651864	0.00676099	
0.0658472	0.00673997	
0.0665105	0.00671885	
0.0670945	0.00669764	
0.0676892	0.00667633	
0.0682569	0.00665495	
0.0683949	0.00663347	
0.0684108	0.00661192	
0.0678067	0.00659029	
0.0679664	0.00656859	
0.0677806	0.00654681	
0.067556	0.00652496	
0.0669467	0.00650304	
0.0667327	0.00648105	
0.0666098	0.00645901	
0.0664194	0.0064369	
0.0666279	0.00641474	
0.0668352	0.00639251	
0.0670638	0.00637024	
0.0673766	0.00634791	
0.0679324	0.00632554	
0.0677622	0.00630312	
0.067918	0.00628065	
0.0680813	0.00625814	
0.0678215	0.00623559	
0.0674921	0.006213	
0.0668721	0.00619038	
0.0662711	0.00616772	
0.0652119	0.00614503	
0.0641773	0.00612231	
0.0633021	0.00609956	
0.0624484	0.00607678	
0.0608288	0.00605398	
0.0595847	0.00603116	
0.0588539	0.00600832	
0.0577905	0.00598546	
0.056496	0.00596258	
0.0554911	0.00593968	
0.0549172	0.00591677	
0.0536247	0.00589385	
0.0531171	0.00587092	
0.0531371	0.00584798	
0.0526411	0.00582503	
0.0534856	0.00580208	
0.0534037	0.00577912	
0.053423	0.00575616	
0.0533386	0.0057332	
0.0528645	0.00571024	
0.052025	0.00568728	
0.0515936	0.00566433	
0.0504081	0.00564137	
0.0500236	0.00561843	
0.049259	0.00559549	
0.048569	0.00557257	
0.0486661	0.00554965	
0.048354	0.00552674	
0.0480751	0.00550385	
0.047791	0.00548097	
0.0479379	0.0054581	
0.0481576	0.00543526	
0.0482749	0.00541243	
0.0485376	0.00538962	
0.0491362	0.00536683	
0.0493409	0.00534406	
0.0495137	0.00532131	
0.0496831	0.00529858	
0.0501507	0.00527588	
0.0501744	0.00525321	
0.0499772	0.00523056	
0.0499115	0.00520794	
0.049605	0.00518535	
0.0492433	0.00516279	
0.0485518	0.00514026	
0.0486699	0.00511776	
0.047886	0.00509529	
0.0476076	0.00507286	
0.0469877	0.00505046	
0.0466287	0.00502809	
0.0460258	0.00500577	
0.0458145	0.00498347	
0.0452717	0.00496122	
0.0450844	0.00493901	
0.0445538	0.00491683	
0.0448017	0.00489469	
0.0446384	0.0048726	
0.0441325	0.00485055	
0.0445037	0.00482854	
0.0438933	0.00480657	
0.0442912	0.00478464	
0.0440812	0.00476277	
0.0437017	0.00474093	
0.0438538	0.00471914	
0.0438922	0.0046974	
0.0436639	0.00467571	
0.043581	0.00465406	
0.0434738	0.00463246	
0.0433968	0.00461092	
0.0429475	0.00458942	
0.0428471	0.00456797	
0.0428268	0.00454657	
0.043109	0.00452522	
0.0426912	0.00450393	
0.0426234	0.00448269	
0.0429714	0.0044615	
0.0429242	0.00444036	
0.0428473	0.00441928	
0.0428217	0.00439825	
0.042791	0.00437728	
0.0430844	0.00435636	
0.0434355	0.0043355	
0.043809	0.0043147	
0.0445093	0.00429395	
0.0447928	0.00427326	
0.0450838	0.00425263	
0.0457075	0.00423205	
0.0455554	0.00421153	
0.0452887	0.00419107	
0.0455526	0.00417068	
0.04541	0.00415034	
0.0455574	0.00413006	
0.0458026	0.00410984	
0.0460295	0.00408968	
0.0461528	0.00406958	
0.0463748	0.00404954	
0.0465931	0.00402957	
0.0464268	0.00400965	
0.0458365	0.0039898	
0.0451654	0.00397001	
0.0442068	0.00395028	
0.0437237	0.00393062	
0.0432482	0.00391102	
0.0427813	0.00389148	
0.0426919	0.003872	
0.0426706	0.00385259	
0.0425139	0.00383325	
0.0422053	0.00381396	
0.0420653	0.00379475	
0.0416354	0.00377559	
0.0412291	0.0037565	
0.0404448	0.00373748	
0.0400903	0.00371852	
0.039247	0.00369963	
0.0382714	0.0036808	
0.0374666	0.00366204	
0.0364342	0.00364334	
0.035833	0.00362471	
0.0352056	0.00360615	
0.0346516	0.00358765	
0.0337186	0.00356922	
0.0332231	0.00355086	
0.0328571	0.00353256	
0.0318766	0.00351433	
0.0319927	0.00349616	
0.0315636	0.00347806	
0.0319101	0.00346003	
0.0318777	0.00344207	
0.0326309	0.00342417	
0.0329695	0.00340634	
0.0328962	0.00338858	
0.0332402	0.00337088	
0.0335122	0.00335326	
0.0335493	0.0033357	
0.0333262	0.0033182	
0.0329934	0.00330078	
0.032399	0.00328342	
0.0316729	0.00326613	
0.0307221	0.00324891	
0.0304907	0.00323175	
0.0299768	0.00321467	
0.030096	0.00319765	
0.03005	0.00318069	
0.0302153	0.00316381	
0.0306608	0.00314699	
0.03092	0.00313024	
0.0314724	0.00311356	
0.0313234	0.00309695	
0.0310512	0.0030804	
0.0309243	0.00306393	
0.0301308	0.00304751	
0.0293633	0.00303117	
0.0286422	0.0030149	
0.0279619	0.00299869	
0.0272572	0.00298255	
0.0266171	0.00296647	
0.0260017	0.00295047	
0.0257345	0.00293453	
0.0255601	0.00291866	
0.0251235	0.00290285	
0.0255737	0.00288711	
0.0259288	0.00287144	
0.0261126	0.00285584	
0.0266798	0.0028403	
0.0272608	0.00282483	
0.0269994	0.00280943	
0.027166	0.00279409	
0.0265401	0.00277882	
0.0263031	0.00276362	
0.0260615	0.00274848	
0.0254673	0.00273341	
0.0252715	0.00271841	
0.0247208	0.00270347	
0.0241358	0.0026886	
0.0240308	0.00267379	
0.0239071	0.00265905	
0.0241435	0.00264437	
0.0240251	0.00262976	
0.0242962	0.00261522	
0.025324	0.00260074	
0.0256593	0.00258633	
0.0257566	0.00257198	
0.0265002	0.0025577	
0.0262726	0.00254348	
0.0260445	0.00252932	
0.025867	0.00251523	
0.0258948	0.00250121	
0.0254246	0.00248725	
0.024329	0.00247335	
0.0238083	0.00245952	
0.0232692	0.00244575	
0.022798	0.00243205	
0.0223123	0.0024184	
0.0218486	0.00240483	
0.0218086	0.00239131	
0.0225442	0.00237786	
0.0228767	0.00236447	
0.0236043	0.00235115	
0.024244	0.00233789	
0.0249346	0.00232469	
0.0255454	0.00231155	
0.0253857	0.00229847	
0.0251491	0.00228546	
0.0246332	0.00227251	
0.0240861	0.00225962	
0.0231597	0.00224679	
0.022269	0.00223403	
0.0216734	0.00222132	
0.0212694	0.00220868	
0.0208219	0.00219609	
0.021204	0.00218357	
0.0215817	0.00217111	
0.0219509	0.00215871	
0.0227076	0.00214637	
0.0238334	0.00213409	
0.0245175	0.00212187	
0.0251813	0.00210971	
0.0250197	0.0020976	
0.0247102	0.00208556	
0.0241806	0.00207358	
0.0231978	0.00206166	
0.0223584	0.00204979	
0.0214984	0.00203798	
0.0206716	0.00202624	
0.0202354	0.00201455	
0.0198432	0.00200291	
0.01908	0.00199134	
0.0183461	0.00197982	
0.0180701	0.00196837	
0.0177443	0.00195697	
0.0174778	0.00194562	
0.0179433	0.00193433	
0.0184679	0.0019231	
0.0193045	0.00191193	
0.0197609	0.00190081	
0.0205488	0.00188975	
0.0205788	0.00187875	
0.0202032	0.0018678	
0.0194261	0.00185691	
0.018679	0.00184607	
0.0179605	0.00183528	
0.0172698	0.00182456	
0.0166055	0.00181388	
0.0159669	0.00180327	
0.0153528	0.0017927	
0.0147623	0.00178219	
0.0149231	0.00177174	
0.0156391	0.00176134	
0.0160779	0.00175099	
0.017137	0.0017407	
0.0184334	0.00173045	
0.0196677	0.00172027	
0.0205331	0.00171013	
0.0201435	0.00170005	
0.0197547	0.00169002	
0.0188696	0.00168004	
0.0181438	0.00167012	
0.017446	0.00166024	
0.016775	0.00165042	
0.0161298	0.00164065	
0.0155094	0.00163093	
0.0149129	0.00162127	
0.0143393	0.00161165	
0.0141955	0.00160208	
0.0136495	0.00159257	
0.0138741	0.0015831	
0.014164	0.00157369	
0.0147635	0.00156432	
0.0153322	0.00155501	
0.0163323	0.00154574	
0.0168977	0.00153653	
0.0171795	0.00152736	
0.0163935	0.00151824	
0.015763	0.00150917	
0.0151567	0.00150015	
0.0145738	0.00149118	
0.0140132	0.00148225	
0.0134743	0.00147338	
0.0133099	0.00146455	
0.012798	0.00145576	
0.0126977	0.00144703	
0.0122093	0.00143834	
0.012485	0.0014297	
0.0131972	0.00142111	
0.0138716	0.00141256	
0.0148902	0.00140406	
0.0162766	0.00139561	
0.0168345	0.0013872	
0.0169945	0.00137884	
0.0167315	0.00137052	
0.016088	0.00136225	
0.0154263	0.00135402	
0.0147809	0.00134584	
0.0142124	0.0013377	
0.0136135	0.00132961	
0.0131422	0.00132156	
0.0126367	0.00131356	
0.0120985	0.0013056	
0.012425	0.00129768	
0.0119471	0.00128981	
0.0122952	0.00128198	
0.0129742	0.0012742	
0.0136733	0.00126646	
0.0139706	0.00125876	
0.014992	0.0012511	
0.0151488	0.00124348	
0.0154008	0.00123591	
0.0146391	0.00122838	
0.0141207	0.00122089	
0.0135776	0.00121345	
0.0130107	0.00120604	
0.0125549	0.00119868	
0.0120721	0.00119135	
0.0116077	0.00118407	
0.011286	0.00117683	
0.0106826	0.00116963	
0.0108567	0.00116247	
0.0111282	0.00115535	
0.011974	0.00114827	
0.0127271	0.00114123	
0.0145666	0.00113423	
0.0154814	0.00112727	
0.0166151	0.00112034	
0.016629	0.00111346	
0.0162402	0.00110662	
0.0152326	0.00109981	
0.0146467	0.00109304	
0.014135	0.00108631	
0.0134145	0.00107962	
0.0128985	0.00107297	
0.0127854	0.00106636	
0.0122936	0.00105978	
0.0118208	0.00105324	
0.0113662	0.00104674	
0.010929	0.00104027	
0.0106774	0.00103384	
0.0105054	0.00102745	
0.0106856	0.00102109	
0.0105411	0.00101478	
0.0113678	0.00100849	
0.0113739	0.00100225	
0.0115812	0.000996034	
0.0115634	0.000989858	
0.011526	0.000983718	
0.0110299	0.000977613	
0.0106585	0.000971544	
0.0101957	0.000965509	
0.00980359	0.000928374	
0.00947932	0.000897667	
0.00906194	0.000858142	
0.0087662	0.000830136	
0.00842904	0.000798207	
0.00846758	0.000801857	
0.00818655	0.000775245	
0.00782704	0.0007412	
0.00789599	0.000747729	
0.00763695	0.000723199	
0.00770595	0.000729733	
0.00746116	0.000706552	
0.0075876	0.000718526	
0.00725113	0.000686662	
0.00742306	0.000702944	
0.00709412	0.000671794	
0.00719125	0.000680993	
0.00696625	0.000659686	
0.00707461	0.000669947	
0.00685531	0.000649179	
0.00653885	0.000619212	
0.00668116	0.000632689	
0.00646884	0.000612582	
0.0061754	0.000584794	
0.00635734	0.000602023	
0.00611282	0.000578868	
0.00583428	0.00055249	
0.00565332	0.000535354	
0.0058155	0.000550713	
0.00564341	0.000534416	
0.00542636	0.000513862	
0.00516607	0.000489213	
0.00501896	0.000475282	
0.00521762	0.000494095	
0.00496415	0.000470092	
0.00482601	0.000457011	
0.0049494	0.000468695	
0.00515073	0.00048776	
0.00495262	0.000469	
0.00476214	0.000450962	
0.00503793	0.000477079	
0.00479258	0.000453845	
0.0050672	0.000479851	
0.00482072	0.00045651	
0.00463531	0.000438952	
0.00483395	0.000457762	
0.00464803	0.000440156	
0.0045139	0.000427454	
0.00474765	0.00044959	
0.0045204	0.00042807	
0.00480669	0.000455181	
0.00456903	0.000432675	
0.00476809	0.000451525	
0.0045847	0.000434159	
0.00440836	0.00041746	
0.00466999	0.000442236	
0.00449037	0.000425226	
0.00470934	0.000445962	
0.00452821	0.000428809	
0.00476139	0.000450891	
0.00457826	0.000433549	
0.00480077	0.000454621	
0.00500175	0.000473653	
0.00522274	0.00049458	
0.00540748	0.000512074	
0.00600539	0.000568695	
0.00658028	0.000623135	
0.00719336	0.000681192	
0.00765525	0.000724932	
0.00854402	0.000809096	
0.00941273	0.000891361	
0.0102432	0.000959509	
0.0110621	0.000953543	
0.0114185	0.000947612	
0.0122078	0.000941716	
0.0125282	0.000935853	
0.0124535	0.000930024	
0.0123443	0.000924229	
0.01176	0.000918467	
0.0118542	0.000912739	
0.0112875	0.000907045	
0.0108534	0.000901383	
0.0108214	0.000895754	
0.0107967	0.000890158	
0.0112027	0.000884594	
0.0111476	0.000879063	
0.0111248	0.000873564	
0.0111122	0.000868097	
0.0110546	0.000862662	
0.011057	0.000857259	
0.0106318	0.000851887	
0.0106095	0.000846547	
0.0102014	0.000841238	
0.00980908	0.000808883	
0.00943181	0.000777772	
0.00906905	0.000747858	
0.00872024	0.000719094	
0.00880496	0.00072608	
0.0084663	0.000698154	
0.00814068	0.000671302	
0.00782757	0.000645483	
0.00752651	0.000620657	
0.00762249	0.000628571	
0.00732932	0.000604395	
0.00704742	0.000581149	
0.00716664	0.000590981	
0.006891	0.000568251	
0.00703312	0.00057997	
0.00663853	0.000547431	
0.00650728	0.000536608	
0.00653134	0.000538592	
0.00640542	0.000528209	
0.00656621	0.000541467	
0.00631366	0.000520642	
0.00607083	0.000500617	
0.00583734	0.000481363	
0.00587781	0.0004847	
0.00582981	0.000480742	
0.00542752	0.000447568	
0.00527155	0.000434706	
0.0055349	0.000456423	
0.00518979	0.000427964	
0.00512241	0.000422408	
0.00479317	0.000395258	
0.00460882	0.000380056	
0.00443156	0.000365438	
0.00426111	0.000351383	
0.00456078	0.000376094	
0.00434193	0.000358047	
0.00417493	0.000344276	
0.00405779	0.000334616	
0.00385829	0.000318165	
0.00375333	0.00030951	
0.00356554	0.000294024	
0.0034284	0.000282715	
0.00333997	0.000275423	
0.00316808	0.000261248	
0.00304623	0.0002512	
0.00331453	0.000273325	
0.00318705	0.000262813	
0.0031079	0.000256286	
0.00294494	0.000242847	
0.00283167	0.000233507	
0.0032032	0.000264144	
0.00302721	0.000249632	
0.00291078	0.000240031	
0.00279883	0.000230799	
0.00269118	0.000221922	
0.00264046	0.000217739	
0.00285591	0.000235506	
0.00274607	0.000226448	
0.00264045	0.000217739	
0.00253889	0.000209364	
0.00249403	0.000205664	
0.00234532	0.000193401	
0.00212982	0.000175631	
0.00222598	0.00018356	
0.00250289	0.000206395	
0.00240662	0.000198457	
0.00231406	0.000190824	
0.00209977	0.000173152	
0.0021443	0.000176825	
0.00206183	0.000170024	
0.00198253	0.000163484	
0.00223972	0.000184693	
0.002102	0.000173336	
0.00202115	0.00016667	
0.00206871	0.000170591	
0.00186385	0.000153698	
0.00191745	0.000158118	
0.00209302	0.000172596	
0.00201252	0.000165958	
0.0019879	0.000163928	
0.00227396	0.000187517	
0.00223114	0.000183985	
0.00210068	0.000173228	
0.00242703	0.00020014	
0.00233369	0.000192442	
0.00224393	0.00018504	
0.00215762	0.000177924	
0.00248178	0.000204654	
0.00238633	0.000196783	
0.00234612	0.000193468	
0.00220431	0.000181773	
0.0024893	0.000205274	
0.00244514	0.000201632	
0.00229951	0.000189624	
0.00221107	0.000182331	
0.00254613	0.000209961	
0.0024482	0.000201885	
0.00235404	0.000194121	
0.00266943	0.000220128	
0.00256676	0.000211662	
0.00246803	0.000203521	
0.00274287	0.000226184	
0.00263737	0.000217485	
0.00253594	0.00020912	
0.0024384	0.000201077	
0.00278158	0.000229377	
0.0026746	0.000220554	
0.00257173	0.000212072	
0.00285824	0.000235698	
0.0027483	0.000226633	
0.0026426	0.000217916	
0.00254096	0.000209535	
0.00283347	0.000233656	
0.00272449	0.000224669	
0.0026197	0.000216028	
0.00251895	0.000207719	
0.00282917	0.000233301	
0.00272036	0.000224328	
0.00261573	0.0002157	
0.00251513	0.000207404	
0.00241839	0.000199427	
0.00272496	0.000224708	
0.00262015	0.000216065	
0.00251938	0.000207755	
0.00242248	0.000199764	
0.00232931	0.000192081	
0.00262995	0.000216873	
0.0025288	0.000208531	
0.00243154	0.000200511	
0.00233802	0.000192799	
0.00224809	0.000185384	
0.00216163	0.000178254	
0.00207849	0.000171398	
0.00240565	0.000198376	
0.00231313	0.000190747	
0.00222416	0.00018341	
0.00213861	0.000176356	
0.00205636	0.000169573	
0.00197727	0.000163051	
0.00190122	0.00015678	
0.00224334	0.000184992	
0.00215706	0.000177877	
0.0020741	0.000171036	
0.00199433	0.000164457	
0.00191762	0.000158132	
0.00184387	0.00015205	
0.00177295	0.000146202	
0.00207449	0.000171068	
0.0019947	0.000164489	
0.00191799	0.000158162	
0.00184422	0.000152079	
0.00177329	0.00014623	
0.00170508	0.000140606	
0.0016395	0.000135198	
0.00157644	0.000129998	
0.00192291	0.000158568	
0.00184895	0.00015247	
0.00177784	0.000146605	
0.00170946	0.000140967	
0.00164371	0.000135545	
0.00158049	0.000130332	
0.0015197	0.000125319	
0.00186714	0.00015397	
0.00179533	0.000148048	
0.00172628	0.000142354	
0.00165988	0.000136878	
0.00159604	0.000131614	
0.00153466	0.000126552	
0.00147563	0.000121684	
0.00141888	0.000117004	
0.00162931	0.000134357	
0.00168554	0.000138994	
0.00150182	0.000123844	
0.00144405	0.000119081	
0.00150741	0.000124305	
0.00133054	0.00010972	
0.00139826	0.000115304	
0.00164834	0.000135927	
0.00158494	0.000130699	
0.00152398	0.000125672	
0.00146537	0.000120838	
0.00140901	0.000116191	
0.00147371	0.000121526	
0.00129813	0.000107048	
0.00164777	0.000135879	
0.00158439	0.000130653	
0.00152346	0.000125628	
0.00146486	0.000120796	
0.0018156	0.000149719	
0.00174577	0.000143961	
0.00167862	0.000138424	
0.00200426	0.000165277	
0.00192718	0.00015892	
0.00185305	0.000152808	
0.00218133	0.000179878	
0.00209743	0.00017296	
0.00201676	0.000166308	
0.00234626	0.000193479	
0.00225602	0.000186037	
0.00216925	0.000178882	
0.00247118	0.00020378	
0.00237614	0.000195943	
0.00228475	0.000188407	
0.00260272	0.000214628	
0.00250262	0.000206373	
0.00240637	0.000198435	
0.00271334	0.000223749	
0.00260898	0.000215144	
0.00250864	0.000206869	
0.00283969	0.000234168	
0.00273047	0.000225162	
0.00262545	0.000216502	
0.00252447	0.000208175	
0.00279706	0.000230653	
0.00268948	0.000221782	
0.00258604	0.000213252	
0.00248658	0.00020505	
0.00280612	0.0002314	
0.0026982	0.0002225	
0.00259442	0.000213943	
0.00249463	0.000205714	
0.00280572	0.000231367	
0.00269781	0.000222469	
0.00259405	0.000213912	
0.00249428	0.000205685	
0.00239834	0.000197774	
0.0023061	0.000190167	
0.0025919	0.000213735	
0.00249221	0.000205514	
0.00239636	0.00019761	
0.00230419	0.00019001	
0.00221557	0.000182702	
0.00213035	0.000175675	
0.00204842	0.000168918	
0.00237666	0.000195986	
0.00228525	0.000188448	
0.00219736	0.0001812	
0.00211285	0.000174231	
0.00203158	0.00016753	
0.00195344	0.000161086	
0.00229349	0.000189127	
0.00220528	0.000181853	
0.00212046	0.000174859	
0.0020389	0.000168133	
0.00196048	0.000161667	
0.00188508	0.000155449	
0.00181258	0.00014947	
0.00174286	0.000143721	
0.00167583	0.000138193	
0.00161137	0.000132878	
0.00193956	0.000159941	
0.00186496	0.000153789	
0.00179323	0.000147874	
0.00172426	0.000142187	
0.00165794	0.000136718	
0.00159417	0.00013146	
0.00153286	0.000126404	
0.0014739	0.000121542	
0.00141722	0.000116867	
0.00136271	0.000112373	
0.00169563	0.000139826	
0.00163042	0.000134448	
0.00156771	0.000129277	
0.00150741	0.000124305	
0.00144943	0.000119524	
0.00139369	0.000114927	
0.00134008	0.000110507	
0.00128854	0.000106257	
0.00165415	0.000136406	
0.00159053	0.000131159	
0.00152936	0.000126115	
0.00147054	0.000121264	
0.00141398	0.0001166	
0.00135959	0.000112116	
0.0013073	0.000107804	
0.00125702	0.000103657	
0.00120867	9.96705e-05	
0.00155354	0.000128109	
0.00149379	0.000123182	
0.00178967	0.000147581	
0.00125676	0.000103635	
0.00131917	0.000108782	
0.00126843	0.000104598	
0.00121964	0.000100575	
0.00152607	0.000125844	
0.00111404	9.18667e-05	
0.00107119	8.83333e-05	
0.00142014	0.000117109	
0.00136552	0.000112604	
0.001313	0.000108274	
0.0012625	0.000104109	
0.0011044	9.10718e-05	
0.00117147	9.66022e-05	
0.00112641	9.28867e-05	
0.00185909	0.000153306	
0.00178759	0.000147409	
0.00136551	0.000112604	
0.00131299	0.000108273	
0.00126249	0.000104108	
0.00156726	0.00012924	
0.00153748	0.000126785	
0.00135945	0.000112104	
0.00142606	0.000117597	
0.00172453	0.00014221	
0.00130488	0.000107604	
0.0016605	0.000136929	
0.00148709	0.000122629	
0.00153944	0.000126946	
0.00148023	0.000122063	
0.00177782	0.000146604	
0.00165238	0.000136259	
0.00169837	0.000140052	
0.0015235	0.000125632	
0.00157445	0.000129833	
0.00223684	0.000184456	
0.00204127	0.000168329	
0.0020723	0.000170888	
0.00188306	0.000155282	
0.00156686	0.000129208	
0.00192174	0.000158472	
0.00220113	0.000181511	
0.00200693	0.000165497	
0.00203928	0.000168165	
0.00190981	0.000157488	
0.0022992	0.000189598	
0.00210123	0.000173273	
0.00177665	0.000146507	
0.00170831	0.000140872	
0.00229335	0.000189116	
0.00231469	0.000190875	
0.00211612	0.000174501	
0.00214427	0.000176822	
0.00196738	0.000162236	
0.00201061	0.0001658	
0.00181438	0.000149619	
0.00221679	0.000182802	
0.00207446	0.000171066	
0.00245871	0.000202752	
0.0022534	0.000185821	
0.00192298	0.000158574	
0.00209277	0.000172575	
0.00252879	0.000208531	
0.00243153	0.00020051	
0.00222847	0.000183765	
0.00214276	0.000176697	
0.00216988	0.000178934	
0.00197688	0.000163019	
0.00238603	0.000196758	
0.00218351	0.000180058	
0.00209953	0.000173133	
0.00212953	0.000175606	
0.00193688	0.00015972	
0.00197313	0.000162709	
0.00178649	0.000147319	
0.00214855	0.000177175	
0.00206592	0.000170361	
0.00198646	0.000163809	
0.00155677	0.000128375	
0.00185018	0.000152571	
0.00177902	0.000146703	
0.0017106	0.00014106	
0.0020361	0.000167902	
0.00195779	0.000161445	
0.00188249	0.000155235	
0.00181009	0.000149265	
0.00185001	0.000152557	
0.00166931	0.000137656	
0.00160511	0.000132362	
0.00154337	0.000127271	
0.0018741	0.000154544	
0.00180202	0.0001486	
0.00173272	0.000142884	
0.00166607	0.000137389	
0.00160199	0.000132105	
0.00154038	0.000127024	
0.00148113	0.000122138	
0.00153491	0.000126573	
0.00177209	0.000146131	
0.00170393	0.000140511	
0.00163839	0.000135106	
0.00157538	0.00012991	
0.00151479	0.000124913	
0.00145653	0.000120109	
0.00140051	0.000115489	
0.00174005	0.000143489	
0.00167313	0.00013797	
0.00160878	0.000132664	
0.0015469	0.000127561	
0.0014874	0.000122655	
0.0014302	0.000117938	
0.00137519	0.000113402	
0.00171358	0.000141307	
0.00164768	0.000135872	
0.0015843	0.000130646	
0.00152337	0.000125621	
0.00146478	0.00012079	
0.00181539	0.000149702	
0.00174556	0.000143944	
0.00167843	0.000138408	
0.00161387	0.000133084	
0.00196568	0.000162095	
0.00189008	0.000155861	
0.00181738	0.000149866	
0.00174748	0.000144102	
0.00205588	0.000169534	
0.00197681	0.000163013	
0.00190078	0.000156743	
0.00182767	0.000150715	
0.00216431	0.000178475	
0.00208107	0.00017161	
0.00200103	0.00016501	
0.00232978	0.00019212	
0.00224018	0.000184731	
0.00215402	0.000177626	
0.00207117	0.000170794	
0.00236923	0.000195373	
0.00227811	0.000187859	
0.00219049	0.000180633	
0.00253484	0.00020903	
0.00243735	0.00020099	
0.0023436	0.00019326	
0.00264351	0.000217991	
0.00254184	0.000209607	
0.00244407	0.000201545	
0.00276512	0.00022802	
0.00265877	0.00021925	
0.00255651	0.000210817	
0.0028434	0.000234475	
0.00273404	0.000225457	
0.00262889	0.000216785	
0.00291901	0.00024071	
0.00280675	0.000231452	
0.00269879	0.00022255	
0.00259499	0.00021399	
0.00290088	0.000239214	
0.00278931	0.000230014	
0.00267656	0.000220716	
0.00257908	0.000212678	
0.00287926	0.000237432	
0.00276852	0.0002283	
0.00266204	0.000219519	
0.00255965	0.000211076	
0.00286809	0.000236511	
0.00275232	0.000226963	
0.00265193	0.000218685	
0.00254993	0.000210274	
0.00245185	0.000202186	
0.00274757	0.000226572	
0.0026419	0.000217858	
0.00254029	0.000209479	
0.00244258	0.000201422	
0.00277933	0.000229191	
0.00267243	0.000220376	
0.00256964	0.0002119	
0.00247081	0.00020375	
0.00237578	0.000195913	
0.00265996	0.000219348	
0.00255766	0.000210911	
0.00245929	0.000202799	
0.0023647	0.000194999	
0.00227375	0.000187499	
0.00259197	0.000213741	
0.00249228	0.00020552	
0.00239642	0.000197615	
0.00230425	0.000190015	
0.00221563	0.000182707	
0.00213041	0.000175679	
0.00245535	0.000202474	
0.00236091	0.000194687	
0.00227011	0.000187199	
0.00218279	0.000179999	
0.00209884	0.000173076	
0.00239579	0.000197563	
0.00230365	0.000189965	
0.00221504	0.000182658	
0.00212985	0.000175633	
0.00204793	0.000168878	
0.00237603	0.000195934	
0.00228465	0.000188398	
0.00219678	0.000181152	
0.00211229	0.000174185	
0.00203104	0.000167485	
0.00235979	0.000194595	
0.00226903	0.00018711	
0.00218176	0.000179914	
0.00209785	0.000172994	
0.00201716	0.000166341	
0.00232958	0.000192103	
0.00223998	0.000184714	
0.00255317	0.000210541	
0.00245497	0.000202443	
0.00236055	0.000194657	
0.0026754	0.000220621	
0.0025725	0.000212135	
0.00247356	0.000203976	
0.00276414	0.000227939	
0.0030566	0.000252056	
0.00293904	0.000242361	
0.00325452	0.000268376	
0.00312934	0.000258054	
0.00337727	0.000278499	
0.00324738	0.000267787	
0.0035293	0.000291036	
0.00338809	0.000279391	
0.00368303	0.000303713	
0.00354138	0.000292032	
0.00377465	0.000311268	
0.00403628	0.000332843	
0.00388104	0.000320041	
0.00414672	0.00034195	
0.00439403	0.000362344	
0.00459931	0.000379271	
0.0048292	0.000398229	
0.00464346	0.000382912	
0.0048798	0.000402401	
0.00506036	0.000417291	
0.00529418	0.000436572	
0.00547565	0.000451537	
0.00526505	0.00043417	
0.00574327	0.000473606	
0.00603756	0.000497873	
0.00622024	0.000512937	
0.00637088	0.00052536	
0.00653259	0.000538695	
0.00667241	0.000550225	
0.00680898	0.000561487	
0.00695864	0.000573828	
0.00707604	0.000583509	
0.00723922	0.000596965	
0.0077314	0.000637552	
0.0078462	0.000647019	
0.00792676	0.000653662	
0.00830997	0.000685262	
0.00851361	0.000702055	
0.00857116	0.000706801	
0.00903918	0.000745395	
0.00908947	0.000749542	
0.00953752	0.00078649	
0.00958428	0.000790345	
0.0100289	0.00083596	
0.00988722	0.000824149	
0.0100518	0.000830714	
0.0104411	0.000825497	
0.0104748	0.000820312	
0.0104568	0.000815157	
0.0103203	0.000810032	
0.0104553	0.000804938	
0.0103176	0.000799873	
0.0104451	0.000794838	
0.00991811	0.000754734	
0.0100673	0.000789833	
0.00955604	0.000749721	
0.00972731	0.000763158	
0.00921976	0.000723338	
0.00936785	0.000734957	
0.00928886	0.000728759	
0.00893159	0.00070073	
0.00899466	0.000705678	
0.00864871	0.000678536	
0.00882358	0.000692256	
0.00835078	0.000655162	
0.00858526	0.000673558	
0.00812978	0.000637823	
0.00781709	0.000613292	
0.00790737	0.000620375	
0.00760324	0.000596514	
0.00731081	0.000573571	
0.00743621	0.00058341	
0.0071502	0.000560971	
0.0068752	0.000539395	
0.00661077	0.000518649	
0.00675439	0.000529917	
0.0064946	0.000509535	
0.00624481	0.000489938	
0.00600463	0.000471094	
0.00616462	0.000483647	
0.00592752	0.000465045	
0.00569954	0.000447159	
0.00588571	0.000461765	
0.00565934	0.000444005	
0.00544167	0.000426928	
0.00523238	0.000410507	
0.00503113	0.000394719	
0.00522376	0.000409831	
0.00502284	0.000394068	
0.00482966	0.000378912	
0.0046439	0.000364338	
0.00488484	0.000383241	
0.00469696	0.000368501	
0.00451631	0.000354328	
0.00434261	0.0003407	
0.00417558	0.000327596	
0.00439991	0.000345196	
0.00423068	0.000331919	
0.00406796	0.000319153	
0.0039115	0.000306878	
0.00376106	0.000295075	
0.00400615	0.000314303	
0.00385206	0.000302214	
0.00370391	0.000290591	
0.00356145	0.000279414	
0.00342447	0.000268668	
0.0037075	0.000290872	
0.0035649	0.000279685	
0.00342779	0.000268928	
0.00329595	0.000258585	
0.00316919	0.000248639	
0.00304729	0.000239076	
0.00332103	0.000260552	
0.0031933	0.000250531	
0.00307048	0.000240895	
0.00295239	0.00023163	
0.00283883	0.000222721	
0.00315189	0.000247282	
0.00303066	0.000237771	
0.0029141	0.000228626	
0.00280202	0.000219833	
0.00269425	0.000211378	
0.00296471	0.000232597	
0.00285068	0.000223651	
0.00274104	0.000215049	
0.00263561	0.000206778	
0.00294897	0.000231362	
0.00283555	0.000222464	
0.00272649	0.000213907	
0.00262163	0.00020568	
0.0025208	0.000197769	
0.00283042	0.000222061	
0.00272156	0.000213521	
0.00261142	0.000204879	
0.00251645	0.000197428	
0.00241966	0.000189835	
0.0023266	0.000182534	
0.00260638	0.000204484	
0.00250613	0.000196619	
0.00240974	0.000189057	
0.00231706	0.000181785	
0.00222794	0.000174794	
0.00254763	0.000199874	
0.00244964	0.000192187	
0.00235542	0.000184795	
0.00226483	0.000177688	
0.00259244	0.00020339	
0.00249273	0.000195568	
0.00239686	0.000188046	
0.00230467	0.000180813	
0.00260695	0.000204529	
0.00250668	0.000196662	
0.00241027	0.000189098	
0.00231757	0.000181825	
0.00222843	0.000174832	
0.00214272	0.000168108	
0.00245003	0.000192217	
0.00235579	0.000184824	
0.00226519	0.000177716	
0.00217806	0.00017088	
0.00209429	0.000164308	
0.00201374	0.000157989	
0.00193629	0.000151912	
0.00215124	0.000168776	
0.00218832	0.000171685	
0.00198434	0.000155682	
0.0020333	0.000159523	
0.0019551	0.000153388	
0.00175462	0.000137659	
0.00220213	0.000172768	
0.00211743	0.000166123	
0.00203599	0.000159734	
0.00195768	0.00015359	
0.00188239	0.000147683	
0.00180999	0.000142003	
0.00212647	0.000166833	
0.0019194	0.000150587	
0.00197086	0.000154624	
0.00189506	0.000148677	
0.00182217	0.000142959	
0.00175209	0.00013746	
0.00155942	0.000122344	
0.00162472	0.000127468	
0.0019974	0.000156706	
0.00192057	0.000150679	
0.00184671	0.000144884	
0.00177568	0.000139311	
0.00170738	0.000133953	
0.00164172	0.000128801	
0.00145329	0.000114018	
0.00152268	0.000119462	
0.00133883	0.000105038	
0.00141262	0.000110827	
0.00135829	0.000106565	
0.00130605	0.000102466	
0.00125581	9.85251e-05	
0.00157676	0.000123705	
0.00139083	0.000109118	
0.00146262	0.00011475	
0.00140636	0.000110337	
0.00122699	9.62637e-05	
0.00130508	0.00010239	
0.0011296	8.86232e-05	
0.00121144	9.50437e-05	
0.00103956	8.15591e-05	
0.00112486	8.82513e-05	
0.000956315	7.50279e-05	
0.000919534	7.21422e-05	
0.000884167	6.93675e-05	
0.000850161	6.66995e-05	
0.00122402	9.60306e-05	
0.00117694	9.23371e-05	
0.00113167	8.87857e-05	
0.00108815	8.53709e-05	
0.0010463	8.20874e-05	
0.00100605	7.89302e-05	
0.00109264	8.57235e-05	
0.000925335	7.25974e-05	
0.00101503	7.96342e-05	
0.000845234	6.6313e-05	
0.000818197	6.41918e-05	
0.000786728	6.17229e-05	
0.00116784	9.16229e-05	
0.00112292	8.80989e-05	
0.00107973	8.47105e-05	
0.0010382	8.14524e-05	
0.000998272	7.83196e-05	
0.000959877	7.53073e-05	
0.000922958	7.24109e-05	
0.00101274	7.94549e-05	
0.000848508	6.65699e-05	
0.000815873	6.40095e-05	
0.00119919	9.40825e-05	
0.00115307	9.0464e-05	
0.00110872	8.69846e-05	
0.00106607	8.3639e-05	
0.00102507	8.04221e-05	
0.000985645	7.7329e-05	
0.000947736	7.43548e-05	
0.000911284	7.1495e-05	
0.00124547	9.77135e-05	
0.00119757	9.39553e-05	
0.00115151	9.03416e-05	
0.00110722	8.68669e-05	
0.00118991	9.33549e-05	
0.00101887	7.99353e-05	
0.000979679	7.68609e-05	
0.000941999	7.39047e-05	
0.000905768	7.10622e-05	
0.00127747	0.000100224	
0.00122834	9.63696e-05	
0.0011811	9.26631e-05	
0.00113567	8.90991e-05	
0.00109199	8.56722e-05	
0.00104999	8.23772e-05	
0.00100961	7.92088e-05	
0.000970775	7.61623e-05	
0.000933437	7.3233e-05	
0.000897536	7.04163e-05	
0.00140178	0.000109977	
0.00122258	9.59178e-05	
0.00117556	9.22286e-05	
0.00113034	8.86814e-05	
0.00108687	8.52706e-05	
0.00104507	8.19909e-05	
0.00100487	7.88374e-05	
0.000966223	7.58052e-05	
0.000929061	7.28896e-05	
0.000893328	7.00862e-05	
0.000858969	6.73906e-05	
0.000825932	6.47986e-05	
0.000794165	6.23064e-05	
0.00076362	5.991e-05	
0.00073425	5.76058e-05	
0.00070601	5.53902e-05	
0.0010541	8.26995e-05	
0.00101356	7.95188e-05	
0.000974574	7.64604e-05	
0.00093709	7.35196e-05	
0.000901048	7.06919e-05	
0.000866393	6.7973e-05	
0.00083307	6.53587e-05	
0.000801029	6.28449e-05	
0.00077022	6.04278e-05	
0.000740596	5.81036e-05	
0.000712112	5.58689e-05	
0.000684723	5.37201e-05	
0.000658387	5.16539e-05	
0.000633065	4.96672e-05	
0.000608716	4.7757e-05	
0.000585304	4.59201e-05	
0.000562792	4.4154e-05	
0.000541146	4.24558e-05	
0.000520333	4.08228e-05	
0.00050032	3.92527e-05	
0.000481077	3.7743e-05	
0.000457103	3.58621e-05	
0.000444993	3.4912e-05	
0.000427878	3.35693e-05	
0.000828133	6.49713e-05	
0.000801752	6.29016e-05	
0.000770916	6.04823e-05	
0.000741265	5.81561e-05	
0.000712755	5.59193e-05	
0.000685341	5.37686e-05	
0.000658982	5.17006e-05	
0.000633637	4.97121e-05	
0.000609266	4.78001e-05	
0.000585833	4.59616e-05	
0.000563301	4.41939e-05	
0.000541635	4.24941e-05	
0.000520803	4.08597e-05	
0.000500772	3.92882e-05	
0.000481512	3.77771e-05	
0.000462992	3.63241e-05	
0.000445185	3.49271e-05	
0.000428062	3.35837e-05	
0.000411598	3.2292e-05	
0.000395768	3.105e-05	
0.000380546	2.98558e-05	
0.000755592	5.92801e-05	
0.000726531	5.70001e-05	
0.000698587	5.48078e-05	
0.000671718	5.26998e-05	
0.000645883	5.06729e-05	
0.000621041	4.87239e-05	
0.000597155	4.68499e-05	
0.000574188	4.5048e-05	
0.000552104	4.33154e-05	
0.000530869	4.16494e-05	
0.000510451	4.00475e-05	
0.000490818	3.85072e-05	
0.000471941	3.70262e-05	
0.000453789	3.56021e-05	
0.000436336	3.42328e-05	
0.000419554	3.29162e-05	
0.000802443	6.29559e-05	
0.00077158	6.05345e-05	
0.000741904	5.82062e-05	
0.000713369	5.59675e-05	
0.000685932	5.38149e-05	
0.00065955	5.17451e-05	
0.000634183	4.97549e-05	
0.000609791	4.78413e-05	
0.000586338	4.60012e-05	
0.000563786	4.4232e-05	
0.000542102	4.25307e-05	
0.000521252	4.08949e-05	
0.000501204	3.93221e-05	
0.000481927	3.78097e-05	
0.000869916	6.82494e-05	
0.000836458	6.56244e-05	
0.000804286	6.31004e-05	
0.000773352	6.06735e-05	
0.000743608	5.83399e-05	
0.000715008	5.60961e-05	
0.000682037	5.35093e-05	
0.000661275	5.18805e-05	
0.000635841	4.98851e-05	
0.000611386	4.79664e-05	
0.000587871	4.61215e-05	
0.000565261	4.43476e-05	
0.00054352	4.2642e-05	
0.000522615	4.10019e-05	
0.000887371	6.96189e-05	
0.000853242	6.69412e-05	
0.000820425	6.43666e-05	
0.00078887	6.1891e-05	
0.000758529	5.95105e-05	
0.000729355	5.72217e-05	
0.000701303	5.50208e-05	
0.000674329	5.29047e-05	
0.000648394	5.08699e-05	
0.000623456	4.89133e-05	
0.000599477	4.70321e-05	
0.00057642	4.52231e-05	
0.00055425	4.34838e-05	
0.000532932	4.18113e-05	
0.000512435	4.02032e-05	
0.000882394	6.92284e-05	
0.000848455	6.65657e-05	
0.000815823	6.40055e-05	
0.000784445	6.15438e-05	
0.000754274	5.91767e-05	
0.000725263	5.69007e-05	
0.000697369	5.47122e-05	
0.000670547	5.26079e-05	
0.000644757	5.05845e-05	
0.000619958	4.8639e-05	
0.000596114	4.67682e-05	
0.000573186	4.49695e-05	
0.000551141	4.32399e-05	
0.000529943	4.15768e-05	
0.000509561	3.99777e-05	
0.000489962	3.84401e-05	
0.000471117	3.69616e-05	
0.000452998	3.554e-05	
0.000435575	3.41731e-05	
0.000418822	3.28587e-05	
0.000402713	3.15949e-05	
0.000387224	3.03798e-05	
0.000372331	2.92113e-05	
0.000358011	2.80878e-05	
0.000344241	2.70075e-05	
0.000331001	2.59687e-05	
0.00031827	2.497e-05	
0.000720689	5.65418e-05	
0.00069297	5.43671e-05	
0.000666317	5.2276e-05	
0.00064069	5.02654e-05	
0.000616048	4.83321e-05	
0.000592354	4.64732e-05	
0.000569571	4.46858e-05	
0.000547664	4.29671e-05	
0.0005266	4.13145e-05	
0.000506346	3.97255e-05	
0.000486872	3.81976e-05	
0.000468146	3.67285e-05	
0.00045014	3.53158e-05	
0.000432827	3.39575e-05	
0.00041618	3.26515e-05	
0.000400173	3.13957e-05	
0.000384782	3.01881e-05	
0.000369982	2.9027e-05	
0.000355752	2.79106e-05	
0.00034207	2.68371e-05	
0.000328913	2.58049e-05	
0.000316263	2.48124e-05	
0.000304099	2.38581e-05	
0.000292403	2.29405e-05	
0.000281156	2.20582e-05	
0.000270343	2.12098e-05	
0.000259945	2.0394e-05	
0.000249947	1.96096e-05	
0.000240334	1.88554e-05	
0.00023109	1.81302e-05	
0.000222202	1.74329e-05	
0.000213656	1.67624e-05	
0.000199967	1.56885e-05	
0.000197747	1.55143e-05	
0.000596654	4.68106e-05	
0.000573706	4.50102e-05	
0.00055164	4.3279e-05	
0.000530423	4.16145e-05	
0.000510022	4.00139e-05	
0.000490406	3.84749e-05	
0.000471544	3.69951e-05	
0.000453408	3.55722e-05	
0.000435969	3.42041e-05	
0.000419201	3.28885e-05	
0.000403078	3.16236e-05	
0.000382104	2.99781e-05	
0.000372879	2.92543e-05	
0.000358537	2.81291e-05	
0.000339277	2.6618e-05	
0.000331698	2.60234e-05	
0.00031894	2.50225e-05	
0.000306674	2.40601e-05	
0.000294878	2.31347e-05	
0.00065208	5.11591e-05	
0.00063247	4.96206e-05	
0.000608145	4.77121e-05	
0.000584754	4.5877e-05	
0.000562264	4.41125e-05	
0.000540638	4.24159e-05	
0.000519845	4.07845e-05	
0.00049985	3.92159e-05	
0.000480625	3.77076e-05	
0.00046214	3.62573e-05	
0.000444365	3.48628e-05	
0.000421804	3.30927e-05	
0.000411051	3.22491e-05	
0.000395241	3.10087e-05	
0.00038004	2.98161e-05	
0.000359953	2.82401e-05	
0.000351579	2.75832e-05	
0.000338056	2.65223e-05	
0.000739703	5.80335e-05	
0.000711253	5.58015e-05	
0.000683897	5.36553e-05	
0.000657593	5.15916e-05	
0.000632301	4.96073e-05	
0.000607982	4.76993e-05	
0.000584598	4.58648e-05	
0.000562114	4.41007e-05	
0.000535023	4.19754e-05	
0.000519916	4.07901e-05	
0.000499919	3.92213e-05	
0.000480692	3.77128e-05	
0.000462203	3.62623e-05	
0.000438956	3.44384e-05	
0.000309861	2.43102e-05	
0.000415626	3.2608e-05	
0.00039417	3.09247e-05	
0.000384479	3.01644e-05	
0.000369692	2.90042e-05	
0.000350003	2.74595e-05	
0.000342011	2.68326e-05	
0.000323387	2.53714e-05	
0.000198737	1.5592e-05	
0.000308775	2.4225e-05	
0.000296899	2.32933e-05	
0.000167798	1.31646e-05	
0.000685527	5.37832e-05	
0.000540276	4.23874e-05	
0.000638381	5.00843e-05	
0.000489469	3.84014e-05	
0.000595002	4.6681e-05	
0.000572117	4.48856e-05	
0.000550113	4.31592e-05	
0.00041007	3.21721e-05	
0.000507713	3.98327e-05	
0.00037477	2.94027e-05	
0.000479241	3.75989e-05	
0.000341924	2.68257e-05	
0.000447657	3.51211e-05	
0.00043044	3.37702e-05	
0.000289526	2.27148e-05	
0.000402749	3.15977e-05	
0.000381789	2.99533e-05	
0.000372574	2.92304e-05	
0.000358244	2.81061e-05	
0.000338996	2.6596e-05	
0.000212543	1.66751e-05	
0.000323252	2.53608e-05	
0.000186461	1.46289e-05	
0.000303648	2.38227e-05	
0.000173084	1.35794e-05	
0.000166427	1.30571e-05	
0.000642631	5.04178e-05	
0.000512644	4.02196e-05	
0.000603667	4.73608e-05	
0.000464236	3.64217e-05	
0.000562593	4.41384e-05	
0.000540955	4.24408e-05	
0.000520149	4.08084e-05	
0.000389404	3.05508e-05	
0.000485166	3.80638e-05	
0.000350293	2.74823e-05	
0.000453033	3.55428e-05	
0.000324869	2.54877e-05	
0.000423114	3.31955e-05	
0.00040684	3.19187e-05	
0.000391193	3.06911e-05	
0.000376147	2.95107e-05	
0.000245466	1.92581e-05	
0.000352238	2.76349e-05	
0.000338691	2.6572e-05	
0.000320195	2.51209e-05	
0.000202609	1.58957e-05	
0.000300087	2.35434e-05	
0.000183275	1.43788e-05	
0.000281496	2.20848e-05	
0.000276138	2.16645e-05	
0.000265518	2.08312e-05	
0.000249836	1.96009e-05	
0.000240227	1.88471e-05	
0.000236457	1.85513e-05	
0.000221893	1.74087e-05	
0.000213359	1.67391e-05	
9.98821e-05	7.83627e-06	
0.000201311	1.57939e-05	
0.0005321	4.1746e-05	
0.000615702	4.8305e-05	
0.000482481	3.78532e-05	
0.000587077	4.60592e-05	
0.000446817	3.50551e-05	
0.000533699	4.18714e-05	
0.000526785	4.1329e-05	
0.000492911	3.86714e-05	
0.000364413	2.85901e-05	
0.00047355	3.71524e-05	
0.000332184	2.60615e-05	
0.00044256	3.47211e-05	
0.000411925	3.23177e-05	
0.000286542	2.24807e-05	
0.000385061	3.021e-05	
0.000260712	2.04542e-05	
0.000360224	2.82614e-05	
0.000236829	1.85805e-05	
0.00033726	2.64598e-05	
0.000214749	1.68482e-05	
0.000316029	2.47941e-05	
0.000194335	1.52466e-05	
0.00018686	1.46602e-05	
0.000179673	1.40963e-05	
0.000172763	1.35541e-05	
0.00017159	1.34621e-05	
0.000269057	2.11089e-05	
0.000154642	1.21324e-05	
0.000252761	1.98304e-05	
0.000138972	1.09031e-05	
0.000128156	1.00545e-05	
0.000232765	1.82616e-05	
0.000119745	9.39465e-06	
0.000219207	1.71979e-05	
0.000106709	8.37186e-06	
0.000594282	4.66245e-05	
0.000565957	4.44023e-05	
0.000431978	3.38909e-05	
0.000533043	4.182e-05	
0.000512541	4.02115e-05	
0.000369677	2.9003e-05	
0.00036093	2.83168e-05	
0.00045926	3.60313e-05	
0.000323912	2.54126e-05	
0.000429137	3.36681e-05	
0.000294949	2.31403e-05	
0.000406756	3.19121e-05	
0.00026796	2.10229e-05	
0.000263126	2.06436e-05	
0.000253005	1.98496e-05	
0.000237803	1.86569e-05	
0.000351807	2.76011e-05	
0.000332808	2.61105e-05	
0.000207797	1.63027e-05	
0.000317484	2.49082e-05	
0.000299805	2.35212e-05	
0.000176062	1.3813e-05	
0.000281502	2.20853e-05	
0.000152992	1.2003e-05	
0.000270259	2.12032e-05	
0.000142185	1.11551e-05	
0.000136716	1.07261e-05	
0.000249137	1.95461e-05	
0.000121875	9.56176e-06	
0.000117188	9.194e-06	
0.000107209	8.41108e-06	
0.000108557	8.51688e-06	
0.000104382	8.1893e-06	
0.000212578	1.66779e-05	
9.21911e-05	7.23287e-06	
0.000206325	1.61872e-05	
8.07096e-05	6.33209e-06	
0.000195285	1.53211e-05	
6.46221e-05	5.06994e-06	
6.76087e-05	5.30426e-06	
5.95363e-05	4.67093e-06	
6.27184e-05	4.92059e-06	
5.48342e-05	4.30203e-06	
5.27252e-05	4.13656e-06	
5.61691e-05	4.40676e-06	
5.40087e-05	4.23727e-06	
4.64596e-05	3.645e-06	
5.01445e-05	3.93409e-06	
0.000160427	1.25863e-05	
4.20455e-05	3.29869e-06	
0.000158107	1.24043e-05	
2.88753e-05	2.26542e-06	
3.32365e-05	2.60758e-06	
0.000149637	1.17398e-05	
2.62028e-05	2.05575e-06	
2.5195e-05	1.97668e-06	
0.000141905	1.11332e-05	
0.000433401	3.40026e-05	
0.000416732	3.26948e-05	
0.00050477	3.96018e-05	
0.00038129	2.99141e-05	
0.000476159	3.73572e-05	
0.000348311	2.73268e-05	
0.000334914	2.62758e-05	
0.000322033	2.52651e-05	
0.000304175	2.38641e-05	
0.000297948	2.33756e-05	
0.000390555	3.0641e-05	
0.000271467	2.1298e-05	
0.000365092	2.86434e-05	
0.000246984	1.93772e-05	
0.000237484	1.86319e-05	
0.000332417	2.60798e-05	
0.000215565	1.69122e-05	
0.000311341	2.44263e-05	
0.000596311	4.67837e-05	
0.000688382	5.40072e-05	
0.000552372	4.33364e-05	
0.000531127	4.16696e-05	
0.000505227	3.96377e-05	
0.000491267	3.85424e-05	
0.000472372	3.706e-05	
0.000563738	4.42282e-05	
0.000427049	3.35042e-05	
0.000416096	3.26449e-05	
0.000394621	3.096e-05	
0.000754087	5.91621e-05	
0.00082915	6.50511e-05	
0.00109299	8.57508e-05	
0.00117531	9.22088e-05	
0.00100575	7.89062e-05	
0.00138715	0.000108829	
0.0013338	0.000104643	
0.00127702	0.000100189	
0.00123338	9.6765e-05	
0.00118047	9.2614e-05	
0.00113507	8.9052e-05	
0.00148223	0.000116289	
0.00142522	0.000111816	
0.00137588	0.000107945	
0.00131749	0.000103364	
0.00127228	9.98173e-05	
0.00133288	0.000104572	
0.00116661	9.15269e-05	
0.00151683	0.000119003	
0.00145302	0.000113997	
0.0014026	0.000110041	
0.00134866	0.000105809	
0.0014102	0.000110637	
0.00124255	9.74842e-05	
0.00118928	9.33055e-05	
0.00114901	9.01461e-05	
0.00109935	8.62497e-05	
0.00118142	9.26885e-05	
0.0010171	7.97967e-05	
0.00097798	7.67276e-05	
0.00134949	0.000105875	
0.00130306	0.000102232	
0.00125294	9.83e-05	
0.00130882	0.000102684	
0.00115441	9.05698e-05	
0.00161035	0.000126341	
0.00143888	0.000112888	
0.00176833	0.000138734	
0.00212721	0.000166891	
0.00242267	0.000190071	
0.00232949	0.00018276	
0.00264085	0.000207188	
0.00254475	0.000199649	
0.0024414	0.000191541	
0.0023475	0.000184174	
0.00226268	0.000177519	
0.00217019	0.000170262	
0.00249861	0.000196029	
0.00240251	0.00018849	
0.00231011	0.00018124	
0.00222126	0.000174269	
0.00213583	0.000167567	
0.00205368	0.000161122	
0.00197469	0.000154925	
0.00189327	0.000148537	
0.00182592	0.000143253	
0.0017557	0.000137743	
0.0016827	0.000132016	
0.00162345	0.000127368	
0.00156101	0.000122469	
0.00186944	0.000146667	
0.00181115	0.000142094	
0.00174149	0.000136629	
0.00167451	0.000131374	
0.00161011	0.000126321	
0.00154818	0.000121463	
0.00148863	0.000116791	
0.00143138	0.000112299	
0.00137633	0.00010798	
0.00132339	0.000103827	
0.00125888	9.87653e-05	
0.00122407	9.60349e-05	
0.00128653	0.000100935	
0.0011139	8.73909e-05	
0.00149109	0.000116984	
0.00142827	0.000112055	
0.00137334	0.000107746	
0.00132599	0.000104031	
0.00126952	9.96004e-05	
0.00122616	9.61989e-05	
0.001179	9.24989e-05	
0.00153888	0.000120733	
0.00147969	0.000116089	
0.00142278	0.000111624	
0.00136258	0.000106902	
0.00131565	0.000103219	
0.00125957	9.88202e-05	
0.0012166	9.54486e-05	
0.00116981	9.17775e-05	
0.00111934	8.78184e-05	
0.00108176	8.487e-05	
0.00103469	8.11765e-05	
0.00100036	7.84836e-05	
0.000961887	7.5465e-05	
0.00091942	7.21333e-05	
0.00129595	0.000101674	
0.00124063	9.73342e-05	
0.00119839	9.40198e-05	
0.00114683	8.99744e-05	
0.00110819	8.69431e-05	
0.00106009	8.31699e-05	
0.00102479	8.04003e-05	
0.000979906	7.68787e-05	
0.000942217	7.39219e-05	
0.000911449	7.15079e-05	
0.000870923	6.83284e-05	
0.000842896	6.61296e-05	
0.000805006	6.31569e-05	
0.000779515	6.1157e-05	
0.000749534	5.88049e-05	
0.000720706	5.65431e-05	
0.000692987	5.43684e-05	
0.000660862	5.18481e-05	
0.000640915	5.02831e-05	
0.000616265	4.83492e-05	
0.000969826	7.60879e-05	
0.000932525	7.31614e-05	
0.00100072	7.85119e-05	
0.000858169	6.73278e-05	
0.000825163	6.47383e-05	
0.000787954	6.18191e-05	
0.00076312	5.98707e-05	
0.000728298	5.71387e-05	
0.000700286	5.49411e-05	
0.000678823	5.32572e-05	
0.000647244	5.07796e-05	
0.000627821	4.92558e-05	
0.000598203	4.69321e-05	
0.000684731	5.37207e-05	
0.00055433	4.34901e-05	
0.000527539	4.13881e-05	
0.000507249	3.97963e-05	
0.00049321	3.86949e-05	
0.000468769	3.67774e-05	
0.000456211	3.57921e-05	
0.000433193	3.39863e-05	
0.000416532	3.26791e-05	
0.000405982	3.18514e-05	
0.000384897	3.01972e-05	
0.000370093	2.90357e-05	
0.000355859	2.7919e-05	
0.000753403	5.91084e-05	
0.000729896	5.72642e-05	
0.000807092	6.33205e-05	
0.000670782	5.26263e-05	
0.000639512	5.0173e-05	
0.000614915	4.82433e-05	
0.000596735	4.6817e-05	
0.000568313	4.45871e-05	
0.000551925	4.33014e-05	
0.000525227	4.12068e-05	
0.000505026	3.96219e-05	
0.000485602	3.8098e-05	
0.000466925	3.66327e-05	
0.000454437	3.56529e-05	
0.000431488	3.38525e-05	
0.000414892	3.25505e-05	
0.000404405	3.17277e-05	
0.000388851	3.05074e-05	
0.000368425	2.89048e-05	
0.000359725	2.82223e-05	
0.000345889	2.71368e-05	
0.000327116	2.56639e-05	
0.000320005	2.5106e-05	
0.000302226	2.37112e-05	
0.000290602	2.27993e-05	
0.000279425	2.19224e-05	
0.000268678	2.10792e-05	
0.000258344	2.02685e-05	
0.000248408	1.94889e-05	
0.000244324	1.91685e-05	
0.000234927	1.84312e-05	
0.000220421	1.72932e-05	
0.000211943	1.66281e-05	
0.000203792	1.59885e-05	
0.000201424	1.58027e-05	
0.000188206	1.47658e-05	
0.000180968	1.41979e-05	
0.000179477	1.40809e-05	
0.000172574	1.35394e-05	
0.000160467	1.25895e-05	
0.000159765	1.25344e-05	
0.00015362	1.20523e-05	
0.000548658	4.30451e-05	
0.000527556	4.13895e-05	
0.000512735	4.02267e-05	
0.000487544	3.82504e-05	
0.000474263	3.72084e-05	
0.000450552	3.53481e-05	
0.000438693	3.44178e-05	
0.00041635	3.26648e-05	
0.000405807	3.18377e-05	
0.000390199	3.06131e-05	
0.000369721	2.90065e-05	
0.000360971	2.83201e-05	
0.000341617	2.68017e-05	
0.000328478	2.57708e-05	
0.000321315	2.52088e-05	
0.000303486	2.38101e-05	
0.000297284	2.33235e-05	
0.00028038	2.19972e-05	
0.000275066	2.15804e-05	
0.000259016	2.03212e-05	
0.000249054	1.95396e-05	
0.000239475	1.87881e-05	
0.000235735	1.84946e-05	
0.000221198	1.73541e-05	
0.00021269	1.66866e-05	
0.00020998	1.6474e-05	
0.000196434	1.54112e-05	
0.000571605	4.48454e-05	
0.000536006	4.20525e-05	
0.000151748	1.19054e-05	
0.000145911	1.14475e-05	
0.000140299	1.10072e-05	
0.000498546	3.91135e-05	
0.000479371	3.76091e-05	
0.000460934	3.61626e-05	
0.00045682	3.58399e-05	
0.000425635	3.33933e-05	
0.000422879	3.31771e-05	
0.000406615	3.1901e-05	
0.000377361	2.96059e-05	
0.000362847	2.84673e-05	
0.000362506	2.84405e-05	
0.000348564	2.73466e-05	
0.000335157	2.62948e-05	
0.000308652	2.42153e-05	
0.000310395	2.43521e-05	
0.000284842	2.23474e-05	
0.000273887	2.14879e-05	
0.000276967	2.17295e-05	
0.0002527	1.98256e-05	
0.000242981	1.90631e-05	
0.000233635	1.83299e-05	
0.00022465	1.76249e-05	
0.000229624	1.80152e-05	
0.000220792	1.73223e-05	
0.000198685	1.55879e-05	
0.000204658	1.60565e-05	
0.000196787	1.54389e-05	
0.000175603	1.3777e-05	
0.000182464	1.43152e-05	
0.000175446	1.37647e-05	
0.000155083	1.21671e-05	
0.000162733	1.27673e-05	
0.000156474	1.22762e-05	
0.000150456	1.18041e-05	
0.000571533	4.48398e-05	
0.000544081	4.2686e-05	
0.000528625	4.14734e-05	
0.000502823	3.94491e-05	
0.000488954	3.8361e-05	
0.000464677	3.64564e-05	
0.000446805	3.50542e-05	
0.000435091	3.41351e-05	
0.000412886	3.23931e-05	
0.000402476	3.15764e-05	
0.000381526	2.99327e-05	
0.000372322	2.92106e-05	
0.000358002	2.80871e-05	
0.000338762	2.65777e-05	
0.000325733	2.55555e-05	
0.000318675	2.50017e-05	
0.000300948	2.36109e-05	
0.000289373	2.27028e-05	
0.000278243	2.18296e-05	
0.000267542	2.099e-05	
0.000262722	2.06119e-05	
0.000247147	1.939e-05	
0.000237641	1.86442e-05	
0.000228501	1.79271e-05	
0.000219713	1.72376e-05	
0.000211262	1.65746e-05	
0.000203137	1.59371e-05	
0.000195324	1.53242e-05	
0.000193281	1.51639e-05	
0.000180377	1.41516e-05	
0.00017344	1.36073e-05	
0.000166769	1.30839e-05	
0.000160355	1.25807e-05	
0.000154187	1.20968e-05	
0.000153727	1.20607e-05	
0.000527093	4.13531e-05	
0.00051229	4.01918e-05	
0.000492586	3.86459e-05	
0.000468171	3.67304e-05	
0.000455634	3.57468e-05	
0.00043264	3.39428e-05	
0.000416	3.26373e-05	
0.00040547	3.18112e-05	
0.000384405	3.01585e-05	
0.00036962	2.89986e-05	
0.000355404	2.78833e-05	
0.000341734	2.68108e-05	
0.00033406	2.62088e-05	
0.000315742	2.47716e-05	
0.000309068	2.4248e-05	
0.000291711	2.28862e-05	
0.000280491	2.2006e-05	
0.000275173	2.15888e-05	
0.00025912	2.03293e-05	
0.000254623	1.99765e-05	
0.00063012	4.94362e-05	
0.000605885	4.75348e-05	
0.000582581	4.57065e-05	
0.000560174	4.39486e-05	
0.000544099	4.26874e-05	
0.000523172	4.10456e-05	
0.00049758	3.90378e-05	
0.000483912	3.79654e-05	
0.00045983	3.60761e-05	
0.000442145	3.46885e-05	
0.000430609	3.37835e-05	
0.000408577	3.2055e-05	
0.000392863	3.08221e-05	
0.000383222	3.00658e-05	
0.000363013	2.84803e-05	
0.000354521	2.7814e-05	
0.000335416	2.63151e-05	
0.000322515	2.5303e-05	
0.000315581	2.47589e-05	
0.000712514	5.59005e-05	
0.00068511	5.37504e-05	
0.00065876	5.16831e-05	
0.000633423	4.96953e-05	
0.00060906	4.77839e-05	
0.000585635	4.59461e-05	
0.000563111	4.41789e-05	
0.000541452	4.24798e-05	
0.000520627	4.08459e-05	
0.00044832	3.51731e-05	
0.00048336	3.79221e-05	
0.000464769	3.64636e-05	
0.000446894	3.50611e-05	
0.000429705	3.37126e-05	
0.000413178	3.2416e-05	
0.000397287	3.11692e-05	
0.000387476	3.03995e-05	
0.000367104	2.88012e-05	
0.000352984	2.76934e-05	
0.000344877	2.70574e-05	
0.000326143	2.55876e-05	
0.000313599	2.46035e-05	
0.000301538	2.36572e-05	
0.00028994	2.27473e-05	
0.000278789	2.18724e-05	
0.000268066	2.10312e-05	
0.000257756	2.02223e-05	
0.000247842	1.94445e-05	
0.00062786	4.92589e-05	
0.000603711	4.73643e-05	
0.000585961	4.59717e-05	
0.000557954	4.37744e-05	
0.000541964	4.25199e-05	
0.000521119	4.08845e-05	
0.000501076	3.9312e-05	
0.000481804	3.78e-05	
0.000457804	3.59171e-05	
0.000445665	3.49648e-05	
0.000428524	3.362e-05	
0.000406573	3.18978e-05	
0.000396405	3.11001e-05	
0.000381159	2.99039e-05	
0.000361029	2.83246e-05	
0.000352613	2.76643e-05	
0.000339051	2.66003e-05	
0.000320541	2.51481e-05	
0.000313682	2.461e-05	
0.000296147	2.32343e-05	
0.000290227	2.27698e-05	
0.000279065	2.18941e-05	
0.000262861	2.06228e-05	
0.000258221	2.02588e-05	
0.000242819	1.90505e-05	
0.00023895	1.87469e-05	
0.00022429	1.75967e-05	
0.000221133	1.73491e-05	
0.000207158	1.62526e-05	
0.000199191	1.56275e-05	
0.000191529	1.50265e-05	
0.000184163	1.44485e-05	
0.00018255	1.4322e-05	
0.000170058	1.3342e-05	
0.000168988	1.3258e-05	
0.000157018	1.23189e-05	
0.000156449	1.22742e-05	
