0	0	
0	0	
1.28759e-11	1.28759e-11	
8.08342e-11	8.08342e-11	
2.6638e-10	2.6638e-10	
7.00618e-10	7.00618e-10	
1.82177e-09	1.82177e-09	
3.82448e-09	3.82448e-09	
6.96171e-09	6.96171e-09	
1.27917e-08	1.27917e-08	
2.14985e-08	2.14985e-08	
3.32379e-08	3.32379e-08	
5.16732e-08	5.16732e-08	
7.96041e-08	7.96041e-08	
1.12594e-07	1.12594e-07	
1.62102e-07	1.62102e-07	
2.20329e-07	2.20329e-07	
2.96914e-07	2.96914e-07	
3.98909e-07	3.98909e-07	
5.12879e-07	5.12879e-07	
6.68726e-07	6.68726e-07	
8.40739e-07	8.40739e-07	
1.05366e-06	1.05366e-06	
1.28395e-06	1.28395e-06	
1.56351e-06	1.56351e-06	
1.88324e-06	1.88324e-06	
2.21864e-06	2.21864e-06	
2.62027e-06	2.62027e-06	
3.06404e-06	3.06404e-06	
3.56678e-06	3.56678e-06	
4.07876e-06	4.07876e-06	
4.65218e-06	4.65218e-06	
5.30297e-06	5.30297e-06	
6.03958e-06	6.03958e-06	
6.73533e-06	6.73533e-06	
7.55704e-06	7.55704e-06	
8.38384e-06	8.38384e-06	
9.26897e-06	9.26897e-06	
1.02142e-05	1.02142e-05	
1.12122e-05	1.12122e-05	
1.22729e-05	1.22729e-05	
1.33981e-05	1.33981e-05	
1.44853e-05	1.44853e-05	
1.57412e-05	1.57412e-05	
1.68278e-05	1.68278e-05	
1.80901e-05	1.80901e-05	
1.92773e-05	1.92773e-05	
2.05144e-05	2.05144e-05	
2.17854e-05	2.17854e-05	
2.33076e-05	2.33076e-05	
2.44912e-05	2.44912e-05	
2.57319e-05	2.57319e-05	
2.70769e-05	2.70769e-05	
2.81444e-05	2.81444e-05	
2.93068e-05	2.93068e-05	
3.04711e-05	3.04711e-05	
3.13636e-05	3.13636e-05	
3.26058e-05	3.26058e-05	
3.38475e-05	3.38475e-05	
3.51175e-05	3.51175e-05	
3.61173e-05	3.61173e-05	
3.67798e-05	3.67798e-05	
3.78003e-05	3.78003e-05	
3.84883e-05	3.84883e-05	
3.94924e-05	3.94924e-05	
4.01298e-05	4.01298e-05	
4.1244e-05	4.1244e-05	
4.18245e-05	4.18245e-05	
4.24922e-05	4.24922e-05	
4.35578e-05	4.35578e-05	
4.41678e-05	4.41678e-05	
4.42812e-05	4.42812e-05	
4.49375e-05	4.49375e-05	
4.55333e-05	4.55333e-05	
4.61261e-05	4.61261e-05	
4.61389e-05	4.61389e-05	
4.67944e-05	4.67944e-05	
4.75903e-05	4.75903e-05	
4.75294e-05	4.75294e-05	
4.8118e-05	4.8118e-05	
4.80865e-05	4.80865e-05	
4.86805e-05	4.86805e-05	
4.85258e-05	4.85258e-05	
4.84358e-05	4.84358e-05	
4.89563e-05	4.89563e-05	
4.8737e-05	4.8737e-05	
4.93618e-05	4.93618e-05	
5.00928e-05	5.00928e-05	
4.98076e-05	4.98076e-05	
4.95049e-05	4.95049e-05	
5.0172e-05	5.0172e-05	
5.09619e-05	5.09619e-05	
5.05959e-05	5.05959e-05	
5.13006e-05	5.13006e-05	
5.08964e-05	5.08964e-05	
5.1634e-05	5.1634e-05	
5.25169e-05	5.25169e-05	
5.21866e-05	5.21866e-05	
5.28335e-05	5.28335e-05	
5.36357e-05	5.36357e-05	
5.44529e-05	5.44529e-05	
5.54392e-05	5.54392e-05	
5.50203e-05	5.50203e-05	
5.57355e-05	5.57355e-05	
5.66308e-05	5.66308e-05	
5.82322e-05	5.82322e-05	
5.91544e-05	5.91544e-05	
6.00948e-05	6.00948e-05	
6.27345e-05	6.27345e-05	
6.38831e-05	6.38831e-05	
6.48565e-05	6.48565e-05	
6.7872e-05	6.7872e-05	
6.92718e-05	6.92718e-05	
7.19786e-05	7.19786e-05	
7.29761e-05	7.29761e-05	
7.62372e-05	7.62372e-05	
7.95449e-05	7.95449e-05	
8.26638e-05	8.26638e-05	
8.67946e-05	8.67946e-05	
9.02358e-05	9.02358e-05	
9.60079e-05	9.60079e-05	
9.92483e-05	9.92483e-05	
0.0001028	0.0001028	
0.000108852	0.000108852	
0.000114692	0.000114692	
0.000121455	0.000121455	
0.000127702	0.000127702	
0.000143299	0.000143299	
0.000149834	0.000149834	
0.000155811	0.000155811	
0.000162173	0.000162173	
0.000168601	0.000168601	
0.000178108	0.000178108	
0.000188038	0.000188038	
0.0001977	0.0001977	
0.000207801	0.000207801	
0.000217618	0.000217618	
0.000227888	0.000227888	
0.000237859	0.000237859	
0.000249078	0.000249078	
0.000261565	0.000261565	
0.000280621	0.000280621	
0.000301021	0.000301021	
0.000312648	0.000312648	
0.000330826	0.000330826	
0.000349097	0.000349097	
0.000375981	0.000375981	
0.000389711	0.000389711	
0.000400732	0.000400732	
0.000431333	0.000431333	
0.000460577	0.000460577	
0.000476568	0.000476568	
0.000507262	0.000507262	
0.00052265	0.00052265	
0.000553831	0.000553831	
0.000577106	0.000577106	
0.000601022	0.000601022	
0.000620072	0.000620072	
0.000660042	0.000660042	
0.00068918	0.00068918	
0.000712582	0.000712582	
0.000736689	0.000736689	
0.000779641	0.000779641	
0.000809096	0.000809096	
0.000856802	0.000856802	
0.000887337	0.000887337	
0.000936768	0.000936768	
0.000981602	0.000981602	
0.00102381	0.00102381	
0.00107426	0.00107426	
0.00113375	0.00113375	
0.001177	0.001177	
0.0012361	0.0012361	
0.00131341	0.00131341	
0.00137354	0.00137354	
0.00144874	0.00144874	
0.00151697	0.00151697	
0.00157659	0.00157659	
0.00165998	0.00165998	
0.00173437	0.00173437	
0.00182341	0.00182341	
0.00192555	0.00192555	
0.00203504	0.00203504	
0.00213823	0.00213823	
0.00224207	0.00224207	
0.00236425	0.00236425	
0.00247618	0.00247618	
0.00260512	0.00260512	
0.00274108	0.00274108	
0.00287187	0.00287187	
0.00302898	0.00302898	
0.00316324	0.00316324	
0.00331968	0.00331968	
0.00348752	0.00348752	
0.00365267	0.00365267	
0.00379364	0.00379364	
0.00396441	0.00396441	
0.00415457	0.00415457	
0.00432788	0.00432788	
0.00451798	0.00451798	
0.00469624	0.00469624	
0.00491752	0.00491752	
0.00512523	0.00512523	
0.00533212	0.00533212	
0.00552878	0.00552878	
0.00575784	0.00575784	
0.00600624	0.00600624	
0.00628742	0.00628742	
0.00655717	0.00655717	
0.00686172	0.00686172	
0.00715304	0.00715304	
0.00745946	0.00745946	
0.00773426	0.00773426	
0.00803936	0.00803936	
0.00838418	0.00838418	
0.00871476	0.00871476	
0.00901741	0.00901741	
0.00935467	0.00935467	
0.00972802	0.00972802	
0.0100792	0.0100792	
0.0105265	0.0105265	
0.0109589	0.0109589	
0.0113588	0.0113588	
0.0118238	0.0118238	
0.0123583	0.0123583	
0.0128964	0.0128964	
0.0133869	0.0133869	
0.0139338	0.0139338	
0.0145261	0.0145261	
0.0150895	0.0150895	
0.0156339	0.0156339	
0.0162011	0.0162011	
0.0168832	0.0168832	
0.0175883	0.0175883	
0.0182807	0.0182807	
0.0190439	0.0190439	
0.0198339	0.0198339	
0.0205441	0.0205441	
0.0213008	0.0213008	
0.0222297	0.0222297	
0.0230654	0.0230654	
0.0239162	0.0239162	
0.0248052	0.0248052	
0.0256654	0.0256654	
0.0265356	0.0265356	
0.0274652	0.0274652	
0.0284992	0.0284992	
0.029416	0.029416	
0.0304827	0.0304827	
0.0315761	0.0315761	
0.0326349	0.0326349	
0.033701	0.033701	
0.0347894	0.0347894	
0.0359983	0.0359983	
0.0372776	0.0372776	
0.0383377	0.0383377	
0.0395524	0.0395524	
0.040845	0.040845	
0.0422154	0.0422154	
0.0435727	0.0435727	
0.0448159	0.0448159	
0.0461857	0.0461857	
0.0475613	0.0475613	
0.0490549	0.0490549	
0.0504836	0.0504836	
0.0518849	0.0518849	
0.0534572	0.0534572	
0.0550018	0.0550018	
0.0565172	0.0565172	
0.0580313	0.0580313	
0.0596389	0.0596389	
0.0612835	0.0612835	
0.0629411	0.0629411	
0.0646248	0.0646248	
0.0664497	0.0664497	
0.0682834	0.0682834	
0.070118	0.070118	
0.07211	0.07211	
0.0740206	0.0740206	
0.076122	0.076122	
0.0780802	0.0780802	
0.0801587	0.0801587	
0.0821214	0.0821214	
0.0842107	0.0842107	
0.086051	0.086051	
0.0880681	0.0880681	
0.0900517	0.0900517	
0.0921232	0.0921232	
0.0942002	0.0942002	
0.0964177	0.0964177	
0.0985615	0.0985615	
0.10081	0.10081	
0.103042	0.103042	
0.105265	0.105265	
0.10757	0.10757	
0.109991	0.109991	
0.11226	0.11226	
0.114615	0.114615	
0.116889	0.116889	
0.119011	0.119011	
0.121379	0.121379	
0.12387	0.12387	
0.126241	0.126241	
0.128626	0.128626	
0.130939	0.130939	
0.133373	0.133373	
0.135936	0.135936	
0.138486	0.138486	
0.141211	0.141211	
0.143771	0.143771	
0.14675	0.14675	
0.14949	0.14949	
0.152496	0.152496	
0.155601	0.155601	
0.158716	0.158716	
0.16233	0.16233	
0.165729	0.165729	
0.169226	0.169226	
0.172728	0.172728	
0.176531	0.176531	
0.180121	0.180121	
0.183835	0.183835	
0.187852	0.187852	
0.191941	0.191941	
0.196194	0.196194	
0.200479	0.200479	
0.204997	0.204997	
0.209151	0.209151	
0.21327	0.21327	
0.217525	0.217525	
0.222249	0.222249	
0.226918	0.226918	
0.231628	0.231628	
0.236613	0.236613	
0.241657	0.241657	
0.246738	0.246738	
0.252369	0.252369	
0.257939	0.257939	
0.263454	0.263454	
0.269226	0.269226	
0.275409	0.275409	
0.281076	0.281076	
0.287487	0.287487	
0.293527	0.293527	
0.300135	0.300135	
0.306768	0.306768	
0.313065	0.313065	
0.31973	0.31973	
0.325909	0.325909	
0.332748	0.332748	
0.339759	0.339759	
0.346792	0.346792	
0.354188	0.354188	
0.361634	0.361634	
0.369459	0.369459	
0.377148	0.377148	
0.385112	0.385112	
0.392842	0.392842	
0.400648	0.400648	
0.408437	0.408437	
0.41639	0.41639	
0.42429	0.42429	
0.432207	0.432207	
0.44033	0.44033	
0.449075	0.449075	
0.457925	0.457925	
0.467284	0.467284	
0.476624	0.476624	
0.486127	0.486127	
0.495871	0.495871	
0.505452	0.505452	
0.514717	0.514717	
0.523897	0.523897	
0.533796	0.533796	
0.542988	0.542988	
0.553085	0.553085	
0.563146	0.563146	
0.573752	0.573752	
0.584734	0.584734	
0.595838	0.595838	
0.60637	0.60637	
0.617028	0.617028	
0.627858	0.627858	
0.638505	0.638505	
0.649854	0.649854	
0.661577	0.661577	
0.674031	0.674031	
0.687028	0.687028	
0.699857	0.699857	
0.712859	0.712859	
0.725407	0.725407	
0.738183	0.738183	
0.751829	0.751829	
0.766468	0.766468	
0.782191	0.782191	
0.798793	0.798793	
0.815938	0.815938	
0.833296	0.833296	
0.851018	0.851018	
0.868504	0.868504	
0.886897	0.886897	
0.905758	0.905758	
0.924906	0.924906	
0.944151	0.944151	
0.962958	0.962958	
0.98108	0.98108	
1.00003	1.00003	
1.01952	1.01952	
1.04029	1.04029	
1.0612	1.0612	
1.08243	1.08243	
1.10307	1.10307	
1.12365	1.12365	
1.14431	1.14431	
1.16574	1.16574	
1.18828	1.18828	
1.21058	1.21058	
1.23282	1.23282	
1.25457	1.25457	
1.27721	1.27721	
1.30113	1.30113	
1.32642	1.32642	
1.35286	1.35286	
1.37916	1.37916	
1.40599	1.40599	
1.43358	1.43358	
1.46153	1.46153	
1.48949	1.48949	
1.51768	1.51768	
1.54638	1.54638	
1.57642	1.57441	
1.60809	1.60181	
1.64152	1.629	
1.67577	1.65597	
1.71099	1.68272	
1.74629	1.70926	
1.78153	1.73558	
1.81534	1.7617	
1.84893	1.7876	
1.88186	1.8133	
1.91547	1.8388	
1.94792	1.86409	
1.98002	1.88917	
2.0135	1.91406	
2.04816	1.93875	
2.08248	1.96324	
2.11683	1.98753	
2.15123	2.01163	
2.18517	2.03554	
2.2185	2.05926	
2.25054	2.08278	
2.28348	2.10612	
2.31749	2.12927	
2.35144	2.15224	
2.38407	2.17502	
2.41699	2.19762	
2.44952	2.22004	
2.48208	2.24228	
2.51548	2.26434	
2.54925	2.28622	
2.58424	2.30793	
2.61905	2.32947	
2.65303	2.35083	
2.68776	2.37203	
2.72313	2.39305	
2.75855	2.41391	
2.79562	2.4346	
2.83438	2.45512	
2.87417	2.47548	
2.91504	2.49567	
2.95613	2.51571	
2.998	2.53558	
3.03994	2.5553	
3.08291	2.57486	
3.12642	2.59426	
3.16833	2.6135	
3.20872	2.6326	
3.24854	2.65153	
3.28735	2.67032	
3.3252	2.68896	
3.36254	2.70745	
3.3995	2.72579	
3.43694	2.74398	
3.47555	2.76203	
3.51348	2.77993	
3.55018	2.79769	
3.58537	2.81531	
3.62043	2.83279	
3.65715	2.85013	
3.69619	2.86733	
3.73575	2.88439	
3.77513	2.90131	
3.81614	2.9181	
3.85839	2.93476	
3.90201	2.95128	
3.94663	2.96767	
3.99194	2.98393	
4.03755	3.00006	
4.08157	3.01606	
4.1254	3.03193	
4.17021	3.04767	
4.21651	3.06329	
4.26256	3.07878	
4.30798	3.09415	
4.35215	3.1094	
4.39482	3.12453	
4.43589	3.13953	
4.47435	3.15441	
4.50978	3.16918	
4.5427	3.18383	
4.57603	3.19835	
4.61073	3.21277	
4.64545	3.22707	
4.67891	3.24125	
4.70983	3.25532	
4.7414	3.26928	
4.77385	3.28312	
4.80702	3.29686	
4.84012	3.31048	
4.87221	3.324	
4.90647	3.33741	
4.94433	3.35071	
4.98822	3.3639	
5.0335	3.37699	
5.07794	3.38997	
5.12251	3.40285	
5.1698	3.41563	
5.2231	3.42831	
5.27818	3.44088	
5.33125	3.45335	
5.3808	3.46573	
5.42947	3.478	
5.47698	3.49018	
5.52277	3.50226	
5.56398	3.51424	
5.6018	3.52612	
5.63797	3.53791	
5.67382	3.54961	
5.70887	3.56121	
5.74122	3.57272	
5.77236	3.58414	
5.80552	3.59547	
5.84044	3.60671	
5.87627	3.61785	
5.91036	3.62891	
5.94422	3.63988	
5.98108	3.65076	
6.02196	3.66155	
6.06429	3.67226	
6.10449	3.68288	
6.14655	3.69342	
6.19194	3.70387	
6.24036	3.71424	
6.28994	3.72453	
6.33592	3.73473	
6.37685	3.74485	
6.4161	3.75489	
6.4542	3.76486	
6.48807	3.77474	
6.51749	3.78454	
6.54397	3.79426	
6.5691	3.80391	
6.59413	3.81348	
6.61962	3.82297	
6.64409	3.83239	
6.66949	3.84173	
6.69781	3.85099	
6.7269	3.86018	
6.75735	3.8693	
6.79097	3.87835	
6.82676	3.88732	
6.86633	3.89622	
6.90803	3.90505	
6.95007	3.91381	
6.99395	3.9225	
7.03939	3.93112	
7.08326	3.93967	
7.12728	3.94816	
7.16825	3.95657	
7.20598	3.96492	
7.23933	3.9732	
7.27012	3.98141	
7.30029	3.98956	
7.32862	3.99765	
7.35383	4.00566	
7.37525	4.01362	
7.39687	4.02151	
7.41931	4.02934	
7.44267	4.0371	
7.4693	4.04481	
7.49988	4.05245	
7.53458	4.06003	
7.571	4.06755	
7.60963	4.07501	
7.64943	4.08241	
7.69118	4.08975	
7.73738	4.09703	
7.78469	4.10425	
7.82857	4.11142	
7.86953	4.11853	
7.90785	4.12558	
7.94487	4.13258	
7.97629	4.13952	
8.00241	4.1464	
8.02717	4.15323	
8.05129	4.16	
8.07053	4.16672	
8.0864	4.17339	
8.09986	4.18	
8.11587	4.18656	
8.13443	4.19307	
8.15509	4.19952	
8.1805	4.20593	
8.21384	4.21228	
8.25359	4.21858	
8.29706	4.22483	
8.34271	4.23103	
8.38845	4.23719	
8.4365	4.24329	
8.48325	4.24934	
8.52544	4.25535	
8.56315	4.26131	
8.59747	4.26721	
8.62738	4.27308	
8.65345	4.27889	
8.67719	4.28466	
8.69628	4.29038	
8.71262	4.29606	
8.72456	4.30169	
8.73564	4.30728	
8.7457	4.31282	
8.75489	4.31832	
8.76724	4.32377	
8.78644	4.32918	
8.81265	4.33455	
8.8432	4.33987	
8.87827	4.34515	
8.91962	4.35039	
8.96622	4.35559	
9.01327	4.36074	
9.05729	4.36586	
9.09597	4.37093	
9.13123	4.37596	
9.16154	4.38096	
9.18508	4.38591	
9.2061	4.39082	
9.22402	4.39569	
9.23978	4.40053	
9.25074	4.40532	
9.25852	4.41008	
9.26605	4.4148	
9.27404	4.41948	
9.28508	4.42413	
9.30031	4.42873	
9.31966	4.4333	
9.34282	4.43784	
9.37125	4.44234	
9.40862	4.4468	
9.45483	4.45122	
9.5037	4.45561	
9.55113	4.45997	
9.59548	4.46429	
9.63532	4.46857	
9.6686	4.47282	
9.69761	4.47704	
9.72296	4.48123	
9.74497	4.48538	
9.76202	4.48949	
9.77161	4.49358	
9.77556	4.49763	
9.77794	4.50165	
9.78186	4.50563	
9.78874	4.50959	
9.79834	4.51351	
9.81149	4.5174	
9.82929	4.52127	
9.8536	4.52509	
9.88627	4.52889	
9.92203	4.53266	
9.95683	4.5364	
9.99037	4.54011	
10.0231	4.54379	
10.0544	4.54744	
10.0816	4.55106	
10.108	4.55465	
10.1315	4.55821	
10.1509	4.56175	
10.1628	4.56525	
10.1699	4.56873	
10.1749	4.57218	
10.178	4.5756	
10.1818	4.579	
10.1872	4.58237	
10.195	4.58571	
10.2062	4.58902	
10.2258	4.59231	
10.2535	4.59557	
10.2861	4.59881	
10.3177	4.60202	
10.3479	4.6052	
10.3779	4.60836	
10.4049	4.61149	
10.4282	4.6146	
10.4493	4.61768	
10.4687	4.62074	
10.4856	4.62378	
10.5017	4.62679	
10.5148	4.62977	
10.5265	4.63273	
10.536	4.63567	
10.5457	4.63859	
10.5596	4.64148	
10.5748	4.64435	
10.5918	4.64719	
10.6126	4.65001	
10.6379	4.65281	
10.6646	4.65559	
10.6887	4.65835	
10.7123	4.66108	
10.7344	4.66379	
10.7518	4.66648	
10.7661	4.66915	
10.7769	4.6718	
10.7835	4.67442	
10.7866	4.67703	
10.7888	4.67961	
10.7916	4.68217	
10.7905	4.68472	
10.7886	4.68724	
10.7876	4.68974	
10.7913	4.69222	
10.8002	4.69468	
10.8163	4.69713	
10.8361	4.69955	
10.8582	4.70195	
10.8792	4.70434	
10.9007	4.7067	
10.9215	4.70905	
10.9361	4.71138	
10.9483	4.71369	
10.9578	4.71598	
10.967	4.71825	
10.9753	4.7205	
10.9812	4.72274	
10.9846	4.72496	
10.9882	4.72716	
10.9962	4.72934	
11.0083	4.73151	
11.0228	4.73365	
11.0367	4.73578	
11.0537	4.7379	
11.0739	4.73999	
11.0963	4.74207	
11.1211	4.74414	
11.1439	4.74618	
11.163	4.74822	
11.177	4.75023	
11.1911	4.75223	
11.2057	4.75421	
11.2157	4.75618	
11.2225	4.75813	
11.2266	4.76006	
11.2302	4.76198	
11.236	4.76389	
11.2428	4.76577	
11.2484	4.76765	
11.2545	4.76951	
11.2631	4.77135	
11.278	4.77318	
11.2951	4.77499	
11.3092	4.77679	
11.315	4.77858	
11.3167	4.78035	
11.3159	4.78211	
11.314	4.78385	
11.3118	4.78558	
11.3076	4.7873	
11.3041	4.789	
11.3024	4.79069	
11.3045	4.79236	
11.3071	4.79402	
11.3127	4.79567	
11.3179	4.7973	
11.3256	4.79893	
11.3346	4.80053	
11.3472	4.80213	
11.3596	4.80371	
11.3712	4.80528	
11.3803	4.80684	
11.3862	4.80839	
11.3877	4.80992	
11.3893	4.81144	
11.3922	4.81295	
11.3935	4.81445	
11.3951	4.81593	
11.3916	4.8174	
11.3863	4.81886	
11.3857	4.82031	
11.3889	4.82175	
11.3972	4.82318	
11.4085	4.82459	
11.421	4.82599	
11.4339	4.82739	
11.4424	4.82877	
11.4489	4.83014	
11.4526	4.8315	
11.4498	4.83284	
11.4419	4.83418	
11.4346	4.83551	
11.427	4.83682	
11.4224	4.83813	
11.4207	4.83942	
11.4206	4.84071	
11.42	4.84198	
11.4204	4.84325	
11.4224	4.8445	
11.425	4.84574	
11.4298	4.84698	
11.4362	4.8482	
11.441	4.84942	
11.442	4.85062	
11.4413	4.85182	
11.4359	4.853	
11.4296	4.85418	
11.4225	4.85534	
11.414	4.8565	
11.4048	4.85765	
11.3945	4.85879	
11.3833	4.85992	
11.3735	4.86104	
11.3683	4.86215	
11.3667	4.86325	
11.3673	4.86435	
11.3721	4.86543	
11.3776	4.86651	
11.3767	4.86758	
11.373	4.86864	
11.3648	4.86969	
11.3523	4.87073	
11.3366	4.87176	
11.3186	4.87279	
11.298	4.87381	
11.2791	4.87482	
11.2647	4.87582	
11.2538	4.87681	
11.2493	4.8778	
11.2514	4.87878	
11.2548	4.87975	
11.2578	4.88071	
11.2602	4.88166	
11.259	4.88261	
11.2551	4.88355	
11.247	4.88448	
11.2346	4.8854	
11.2183	4.88632	
11.2018	4.88723	
11.186	4.88813	
11.1716	4.88903	
11.1588	4.88991	
11.1467	4.89079	
11.1362	4.89167	
11.1327	4.89254	
11.1329	4.89339	
11.1349	4.89425	
11.1394	4.89509	
11.1431	4.89593	
11.1413	4.89677	
11.1364	4.89759	
11.1266	4.89841	
11.1117	4.89922	
11.0946	4.90003	
11.0753	4.90083	
11.0558	4.90162	
11.0385	4.90241	
11.0259	4.90319	
11.0155	4.90396	
11.0091	4.90473	
11.006	4.9055	
11.0042	4.90625	
11.0048	4.907	
11.0034	4.90775	
10.9975	4.90848	
10.9868	4.90922	
10.9708	4.90994	
10.9492	4.91066	
10.9255	4.91138	
10.9003	4.91209	
10.8749	4.91279	
10.851	4.91349	
10.8278	4.91418	
10.8079	4.91487	
10.7937	4.91555	
10.7854	4.91622	
10.7805	4.91689	
10.7764	4.91756	
10.7724	4.91822	
10.7632	4.91887	
10.7489	4.91952	
10.7289	4.92016	
10.7015	4.9208	
10.6711	4.92144	
10.6403	4.92206	
10.6106	4.92269	
10.5831	4.92331	
10.5596	4.92392	
10.5398	4.92453	
10.5273	4.92513	
10.5183	4.92573	
10.5117	4.92633	
10.5064	4.92692	
10.4985	4.9275	
10.4832	4.92808	
10.4634	4.92866	
10.4367	4.92923	
10.4054	4.92979	
10.3754	4.93035	
10.3469	4.93091	
10.3205	4.93146	
10.2951	4.93201	
10.2688	4.93256	
10.2484	4.9331	
10.2332	4.93363	
10.2236	4.93416	
10.2157	4.93469	
10.2092	4.93521	
10.1973	4.93573	
10.1795	4.93624	
10.1525	4.93675	
10.1194	4.93726	
10.0837	4.93776	
10.0477	4.93826	
10.0145	4.93875	
9.98429	4.93924	
9.95899	4.93973	
9.93633	4.94021	
9.92065	4.94069	
9.90836	4.94116	
9.89938	4.94163	
9.89049	4.9421	
9.87812	4.94256	
9.85968	4.94302	
9.8351	4.94348	
9.80289	4.94393	
9.7663	4.94438	
9.72944	4.94483	
9.69156	4.94527	
9.65758	4.94571	
9.62484	4.94614	
9.59595	4.94657	
9.57258	4.947	
9.55534	4.94742	
9.54078	4.94784	
9.52802	4.94826	
9.51376	4.94867	
9.49478	4.94908	
9.46863	4.94949	
9.43292	4.9499	
9.39318	4.9503	
9.35257	4.95069	
9.31282	4.95109	
9.27567	4.95148	
9.24353	4.95187	
9.21471	4.95225	
9.19172	4.95264	
9.17366	4.95301	
9.15891	4.95339	
9.14369	4.95376	
9.12625	4.95413	
9.1017	4.9545	
9.06994	4.95486	
9.03156	4.95522	
8.98877	4.95558	
8.9459	4.95594	
8.9031	4.95629	
8.86304	4.95664	
8.82525	4.95699	
8.79071	4.95733	
8.76213	4.95767	
8.7377	4.95801	
8.71527	4.95835	
8.69496	4.95868	
8.67284	4.95901	
8.64532	4.95934	
8.61112	4.95966	
8.56914	4.95999	
8.52437	4.96031	
8.47922	4.96062	
8.43428	4.96094	
8.39208	4.96125	
8.35427	4.96156	
8.31974	4.96187	
8.29032	4.96217	
8.26393	4.96248	
8.23956	4.96278	
8.21447	4.96308	
8.1855	4.96337	
8.15081	4.96366	
8.11007	4.96395	
8.06337	4.96424	
8.01584	4.96453	
7.96723	4.96481	
7.92	4.96509	
7.87525	4.96537	
7.83322	4.96565	
7.79694	4.96593	
7.76465	4.9662	
7.73465	4.96647	
7.70624	4.96674	
7.6774	4.967	
7.64496	4.96727	
7.60641	4.96753	
7.56144	4.96779	
7.51204	4.96805	
7.46026	4.9683	
7.40807	4.96855	
7.35738	4.96881	
7.31014	4.96906	
7.26691	4.9693	
7.22881	4.96955	
7.19436	4.96979	
7.16171	4.97003	
7.1293	4.97027	
7.09461	4.97051	
7.05549	4.97075	
7.01098	4.97098	
6.96206	4.97121	
6.90982	4.97144	
6.85684	4.97167	
6.80379	4.9719	
6.75204	4.97212	
6.70315	4.97235	
6.65891	4.97257	
6.61924	4.97279	
6.58127	4.97301	
6.54392	4.97322	
6.50578	4.97344	
6.46485	4.97365	
6.41897	4.97386	
6.36823	4.97407	
6.31388	4.97428	
6.25824	4.97448	
6.20219	4.97469	
6.14728	4.97489	
6.09531	4.97509	
6.04722	4.97529	
6.00372	4.97549	
5.96271	4.97568	
5.9222	4.97588	
5.88116	4.97607	
5.83701	4.97626	
5.78894	4.97645	
5.73708	4.97664	
5.68184	4.97683	
5.62418	4.97701	
5.56563	4.9772	
5.50671	4.97738	
5.44942	4.97756	
5.39447	4.97774	
5.34369	4.97792	
5.29595	4.97809	
5.24998	4.97827	
5.2046	4.97844	
5.1583	4.97861	
5.10925	4.97879	
5.05683	4.97896	
5.0004	4.97912	
4.94159	4.94159	
4.88155	4.88155	
4.82167	4.82167	
4.76247	4.76247	
4.70557	4.70557	
4.65225	4.65225	
4.60263	4.60263	
4.55421	4.55421	
4.50589	4.50589	
4.45534	4.45534	
4.40216	4.40216	
4.34608	4.34608	
4.28683	4.28683	
4.22473	4.22473	
4.16199	4.16199	
4.09868	4.09868	
4.03652	4.03652	
3.97601	3.97601	
3.9183	3.9183	
3.86385	3.86385	
3.81104	3.81104	
3.75842	3.75842	
3.70479	3.70479	
3.64884	3.64884	
3.58991	3.58991	
3.52794	3.52794	
3.4639	3.4639	
3.39908	3.39908	
3.3344	3.3344	
3.27145	3.27145	
3.21072	3.21072	
3.15191	3.15191	
3.09532	3.09532	
3.03959	3.03959	
2.98371	2.98371	
2.92704	2.92704	
2.86887	2.86887	
2.80916	2.80916	
2.7482	2.7482	
2.68643	2.68643	
2.62452	2.62452	
2.56339	2.56339	
2.50319	2.50319	
2.44435	2.44435	
2.38685	2.38685	
2.33064	2.33064	
2.27572	2.27572	
2.22132	2.22132	
2.16681	2.16681	
2.11236	2.11236	
2.05764	2.05764	
2.00271	2.00271	
1.94773	1.94773	
1.89309	1.89309	
1.83887	1.83887	
1.78557	1.78557	
1.73334	1.73334	
1.68235	1.68235	
1.6324	1.6324	
1.58318	1.58318	
1.5346	1.5346	
1.48638	1.48638	
1.43848	1.43848	
1.39078	1.39078	
1.34343	1.34343	
1.29667	1.29667	
1.25054	1.25054	
1.20505	1.20505	
1.16037	1.16037	
1.11661	1.11661	
1.07388	1.07388	
1.03204	1.03204	
0.99089	0.99089	
0.950369	0.950369	
0.910359	0.910359	
0.870892	0.870892	
0.832068	0.832068	
0.794002	0.794002	
0.756586	0.756586	
0.71972	0.71972	
0.683484	0.683484	
0.64788	0.64788	
0.612965	0.612965	
0.578771	0.578771	
0.545429	0.545429	
0.512839	0.512839	
0.48099	0.48099	
0.449772	0.449772	
0.419015	0.419015	
0.388928	0.388928	
0.359431	0.359431	
0.330636	0.330636	
0.30248	0.30248	
0.274901	0.274901	
0.247692	0.247692	
0.221009	0.221009	
0.194587	0.194587	
0.168331	0.168331	
0.142434	0.142434	
0.117082	0.117082	
0.0927301	0.0927301	
0.0693555	0.0693555	
0.0471973	0.0471973	
0.0262505	0.0262505	
0.00635566	0.00635566	
-0.0128076	-0.0128076	
-0.0312329	-0.0312329	
-0.0490239	-0.0490239	
-0.0665025	-0.0665025	
-0.0833915	-0.0833915	
-0.099846	-0.099846	
-0.115767	-0.115767	
-0.131678	-0.131678	
-0.147139	-0.147139	
-0.162235	-0.162235	
-0.1771	-0.1771	
-0.191941	-0.191941	
-0.206897	-0.206897	
-0.222271	-0.222271	
-0.237725	-0.237725	
-0.252638	-0.252638	
-0.26654	-0.26654	
-0.279684	-0.279684	
-0.291927	-0.291927	
-0.302828	-0.302828	
-0.312377	-0.312377	
-0.320852	-0.320852	
-0.328178	-0.328178	
-0.334845	-0.334845	
-0.340723	-0.340723	
-0.345784	-0.345784	
-0.350305	-0.350305	
-0.354871	-0.354871	
-0.359358	-0.359358	
-0.364413	-0.364413	
-0.369977	-0.369977	
-0.37569	-0.37569	
-0.381933	-0.381933	
-0.388845	-0.388845	
-0.395551	-0.395551	
-0.402176	-0.402176	
-0.408679	-0.408679	
-0.4148	-0.4148	
-0.420078	-0.420078	
-0.425021	-0.425021	
-0.42892	-0.42892	
-0.432263	-0.432263	
-0.434805	-0.434805	
-0.43621	-0.43621	
-0.436058	-0.436058	
-0.434446	-0.434446	
-0.431786	-0.431786	
-0.428764	-0.428764	
-0.42499	-0.42499	
-0.421091	-0.421091	
-0.417099	-0.417099	
-0.412798	-0.412798	
-0.408315	-0.408315	
-0.403561	-0.403561	
-0.398636	-0.398636	
-0.393911	-0.393911	
-0.389571	-0.389571	
-0.385845	-0.385845	
-0.381925	-0.381925	
-0.377538	-0.377538	
-0.372727	-0.372727	
-0.367654	-0.367654	
-0.362369	-0.362369	
-0.356975	-0.356975	
-0.350793	-0.350793	
-0.344134	-0.344134	
-0.336729	-0.336729	
-0.329192	-0.329192	
-0.32153	-0.32153	
-0.314043	-0.314043	
-0.306562	-0.306562	
-0.299147	-0.299147	
-0.291641	-0.291641	
-0.284373	-0.284373	
-0.277137	-0.277137	
-0.269999	-0.269999	
-0.262962	-0.262962	
-0.256061	-0.256061	
-0.248932	-0.248932	
-0.241947	-0.241947	
-0.234878	-0.234878	
-0.22804	-0.22804	
-0.220644	-0.220644	
-0.212881	-0.212881	
-0.204708	-0.204708	
-0.196288	-0.196288	
-0.187696	-0.187696	
-0.178848	-0.178848	
-0.170248	-0.170248	
-0.161259	-0.161259	
-0.152378	-0.152378	
-0.143567	-0.143567	
-0.134882	-0.134882	
-0.126614	-0.126614	
-0.118585	-0.118585	
-0.110987	-0.110987	
-0.103269	-0.103269	
-0.0958177	-0.0958177	
-0.0882683	-0.0882683	
-0.0810148	-0.0810148	
-0.0735238	-0.0735238	
-0.0662696	-0.0662696	
-0.0589326	-0.0589326	
-0.0513494	-0.0513494	
-0.0437143	-0.0437143	
-0.0362207	-0.0362207	
-0.0287245	-0.0287245	
-0.0212001	-0.0212001	
-0.0138534	-0.0138534	
-0.00637193	-0.00637193	
0.000838546	0.000838546	
0.00780868	0.00780868	
0.0145222	0.0145222	
0.0207223	0.0207223	
0.0263659	0.0263659	
0.0318018	0.0318018	
0.0369065	0.0369065	
0.0416977	0.0416977	
0.0463073	0.0463073	
0.0508384	0.0508384	
0.0553188	0.0553188	
0.0594303	0.0594303	
0.0635022	0.0635022	
0.0675499	0.0675499	
0.0715062	0.0715062	
0.0754304	0.0754304	
0.0790414	0.0790414	
0.0826193	0.0826193	
0.0861082	0.0861082	
0.089423	0.089423	
0.0928708	0.0928708	
0.0959246	0.0959246	
0.0987306	0.0987306	
0.101276	0.101276	
0.103409	0.103409	
0.105415	0.105415	
0.106991	0.106991	
0.108418	0.108418	
0.109641	0.109641	
0.110793	0.110793	
0.111767	0.111767	
0.112726	0.112726	
0.113627	0.113627	
0.114421	0.114421	
0.115049	0.115049	
0.115673	0.115673	
0.116378	0.116378	
0.11692	0.11692	
0.117516	0.117516	
0.117716	0.117716	
0.117945	0.117945	
0.1179	0.1179	
0.117697	0.117697	
0.117344	0.117344	
0.117052	0.117052	
0.116706	0.116706	
0.116293	0.116293	
0.115876	0.115876	
0.115285	0.115285	
0.114765	0.114765	
0.114255	0.114255	
0.113794	0.113794	
0.11324	0.11324	
0.112598	0.112598	
0.112046	0.112046	
0.111502	0.111502	
0.11102	0.11102	
0.110539	0.110539	
0.110021	0.110021	
0.109347	0.109347	
0.108586	0.108586	
0.107941	0.107941	
0.107139	0.107139	
0.106417	0.106417	
0.105733	0.105733	
0.104885	0.104885	
0.10416	0.10416	
0.103482	0.103482	
0.102717	0.102717	
0.102056	0.102056	
0.101312	0.101312	
0.100748	0.100748	
0.100043	0.100043	
0.0993467	0.0993467	
0.0986771	0.0986771	
0.0979128	0.0979128	
0.0973172	0.0973172	
0.0966385	0.0966385	
0.0959858	0.0959858	
0.0951551	0.0951551	
0.094416	0.094416	
0.0936216	0.0936216	
0.0928083	0.0928083	
0.0919291	0.0919291	
0.0911095	0.0911095	
0.0904135	0.0904135	
0.089606	0.089606	
0.0887391	0.0887391	
0.0877803	0.0877803	
0.0869511	0.0869511	
0.0860915	0.0860915	
0.085282	0.085282	
0.0843858	0.0843858	
0.0835337	0.0835337	
0.0827233	0.0827233	
0.0818123	0.0818123	
0.0809557	0.0809557	
0.0799316	0.0799316	
0.0789956	0.0789956	
0.0780447	0.0780447	
0.0770819	0.0770819	
0.0761139	0.0761139	
0.075062	0.075062	
0.0740119	0.0740119	
0.0728926	0.0728926	
0.0716332	0.0716332	
0.0704679	0.0704679	
0.0693986	0.0693986	
0.068285	0.068285	
0.0672136	0.0672136	
0.0660334	0.0660334	
0.0649133	0.0649133	
0.0639352	0.0639352	
0.0628218	0.0628218	
0.0616576	0.0616576	
0.0605652	0.0605652	
0.059397	0.059397	
0.0582835	0.0582835	
0.0570679	0.0570679	
0.0558592	0.0558592	
0.0547336	0.0547336	
0.0536109	0.0536109	
0.0524936	0.0524936	
0.0513296	0.0513296	
0.0500973	0.0500973	
0.0488279	0.0488279	
0.0475805	0.0475805	
0.0464308	0.0464308	
0.0452507	0.0452507	
0.0440735	0.0440735	
0.042892	0.042892	
0.0417593	0.0417593	
0.0406376	0.0406376	
0.0394874	0.0394874	
0.0383499	0.0383499	
0.0372423	0.0372423	
0.0361472	0.0361472	
0.0350351	0.0350351	
0.0339082	0.0339082	
0.0328626	0.0328626	
0.0317945	0.0317945	
0.0307603	0.0307603	
0.0297332	0.0297332	
0.0287319	0.0287319	
0.0277606	0.0277606	
0.0267883	0.0267883	
0.0259205	0.0259205	
0.0249989	0.0249989	
0.0241004	0.0241004	
0.023211	0.023211	
0.0223942	0.0223942	
0.0215676	0.0215676	
0.0208076	0.0208076	
0.020073	0.020073	
0.0193339	0.0193339	
0.0186278	0.0186278	
0.0179428	0.0179428	
0.0172606	0.0172606	
0.0166287	0.0166287	
0.0160237	0.0160237	
0.0154355	0.0154355	
0.0148748	0.0148748	
0.0143316	0.0143316	
0.0138124	0.0138124	
0.0133064	0.0133064	
0.0128216	0.0128216	
0.0123885	0.0123885	
0.0119375	0.0119375	
0.0115018	0.0115018	
0.011116	0.011116	
0.0106833	0.0106833	
0.0102972	0.0102972	
0.00995353	0.00995353	
0.00959518	0.00959518	
0.00919056	0.00919056	
0.00885899	0.00885899	
0.00856538	0.00856538	
0.0082251	0.0082251	
0.00792683	0.00792683	
0.00766641	0.00766641	
0.00738909	0.00738909	
0.00714749	0.00714749	
0.00685761	0.00685761	
0.00661088	0.00661088	
0.00643451	0.00643451	
0.00622942	0.00622942	
0.00603939	0.00603939	
0.00587906	0.00587906	
0.00577793	0.00577793	
0.00562751	0.00562751	
0.0054878	0.0054878	
0.00536261	0.00536261	
0.00523071	0.00523071	
0.0051485	0.0051485	
0.00505757	0.00505757	
0.0049759	0.0049759	
0.00486593	0.00486593	
0.00479157	0.00479157	
0.00471659	0.00471659	
0.00464663	0.00464663	
0.00457985	0.00457985	
0.00448306	0.00448306	
0.00445369	0.00445369	
0.00439717	0.00439717	
0.00436923	0.00436923	
0.00430706	0.00430706	
0.00429716	0.00429716	
0.00427363	0.00427363	
0.00432018	0.00432018	
0.00433454	0.00433454	
0.00434275	0.00434275	
0.00436585	0.00436585	
0.00436943	0.00436943	
0.00438275	0.00438275	
0.00440069	0.00440069	
0.00439342	0.00439342	
0.00437933	0.00437933	
0.00432224	0.00432224	
0.00433713	0.00433713	
0.00431303	0.00431303	
0.00429871	0.00429871	
0.00431061	0.00431061	
0.00428897	0.00428897	
0.00430132	0.00430132	
0.00431888	0.00431888	
0.00429614	0.00429614	
0.00430886	0.00430886	
0.00432913	0.00432913	
0.00432876	0.00432876	
0.00438593	0.00438593	
0.00439512	0.00439512	
0.00442625	0.00442625	
0.00448346	0.00448346	
0.0044794	0.0044794	
0.00453361	0.00453361	
0.0045411	0.0045411	
0.00453327	0.00453327	
0.00455662	0.00455662	
0.00455014	0.00455014	
0.00455188	0.00455188	
0.00453229	0.00453229	
0.00445985	0.00445985	
0.00436882	0.00436882	
0.00434873	0.00434873	
0.00426055	0.00426055	
0.00422954	0.00422954	
0.00417477	0.00417477	
0.00415136	0.00415136	
0.00411055	0.00411055	
0.00409355	0.00409355	
0.00405311	0.00405311	
0.00400109	0.00400109	
0.00398561	0.00398561	
0.00399048	0.00399048	
0.00393588	0.00393588	
0.00394083	0.00394083	
0.0039063	0.0039063	
0.00385255	0.00385255	
0.00378943	0.00378943	
0.00370998	0.00370998	
0.00365414	0.00365414	
0.00354881	0.00354881	
0.00343965	0.00343965	
0.0033607	0.0033607	
0.00325986	0.00325986	
0.00317388	0.00317388	
0.00310679	0.00310679	
0.00301752	0.00301752	
0.00293645	0.00293645	
0.00286899	0.00286899	
0.00279232	0.00279232	
0.00276059	0.00276059	
0.00273109	0.00273109	
0.00269667	0.00269667	
0.00270873	0.00270873	
0.00268226	0.00268226	
0.00264458	0.00264458	
0.00261577	0.00261577	
0.00262444	0.00262444	
0.00261251	0.00261251	
0.00253877	0.00253877	
0.00251816	0.00251816	
0.00249408	0.00249408	
0.00247931	0.00247931	
0.0024236	0.0024236	
0.00237921	0.00237921	
0.00232668	0.00232668	
0.00227742	0.00227742	
0.00221866	0.00221866	
0.00221131	0.00221131	
0.00217105	0.00217105	
0.00215834	0.00215834	
0.00215356	0.00215356	
0.00217719	0.00217719	
0.00217068	0.00217068	
0.00219532	0.00219532	
0.00222571	0.00222571	
0.00224826	0.00224826	
0.00227199	0.00227199	
0.00230001	0.00230001	
0.00231977	0.00231977	
0.00234137	0.00234137	
0.00237176	0.00237176	
0.00235472	0.00235472	
0.00237836	0.00237836	
0.00236038	0.00236038	
0.0023887	0.0023887	
0.00236714	0.00236714	
0.00238566	0.00238566	
0.00244371	0.00244371	
0.00246015	0.00246015	
0.00251368	0.00251368	
0.00253946	0.00253946	
0.00254623	0.00254623	
0.00258886	0.00258886	
0.00267252	0.00267252	
0.00276246	0.00276246	
0.0028333	0.0028333	
0.00291097	0.00291097	
0.00298192	0.00298192	
0.0030506	0.0030506	
0.00312121	0.00312121	
0.00317883	0.00317883	
0.00325638	0.00325638	
0.00330173	0.00330173	
0.00336527	0.00336527	
0.00341832	0.00341832	
0.0034351	0.0034351	
0.00349553	0.00349553	
0.0035076	0.0035076	
0.00356534	0.00356534	
0.00357624	0.00357624	
0.00359376	0.00359376	
0.00363971	0.00363971	
0.00365582	0.00365582	
0.0036943	0.0036943	
0.00370699	0.00370699	
0.00374796	0.00374796	
0.00383076	0.00383076	
0.00390038	0.00390038	
0.0039443	0.0039443	
0.00398192	0.00398192	
0.0040542	0.0040542	
0.00410184	0.00410184	
0.00415935	0.00415935	
0.00421719	0.00421719	
0.00418611	0.00418611	
0.00420174	0.00420174	
0.00417521	0.00417521	
0.00419614	0.00419614	
0.00416719	0.00416719	
0.00416371	0.00416371	
0.00416161	0.00416161	
0.00415877	0.00415877	
0.00412381	0.00412381	
0.00408424	0.00408424	
0.00412032	0.00412032	
0.00412318	0.00412318	
0.00408549	0.00408549	
0.00405245	0.00405245	
0.00404576	0.00404576	
0.0040607	0.0040607	
0.00405606	0.00405606	
0.00405246	0.00405246	
0.00401976	0.00401976	
0.00401729	0.00401729	
0.00399509	0.00399509	
0.00399482	0.00399482	
0.003988	0.003988	
0.00396526	0.00396526	
0.0039212	0.0039212	
0.00389977	0.00389977	
0.00390429	0.00390429	
0.00386308	0.00386308	
0.00384046	0.00384046	
0.0038397	0.0038397	
0.00381198	0.00381198	
0.00375488	0.00375488	
0.00375508	0.00375508	
0.00373265	0.00373265	
0.00370579	0.00370579	
0.00374965	0.00374965	
0.00376356	0.00376356	
0.00377183	0.00377183	
0.00382063	0.00382063	
0.00379759	0.00379759	
0.00383202	0.00383202	
0.003882	0.003882	
0.00384639	0.00384639	
0.00392943	0.00392943	
0.00389974	0.00389974	
0.00393421	0.00393421	
0.00398051	0.00398051	
0.00398127	0.00398127	
0.00397487	0.00397487	
0.00399937	0.00399937	
0.00401722	0.00401722	
0.00398469	0.00398469	
0.00402055	0.00402055	
0.00405396	0.00405396	
0.00405058	0.00405058	
0.00405285	0.00405285	
0.00408063	0.00408063	
0.00411656	0.00411656	
0.00418903	0.00418903	
0.00422526	0.00422526	
0.00429193	0.00429193	
0.00438992	0.00438992	
0.00445578	0.00445578	
0.00450767	0.00450767	
0.00456368	0.00456368	
0.00462142	0.00462142	
0.00471813	0.00471813	
0.00475869	0.00475869	
0.00480793	0.00480793	
0.00477933	0.00477933	
0.00483174	0.00483174	
0.00487044	0.00487044	
0.00491317	0.00491317	
0.0049573	0.0049573	
0.00495656	0.00495656	
0.00496235	0.00496235	
0.00503411	0.00503411	
0.0050736	0.0050736	
0.00506961	0.00506961	
0.00506504	0.00506504	
0.00511073	0.00511073	
0.00521716	0.00521716	
0.00528834	0.00528834	
0.00535847	0.00535847	
0.00541522	0.00541522	
0.00544521	0.00544521	
0.00547002	0.00547002	
0.00553088	0.00553088	
0.00555012	0.00555012	
0.00560388	0.00560388	
0.00561292	0.00561292	
0.00563488	0.00563488	
0.00560557	0.00560557	
0.00562487	0.00562487	
0.00560386	0.00560386	
0.00561238	0.00561238	
0.0055934	0.0055934	
0.00557792	0.00557792	
0.00555579	0.00555579	
0.00553729	0.00553729	
0.00549205	0.00549205	
0.00548343	0.00548343	
0.00550559	0.00550559	
0.00549778	0.00549778	
0.0055273	0.0055273	
0.00555902	0.00555902	
0.00557976	0.00557976	
0.00557759	0.00557759	
0.00555778	0.00555778	
0.00555071	0.00555071	
0.00553571	0.00553571	
0.00556101	0.00556101	
0.00554625	0.00554625	
0.005567	0.005567	
0.00558936	0.00558936	
0.00564468	0.00564468	
0.0056906	0.0056906	
0.00573555	0.00573555	
0.00571181	0.00571181	
0.00576695	0.00576695	
0.00580237	0.00580237	
0.00584186	0.00584186	
0.005876	0.005876	
0.00594896	0.00594896	
0.0060166	0.0060166	
0.0061601	0.0061601	
0.00625452	0.00625452	
0.00634675	0.00634675	
0.00642029	0.00642029	
0.00655174	0.00655174	
0.00665937	0.00665937	
0.00684103	0.00684103	
0.00701268	0.00701268	
0.00714217	0.00714217	
0.00723425	0.00723425	
0.00734869	0.00734869	
0.00746914	0.00746914	
0.00758045	0.00758045	
0.00768322	0.00768322	
0.00779095	0.00779095	
0.00788331	0.00788331	
0.00805834	0.00805834	
0.00825339	0.00825339	
0.00840699	0.00840699	
0.00855512	0.00855512	
0.00869845	0.00869845	
0.00875475	0.00875475	
0.00889547	0.00889547	
0.00898581	0.00898581	
0.00907674	0.00907674	
0.00919568	0.00919568	
0.00926887	0.00926887	
0.00939514	0.00939514	
0.00945997	0.00945997	
0.00952921	0.00952921	
0.0096006	0.0096006	
0.00966492	0.00966492	
0.00972655	0.00972655	
0.0097526	0.0097526	
0.00977697	0.00977697	
0.00984063	0.00984063	
0.00982558	0.00982558	
0.00987864	0.00987864	
0.0099052	0.0099052	
0.00988872	0.00988872	
0.00995865	0.00995865	
0.0099056	0.0099056	
0.00992685	0.00992685	
0.00989325	0.00989325	
0.0098386	0.0098386	
0.00983693	0.00983693	
0.00980121	0.00980121	
0.00975445	0.00975445	
0.00975852	0.00975852	
0.00973136	0.00973136	
0.00973193	0.00973193	
0.00970749	0.00970749	
0.00966701	0.00966701	
0.00964015	0.00964015	
0.00957632	0.00957632	
0.00954688	0.00954688	
0.00952734	0.00952734	
0.00946264	0.00946264	
0.00933963	0.00933963	
0.00932804	0.00932804	
0.00923764	0.00923764	
0.00919675	0.00919675	
0.00914534	0.00914534	
0.00909917	0.00909917	
0.00899633	0.00899633	
0.00894661	0.00894661	
0.00884235	0.00884235	
0.00877198	0.00877198	
0.00873513	0.00873513	
0.00870954	0.00870954	
0.00867897	0.00867897	
0.00861662	0.00861662	
0.00856211	0.00856211	
0.00853432	0.00853432	
0.00848156	0.00848156	
0.00845014	0.00845014	
0.00839668	0.00839668	
0.00834417	0.00834417	
0.00831573	0.00831573	
0.00831036	0.00831036	
0.00825706	0.00825706	
0.00824084	0.00824084	
0.00820036	0.00820036	
0.00819036	0.00819036	
0.00821537	0.00821537	
0.00817606	0.00817606	
0.00822939	0.00822939	
0.00818545	0.00818545	
0.00824797	0.00824797	
0.00830938	0.00830938	
0.00832842	0.00832842	
0.00841624	0.00841624	
0.00846601	0.00846601	
0.00851339	0.00851339	
0.00855539	0.00855539	
0.00863443	0.00863443	
0.00870553	0.00870553	
0.00879759	0.00879759	
0.0090085	0.0090085	
0.0091332	0.0091332	
0.00929793	0.00929793	
0.00942607	0.00942607	
0.00950108	0.00950108	
0.00961678	0.00961678	
0.00971244	0.00971244	
0.0098457	0.0098457	
0.0100213	0.0100213	
0.0101754	0.0101754	
0.0103349	0.0103349	
0.010439	0.010439	
0.0106095	0.0106095	
0.0108034	0.0108034	
0.0108907	0.0108907	
0.0110746	0.0110746	
0.0112988	0.0112988	
0.0114706	0.0114706	
0.0116402	0.0116402	
0.01176	0.01176	
0.0118497	0.0118497	
0.0119325	0.0119325	
0.0121249	0.0121249	
0.0123046	0.0123046	
0.0125876	0.0125876	
0.0127172	0.0127172	
0.0128848	0.0128848	
0.0130739	0.0130739	
0.0133277	0.0133277	
0.0135357	0.0135357	
0.0137641	0.0137641	
0.0138358	0.0138358	
0.0140132	0.0140132	
0.0142186	0.0142186	
0.0143388	0.0143388	
0.0144954	0.0144954	
0.0146343	0.0146343	
0.014749	0.014749	
0.0149091	0.0149091	
0.0151092	0.0151092	
0.0152964	0.0152964	
0.0153441	0.0153441	
0.0154084	0.0154084	
0.0154659	0.0154659	
0.0156417	0.0156417	
0.0158389	0.0158389	
0.0159252	0.0159252	
0.0160368	0.0160368	
0.0161543	0.0161543	
0.0162249	0.0162249	
0.0162995	0.0162995	
0.0163367	0.0163367	
0.0164087	0.0164087	
0.0164676	0.0164676	
0.0165254	0.0165254	
0.0164786	0.0164786	
0.0164854	0.0164854	
0.0164359	0.0164359	
0.0164018	0.0164018	
0.0163589	0.0163589	
0.0162535	0.0162535	
0.0161582	0.0161582	
0.0160204	0.0160204	
0.0158904	0.0158904	
0.0157578	0.0157578	
0.0155743	0.0155743	
0.0154284	0.0154284	
0.0153193	0.0153193	
0.0151419	0.0151419	
0.0150102	0.0150102	
0.0148123	0.0148123	
0.0146272	0.0146272	
0.0144088	0.0144088	
0.0141666	0.0141666	
0.013908	0.013908	
0.0137214	0.0137214	
0.0134459	0.0134459	
0.0132029	0.0132029	
0.012942	0.012942	
0.0126921	0.0126921	
0.0124225	0.0124225	
0.012182	0.012182	
0.0119024	0.0119024	
0.01165	0.01165	
0.0113805	0.0113805	
0.0111549	0.0111549	
0.0109289	0.0109289	
0.010656	0.010656	
0.0104493	0.0104493	
0.0102197	0.0102197	
0.0100393	0.0100393	
0.009785	0.009785	
0.00961262	0.00961262	
0.0093822	0.0093822	
0.00915689	0.00915689	
0.00894299	0.00894299	
0.00873697	0.00873697	
0.00850568	0.00850568	
0.00831513	0.00831513	
0.00812292	0.00812292	
0.00795048	0.00795048	
0.00774188	0.00774188	
0.00761767	0.00761767	
0.00746108	0.00746108	
0.00727643	0.00727643	
0.00713556	0.00713556	
0.00699603	0.00699603	
0.00689041	0.00689041	
0.00680029	0.00680029	
0.00670387	0.00670387	
0.00658418	0.00658418	
0.00653272	0.00653272	
0.00641362	0.00641362	
0.00630531	0.00630531	
0.00623111	0.00623111	
0.0061208	0.0061208	
0.0059959	0.0059959	
0.00586425	0.00586425	
0.0057806	0.0057806	
0.00569152	0.00569152	
0.00556968	0.00556968	
0.00546049	0.00546049	
0.00541419	0.00541419	
0.00527966	0.00527966	
0.00517121	0.00517121	
0.00510588	0.00510588	
0.00497964	0.00497964	
0.00492831	0.00492831	
0.00481041	0.00481041	
0.00472473	0.00472473	
0.0046081	0.0046081	
0.00450442	0.00450442	
0.00443407	0.00443407	
0.00432696	0.00432696	
0.00423233	0.00423233	
0.0041351	0.0041351	
0.0040442	0.0040442	
0.00392235	0.00392235	
0.00381135	0.00381135	
0.00369701	0.00369701	
0.00358746	0.00358746	
0.00345406	0.00345406	
0.0033225	0.0033225	
0.00323229	0.00323229	
0.00310797	0.00310797	
0.00298844	0.00298844	
0.0028735	0.0028735	
0.00280147	0.00280147	
0.00269372	0.00269372	
0.0026229	0.0026229	
0.00252735	0.00252735	
0.00243015	0.00243015	
0.00231014	0.00231014	
0.00222128	0.00222128	
0.00217212	0.00217212	
0.00209679	0.00209679	
0.00201434	0.00201434	
0.00196964	0.00196964	
0.00189388	0.00189388	
0.00182104	0.00182104	
0.00179368	0.00179368	
0.0016623	0.0016623	
0.00163117	0.00163117	
0.00157242	0.00157242	
0.00155064	0.00155064	
0.00145818	0.00145818	
0.00140209	0.00140209	
0.00138332	0.00138332	
0.00133176	0.00133176	
0.00125569	0.00125569	
0.0012356	0.0012356	
0.00118807	0.00118807	
0.00114238	0.00114238	
0.00110433	0.00110433	
0.00110252	0.00110252	
0.00106012	0.00106012	
0.00101934	0.00101934	
0.00101879	0.00101879	
0.000981239	0.000981239	
0.000941864	0.000941864	
0.000905639	0.000905639	
0.000878093	0.000878093	
0.000844321	0.000844321	
0.000816296	0.000816296	
0.0007849	0.0007849	
0.000791498	0.000791498	
0.000761055	0.000761055	
0.000731784	0.000731784	
0.000703638	0.000703638	
0.000682467	0.000682467	
0.000688441	0.000688441	
0.000661962	0.000661962	
0.00064293	0.00064293	
0.000588529	0.000588529	
0.000602674	0.000602674	
0.000579494	0.000579494	
0.000557206	0.000557206	
0.000535775	0.000535775	
0.000520908	0.000520908	
0.000533245	0.000533245	
0.000512736	0.000512736	
0.000493015	0.000493015	
0.000480328	0.000480328	
0.000494069	0.000494069	
0.000475067	0.000475067	
0.000456795	0.000456795	
0.000444028	0.000444028	
0.00042695	0.00042695	
0.000410529	0.000410529	
0.000431137	0.000431137	
0.000391297	0.000391297	
0.000376247	0.000376247	
0.000361776	0.000361776	
0.000353602	0.000353602	
0.000374956	0.000374956	
0.000360535	0.000360535	
0.000346668	0.000346668	
0.000333335	0.000333335	
0.000326409	0.000326409	
0.000313855	0.000313855	
0.000333996	0.000333996	
0.000321572	0.000321572	
0.000273612	0.000273612	
0.000269521	0.000269521	
0.000292388	0.000292388	
0.000284146	0.000284146	
0.000306988	0.000306988	
0.000295181	0.000295181	
0.000283828	0.000283828	
0.000309681	0.000309681	
0.00029777	0.00029777	
0.000292058	0.000292058	
0.000280825	0.000280825	
0.000277247	0.000277247	
0.000272479	0.000272479	
0.000261999	0.000261999	
0.000284659	0.000284659	
0.000273711	0.000273711	
0.000263184	0.000263184	
0.000253061	0.000253061	
0.000243328	0.000243328	
0.000271517	0.000271517	
0.000261074	0.000261074	
0.000251033	0.000251033	
0.000245647	0.000245647	
0.000272961	0.000272961	
0.000262463	0.000262463	
0.000256443	0.000256443	
0.000280598	0.000280598	
0.000233119	0.000233119	
0.00025975	0.00025975	
0.000219429	0.000219429	
0.000252987	0.000252987	
0.000278229	0.000278229	
0.000266279	0.000266279	
0.000223504	0.000223504	
0.000250566	0.000250566	
0.000246136	0.000246136	
0.000236669	0.000236669	
0.000258663	0.000258663	
0.000254993	0.000254993	
0.00024424	0.00024424	
0.000269778	0.000269778	
0.000259402	0.000259402	
0.000247633	0.000247633	
0.000248845	0.000248845	
0.000239274	0.000239274	
0.000232354	0.000232354	
0.000223417	0.000223417	
0.000250085	0.000250085	
0.000240466	0.000240466	
0.000229951	0.000229951	
0.000253303	0.000253303	
0.000244111	0.000244111	
0.000268002	0.000268002	
0.000264126	0.000264126	
0.000252308	0.000252308	
0.000279359	0.000279359	
0.000243675	0.000243675	
0.000232483	0.000232483	
0.000256428	0.000256428	
0.000251177	0.000251177	
0.000235084	0.000235084	
0.000231185	0.000231185	
0.000258517	0.000258517	
0.000245767	0.000245767	
0.000236315	0.000236315	
0.000227226	0.000227226	
0.000216654	0.000216654	
0.000214218	0.000214218	
0.00024106	0.00024106	
0.000231788	0.000231788	
0.000191323	0.000191323	
0.000183964	0.000183964	
0.000176889	0.000176889	
0.000200755	0.000200755	
0.000199467	0.000199467	
0.000191795	0.000191795	
0.000182425	0.000182425	
0.000175408	0.000175408	
0.000168662	0.000168662	
0.00019966	0.00019966	
0.000191981	0.000191981	
0.000184597	0.000184597	
0.000177497	0.000177497	
0.00017067	0.00017067	
0.000164106	0.000164106	
0.000200304	0.000200304	
0.000186855	0.000186855	
0.000185414	0.000185414	
0.000145562	0.000145562	
0.000138427	0.000138427	
0.000167359	0.000167359	
0.000129672	0.000129672	
0.000131654	0.000131654	
0.000126591	0.000126591	
0.000158485	0.000158485	
0.000152389	0.000152389	
0.000146528	0.000146528	
0.000140892	0.000140892	
0.000135473	0.000135473	
0.000130263	0.000130263	
0.000125253	0.000125253	
0.000126181	0.000126181	
0.000121328	0.000121328	
0.000116661	0.000116661	
0.000112174	0.000112174	
0.00010786	0.00010786	
0.000136062	0.000136062	
0.000130829	0.000130829	
0.000125797	0.000125797	
0.000120959	0.000120959	
0.000116307	0.000116307	
0.000118114	0.000118114	
0.000113571	0.000113571	
0.000109203	0.000109203	
0.000105003	0.000105003	
0.000100965	0.000100965	
0.000132015	0.000132015	
0.000126938	0.000126938	
0.000122056	0.000122056	
0.000115688	0.000115688	
0.000112911	0.000112911	
7.71804e-05	7.71804e-05	
0.000110963	0.000110963	
0.000106696	0.000106696	
0.000102592	0.000102592	
0.000104543	0.000104543	
0.000100522	0.000100522	
9.6656e-05	9.6656e-05	
0.000129684	0.000129684	
0.000124696	0.000124696	
0.0001199	0.0001199	
0.000115289	0.000115289	
0.000110855	0.000110855	
0.000106591	0.000106591	
0.000134676	0.000134676	
0.000129496	0.000129496	
0.000124515	0.000124515	
0.000119726	0.000119726	
0.000115122	0.000115122	
0.000112355	0.000112355	
0.000140363	0.000140363	
0.000140708	0.000140708	
0.000136411	0.000136411	
0.000130049	0.000130049	
0.000126163	0.000126163	
0.000156923	0.000156923	
0.000151999	0.000151999	
0.000115476	0.000115476	
0.000147222	0.000147222	
0.00014156	0.00014156	
0.000136115	0.000136115	
0.00016358	0.00016358	
0.000155487	0.000155487	
0.000149507	0.000149507	
0.000180474	0.000180474	
0.000173532	0.000173532	
0.000166858	0.000166858	
0.000203585	0.000203585	
0.000189322	0.000189322	
0.000188473	0.000188473	
0.000181224	0.000181224	
0.000209164	0.000209164	
0.000202381	0.000202381	
0.000225641	0.000225641	
0.000218605	0.000218605	
0.000210197	0.000210197	
0.000238899	0.000238899	
0.00022971	0.00022971	
0.000190773	0.000190773	
0.000220133	0.000220133	
0.000211666	0.000211666	
0.000203525	0.000203525	
0.000234118	0.000234118	
0.000225114	0.000225114	
0.000215505	0.000215505	
0.000207216	0.000207216	
0.000234297	0.000234297	
0.000225285	0.000225285	
0.000216621	0.000216621	
0.000244446	0.000244446	
0.000233781	0.000233781	
0.000261481	0.000261481	
0.000251424	0.000251424	
0.000245834	0.000245834	
0.000236379	0.000236379	
0.000261241	0.000261241	
0.000218009	0.000218009	
0.000209624	0.000209624	
0.000201561	0.000201561	
0.000228299	0.000228299	
0.000219518	0.000219518	
0.000211075	0.000211075	
0.000239104	0.000239104	
0.000232726	0.000232726	
0.000219695	0.000219695	
0.000215326	0.000215326	
0.000243727	0.000243727	
0.000234353	0.000234353	
0.000223691	0.000223691	
0.000215088	0.000215088	
0.000239638	0.000239638	
0.000230421	0.000230421	
0.000256437	0.000256437	
0.000246574	0.000246574	
0.00023709	0.00023709	
0.000233133	0.000233133	
0.000224166	0.000224166	
0.000251691	0.000251691	
0.00024201	0.00024201	
0.000232702	0.000232702	
0.000256416	0.000256416	
0.000216982	0.000216982	
0.000208637	0.000208637	
0.000235636	0.000235636	
0.000226573	0.000226573	
0.000217859	0.000217859	
0.000215223	0.000215223	
0.000239069	0.000239069	
0.000228759	0.000228759	
0.000219961	0.000219961	
0.000211501	0.000211501	
0.000203366	0.000203366	
0.000231681	0.000231681	
0.000221653	0.000221653	
0.000213128	0.000213128	
0.00020493	0.00020493	
0.00020348	0.00020348	
0.000195654	0.000195654	
0.00022079	0.00022079	
0.000210489	0.000210489	
0.000202394	0.000202394	
0.000194609	0.000194609	
0.000187124	0.000187124	
0.000216448	0.000216448	
0.000175835	0.000175835	
0.00020575	0.00020575	
0.000197837	0.000197837	
0.000190228	0.000190228	
0.000181631	0.000181631	
0.000144536	0.000144536	
0.000138977	0.000138977	
0.000133631	0.000133631	
0.000164633	0.000164633	
0.000158301	0.000158301	
0.000156827	0.000156827	
0.0001449	0.0001449	
0.000145223	0.000145223	
0.000139637	0.000139637	
0.00016693	0.00016693	
0.00016051	0.00016051	
0.000152669	0.000152669	
0.000146797	0.000146797	
0.000139863	0.000139863	
0.000134484	0.000134484	
0.000129311	0.000129311	
0.000160481	0.000160481	
0.000153322	0.000153322	
0.000148412	0.000148412	
0.000146184	0.000146184	
0.0001326	0.0001326	
0.000133932	0.000133932	
0.000136271	0.000136271	
0.00013103	0.00013103	
0.000125991	0.000125991	
0.000119313	0.000119313	
0.000114724	0.000114724	
0.00014412	0.00014412	
0.000173059	0.000173059	
0.000164721	0.000164721	
0.000158385	0.000158385	
0.000116671	0.000116671	
0.000146118	0.000146118	
0.000105412	0.000105412	
0.000106567	0.000106567	
0.000131207	0.000131207	
0.000125008	0.000125008	
0.000123596	0.000123596	
0.000118842	0.000118842	
0.000114271	0.000114271	
0.000108719	0.000108719	
0.000104537	0.000104537	
0.000136666	0.000136666	
0.00013141	0.00013141	
0.000125047	0.000125047	
0.000120238	0.000120238	
0.000149561	0.000149561	
0.000143808	0.000143808	
0.000105188	0.000105188	
0.000101142	0.000101142	
9.72524e-05	9.72524e-05	
9.35119e-05	9.35119e-05	
0.000130609	0.000130609	
0.000125585	0.000125585	
0.000127187	0.000127187	
0.000122295	0.000122295	
0.000117592	0.000117592	
0.000113069	0.000113069	
0.000140846	0.000140846	
0.000134276	0.000134276	
0.000129112	0.000129112	
0.000124146	0.000124146	
0.000119371	0.000119371	
0.00011478	0.00011478	
0.000110365	0.000110365	
0.00010612	0.00010612	
0.000138176	0.000138176	
0.000132862	0.000132862	
0.000127752	0.000127752	
0.000129119	0.000129119	
0.000122465	0.000122465	
0.000154426	0.000154426	
0.000148486	0.000148486	
0.000142775	0.000142775	
0.000137284	0.000137284	
0.000132004	0.000132004	
0.000159045	0.000159045	
0.000152928	0.000152928	
0.000147046	0.000147046	
0.000140241	0.000140241	
0.000134847	0.000134847	
0.00012966	0.00012966	
0.000156792	0.000156792	
0.000150762	0.000150762	
0.000144963	0.000144963	
0.000109655	0.000109655	
0.000105438	0.000105438	
0.000136359	0.000136359	
0.000137396	0.000137396	
0.000132111	0.000132111	
0.00012703	0.00012703	
0.000122144	0.000122144	
0.000117447	0.000117447	
0.000112929	0.000112929	
0.00014371	0.00014371	
0.000138183	0.000138183	
0.000136801	0.000136801	
0.000127607	0.000127607	
0.000125476	0.000125476	
0.000152766	0.000152766	
0.000146891	0.000146891	
0.000141241	0.000141241	
0.000135809	0.000135809	
0.000165403	0.000165403	
0.000159041	0.000159041	
0.000152924	0.000152924	
0.000147042	0.000147042	
0.000140228	0.000140228	
0.000134834	0.000134834	
0.000135544	0.000135544	
0.000159249	0.000159249	
0.000159555	0.000159555	
0.000153418	0.000153418	
0.000147518	0.000147518	
0.000141844	0.000141844	
0.000166802	0.000166802	
0.000130653	0.000130653	
0.000125628	0.000125628	
0.000120796	0.000120796	
0.000115132	0.000115132	
0.000148378	0.000148378	
0.000141658	0.000141658	
0.000142492	0.000142492	
0.000135306	0.000135306	
0.000130102	0.000130102	
0.000157747	0.000157747	
0.00015168	0.00015168	
0.000145846	0.000145846	
0.00013868	0.00013868	
0.000133346	0.000133346	
0.00016033	0.00016033	
0.000154163	0.000154163	
0.000152123	0.000152123	
0.000146272	0.000146272	
0.000177302	0.000177302	
0.000170483	0.000170483	
0.000162604	0.000162604	
0.000192468	0.000192468	
0.000185065	0.000185065	
0.00014665	0.00014665	
0.000179548	0.000179548	
0.00016636	0.00016636	
0.000165068	0.000165068	
0.000158719	0.000158719	
0.000191463	0.000191463	
0.000184099	0.000184099	
0.000175156	0.000175156	
0.00020287	0.00020287	
0.000193352	0.000193352	
0.000185915	0.000185915	
0.000215411	0.000215411	
0.000210031	0.000210031	
0.000195521	0.000195521	
0.000194432	0.000194432	
0.000219535	0.000219535	
0.000211092	0.000211092	
0.000201249	0.000201249	
0.000193509	0.000193509	
0.000220903	0.000220903	
0.000212407	0.000212407	
0.000202513	0.000202513	
0.000194724	0.000194724	
0.000157496	0.000157496	
0.000184161	0.000184161	
0.000177078	0.000177078	
0.000170267	0.000170267	
0.000166609	0.000166609	
0.00019685	0.00019685	
0.000187546	0.000187546	
0.000180333	0.000180333	
0.000210044	0.000210044	
0.000200084	0.000200084	
0.000192388	0.000192388	
0.000184989	0.000184989	
0.000177874	0.000177874	
0.000201936	0.000201936	
0.000194169	0.000194169	
0.000185497	0.000185497	
0.000178362	0.000178362	
0.000207614	0.000207614	
0.000199629	0.000199629	
0.000198382	0.000198382	
0.0001894	0.0001894	
0.000218761	0.000218761	
0.000208459	0.000208459	
0.000200441	0.000200441	
0.000192732	0.000192732	
0.000217419	0.000217419	
0.000209057	0.000209057	
0.000199959	0.000199959	
0.000193325	0.000193325	
0.000216932	0.000216932	
0.000208588	0.000208588	
0.000200566	0.000200566	
0.000192852	0.000192852	
0.000185434	0.000185434	
0.000213055	0.000213055	
0.000175267	0.000175267	
0.000168526	0.000168526	
0.000162044	0.000162044	
0.00016156	0.00016156	
0.000149598	0.000149598	
0.000149592	0.000149592	
0.000143839	0.000143839	
0.000138306	0.000138306	
0.000132987	0.000132987	
0.000126668	0.000126668	
0.000153894	0.000153894	
0.000147975	0.000147975	
0.000142283	0.000142283	
0.000136811	0.000136811	
0.000131549	0.000131549	
0.00012649	0.00012649	
0.000121625	0.000121625	
0.000115206	0.000115206	
0.000110775	0.000110775	
0.000106514	0.000106514	
0.000102418	0.000102418	
9.84785e-05	9.84785e-05	
9.46909e-05	9.46909e-05	
0.000132085	0.000132085	
0.000125264	0.000125264	
0.000120446	0.000120446	
0.000122097	0.000122097	
0.000117401	0.000117401	
0.000112886	0.000112886	
0.000108544	0.000108544	
0.000136612	0.000136612	
0.000131358	0.000131358	
0.000124564	0.000124564	
0.000121514	0.000121514	
0.0001151	0.0001151	
0.000110673	0.000110673	
0.000106416	0.000106416	
0.000102323	0.000102323	
0.00013162	0.00013162	
0.000126558	0.000126558	
0.00012169	0.00012169	
0.00011701	0.00011701	
8.2681e-05	8.2681e-05	
7.95009e-05	7.95009e-05	
0.000111273	0.000111273	
0.000105097	0.000105097	
0.000101055	0.000101055	
9.71681e-05	9.71681e-05	
9.23582e-05	9.23582e-05	
9.50907e-05	9.50907e-05	
0.00012148	0.00012148	
0.000114904	0.000114904	
0.000110485	0.000110485	
0.000105008	0.000105008	
9.92e-05	9.92e-05	
0.000132033	0.000132033	
0.000125184	0.000125184	
0.000120369	0.000120369	
0.000149194	0.000149194	
0.000141678	0.000141678	
0.000136229	0.000136229	
0.000129597	0.000129597	
0.000158528	0.000158528	
0.000150647	0.000150647	
0.000144853	0.000144853	
0.000142114	0.000142114	
0.000167015	0.000167015	
0.000166877	0.000166877	
0.00015906	0.00015906	
0.000189055	0.000189055	
0.00018053	0.00018053	
0.00017179	0.00017179	
0.000197826	0.000197826	
0.000158675	0.000158675	
0.000217022	0.000217022	
0.00020755	0.00020755	
0.000200122	0.000200122	
0.000191149	0.000191149	
0.000218491	0.000218491	
0.000206978	0.000206978	
0.000203474	0.000203474	
0.000227764	0.000227764	
0.000217708	0.000217708	
0.000245457	0.000245457	
0.000236016	0.000236016	
0.000262156	0.000262156	
0.000252073	0.000252073	
0.000242378	0.000242378	
0.00026516	0.00026516	
0.000254962	0.000254962	
0.000243333	0.000243333	
0.000281448	0.000281448	
0.000267136	0.000267136	
0.000256862	0.000256862	
0.000280889	0.000280889	
0.000268512	0.000268512	
0.000258185	0.000258185	
0.000280496	0.000280496	
0.000268421	0.000268421	
0.000291925	0.000291925	
0.000252763	0.000252763	
0.000277713	0.000277713	
0.000237428	0.000237428	
0.00026213	0.00026213	
0.000284143	0.000284143	
0.000271534	0.000271534	
0.000261091	0.000261091	
0.000251049	0.000251049	
0.000277884	0.000277884	
0.00026591	0.00026591	
0.000255683	0.000255683	
0.000251742	0.000251742	
0.000278692	0.000278692	
0.000267973	0.000267973	
0.000257666	0.000257666	
0.000247756	0.000247756	
0.000270313	0.000270313	
0.000259917	0.000259917	
0.00024992	0.00024992	
0.000276929	0.000276929	
0.000266277	0.000266277	
0.000256036	0.000256036	
0.000282268	0.000282268	
0.000271411	0.000271411	
0.000266131	0.000266131	
0.000283344	0.000283344	
0.000278875	0.000278875	
0.000300215	0.000300215	
0.000288669	0.000288669	
0.00027616	0.00027616	
0.000265539	0.000265539	
0.000256291	0.000256291	
0.000282073	0.000282073	
0.000205978	0.000205978	
0.00026836	0.00026836	
0.000258039	0.000258039	
0.000248114	0.000248114	
0.000238571	0.000238571	
0.000233484	0.000233484	
0.000221466	0.000221466	
0.000248591	0.000248591	
0.00023903	0.00023903	
0.000229836	0.000229836	
0.000220996	0.000220996	
0.000251293	0.000251293	
0.000241627	0.000241627	
0.000232334	0.000232334	
0.000221991	0.000221991	
0.000213453	0.000213453	
0.000171405	0.000171405	
0.00019865	0.00019865	
0.000223073	0.000223073	
0.000180655	0.000180655	
0.000207544	0.000207544	
0.000199562	0.000199562	
0.000197635	0.000197635	
0.000190034	0.000190034	
0.000181604	0.000181604	
0.00017574	0.00017574	
0.00016786	0.00016786	
0.000127567	0.000127567	
0.000156497	0.000156497	
0.000150478	0.000150478	
0.000176755	0.000176755	
0.000137892	0.000137892	
0.000164654	0.000164654	
0.000128718	0.000128718	
0.00015337	0.00015337	
0.000117868	0.000117868	
0.000111923	0.000111923	
0.00010903	0.00010903	
0.000103425	0.000103425	
9.94473e-05	9.94473e-05	
9.56224e-05	9.56224e-05	
0.000128012	0.000128012	
0.000123089	0.000123089	
0.000124784	0.000124784	
0.000119984	0.000119984	
0.00011537	0.00011537	
0.000110932	0.000110932	
0.000106666	0.000106666	
0.000102563	0.000102563	
9.86185e-05	9.86185e-05	
9.48254e-05	9.48254e-05	
5.7338e-05	5.7338e-05	
8.89728e-05	8.89728e-05	
8.55508e-05	8.55508e-05	
8.22604e-05	8.22604e-05	
7.90965e-05	7.90965e-05	
7.60543e-05	7.60543e-05	
7.31292e-05	7.31292e-05	
7.03165e-05	7.03165e-05	
6.7612e-05	6.7612e-05	
6.50116e-05	6.50116e-05	
6.25111e-05	6.25111e-05	
6.01069e-05	6.01069e-05	
5.77951e-05	5.77951e-05	
8.7636e-05	8.7636e-05	
8.42654e-05	8.42654e-05	
8.10244e-05	8.10244e-05	
8.4193e-05	8.4193e-05	
8.09548e-05	8.09548e-05	
7.78411e-05	7.78411e-05	
4.10085e-05	4.10085e-05	
7.32698e-05	7.32698e-05	
7.04518e-05	7.04518e-05	
6.77421e-05	6.77421e-05	
6.51366e-05	6.51366e-05	
3.24904e-05	3.24904e-05	
3.12408e-05	3.12408e-05	
6.018e-05	6.018e-05	
2.77246e-05	2.77246e-05	
2.66582e-05	2.66582e-05	
2.83857e-05	2.83857e-05	
5.9342e-05	5.9342e-05	
5.88559e-05	5.88559e-05	
6.05456e-05	6.05456e-05	
5.82169e-05	5.82169e-05	
5.59778e-05	5.59778e-05	
1.8177e-05	1.8177e-05	
5.31255e-05	5.31255e-05	
1.54346e-05	1.54346e-05	
5.04884e-05	5.04884e-05	
1.28992e-05	1.28992e-05	
8.46464e-05	8.46464e-05	
4.47944e-05	4.47944e-05	
4.40209e-05	4.40209e-05	
4.87581e-05	4.87581e-05	
8.07239e-05	8.07239e-05	
7.5832e-05	7.5832e-05	
7.29154e-05	7.29154e-05	
7.0111e-05	7.0111e-05	
6.74144e-05	6.74144e-05	
6.48216e-05	6.48216e-05	
6.23284e-05	6.23284e-05	
5.99312e-05	5.99312e-05	
5.62223e-05	5.62223e-05	
9.01141e-05	9.01141e-05	
8.66482e-05	8.66482e-05	
8.33156e-05	8.33156e-05	
8.65409e-05	8.65409e-05	
7.67827e-05	7.67827e-05	
0.000110414	0.000110414	
0.000112597	0.000112597	
0.000108266	0.000108266	
0.000104102	0.000104102	
0.000100098	0.000100098	
9.62481e-05	9.62481e-05	
0.000124591	0.000124591	
9.01877e-05	9.01877e-05	
8.6719e-05	8.6719e-05	
8.14481e-05	8.14481e-05	
0.000114894	0.000114894	
0.000110475	0.000110475	
0.000106226	0.000106226	
0.00010214	0.00010214	
0.000104106	0.000104106	
0.000124993	0.000124993	
0.000125935	0.000125935	
0.000115342	0.000115342	
0.000116655	0.000116655	
0.000112169	0.000112169	
0.000144427	0.000144427	
0.000138872	0.000138872	
0.000133531	0.000133531	
0.000160574	0.000160574	
0.000154398	0.000154398	
0.000148459	0.000148459	
0.000142749	0.000142749	
0.000180642	0.000180642	
0.000166729	0.000166729	
0.000167281	0.000167281	
0.000159062	0.000159062	
0.00018965	0.00018965	
0.000182356	0.000182356	
0.000175342	0.000175342	
0.000168599	0.000168599	
0.000162114	0.000162114	
0.00018651	0.00018651	
0.000179336	0.000179336	
0.000172439	0.000172439	
0.000165807	0.000165807	
0.000159429	0.000159429	
0.000159706	0.000159706	
0.000159313	0.000159313	
0.000153186	0.000153186	
0.000147294	0.000147294	
0.000141629	0.000141629	
0.000172198	0.000172198	
0.000165575	0.000165575	
0.000159207	0.000159207	
0.000153084	0.000153084	
0.000186177	0.000186177	
0.000179017	0.000179017	
0.000172131	0.000172131	
0.000165511	0.000165511	
0.000191158	0.000191158	
0.000183806	0.000183806	
0.000176736	0.000176736	
0.000168696	0.000168696	
0.000163451	0.000163451	
0.000192465	0.000192465	
0.000185063	0.000185063	
0.000183693	0.000183693	
0.00017088	0.00017088	
0.000170056	0.000170056	
0.000163515	0.000163515	
0.000191964	0.000191964	
0.000149842	0.000149842	
0.000178818	0.000178818	
0.000171941	0.000171941	
0.000165328	0.000165328	
0.000158969	0.000158969	
0.000152855	0.000152855	
0.000146976	0.000146976	
0.000177325	0.000177325	
0.000170505	0.000170505	
0.000162706	0.000162706	
0.000157689	0.000157689	
0.000186029	0.000186029	
0.000143228	0.000143228	
0.000173365	0.000173365	
0.000131051	0.000131051	
0.000161657	0.000161657	
0.000155439	0.000155439	
0.000149461	0.000149461	
0.000143712	0.000143712	
0.000138185	0.000138185	
0.00016488	0.00016488	
0.000158539	0.000158539	
0.000152441	0.000152441	
0.000122717	0.000122717	
0.000112249	0.000112249	
0.000106687	0.000106687	
0.000102583	0.000102583	
9.86377e-05	9.86377e-05	
9.48439e-05	9.48439e-05	
9.11961e-05	9.11961e-05	
9.30457e-05	9.30457e-05	
8.9467e-05	8.9467e-05	
8.60259e-05	8.60259e-05	
8.27173e-05	8.27173e-05	
7.95358e-05	7.95358e-05	
7.64768e-05	7.64768e-05	
7.35353e-05	7.35353e-05	
0.000105448	0.000105448	
9.94642e-05	9.94642e-05	
9.75666e-05	9.75666e-05	
5.85722e-05	5.85722e-05	
8.96331e-05	8.96331e-05	
5.2872e-05	5.2872e-05	
8.4152e-05	8.4152e-05	
8.09154e-05	8.09154e-05	
7.78033e-05	7.78033e-05	
7.48108e-05	7.48108e-05	
7.19335e-05	7.19335e-05	
3.58533e-05	3.58533e-05	
6.77877e-05	6.77877e-05	
3.18671e-05	3.18671e-05	
6.39547e-05	6.39547e-05	
6.14949e-05	6.14949e-05	
5.91297e-05	5.91297e-05	
9.33984e-05	9.33984e-05	
8.85566e-05	8.85566e-05	
8.64e-05	8.64e-05	
8.18275e-05	8.18275e-05	
7.86803e-05	7.86803e-05	
7.56541e-05	7.56541e-05	
7.27443e-05	7.27443e-05	
6.99465e-05	6.99465e-05	
6.3225e-05	6.3225e-05	
9.46426e-05	9.46426e-05	
9.72861e-05	9.72861e-05	
8.72607e-05	8.72607e-05	
9.01881e-05	9.01881e-05	
8.67194e-05	8.67194e-05	
8.3384e-05	8.3384e-05	
8.01769e-05	8.01769e-05	
7.70932e-05	7.70932e-05	
0.000110274	0.000110274	
0.000104784	0.000104784	
0.000100754	0.000100754	
6.12289e-05	6.12289e-05	
9.45241e-05	9.45241e-05	
9.08885e-05	9.08885e-05	
0.000122127	0.000122127	
0.00011743	0.00011743	
0.000112913	0.000112913	
0.00010857	0.00010857	
0.000104395	0.000104395	
9.8593e-05	9.8593e-05	
6.7187e-05	6.7187e-05	
9.8458e-05	9.8458e-05	
9.28824e-05	9.28824e-05	
9.10986e-05	9.10986e-05	
8.58062e-05	8.58062e-05	
8.2506e-05	8.2506e-05	
7.93327e-05	7.93327e-05	
0.000108821	0.000108821	
0.0001027	0.0001027	
0.000105179	0.000105179	
0.000101134	0.000101134	
9.72438e-05	9.72438e-05	
9.15629e-05	9.15629e-05	
0.000124577	0.000124577	
0.000119786	0.000119786	
0.000115179	0.000115179	
0.000109094	0.000109094	
0.000104898	0.000104898	
0.000100863	0.000100863	
0.000133518	0.000133518	
0.000128383	0.000128383	
0.000123445	0.000123445	
0.000116897	0.000116897	
0.000112401	0.000112401	
0.000140617	0.000140617	
0.000135209	0.000135209	
0.000130008	0.000130008	
0.000122919	0.000122919	
0.000118192	0.000118192	
7.97927e-05	7.97927e-05	
0.000117005	0.000117005	
0.000143239	0.000143239	
0.00013773	0.00013773	
0.000132433	0.000132433	
0.000162064	0.000162064	
0.000155831	0.000155831	
0.000148562	0.000148562	
0.000142848	0.000142848	
0.000137354	0.000137354	
0.000130112	0.000130112	
0.000161643	0.000161643	
0.000155426	0.000155426	
0.000149448	0.000149448	
0.000147775	0.000147775	
0.000136878	0.000136878	
0.000169367	0.000169367	
0.000162853	0.000162853	
0.000156589	0.000156589	
0.000114897	0.000114897	
0.000180861	0.000180861	
0.000172228	0.000172228	
0.000165604	0.000165604	
0.000159234	0.000159234	
0.000189639	0.000189639	
0.000182345	0.000182345	
0.000173763	0.000173763	
0.000172971	0.000172971	
0.000134734	0.000134734	
0.000164283	0.000164283	
0.000187581	0.000187581	
0.00015075	0.00015075	
0.000143126	0.000143126	
0.000171957	0.000171957	
0.000165343	0.000165343	
0.000157298	0.000157298	
0.000151248	0.000151248	
0.000177966	0.000177966	
0.000169008	0.000169008	
0.000162507	0.000162507	
0.000162685	0.000162685	
0.000119332	0.000119332	
0.000150397	0.000150397	
0.000143793	0.000143793	
0.000172118	0.000172118	
0.000163657	0.000163657	
0.000157362	0.000157362	
0.000151516	0.000151516	
0.000177695	0.000177695	
0.000170861	0.000170861	
0.000166675	0.000166675	
0.000160265	0.000160265	
0.000152642	0.000152642	
0.000146772	0.000146772	
0.000177664	0.000177664	
0.000169119	0.000169119	
0.000130471	0.000130471	
0.000157596	0.000157596	
0.000117681	0.000117681	
0.000145546	0.000145546	
0.000142633	0.000142633	
0.000170466	0.000170466	
0.000162587	0.000162587	
0.000156334	0.000156334	
0.000150321	0.000150321	
0.000142537	0.000142537	
0.000144905	0.000144905	
0.000166299	0.000166299	
0.000166725	0.000166725	
0.00015884	0.00015884	
0.000144034	0.000144034	
0.000145456	0.000145456	
0.000139862	0.000139862	
0.000166498	0.000166498	
0.000158616	0.000158616	
0.000152516	0.000152516	
0.00014665	0.00014665	
0.000141009	0.000141009	
0.000135586	0.000135586	
0.000128634	0.000128634	
6.00669e-05	6.00669e-05	
9.16161e-05	9.16161e-05	
5.4233e-05	5.4233e-05	
0.000121072	0.000121072	
0.000116415	0.000116415	
0.000111938	0.000111938	
0.000105613	0.000105613	
0.000101551	0.000101551	
9.7645e-05	9.7645e-05	
9.38894e-05	9.38894e-05	
8.85339e-05	8.85339e-05	
8.51287e-05	8.51287e-05	
8.03621e-05	8.03621e-05	
7.72713e-05	7.72713e-05	
3.72835e-05	3.72835e-05	
7.09712e-05	7.09712e-05	
6.82415e-05	6.82415e-05	
6.4116e-05	6.4116e-05	
9.36791e-05	9.36791e-05	
9.0076e-05	9.0076e-05	
5.32891e-05	5.32891e-05	
8.45618e-05	8.45618e-05	
8.13095e-05	8.13095e-05	
7.81822e-05	7.81822e-05	
8.10669e-05	8.10669e-05	
7.7949e-05	7.7949e-05	
7.49509e-05	7.49509e-05	
7.07109e-05	7.07109e-05	
6.79913e-05	6.79913e-05	
6.53762e-05	6.53762e-05	
6.28617e-05	6.28617e-05	
9.64627e-05	9.64627e-05	
9.27526e-05	9.27526e-05	
8.91852e-05	8.91852e-05	
8.5755e-05	8.5755e-05	
8.11017e-05	8.11017e-05	
7.79824e-05	7.79824e-05	
7.49831e-05	7.49831e-05	
7.20992e-05	7.20992e-05	
6.93261e-05	6.93261e-05	
6.66597e-05	6.66597e-05	
9.61165e-05	9.61165e-05	
9.83111e-05	9.83111e-05	
9.45299e-05	9.45299e-05	
9.08942e-05	9.08942e-05	
8.73983e-05	8.73983e-05	
0.000118954	0.000118954	
8.03499e-05	8.03499e-05	
0.000111288	0.000111288	
7.13533e-05	7.13533e-05	
0.000104264	0.000104264	
0.000136794	0.000136794	
0.000131533	0.000131533	
0.000126474	0.000126474	
8.59547e-05	8.59547e-05	
0.000118647	0.000118647	
8.44547e-05	8.44547e-05	
8.12064e-05	8.12064e-05	
0.00014372	0.00014372	
0.000106418	0.000106418	
0.000142761	0.000142761	
0.000137271	0.000137271	
0.000130518	0.000130518	
0.000125498	0.000125498	
0.000156659	0.000156659	
0.000150634	0.000150634	
0.00014484	0.00014484	
0.00013927	0.00013927	
0.000133913	0.000133913	
0.00016129	0.00016129	
0.000155087	0.000155087	
0.000149122	0.000149122	
0.000143387	0.000143387	
0.000171657	0.000171657	
0.000165055	0.000165055	
0.000158707	0.000158707	
0.000158354	0.000158354	
0.000187115	0.000187115	
0.000144198	0.000144198	
0.000172512	0.000172512	
0.000165877	0.000165877	
0.000196006	0.000196006	
0.000188467	0.000188467	
0.000179355	0.000179355	
0.000172457	0.000172457	
0.000202331	0.000202331	
0.000192683	0.000192683	
0.000185273	0.000185273	
0.000210664	0.000210664	
0.000202561	0.000202561	
0.000194771	0.000194771	
0.000187279	0.000187279	
0.000216043	0.000216043	
0.000206264	0.000206264	
0.000204617	0.000204617	
0.000190461	0.000190461	
0.000219637	0.000219637	
0.000217475	0.000217475	
0.000207383	0.000207383	
0.000229909	0.000229909	
0.000221066	0.000221066	
0.000212564	0.000212564	
0.000235165	0.000235165	
0.000226121	0.000226121	
0.000217424	0.000217424	
0.000209061	0.000209061	
0.000237519	0.000237519	
0.000234274	0.000234274	
0.000193485	0.000193485	
0.000218016	0.000218016	
0.00020829	0.00020829	
0.000200279	0.000200279	
0.000228676	0.000228676	
0.000218398	0.000218398	
0.000209998	0.000209998	
0.00023788	0.00023788	
0.000228731	0.000228731	
0.000218449	0.000218449	
0.000210047	0.000210047	
0.000233939	0.000233939	
0.000229485	0.000229485	
0.000220658	0.000220658	
0.000212172	0.000212172	
0.000204011	0.000204011	
0.000236645	0.000236645	
0.000226057	0.000226057	
0.000217362	0.000217362	
0.000209002	0.000209002	
0.000205058	0.000205058	
0.000193077	0.000193077	
0.000221714	0.000221714	
0.000213187	0.000213187	
0.000200893	0.000200893	
0.000197261	0.000197261	
0.000189674	0.000189674	
0.000214933	0.000214933	
0.000208408	0.000208408	
0.000198651	0.000198651	
0.000191011	0.000191011	
0.000183664	0.000183664	
0.0001766	0.0001766	
0.000202479	0.000202479	
0.000194692	0.000194692	
0.000187204	0.000187204	
0.000178651	0.000178651	
0.00017178	0.00017178	
0.000165173	0.000165173	
0.000156788	0.000156788	
0.000185061	0.000185061	
0.000177943	0.000177943	
0.000171099	0.000171099	
0.000164518	0.000164518	
0.000158191	0.000158191	
0.000150211	0.000150211	
0.000144434	0.000144434	
0.000138879	0.000138879	
0.000139963	0.000139963	
0.000164649	0.000164649	
0.000158316	0.000158316	
0.000152227	0.000152227	
0.000150467	0.000150467	
0.00014468	0.00014468	
0.000139115	0.000139115	
0.000133765	0.000133765	
0.000127261	0.000127261	
0.000122366	0.000122366	
0.00011766	0.00011766	
0.000113134	0.000113134	
0.000108783	0.000108783	
0.000104599	0.000104599	
0.000100576	0.000100576	
9.67078e-05	9.67078e-05	
0.00012745	0.00012745	
0.000128973	0.000128973	
0.000124012	0.000124012	
8.86474e-05	8.86474e-05	
0.000115833	0.000115833	
8.0783e-05	8.0783e-05	
7.59072e-05	7.59072e-05	
7.29877e-05	7.29877e-05	
7.01805e-05	7.01805e-05	
0.000103981	0.000103981	
6.34818e-05	6.34818e-05	
9.54959e-05	9.54959e-05	
9.1823e-05	9.1823e-05	
8.82913e-05	8.82913e-05	
8.48955e-05	8.48955e-05	
8.16303e-05	8.16303e-05	
7.84907e-05	7.84907e-05	
7.54718e-05	7.54718e-05	
7.25691e-05	7.25691e-05	
0.000106134	0.000106134	
0.000102052	0.000102052	
9.62142e-05	9.62142e-05	
9.25136e-05	9.25136e-05	
8.89554e-05	8.89554e-05	
8.40146e-05	8.40146e-05	
0.000115367	0.000115367	
0.00011093	0.00011093	
0.000103205	0.000103205	
9.92354e-05	9.92354e-05	
9.34813e-05	9.34813e-05	
8.8478e-05	8.8478e-05	
8.31257e-05	8.31257e-05	
0.00011246	0.00011246	
0.000106049	0.000106049	
0.00010197	0.00010197	
9.80479e-05	9.80479e-05	
9.29937e-05	9.29937e-05	
8.9417e-05	8.9417e-05	
0.000116154	0.000116154	
0.000111686	0.000111686	
0.000113681	0.000113681	
0.00010775	0.00010775	
0.000103606	0.000103606	
9.9621e-05	9.9621e-05	
0.000130217	0.000130217	
0.000125209	0.000125209	
0.000120393	0.000120393	
0.000113935	0.000113935	
0.000112081	0.000112081	
0.00010777	0.00010777	
0.00014015	0.00014015	
0.000134759	0.000134759	
0.0001339	0.0001339	
0.000160746	0.000160746	
0.000153132	0.000153132	
0.000147242	0.000147242	
0.000178097	0.000178097	
0.000177537	0.000177537	
0.000162318	0.000162318	
0.0001625	0.0001625	
0.00015625	0.00015625	
0.000184789	0.000184789	
0.000183436	0.000183436	
0.000138889	0.000138889	
0.000139437	0.000139437	
0.000196366	0.000196366	
0.000158512	0.000158512	
0.000152415	0.000152415	
0.000183062	0.000183062	
0.000173921	0.000173921	
0.000167232	0.000167232	
0.0001608	0.0001608	
0.000160906	0.000160906	
0.000148427	0.000148427	
0.000181126	0.000181126	
0.000174159	0.000174159	
0.000165497	0.000165497	
0.000197595	0.000197595	
0.000188037	0.000188037	
0.000180804	0.000180804	
0.00017385	0.00017385	
0.000203661	0.000203661	
0.00015933	0.00015933	
0.000196125	0.000196125	
0.000180333	0.000180333	
0.000177894	0.000177894	
0.000171052	0.000171052	
0.000196815	0.000196815	
0.000220428	0.000220428	
0.00021195	0.00021195	
0.000203798	0.000203798	
0.00019596	0.00019596	
0.000224918	0.000224918	
0.000222155	0.000222155	
0.000207723	0.000207723	
0.000205621	0.000205621	
0.000196019	0.000196019	
0.000224438	0.000224438	
0.000215806	0.000215806	
0.000207505	0.000207505	
0.000236011	0.000236011	
0.000226934	0.000226934	
0.000218206	0.000218206	
0.000209813	0.000209813	
0.000231512	0.000231512	
0.000218998	0.000218998	
0.000216863	0.000216863	
0.000208522	0.000208522	
0.000200502	0.000200502	
0.000228737	0.000228737	
0.000219939	0.000219939	
0.00021148	0.00021148	
0.000203346	0.000203346	
0.000232137	0.000232137	
0.000223209	0.000223209	
0.000184324	0.000184324	
0.000177234	0.000177234	
0.000170418	0.000170418	
0.000163863	0.000163863	
0.000157561	0.000157561	
0.000183989	0.000183989	
0.000176913	0.000176913	
0.000170108	0.000170108	
0.000163566	0.000163566	
0.000157275	0.000157275	
0.000187159	0.000187159	
0.000186384	0.000186384	
0.000179215	0.000179215	
0.000172322	0.000172322	
0.000165695	0.000165695	
0.000159322	0.000159322	
0.000153194	0.000153194	
0.000145224	0.000145224	
0.000139638	0.000139638	
0.000134268	0.000134268	
0.000165573	0.000165573	
0.000159205	0.000159205	
0.000153082	0.000153082	
0.000147194	0.000147194	
0.000141533	0.000141533	
0.000136089	0.000136089	
0.000130855	0.000130855	
0.000125822	0.000125822	
0.000120983	0.000120983	
0.00011633	0.00011633	
0.000111855	0.000111855	
0.000139501	0.000139501	
0.000102187	0.000102187	
0.000130206	0.000130206	
0.000131621	0.000131621	
0.000126559	0.000126559	
0.000121691	0.000121691	
0.000117011	0.000117011	
0.00011251	0.00011251	
0.000108183	0.000108183	
0.000142676	0.000142676	
0.000137189	0.000137189	
0.000133308	0.000133308	
0.000126785	0.000126785	
0.000121909	0.000121909	
0.00011722	0.00011722	
0.000146755	0.000146755	
0.000141111	0.000141111	
0.000135684	0.000135684	
0.000130465	0.000130465	
0.000153406	0.000153406	
0.000147506	0.000147506	
0.000141832	0.000141832	
0.000136377	0.000136377	
0.000131132	0.000131132	
0.000162009	0.000162009	
0.000155778	0.000155778	
0.000149786	0.000149786	
0.000144025	0.000144025	
0.000138486	0.000138486	
0.00013316	0.00013316	
0.000128038	0.000128038	
0.000123113	0.000123113	
0.00015483	0.00015483	
0.000148875	0.000148875	
0.000143149	0.000143149	
0.000137643	0.000137643	
0.000166606	0.000166606	
0.000160198	0.000160198	
0.000154037	0.000154037	
0.000148112	0.000148112	
0.000176531	0.000176531	
0.000140512	0.000140512	
0.000198912	0.000198912	
0.000127457	0.000127457	
0.000193709	0.000193709	
0.000190218	0.000190218	
0.000175231	0.000175231	
0.000172204	0.000172204	
0.000161867	0.000161867	
0.000195776	0.000195776	
0.000188246	0.000188246	
0.000181006	0.000181006	
0.000174044	0.000174044	
0.000199935	0.000199935	
0.000192245	0.000192245	
0.000184851	0.000184851	
0.00021178	0.00021178	
0.000234162	0.000234162	
0.000225156	0.000225156	
0.000216496	0.000216496	
0.000208169	0.000208169	
0.000200163	0.000200163	
0.000224382	0.000224382	
0.000213824	0.000213824	
0.000211884	0.000211884	
0.00019745	0.00019745	
0.000196141	0.000196141	
0.000225029	0.000225029	
0.000216374	0.000216374	
0.000206792	0.000206792	
0.000198839	0.000198839	
0.000223619	0.000223619	
0.00025145	0.00025145	
0.000241779	0.000241779	
0.00023248	0.00023248	
0.000223538	0.000223538	
0.000247376	0.000247376	
0.000237861	0.000237861	
0.000228713	0.000228713	
0.000219916	0.000219916	
0.000210057	0.000210057	
0.000241569	0.000241569	
0.000232278	0.000232278	
0.000223344	0.000223344	
0.00021156	0.00021156	
0.000239318	0.000239318	
0.000230113	0.000230113	
0.000221263	0.000221263	
0.000247775	0.000247775	
0.000238245	0.000238245	
0.000229082	0.000229082	
0.000220271	0.000220271	
0.000241634	0.000241634	
0.00023234	0.00023234	
0.000223404	0.000223404	
0.000251368	0.000251368	
0.00024016	0.00024016	
0.000230923	0.000230923	
0.000253948	0.000253948	
0.000244181	0.000244181	
0.000241208	0.000241208	
0.000231931	0.000231931	
0.000257352	0.000257352	
0.000282369	0.000282369	
0.000271508	0.000271508	
0.000261066	0.000261066	
0.000285634	0.000285634	
0.000280396	0.000280396	
0.000269612	0.000269612	
0.000289735	0.000289735	
0.000278591	0.000278591	
0.000266463	0.000266463	
