0	0	
0	0	
0	0	
1.48285e-11	1.48285e-11	
1.07544e-10	1.07544e-10	
3.25265e-10	3.25265e-10	
7.65093e-10	7.65093e-10	
1.50575e-09	1.50575e-09	
2.94482e-09	2.94482e-09	
5.14612e-09	5.14612e-09	
9.35365e-09	9.35365e-09	
1.46549e-08	1.46549e-08	
2.36625e-08	2.36625e-08	
3.56251e-08	3.56251e-08	
5.09894e-08	5.09894e-08	
7.05684e-08	7.05684e-08	
9.70262e-08	9.70262e-08	
1.2922e-07	1.2922e-07	
1.71198e-07	1.71198e-07	
2.21452e-07	2.21452e-07	
2.84282e-07	2.84282e-07	
3.58481e-07	3.58481e-07	
4.50386e-07	4.50386e-07	
5.4996e-07	5.4996e-07	
6.63384e-07	6.63384e-07	
7.99223e-07	7.99223e-07	
9.51427e-07	9.51427e-07	
1.13352e-06	1.13352e-06	
1.31449e-06	1.31449e-06	
1.51666e-06	1.51666e-06	
1.73442e-06	1.73442e-06	
1.99003e-06	1.99003e-06	
2.26594e-06	2.26594e-06	
2.57193e-06	2.57193e-06	
2.85958e-06	2.85958e-06	
3.25597e-06	3.25597e-06	
3.61796e-06	3.61796e-06	
4.00041e-06	4.00041e-06	
4.41187e-06	4.41187e-06	
4.85054e-06	4.85054e-06	
5.35154e-06	5.35154e-06	
5.81129e-06	5.81129e-06	
6.30059e-06	6.30059e-06	
6.81654e-06	6.81654e-06	
7.26865e-06	7.26865e-06	
7.83726e-06	7.83726e-06	
8.43449e-06	8.43449e-06	
9.06096e-06	9.06096e-06	
9.61112e-06	9.61112e-06	
1.01701e-05	1.01701e-05	
1.08165e-05	1.08165e-05	
1.14965e-05	1.14965e-05	
1.21293e-05	1.21293e-05	
1.27844e-05	1.27844e-05	
1.34625e-05	1.34625e-05	
1.40753e-05	1.40753e-05	
1.47244e-05	1.47244e-05	
1.51863e-05	1.51863e-05	
1.57679e-05	1.57679e-05	
1.62433e-05	1.62433e-05	
1.68508e-05	1.68508e-05	
1.74604e-05	1.74604e-05	
1.7869e-05	1.7869e-05	
1.86239e-05	1.86239e-05	
1.90117e-05	1.90117e-05	
1.91531e-05	1.91531e-05	
1.98295e-05	1.98295e-05	
2.02358e-05	2.02358e-05	
2.0163e-05	2.0163e-05	
2.09011e-05	2.09011e-05	
2.11153e-05	2.11153e-05	
2.13611e-05	2.13611e-05	
2.16027e-05	2.16027e-05	
2.18405e-05	2.18405e-05	
2.20322e-05	2.20322e-05	
2.20418e-05	2.20418e-05	
2.22698e-05	2.22698e-05	
2.2256e-05	2.2256e-05	
2.2231e-05	2.2231e-05	
2.24274e-05	2.24274e-05	
2.23804e-05	2.23804e-05	
2.2323e-05	2.2323e-05	
2.22556e-05	2.22556e-05	
2.16101e-05	2.16101e-05	
2.18352e-05	2.18352e-05	
2.18371e-05	2.18371e-05	
2.2265e-05	2.2265e-05	
2.21506e-05	2.21506e-05	
2.13528e-05	2.13528e-05	
2.12264e-05	2.12264e-05	
2.10927e-05	2.10927e-05	
2.09521e-05	2.09521e-05	
2.09265e-05	2.09265e-05	
2.07721e-05	2.07721e-05	
2.06118e-05	2.06118e-05	
2.03121e-05	2.03121e-05	
2.02795e-05	2.02795e-05	
2.01028e-05	2.01028e-05	
1.9775e-05	1.9775e-05	
1.95904e-05	1.95904e-05	
1.95568e-05	1.95568e-05	
1.93625e-05	1.93625e-05	
1.89998e-05	1.89998e-05	
1.88e-05	1.88e-05	
1.85971e-05	1.85971e-05	
1.8928e-05	1.8928e-05	
1.81615e-05	1.81615e-05	
1.86445e-05	1.86445e-05	
1.84233e-05	1.84233e-05	
1.82001e-05	1.82001e-05	
1.79751e-05	1.79751e-05	
1.76077e-05	1.76077e-05	
1.75259e-05	1.75259e-05	
1.72965e-05	1.72965e-05	
1.70662e-05	1.70662e-05	
1.6835e-05	1.6835e-05	
1.74019e-05	1.74019e-05	
1.71585e-05	1.71585e-05	
1.69147e-05	1.69147e-05	
1.66708e-05	1.66708e-05	
1.7309e-05	1.7309e-05	
1.70522e-05	1.70522e-05	
1.67958e-05	1.67958e-05	
1.65399e-05	1.65399e-05	
1.70613e-05	1.70613e-05	
1.67948e-05	1.67948e-05	
1.75465e-05	1.75465e-05	
1.72658e-05	1.72658e-05	
1.79451e-05	1.79451e-05	
1.76515e-05	1.76515e-05	
1.73596e-05	1.73596e-05	
1.98077e-05	1.98077e-05	
1.94732e-05	1.94732e-05	
1.84233e-05	1.84233e-05	
1.8106e-05	1.8106e-05	
1.90355e-05	1.90355e-05	
2.06118e-05	2.06118e-05	
2.15455e-05	2.15455e-05	
2.22217e-05	2.22217e-05	
1.99212e-05	1.99212e-05	
2.28827e-05	2.28827e-05	
2.44416e-05	2.44416e-05	
2.61564e-05	2.61564e-05	
2.68465e-05	2.68465e-05	
2.76941e-05	2.76941e-05	
2.57867e-05	2.57867e-05	
2.96771e-05	2.96771e-05	
3.07022e-05	3.07022e-05	
3.15727e-05	3.15727e-05	
3.26167e-05	3.26167e-05	
3.34994e-05	3.34994e-05	
3.43902e-05	3.43902e-05	
3.70464e-05	3.70464e-05	
3.95297e-05	3.95297e-05	
4.05604e-05	4.05604e-05	
4.30873e-05	4.30873e-05	
4.58106e-05	4.58106e-05	
4.83469e-05	4.83469e-05	
5.12836e-05	5.12836e-05	
5.5828e-05	5.5828e-05	
5.81316e-05	5.81316e-05	
6.10668e-05	6.10668e-05	
6.78132e-05	6.78132e-05	
7.21872e-05	7.21872e-05	
7.67837e-05	7.67837e-05	
7.95999e-05	7.95999e-05	
8.60549e-05	8.60549e-05	
9.08894e-05	9.08894e-05	
9.52568e-05	9.52568e-05	
9.98681e-05	9.98681e-05	
0.000104727	0.000104727	
0.000111566	0.000111566	
0.000116137	0.000116137	
0.000120458	0.000120458	
0.000127645	0.000127645	
0.000132183	0.000132183	
0.000136729	0.000136729	
0.000141016	0.000141016	
0.000150853	0.000150853	
0.000158132	0.000158132	
0.000164836	0.000164836	
0.00016949	0.00016949	
0.000176238	0.000176238	
0.000180575	0.000180575	
0.000188282	0.000188282	
0.000195675	0.000195675	
0.000202749	0.000202749	
0.000209821	0.000209821	
0.000216893	0.000216893	
0.000227269	0.000227269	
0.000237605	0.000237605	
0.000241131	0.000241131	
0.000248474	0.000248474	
0.000255825	0.000255825	
0.00026638	0.00026638	
0.000276546	0.000276546	
0.00029072	0.00029072	
0.000300748	0.000300748	
0.000314537	0.000314537	
0.000324816	0.000324816	
0.000330441	0.000330441	
0.000349485	0.000349485	
0.00035923	0.00035923	
0.000368979	0.000368979	
0.000379529	0.000379529	
0.000392585	0.000392585	
0.000407275	0.000407275	
0.000420646	0.000420646	
0.000430066	0.000430066	
0.000440376	0.000440376	
0.000454246	0.000454246	
0.000467648	0.000467648	
0.000486049	0.000486049	
0.000495069	0.000495069	
0.000509296	0.000509296	
0.000518241	0.000518241	
0.00053205	0.00053205	
0.000553206	0.000553206	
0.000566774	0.000566774	
0.000580323	0.000580323	
0.000598442	0.000598442	
0.000616487	0.000616487	
0.000639723	0.000639723	
0.000657495	0.000657495	
0.000669843	0.000669843	
0.000683295	0.000683295	
0.000696196	0.000696196	
0.000714684	0.000714684	
0.000727465	0.000727465	
0.000739694	0.000739694	
0.000758313	0.000758313	
0.000776872	0.000776872	
0.000794781	0.000794781	
0.000807247	0.000807247	
0.000825214	0.000825214	
0.000843755	0.000843755	
0.000874118	0.000874118	
0.000892249	0.000892249	
0.000909711	0.000909711	
0.000927151	0.000927151	
0.000950449	0.000950449	
0.000980297	0.000980297	
0.00100388	0.00100388	
0.00103147	0.00103147	
0.00104791	0.00104791	
0.00106506	0.00106506	
0.00108222	0.00108222	
0.00111149	0.00111149	
0.00112548	0.00112548	
0.00115042	0.00115042	
0.00116721	0.00116721	
0.00118625	0.00118625	
0.00119928	0.00119928	
0.00123749	0.00123749	
0.00124774	0.00124774	
0.00126357	0.00126357	
0.0012952	0.0012952	
0.00131865	0.00131865	
0.00136534	0.00136534	
0.00138803	0.00138803	
0.00143122	0.00143122	
0.00146246	0.00146246	
0.00150108	0.00150108	
0.0015496	0.0015496	
0.00158564	0.00158564	
0.00163105	0.00163105	
0.00169529	0.00169529	
0.00175351	0.00175351	
0.00181382	0.00181382	
0.00186352	0.00186352	
0.00193845	0.00193845	
0.00199588	0.00199588	
0.00205464	0.00205464	
0.00213734	0.00213734	
0.00222097	0.00222097	
0.00230074	0.00230074	
0.00238929	0.00238929	
0.0025033	0.0025033	
0.00260394	0.00260394	
0.00270138	0.00270138	
0.00279365	0.00279365	
0.00288382	0.00288382	
0.00298534	0.00298534	
0.00311487	0.00311487	
0.00322266	0.00322266	
0.00333774	0.00333774	
0.00347618	0.00347618	
0.00358781	0.00358781	
0.00375728	0.00375728	
0.00391108	0.00391108	
0.00406848	0.00406848	
0.00418425	0.00418425	
0.00433754	0.00433754	
0.0044923	0.0044923	
0.00466363	0.00466363	
0.00483607	0.00483607	
0.0050265	0.0050265	
0.00521426	0.00521426	
0.00543444	0.00543444	
0.00563442	0.00563442	
0.00583177	0.00583177	
0.00600926	0.00600926	
0.0061969	0.0061969	
0.006415	0.006415	
0.00665948	0.00665948	
0.00691469	0.00691469	
0.00714164	0.00714164	
0.00737855	0.00737855	
0.00761507	0.00761507	
0.00784848	0.00784848	
0.00811514	0.00811514	
0.00840381	0.00840381	
0.00867345	0.00867345	
0.00894349	0.00894349	
0.0091875	0.0091875	
0.00948341	0.00948341	
0.00980657	0.00980657	
0.010118	0.010118	
0.0104554	0.0104554	
0.0108259	0.0108259	
0.0111439	0.0111439	
0.0115304	0.0115304	
0.0119439	0.0119439	
0.0123904	0.0123904	
0.0127206	0.0127206	
0.0130694	0.0130694	
0.0134661	0.0134661	
0.0138823	0.0138823	
0.0142832	0.0142832	
0.0146816	0.0146816	
0.0151127	0.0151127	
0.0155816	0.0155816	
0.0160711	0.0160711	
0.0166009	0.0166009	
0.0170446	0.0170446	
0.0174674	0.0174674	
0.0179402	0.0179402	
0.0184044	0.0184044	
0.0188435	0.0188435	
0.0192925	0.0192925	
0.0199024	0.0199024	
0.0205377	0.0205377	
0.0210838	0.0210838	
0.0217145	0.0217145	
0.0222888	0.0222888	
0.0228008	0.0228008	
0.0233203	0.0233203	
0.023958	0.023958	
0.0246066	0.0246066	
0.0251113	0.0251113	
0.025717	0.025717	
0.0263482	0.0263482	
0.0268997	0.0268997	
0.027571	0.027571	
0.0283255	0.0283255	
0.0289435	0.0289435	
0.0295927	0.0295927	
0.0302729	0.0302729	
0.0308713	0.0308713	
0.0314779	0.0314779	
0.0322618	0.0322618	
0.0329359	0.0329359	
0.0336794	0.0336794	
0.0344371	0.0344371	
0.0350102	0.0350102	
0.0357287	0.0357287	
0.0365033	0.0365033	
0.0372139	0.0372139	
0.0380052	0.0380052	
0.0386423	0.0386423	
0.039246	0.039246	
0.0400831	0.0400831	
0.0408175	0.0408175	
0.0416322	0.0416322	
0.0423862	0.0423862	
0.0429718	0.0429718	
0.0438602	0.0438602	
0.044706	0.044706	
0.0455238	0.0455238	
0.0463429	0.0463429	
0.0470315	0.0470315	
0.047897	0.047897	
0.0487319	0.0487319	
0.0495488	0.0495488	
0.0504598	0.0504598	
0.0512241	0.0512241	
0.0520929	0.0520929	
0.0530413	0.0530413	
0.0540269	0.0540269	
0.0548859	0.0548859	
0.0557071	0.0557071	
0.0566987	0.0566987	
0.0575848	0.0575848	
0.0585427	0.0585427	
0.0593406	0.0593406	
0.0601539	0.0601539	
0.0610239	0.0610239	
0.0619576	0.0619576	
0.0628697	0.0628697	
0.0635889	0.0635889	
0.064634	0.064634	
0.0655514	0.0655514	
0.0666818	0.0666818	
0.0676258	0.0676258	
0.0686283	0.0686283	
0.0695712	0.0695712	
0.0707249	0.0707249	
0.071769	0.071769	
0.0727778	0.0727778	
0.0738207	0.0738207	
0.0749888	0.0749888	
0.0761118	0.0761118	
0.0772783	0.0772783	
0.0784035	0.0784035	
0.0795057	0.0795057	
0.0803742	0.0803742	
0.0814931	0.0814931	
0.0825861	0.0825861	
0.0834873	0.0834873	
0.0844941	0.0844941	
0.0856775	0.0856775	
0.0869852	0.0869852	
0.0879209	0.0879209	
0.0892891	0.0892891	
0.0906447	0.0906447	
0.0918136	0.0918136	
0.0929824	0.0929824	
0.0943803	0.0943803	
0.0957744	0.0957744	
0.0969709	0.0969709	
0.0986275	0.0986275	
0.100103	0.100103	
0.101394	0.101394	
0.102928	0.102928	
0.104452	0.104452	
0.105845	0.105845	
0.107467	0.107467	
0.109103	0.109103	
0.110745	0.110745	
0.112467	0.112467	
0.114207	0.114207	
0.1158	0.1158	
0.117574	0.117574	
0.119487	0.119487	
0.121076	0.121076	
0.123012	0.123012	
0.12497	0.12497	
0.126801	0.126801	
0.129027	0.129027	
0.131149	0.131149	
0.133394	0.133394	
0.135632	0.135632	
0.137528	0.137528	
0.139829	0.139829	
0.142014	0.142014	
0.144099	0.144099	
0.146425	0.146425	
0.148576	0.148576	
0.151097	0.151097	
0.153416	0.153416	
0.155932	0.155932	
0.158354	0.158354	
0.161138	0.161138	
0.163758	0.163758	
0.166399	0.166399	
0.169108	0.169108	
0.171847	0.171847	
0.174927	0.174927	
0.177825	0.177825	
0.180717	0.180717	
0.183896	0.183896	
0.186839	0.186839	
0.189961	0.189961	
0.192659	0.192659	
0.195943	0.195943	
0.198966	0.198966	
0.202147	0.202147	
0.20552	0.20552	
0.208831	0.208831	
0.21202	0.21202	
0.215057	0.215057	
0.2183	0.2183	
0.221574	0.221574	
0.224775	0.224775	
0.228327	0.228327	
0.2322	0.2322	
0.235947	0.235947	
0.240052	0.240052	
0.243987	0.243987	
0.24798	0.24798	
0.252152	0.252152	
0.256561	0.256561	
0.260705	0.260705	
0.264931	0.264931	
0.269251	0.269251	
0.273578	0.273578	
0.278101	0.278101	
0.282441	0.282441	
0.287103	0.287103	
0.291562	0.291562	
0.295924	0.295924	
0.300331	0.300331	
0.304848	0.304848	
0.309843	0.309843	
0.314704	0.314704	
0.319784	0.319784	
0.324788	0.324788	
0.329793	0.329793	
0.335143	0.335143	
0.340246	0.340246	
0.345539	0.345539	
0.350579	0.350579	
0.355977	0.355977	
0.361291	0.361291	
0.366823	0.366823	
0.371971	0.371971	
0.377877	0.377877	
0.383745	0.383745	
0.39005	0.39005	
0.396039	0.396039	
0.402223	0.402223	
0.408321	0.408321	
0.414392	0.414392	
0.420218	0.420218	
0.426203	0.426203	
0.432346	0.432346	
0.438373	0.438373	
0.444793	0.444793	
0.451232	0.451232	
0.458036	0.458036	
0.464814	0.464814	
0.472007	0.472007	
0.479286	0.479286	
0.486351	0.486351	
0.493537	0.493537	
0.500578	0.500578	
0.508031	0.508031	
0.5159	0.5159	
0.524114	0.524114	
0.532645	0.532645	
0.54155	0.54155	
0.55038	0.55038	
0.559454	0.559454	
0.568551	0.568551	
0.577663	0.577663	
0.586631	0.586631	
0.595763	0.595763	
0.605169	0.605169	
0.615016	0.615016	
0.625305	0.625305	
0.635701	0.635701	
0.646161	0.646161	
0.656417	0.656417	
0.666838	0.666838	
0.676907	0.676907	
0.687276	0.687276	
0.698103	0.698103	
0.709323	0.709323	
0.720489	0.720489	
0.731761	0.731761	
0.74285	0.74285	
0.754362	0.754362	
0.76625	0.76625	
0.777702	0.777702	
0.789939	0.789939	
0.802077	0.802077	
0.814047	0.814047	
0.825307	0.825307	
0.836559	0.836559	
0.847927	0.847927	
0.860002	0.860002	
0.872918	0.872918	
0.886829	0.886829	
0.901475	0.901475	
0.915813	0.915813	
0.930585	0.930585	
0.945203	0.945203	
0.960474	0.960474	
0.976466	0.976466	
0.99248	0.99248	
1.00903	1.00903	
1.02547	1.02547	
1.04207	1.04207	
1.05876	1.05876	
1.07563	1.07563	
1.09319	1.09319	
1.11078	1.11078	
1.12863	1.12863	
1.14649	1.14649	
1.16459	1.16459	
1.1822	1.1822	
1.19972	1.19972	
1.21699	1.21699	
1.23444	1.23444	
1.25234	1.25234	
1.26943	1.26943	
1.28652	1.28652	
1.30348	1.30348	
1.32031	1.32031	
1.33732	1.33732	
1.35442	1.35442	
1.37063	1.37063	
1.38613	1.38613	
1.40157	1.40157	
1.41734	1.41734	
1.43318	1.43318	
1.44963	1.44963	
1.46593	1.46593	
1.48319	1.48319	
1.501	1.501	
1.51869	1.51869	
1.53475	1.53475	
1.55038	1.55038	
1.56609	1.56609	
1.58268	1.58268	
1.59994	1.59994	
1.61735	1.61735	
1.63439	1.63439	
1.65257	1.65257	
1.67187	1.67187	
1.69135	1.69135	
1.71054	1.71054	
1.7294	1.7294	
1.7486	1.7486	
1.76886	1.76886	
1.78897	1.78897	
1.80983	1.80983	
1.83171	1.83171	
1.85445	1.85445	
1.87685	1.87685	
1.89908	1.89908	
1.92171	1.92171	
1.94559	1.94559	
1.97039	1.97039	
1.99562	1.99562	
2.02019	2.02019	
2.04459	2.04459	
2.06803	2.06803	
2.08992	2.08992	
2.11102	2.11102	
2.13107	2.13107	
2.15125	2.15125	
2.17083	2.17083	
2.19157	2.19157	
2.21166	2.21166	
2.23138	2.23138	
2.25147	2.25147	
2.27069	2.27069	
2.29009	2.29009	
2.30874	2.30874	
2.32849	2.32849	
2.34918	2.34918	
2.36923	2.36923	
2.38907	2.38907	
2.40921	2.40921	
2.42967	2.42967	
2.45149	2.45149	
2.47553	2.47553	
2.50103	2.50103	
2.52589	2.52589	
2.55031	2.55031	
2.57548	2.57548	
2.60052	2.60052	
2.62649	2.62649	
2.65309	2.65309	
2.67911	2.67911	
2.70702	2.70702	
2.73493	2.73493	
2.7639	2.7639	
2.79181	2.79181	
2.82144	2.82144	
2.85179	2.85179	
2.87753	2.87753	
2.90382	2.90382	
2.92726	2.92726	
2.94891	2.94891	
2.9724	2.9724	
2.9956	2.9956	
3.01712	3.01712	
3.03711	3.03711	
3.05835	3.05835	
3.0809	3.0809	
3.10365	3.10365	
3.12468	3.12468	
3.14316	3.14316	
3.15985	3.15985	
3.17709	3.17709	
3.19606	3.19606	
3.21707	3.21707	
3.23859	3.23859	
3.2612	3.2612	
3.28244	3.28244	
3.30804	3.30804	
3.33589	3.33589	
3.36504	3.36504	
3.39314	3.39314	
3.42149	3.42149	
3.45126	3.45126	
3.48383	3.48383	
3.51684	3.51684	
3.54917	3.54917	
3.5794	3.5794	
3.6086	3.6086	
3.63711	3.63711	
3.66474	3.66474	
3.69065	3.69065	
3.71482	3.71482	
3.73807	3.73807	
3.76265	3.76265	
3.78577	3.78577	
3.8073	3.8073	
3.82694	3.82694	
3.84574	3.84574	
3.86438	3.86438	
3.88152	3.88152	
3.89876	3.89876	
3.9165	3.9165	
3.93552	3.93552	
3.95796	3.95796	
3.98151	3.98151	
4.00695	4.00695	
4.0333	4.0333	
4.05996	4.05996	
4.08742	4.08742	
4.11505	4.11505	
4.14231	4.14231	
4.16884	4.16884	
4.19502	4.19502	
4.22002	4.22002	
4.24394	4.24394	
4.26736	4.26736	
4.28909	4.28909	
4.30913	4.30913	
4.3275	4.3275	
4.34546	4.34546	
4.36156	4.36156	
4.37729	4.37729	
4.39173	4.39173	
4.40651	4.40651	
4.42224	4.42224	
4.43908	4.43908	
4.45724	4.45724	
4.47796	4.47796	
4.50138	4.50138	
4.52655	4.52655	
4.55173	4.55173	
4.5783	4.5783	
4.6061	4.6061	
4.63453	4.63453	
4.66203	4.66203	
4.68828	4.68828	
4.71301	4.71301	
4.73642	4.73642	
4.75768	4.75768	
4.77622	4.77622	
4.79339	4.79339	
4.80803	4.80803	
4.82033	4.82033	
4.8295	4.8295	
4.83948	4.83948	
4.84948	4.84948	
4.86008	4.86008	
4.8716	4.8716	
4.88533	4.88533	
4.90175	4.90175	
4.91882	4.91882	
4.93663	4.93663	
4.95509	4.95509	
4.97549	4.97549	
4.99794	4.99794	
5.02035	5.02035	
5.04156	5.04156	
5.0611	5.0611	
5.07794	5.07794	
5.09203	5.09203	
5.10323	5.10323	
5.11179	5.11179	
5.11845	5.11845	
5.12329	5.12329	
5.12727	5.12727	
5.13163	5.13163	
5.13593	5.13593	
5.1409	5.1409	
5.14857	5.14857	
5.15837	5.15837	
5.16946	5.16946	
5.18081	5.18081	
5.19441	5.19441	
5.21198	5.21198	
5.2333	5.2333	
5.25525	5.25525	
5.27492	5.27492	
5.29112	5.29112	
5.30528	5.30528	
5.31614	5.31614	
5.32383	5.32383	
5.32901	5.32901	
5.3319	5.3319	
5.33444	5.33444	
5.33711	5.33711	
5.33874	5.33874	
5.3405	5.3405	
5.34212	5.34212	
5.34425	5.34425	
5.34755	5.34755	
5.35318	5.35318	
5.36099	5.36099	
5.37167	5.37167	
5.38574	5.38574	
5.4007	5.4007	
5.41469	5.41469	
5.4267	5.4267	
5.43598	5.43598	
5.44196	5.44196	
5.44409	5.44409	
5.44528	5.44528	
5.44492	5.44492	
5.44234	5.44234	
5.43746	5.43746	
5.43113	5.43113	
5.42363	5.42363	
5.41555	5.41555	
5.40828	5.40828	
5.40125	5.40125	
5.39743	5.39743	
5.39752	5.39752	
5.40097	5.40097	
5.40687	5.40687	
5.41321	5.41321	
5.41798	5.41798	
5.4218	5.4218	
5.42291	5.42291	
5.42216	5.42216	
5.41955	5.41955	
5.41699	5.41699	
5.41392	5.41392	
5.41025	5.41025	
5.40614	5.40614	
5.4021	5.4021	
5.39787	5.39787	
5.39472	5.39472	
5.39011	5.39011	
5.38529	5.38529	
5.3819	5.3819	
5.38016	5.38016	
5.37968	5.37968	
5.38076	5.38076	
5.38044	5.38044	
5.37907	5.37907	
5.37525	5.37525	
5.37019	5.37019	
5.3637	5.3637	
5.3557	5.3557	
5.34504	5.34504	
5.33429	5.33429	
5.32265	5.32265	
5.3103	5.3103	
5.29898	5.29898	
5.28846	5.28846	
5.27764	5.27764	
5.26649	5.26649	
5.25639	5.25639	
5.24804	5.24804	
5.24009	5.24009	
5.232	5.232	
5.2224	5.2224	
5.21058	5.21058	
5.1965	5.1965	
5.18147	5.18147	
5.16604	5.16604	
5.14957	5.14957	
5.13233	5.13233	
5.11518	5.11518	
5.09893	5.09893	
5.08355	5.08355	
5.06838	5.06838	
5.05316	5.05316	
5.03838	5.03838	
5.02562	5.02562	
5.01512	5.01512	
5.00421	5.00421	
4.99239	4.99239	
4.97929	4.97929	
4.96559	4.96559	
4.95132	4.95132	
4.9369	4.9369	
4.92262	4.92262	
4.90608	4.90608	
4.8887	4.8887	
4.87048	4.87048	
4.85108	4.85108	
4.83175	4.83175	
4.81341	4.81341	
4.79653	4.79653	
4.78061	4.78061	
4.76546	4.76546	
4.75063	4.75063	
4.73565	4.73565	
4.71917	4.71917	
4.70229	4.70229	
4.68386	4.68386	
4.66297	4.66297	
4.64099	4.64099	
4.61899	4.61899	
4.59732	4.59732	
4.57577	4.57577	
4.55451	4.55451	
4.53366	4.53366	
4.51231	4.51231	
4.49084	4.49084	
4.46978	4.46978	
4.44822	4.44822	
4.42722	4.42722	
4.4063	4.4063	
4.38545	4.38545	
4.36497	4.36497	
4.34469	4.34469	
4.32384	4.32384	
4.30107	4.30107	
4.27692	4.27692	
4.25368	4.25368	
4.23111	4.23111	
4.2082	4.2082	
4.18417	4.18417	
4.15939	4.15939	
4.13448	4.13448	
4.11048	4.11048	
4.08802	4.08802	
4.06619	4.06619	
4.04504	4.04504	
4.02579	4.02579	
4.00712	4.00712	
3.98744	3.98744	
3.96563	3.96563	
3.94246	3.94246	
3.91775	3.91775	
3.89184	3.89184	
3.86556	3.86556	
3.83978	3.83978	
3.81343	3.81343	
3.78726	3.78726	
3.76184	3.76184	
3.73639	3.73639	
3.71053	3.71053	
3.68484	3.68484	
3.65938	3.65938	
3.63449	3.63449	
3.61105	3.61105	
3.58854	3.58854	
3.56529	3.56529	
3.54175	3.54175	
3.51789	3.51789	
3.49437	3.49437	
3.4701	3.4701	
3.44449	3.44449	
3.41885	3.41885	
3.39317	3.39317	
3.36712	3.36712	
3.34148	3.34148	
3.3152	3.3152	
3.28779	3.28779	
3.26055	3.26055	
3.23427	3.23427	
3.20912	3.20912	
3.18428	3.18428	
3.15962	3.15962	
3.13523	3.13523	
3.11125	3.11125	
3.08728	3.08728	
3.06346	3.06346	
3.03953	3.03953	
3.01457	3.01457	
2.98839	2.98839	
2.96168	2.96168	
2.935	2.935	
2.90855	2.90855	
2.88237	2.88237	
2.85627	2.85627	
2.83047	2.83047	
2.8036	2.8036	
2.77665	2.77665	
2.75006	2.75006	
2.72376	2.72376	
2.69813	2.69813	
2.6736	2.6736	
2.65045	2.65045	
2.62729	2.62729	
2.60411	2.60411	
2.58032	2.58032	
2.55659	2.55659	
2.53253	2.53253	
2.50768	2.50768	
2.48302	2.48302	
2.45852	2.45852	
2.43338	2.43338	
2.40738	2.40738	
2.38081	2.38081	
2.35393	2.35393	
2.32692	2.32692	
2.30057	2.30057	
2.27549	2.27549	
2.25127	2.25127	
2.22804	2.22804	
2.205	2.205	
2.18256	2.18256	
2.16091	2.16091	
2.14031	2.14031	
2.12003	2.12003	
2.09919	2.09919	
2.07784	2.07784	
2.05592	2.05592	
2.03287	2.03287	
2.00977	2.00977	
1.98627	1.98627	
1.96278	1.96278	
1.93898	1.93898	
1.91485	1.91485	
1.89062	1.89062	
1.86624	1.86624	
1.84165	1.84165	
1.81679	1.81679	
1.7923	1.7923	
1.76903	1.76903	
1.74694	1.74694	
1.72552	1.72552	
1.70499	1.70499	
1.6853	1.6853	
1.6662	1.6662	
1.64751	1.64751	
1.62864	1.62864	
1.60922	1.60922	
1.58959	1.58959	
1.56985	1.56985	
1.54973	1.54973	
1.52894	1.52894	
1.50776	1.50776	
1.48633	1.48633	
1.46475	1.46475	
1.44266	1.44266	
1.42058	1.42058	
1.39883	1.39883	
1.37752	1.37752	
1.35635	1.35635	
1.33542	1.33542	
1.31469	1.31469	
1.29487	1.29487	
1.27615	1.27615	
1.25856	1.25856	
1.24157	1.24157	
1.2249	1.2249	
1.20849	1.20849	
1.19227	1.19227	
1.17593	1.17593	
1.15976	1.15976	
1.14332	1.14332	
1.12645	1.12645	
1.10935	1.10935	
1.09189	1.09189	
1.07407	1.07407	
1.05572	1.05572	
1.03716	1.03716	
1.01867	1.01867	
1.0005	1.0005	
0.982551	0.982551	
0.964843	0.964843	
0.947157	0.947157	
0.9295	0.9295	
0.912275	0.912275	
0.895548	0.895548	
0.879404	0.879404	
0.86398	0.86398	
0.849233	0.849233	
0.835032	0.835032	
0.821473	0.821473	
0.8082	0.8082	
0.795142	0.795142	
0.782202	0.782202	
0.769345	0.769345	
0.756403	0.756403	
0.743457	0.743457	
0.73042	0.73042	
0.717534	0.717534	
0.704569	0.704569	
0.691742	0.691742	
0.678737	0.678737	
0.66568	0.66568	
0.652649	0.652649	
0.639811	0.639811	
0.627014	0.627014	
0.614238	0.614238	
0.60173	0.60173	
0.589277	0.589277	
0.577014	0.577014	
0.565067	0.565067	
0.553319	0.553319	
0.541766	0.541766	
0.53032	0.53032	
0.51916	0.51916	
0.508263	0.508263	
0.497617	0.497617	
0.487126	0.487126	
0.476767	0.476767	
0.46659	0.46659	
0.456578	0.456578	
0.446823	0.446823	
0.437153	0.437153	
0.427563	0.427563	
0.41808	0.41808	
0.408624	0.408624	
0.399321	0.399321	
0.390244	0.390244	
0.381278	0.381278	
0.372628	0.372628	
0.364005	0.364005	
0.355591	0.355591	
0.347332	0.347332	
0.339312	0.339312	
0.3314	0.3314	
0.323697	0.323697	
0.316273	0.316273	
0.30905	0.30905	
0.302128	0.302128	
0.295192	0.295192	
0.28849	0.28849	
0.281843	0.281843	
0.275384	0.275384	
0.268957	0.268957	
0.262568	0.262568	
0.256406	0.256406	
0.25035	0.25035	
0.244373	0.244373	
0.238525	0.238525	
0.232664	0.232664	
0.226842	0.226842	
0.221233	0.221233	
0.215834	0.215834	
0.210516	0.210516	
0.205434	0.205434	
0.200303	0.200303	
0.195287	0.195287	
0.190365	0.190365	
0.185694	0.185694	
0.18111	0.18111	
0.176719	0.176719	
0.172327	0.172327	
0.168235	0.168235	
0.164168	0.164168	
0.160115	0.160115	
0.156054	0.156054	
0.152068	0.152068	
0.148161	0.148161	
0.144442	0.144442	
0.14071	0.14071	
0.136985	0.136985	
0.133377	0.133377	
0.129807	0.129807	
0.126298	0.126298	
0.122814	0.122814	
0.119501	0.119501	
0.116288	0.116288	
0.113243	0.113243	
0.110339	0.110339	
0.107588	0.107588	
0.104896	0.104896	
0.102313	0.102313	
0.0998505	0.0998505	
0.0974583	0.0974583	
0.0951952	0.0951952	
0.0930055	0.0930055	
0.0908787	0.0908787	
0.088758	0.088758	
0.0867788	0.0867788	
0.0848586	0.0848586	
0.0830016	0.0830016	
0.0811712	0.0811712	
0.0793701	0.0793701	
0.0776345	0.0776345	
0.075968	0.075968	
0.0742745	0.0742745	
0.0725618	0.0725618	
0.0708756	0.0708756	
0.0692019	0.0692019	
0.0676645	0.0676645	
0.0661546	0.0661546	
0.0646367	0.0646367	
0.0631495	0.0631495	
0.06172	0.06172	
0.0603471	0.0603471	
0.0589638	0.0589638	
0.0576126	0.0576126	
0.0563314	0.0563314	
0.0550776	0.0550776	
0.0538095	0.0538095	
0.0525646	0.0525646	
0.0512976	0.0512976	
0.0501532	0.0501532	
0.048885	0.048885	
0.047653	0.047653	
0.046509	0.046509	
0.0453975	0.0453975	
0.044232	0.044232	
0.0430503	0.0430503	
0.0418591	0.0418591	
0.0407081	0.0407081	
0.0395743	0.0395743	
0.0384587	0.0384587	
0.0373918	0.0373918	
0.0363701	0.0363701	
0.035343	0.035343	
0.0343112	0.0343112	
0.0333311	0.0333311	
0.0323774	0.0323774	
0.031379	0.031379	
0.0304188	0.0304188	
0.0295945	0.0295945	
0.0288266	0.0288266	
0.0280966	0.0280966	
0.0272996	0.0272996	
0.0265795	0.0265795	
0.0259113	0.0259113	
0.0252111	0.0252111	
0.0246543	0.0246543	
0.0240953	0.0240953	
0.0234549	0.0234549	
0.0228123	0.0228123	
0.022266	0.022266	
0.0216928	0.0216928	
0.0212241	0.0212241	
0.0207679	0.0207679	
0.0202785	0.0202785	
0.0198349	0.0198349	
0.0194008	0.0194008	
0.0189631	0.0189631	
0.0186174	0.0186174	
0.0182892	0.0182892	
0.017966	0.017966	
0.0177637	0.0177637	
0.0175007	0.0175007	
0.0171724	0.0171724	
0.0169827	0.0169827	
0.0168227	0.0168227	
0.0166235	0.0166235	
0.0165047	0.0165047	
0.0162866	0.0162866	
0.0160109	0.0160109	
0.0158107	0.0158107	
0.0155373	0.0155373	
0.0151981	0.0151981	
0.0149349	0.0149349	
0.0145952	0.0145952	
0.0142366	0.0142366	
0.01398	0.01398	
0.0137639	0.0137639	
0.0135399	0.0135399	
0.0133575	0.0133575	
0.013291	0.013291	
0.01328	0.01328	
0.0133084	0.0133084	
0.013469	0.013469	
0.0136873	0.0136873	
0.0138468	0.0138468	
0.0141026	0.0141026	
0.0143652	0.0143652	
0.0145964	0.0145964	
0.014939	0.014939	
0.0152382	0.0152382	
0.0155544	0.0155544	
0.0158806	0.0158806	
0.0161593	0.0161593	
0.0165255	0.0165255	
0.0167773	0.0167773	
0.0169561	0.0169561	
0.0171164	0.0171164	
0.0172329	0.0172329	
0.0173763	0.0173763	
0.0174623	0.0174623	
0.0174854	0.0174854	
0.0174917	0.0174917	
0.0174281	0.0174281	
0.0173867	0.0173867	
0.0173401	0.0173401	
0.0172664	0.0172664	
0.0171067	0.0171067	
0.0169905	0.0169905	
0.0168969	0.0168969	
0.0167121	0.0167121	
0.0165715	0.0165715	
0.0164811	0.0164811	
0.0163894	0.0163894	
0.016178	0.016178	
0.0160076	0.0160076	
0.0158257	0.0158257	
0.0155968	0.0155968	
0.0153307	0.0153307	
0.0150783	0.0150783	
0.0148168	0.0148168	
0.0145414	0.0145414	
0.0141994	0.0141994	
0.0138683	0.0138683	
0.0135508	0.0135508	
0.0132741	0.0132741	
0.0129578	0.0129578	
0.0126923	0.0126923	
0.0124808	0.0124808	
0.0122437	0.0122437	
0.0120632	0.0120632	
0.0118686	0.0118686	
0.0117088	0.0117088	
0.011637	0.011637	
0.0116245	0.0116245	
0.0116147	0.0116147	
0.011473	0.011473	
0.0113796	0.0113796	
0.0112917	0.0112917	
0.0112321	0.0112321	
0.0111638	0.0111638	
0.0110385	0.0110385	
0.0108509	0.0108509	
0.0106351	0.0106351	
0.0104156	0.0104156	
0.0102108	0.0102108	
0.00996123	0.00996123	
0.009699	0.009699	
0.00947675	0.00947675	
0.00925523	0.00925523	
0.00905477	0.00905477	
0.00889942	0.00889942	
0.0087532	0.0087532	
0.00863476	0.00863476	
0.00858083	0.00858083	
0.00852078	0.00852078	
0.00850987	0.00850987	
0.00854349	0.00854349	
0.00850965	0.00850965	
0.00853915	0.00853915	
0.00852099	0.00852099	
0.00848075	0.00848075	
0.00848193	0.00848193	
0.00841937	0.00841937	
0.00834421	0.00834421	
0.00830593	0.00830593	
0.00824268	0.00824268	
0.00818163	0.00818163	
0.00806179	0.00806179	
0.00790638	0.00790638	
0.00780378	0.00780378	
0.00770546	0.00770546	
0.007666	0.007666	
0.00760843	0.00760843	
0.00759717	0.00759717	
0.00755874	0.00755874	
0.00756015	0.00756015	
0.00752611	0.00752611	
0.00754973	0.00754973	
0.00757946	0.00757946	
0.00777695	0.00777695	
0.00791837	0.00791837	
0.00803197	0.00803197	
0.00809829	0.00809829	
0.00817504	0.00817504	
0.00828525	0.00828525	
0.00838551	0.00838551	
0.00844414	0.00844414	
0.00848967	0.00848967	
0.0086107	0.0086107	
0.00866765	0.00866765	
0.00871037	0.00871037	
0.00872697	0.00872697	
0.00876438	0.00876438	
0.00885702	0.00885702	
0.00898049	0.00898049	
0.00913691	0.00913691	
0.00926939	0.00926939	
0.0094342	0.0094342	
0.00959071	0.00959071	
0.00980071	0.00980071	
0.0100262	0.0100262	
0.0103108	0.0103108	
0.010655	0.010655	
0.0108965	0.0108965	
0.0110581	0.0110581	
0.0112585	0.0112585	
0.0114285	0.0114285	
0.0115687	0.0115687	
0.0116893	0.0116893	
0.0118045	0.0118045	
0.0119371	0.0119371	
0.0119817	0.0119817	
0.0120083	0.0120083	
0.0120048	0.0120048	
0.0119165	0.0119165	
0.0118026	0.0118026	
0.0116097	0.0116097	
0.0115141	0.0115141	
0.0115313	0.0115313	
0.0114807	0.0114807	
0.0113837	0.0113837	
0.011289	0.011289	
0.0113628	0.0113628	
0.0113464	0.0113464	
0.0113255	0.0113255	
0.0113686	0.0113686	
0.0114561	0.0114561	
0.0115532	0.0115532	
0.0117643	0.0117643	
0.0119698	0.0119698	
0.0121088	0.0121088	
0.0122942	0.0122942	
0.0125474	0.0125474	
0.0127818	0.0127818	
0.013062	0.013062	
0.0133846	0.0133846	
0.0136981	0.0136981	
0.0140584	0.0140584	
0.0144408	0.0144408	
0.0147704	0.0147704	
0.0150782	0.0150782	
0.0155138	0.0155138	
0.0159287	0.0159287	
0.016335	0.016335	
0.016768	0.016768	
0.0171189	0.0171189	
0.0175291	0.0175291	
0.0180395	0.0180395	
0.0184028	0.0184028	
0.0187459	0.0187459	
0.0189504	0.0189504	
0.0191706	0.0191706	
0.0194155	0.0194155	
0.0195672	0.0195672	
0.019702	0.019702	
0.0197861	0.0197861	
0.0197342	0.0197342	
0.0196849	0.0196849	
0.0196303	0.0196303	
0.0195269	0.0195269	
0.0193863	0.0193863	
0.0192603	0.0192603	
0.019138	0.019138	
0.0191052	0.0191052	
0.0191329	0.0191329	
0.0191504	0.0191504	
0.0191179	0.0191179	
0.0191382	0.0191382	
0.0192223	0.0192223	
0.0192942	0.0192942	
0.0194053	0.0194053	
0.0195012	0.0195012	
0.0196207	0.0196207	
0.019888	0.019888	
0.0201465	0.0201465	
0.0204761	0.0204761	
0.020727	0.020727	
0.0211072	0.0211072	
0.0213855	0.0213855	
0.0217969	0.0217969	
0.0222178	0.0222178	
0.0227416	0.0227416	
0.023272	0.023272	
0.0237518	0.0237518	
0.0241749	0.0241749	
0.024782	0.024782	
0.0252706	0.0252706	
0.0257027	0.0257027	
0.0260893	0.0260893	
0.0265761	0.0265761	
0.0270923	0.0270923	
0.0274897	0.0274897	
0.0279837	0.0279837	
0.0282529	0.0282529	
0.0284277	0.0284277	
0.0285377	0.0285377	
0.0287049	0.0287049	
0.0288037	0.0288037	
0.0287948	0.0287948	
0.0287583	0.0287583	
0.0287734	0.0287734	
0.0286259	0.0286259	
0.0284187	0.0284187	
0.0280854	0.0280854	
0.027794	0.027794	
0.0276231	0.0276231	
0.0273307	0.0273307	
0.0269997	0.0269997	
0.0267109	0.0267109	
0.0263999	0.0263999	
0.0261932	0.0261932	
0.0260051	0.0260051	
0.0256879	0.0256879	
0.0253601	0.0253601	
0.0250103	0.0250103	
0.0245686	0.0245686	
0.024241	0.024241	
0.0240198	0.0240198	
0.0237655	0.0237655	
0.0234438	0.0234438	
0.0231867	0.0231867	
0.0228994	0.0228994	
0.0226093	0.0226093	
0.0223957	0.0223957	
0.0222248	0.0222248	
0.0220518	0.0220518	
0.0218272	0.0218272	
0.02171	0.02171	
0.0217028	0.0217028	
0.0216789	0.0216789	
0.0216492	0.0216492	
0.0217594	0.0217594	
0.0219178	0.0219178	
0.0220543	0.0220543	
0.0222017	0.0222017	
0.0223235	0.0223235	
0.0224831	0.0224831	
0.0227643	0.0227643	
0.0230467	0.0230467	
0.0232526	0.0232526	
0.0234458	0.0234458	
0.0235916	0.0235916	
0.0237901	0.0237901	
0.0240748	0.0240748	
0.024253	0.024253	
0.0243911	0.0243911	
0.024468	0.024468	
0.0245538	0.0245538	
0.0247828	0.0247828	
0.0248783	0.0248783	
0.0249052	0.0249052	
0.024877	0.024877	
0.0248336	0.0248336	
0.0248769	0.0248769	
0.0249198	0.0249198	
0.0248636	0.0248636	
0.0248094	0.0248094	
0.0247202	0.0247202	
0.0246839	0.0246839	
0.0246342	0.0246342	
0.0244983	0.0244983	
0.0244254	0.0244254	
0.0243083	0.0243083	
0.0243276	0.0243276	
0.0242876	0.0242876	
0.0242292	0.0242292	
0.0241358	0.0241358	
0.0239961	0.0239961	
0.0240215	0.0240215	
0.0239374	0.0239374	
0.0239244	0.0239244	
0.0238639	0.0238639	
0.0239517	0.0239517	
0.0239155	0.0239155	
0.0238777	0.0238777	
0.0238379	0.0238379	
0.0240383	0.0240383	
0.0243036	0.0243036	
0.0246007	0.0246007	
0.0250655	0.0250655	
0.0254874	0.0254874	
0.0259144	0.0259144	
0.0264263	0.0264263	
0.0271056	0.0271056	
0.0278162	0.0278162	
0.0284485	0.0284485	
0.0291439	0.0291439	
0.0298029	0.0298029	
0.0304297	0.0304297	
0.0311216	0.0311216	
0.0316763	0.0316763	
0.0322452	0.0322452	
0.0328098	0.0328098	
0.0332216	0.0332216	
0.0337595	0.0337595	
0.0342101	0.0342101	
0.0345212	0.0345212	
0.0348334	0.0348334	
0.0350051	0.0350051	
0.0350859	0.0350859	
0.035257	0.035257	
0.0353301	0.0353301	
0.0352224	0.0352224	
0.0351378	0.0351378	
0.0349003	0.0349003	
0.0346549	0.0346549	
0.0343974	0.0343974	
0.0342151	0.0342151	
0.033961	0.033961	
0.0335256	0.0335256	
0.0331268	0.0331268	
0.0326638	0.0326638	
0.0322063	0.0322063	
0.0316914	0.0316914	
0.0311924	0.0311924	
0.0307258	0.0307258	
0.0302106	0.0302106	
0.0296894	0.0296894	
0.0291433	0.0291433	
0.0287099	0.0287099	
0.0282261	0.0282261	
0.0278234	0.0278234	
0.0274257	0.0274257	
0.0271652	0.0271652	
0.0269644	0.0269644	
0.0267557	0.0267557	
0.0266195	0.0266195	
0.0265454	0.0265454	
0.0265992	0.0265992	
0.0265393	0.0265393	
0.026572	0.026572	
0.0265724	0.0265724	
0.0267161	0.0267161	
0.0269191	0.0269191	
0.0270848	0.0270848	
0.0272265	0.0272265	
0.0275416	0.0275416	
0.0278238	0.0278238	
0.0281159	0.0281159	
0.0284229	0.0284229	
0.028707	0.028707	
0.0289278	0.0289278	
0.0290866	0.0290866	
0.0293782	0.0293782	
0.02966	0.02966	
0.029874	0.029874	
0.0300751	0.0300751	
0.0302903	0.0302903	
0.03041	0.03041	
0.0304327	0.0304327	
0.030477	0.030477	
0.030504	0.030504	
0.030571	0.030571	
0.0305661	0.0305661	
0.0306873	0.0306873	
0.0306258	0.0306258	
0.0304258	0.0304258	
0.030354	0.030354	
0.0303102	0.0303102	
0.0302663	0.0302663	
0.0302858	0.0302858	
0.0303666	0.0303666	
0.0305282	0.0305282	
0.0305711	0.0305711	
0.0307552	0.0307552	
0.0308624	0.0308624	
0.0309501	0.0309501	
0.0310675	0.0310675	
0.0312486	0.0312486	
0.031382	0.031382	
0.0313859	0.0313859	
0.031482	0.031482	
0.0314854	0.0314854	
0.0315008	0.0315008	
0.0314381	0.0314381	
0.0314278	0.0314278	
0.0313782	0.0313782	
0.0312981	0.0312981	
0.0310937	0.0310937	
0.030897	0.030897	
0.0307277	0.0307277	
0.0304912	0.0304912	
0.0302275	0.0302275	
0.0298893	0.0298893	
0.0295865	0.0295865	
0.0292155	0.0292155	
0.0287781	0.0287781	
0.0283306	0.0283306	
0.0278648	0.0278648	
0.027362	0.027362	
0.0268835	0.0268835	
0.0264514	0.0264514	
0.0259547	0.0259547	
0.0254299	0.0254299	
0.0249168	0.0249168	
0.0243783	0.0243783	
0.0238036	0.0238036	
0.0232607	0.0232607	
0.022764	0.022764	
0.0222329	0.0222329	
0.0217298	0.0217298	
0.0212358	0.0212358	
0.0208145	0.0208145	
0.0204439	0.0204439	
0.0200956	0.0200956	
0.0197414	0.0197414	
0.0193463	0.0193463	
0.018984	0.018984	
0.0186408	0.0186408	
0.0183768	0.0183768	
0.0181252	0.0181252	
0.0178516	0.0178516	
0.0175687	0.0175687	
0.0172586	0.0172586	
0.0169798	0.0169798	
0.016719	0.016719	
0.016542	0.016542	
0.0163305	0.0163305	
0.0160406	0.0160406	
0.0157368	0.0157368	
0.015481	0.015481	
0.015221	0.015221	
0.0150077	0.0150077	
0.0147876	0.0147876	
0.014554	0.014554	
0.0143335	0.0143335	
0.014077	0.014077	
0.0138348	0.0138348	
0.0135632	0.0135632	
0.0133458	0.0133458	
0.0130765	0.0130765	
0.0128427	0.0128427	
0.0125849	0.0125849	
0.0123368	0.0123368	
0.0120109	0.0120109	
0.0117033	0.0117033	
0.0114198	0.0114198	
0.0111942	0.0111942	
0.0109079	0.0109079	
0.0106754	0.0106754	
0.0103751	0.0103751	
0.0101291	0.0101291	
0.009873	0.009873	
0.00958689	0.00958689	
0.00933311	0.00933311	
0.00908587	0.00908587	
0.00882408	0.00882408	
0.00863661	0.00863661	
0.00840232	0.00840232	
0.00815384	0.00815384	
0.00794029	0.00794029	
0.00770083	0.00770083	
0.00747078	0.00747078	
0.00729776	0.00729776	
0.00705387	0.00705387	
0.00684489	0.00684489	
0.00661477	0.00661477	
0.00641468	0.00641468	
0.006218	0.006218	
0.00603986	0.00603986	
0.00585272	0.00585272	
0.00567334	0.00567334	
0.00553672	0.00553672	
0.00536408	0.00536408	
0.00525661	0.00525661	
0.00511399	0.00511399	
0.00502342	0.00502342	
0.00491905	0.00491905	
0.00484969	0.00484969	
0.00477152	0.00477152	
0.00467284	0.00467284	
0.00460711	0.00460711	
0.00451711	0.00451711	
0.0044476	0.0044476	
0.00438994	0.00438994	
0.00431037	0.00431037	
0.00422425	0.00422425	
0.00418108	0.00418108	
0.00412744	0.00412744	
0.00405787	0.00405787	
0.00401979	0.00401979	
0.003939	0.003939	
0.00387365	0.00387365	
0.00385307	0.00385307	
0.00382152	0.00382152	
0.00376708	0.00376708	
0.00370595	0.00370595	
0.00367321	0.00367321	
0.00365735	0.00365735	
0.0036721	0.0036721	
0.00364053	0.00364053	
0.00363068	0.00363068	
0.00359339	0.00359339	
0.00358321	0.00358321	
0.0035529	0.0035529	
0.00352578	0.00352578	
0.00348326	0.00348326	
0.0034676	0.0034676	
0.00341241	0.00341241	
0.00337401	0.00337401	
0.00331717	0.00331717	
0.00325085	0.00325085	
0.00320094	0.00320094	
0.00314107	0.00314107	
0.00308597	0.00308597	
0.00306024	0.00306024	
0.00299554	0.00299554	
0.00297798	0.00297798	
0.00292454	0.00292454	
0.00289713	0.00289713	
0.00288393	0.00288393	
0.00286431	0.00286431	
0.0028374	0.0028374	
0.00280759	0.00280759	
0.00278884	0.00278884	
0.00281162	0.00281162	
0.00279042	0.00279042	
0.0027914	0.0027914	
0.00274077	0.00274077	
0.00270949	0.00270949	
0.00273892	0.00273892	
0.00268683	0.00268683	
0.00267608	0.00267608	
0.00264545	0.00264545	
0.00263684	0.00263684	
0.00261249	0.00261249	
0.0026338	0.0026338	
0.00267106	0.00267106	
0.00265372	0.00265372	
0.00263504	0.00263504	
0.00264938	0.00264938	
0.00269694	0.00269694	
0.00271297	0.00271297	
0.00275617	0.00275617	
0.00276391	0.00276391	
0.002811	0.002811	
0.0028389	0.0028389	
0.00287994	0.00287994	
0.00293406	0.00293406	
0.00292308	0.00292308	
0.00298111	0.00298111	
0.00300946	0.00300946	
0.00306395	0.00306395	
0.00310435	0.00310435	
0.00312466	0.00312466	
0.00313152	0.00313152	
0.0031855	0.0031855	
0.00316865	0.00316865	
0.00320732	0.00320732	
0.00318573	0.00318573	
0.0032216	0.0032216	
0.00326571	0.00326571	
0.00328239	0.00328239	
0.00334611	0.00334611	
0.00336643	0.00336643	
0.00337686	0.00337686	
0.00342929	0.00342929	
0.003503	0.003503	
0.00359605	0.00359605	
0.00360858	0.00360858	
0.00364258	0.00364258	
0.00368762	0.00368762	
0.00374844	0.00374844	
0.00379805	0.00379805	
0.00386163	0.00386163	
0.00387424	0.00387424	
0.00392869	0.00392869	
0.00398327	0.00398327	
0.00403534	0.00403534	
0.00410595	0.00410595	
0.00411003	0.00411003	
0.00413489	0.00413489	
0.00420188	0.00420188	
0.00422807	0.00422807	
0.00427266	0.00427266	
0.00429047	0.00429047	
0.0043818	0.0043818	
0.0044722	0.0044722	
0.00452447	0.00452447	
0.00462041	0.00462041	
0.00462238	0.00462238	
0.00466843	0.00466843	
0.00476885	0.00476885	
0.00480995	0.00480995	
0.00484833	0.00484833	
0.00487774	0.00487774	
0.00496535	0.00496535	
0.00503063	0.00503063	
0.00510302	0.00510302	
0.00515717	0.00515717	
0.00518439	0.00518439	
0.00519918	0.00519918	
0.00519703	0.00519703	
0.00523784	0.00523784	
0.00528706	0.00528706	
0.00530385	0.00530385	
0.00533955	0.00533955	
0.0053625	0.0053625	
0.00539441	0.00539441	
0.0053835	0.0053835	
0.00537032	0.00537032	
0.00538509	0.00538509	
0.00536922	0.00536922	
0.00541435	0.00541435	
0.00543234	0.00543234	
0.00543067	0.00543067	
0.00539457	0.00539457	
0.00536442	0.00536442	
0.00536045	0.00536045	
0.00535756	0.00535756	
0.00532919	0.00532919	
0.00535621	0.00535621	
0.00535393	0.00535393	
0.00531113	0.00531113	
0.00531213	0.00531213	
0.00527288	0.00527288	
0.00521976	0.00521976	
0.00516436	0.00516436	
0.00515843	0.00515843	
0.00518788	0.00518788	
0.00514571	0.00514571	
0.00512863	0.00512863	
0.00507165	0.00507165	
0.00505815	0.00505815	
0.00502614	0.00502614	
0.00503857	0.00503857	
0.00502327	0.00502327	
0.0050298	0.0050298	
0.00502957	0.00502957	
0.00500348	0.00500348	
0.0049696	0.0049696	
0.00494793	0.00494793	
0.00491706	0.00491706	
0.0048993	0.0048993	
0.00490069	0.00490069	
0.00488263	0.00488263	
0.00488591	0.00488591	
0.00487521	0.00487521	
0.0048456	0.0048456	
0.00482029	0.00482029	
0.00475787	0.00475787	
0.00475439	0.00475439	
0.00470347	0.00470347	
0.00469505	0.00469505	
0.00465366	0.00465366	
0.00460751	0.00460751	
0.00457188	0.00457188	
0.004514	0.004514	
0.00445922	0.00445922	
0.00443994	0.00443994	
0.00443257	0.00443257	
0.00441021	0.00441021	
0.00439688	0.00439688	
0.00437283	0.00437283	
0.00433141	0.00433141	
0.00432841	0.00432841	
0.00435844	0.00435844	
0.00436974	0.00436974	
0.00440451	0.00440451	
0.00446302	0.00446302	
0.00451004	0.00451004	
0.00454224	0.00454224	
0.00463267	0.00463267	
0.00464757	0.00464757	
0.00470163	0.00470163	
0.00479694	0.00479694	
0.00486663	0.00486663	
0.00489831	0.00489831	
0.00496719	0.00496719	
0.00496987	0.00496987	
0.00500643	0.00500643	
0.00504771	0.00504771	
0.0051081	0.0051081	
0.00518821	0.00518821	
0.00518711	0.00518711	
0.00520909	0.00520909	
0.00521812	0.00521812	
0.00522637	0.00522637	
0.00521815	0.00521815	
0.00521907	0.00521907	
0.00523291	0.00523291	
0.00527353	0.00527353	
0.00530861	0.00530861	
0.00531998	0.00531998	
0.00532619	0.00532619	
0.00533888	0.00533888	
0.00531759	0.00531759	
0.00530235	0.00530235	
0.00532785	0.00532785	
0.00530811	0.00530811	
0.00530771	0.00530771	
0.00532874	0.00532874	
0.00536871	0.00536871	
0.00539904	0.00539904	
0.00540635	0.00540635	
0.00540218	0.00540218	
0.00544002	0.00544002	
0.00546037	0.00546037	
0.00551188	0.00551188	
0.00554235	0.00554235	
0.00559932	0.00559932	
0.00563175	0.00563175	
0.00563936	0.00563936	
0.00566947	0.00566947	
0.0057534	0.0057534	
0.00580777	0.00580777	
0.00582636	0.00582636	
0.00586716	0.00586716	
0.00591619	0.00591619	
0.00600896	0.00600896	
0.00606828	0.00606828	
0.00611838	0.00611838	
0.00616336	0.00616336	
0.00619217	0.00619217	
0.00622866	0.00622866	
0.00620997	0.00620997	
0.00620903	0.00620903	
0.00625773	0.00625773	
0.00628088	0.00628088	
0.00629958	0.00629958	
0.00631752	0.00631752	
0.0062881	0.0062881	
0.00627707	0.00627707	
0.00628332	0.00628332	
0.00625732	0.00625732	
0.00623131	0.00623131	
0.00619492	0.00619492	
0.0061293	0.0061293	
0.0060283	0.0060283	
0.00591992	0.00591992	
0.00577901	0.00577901	
0.00561654	0.00561654	
0.00548797	0.00548797	
0.00535855	0.00535855	
0.00520328	0.00520328	
0.00510508	0.00510508	
0.0050133	0.0050133	
0.00487907	0.00487907	
0.00476282	0.00476282	
0.00471977	0.00471977	
0.0046917	0.0046917	
0.00474229	0.00474229	
0.00479549	0.00479549	
0.00488786	0.00488786	
0.00498932	0.00498932	
0.00506878	0.00506878	
0.00519268	0.00519268	
0.00525603	0.00525603	
0.00537741	0.00537741	
0.00548639	0.00548639	
0.00561114	0.00561114	
0.00567759	0.00567759	
0.00574563	0.00574563	
0.00581151	0.00581151	
0.00587295	0.00587295	
0.00596324	0.00596324	
0.00608325	0.00608325	
0.00618262	0.00618262	
0.00626204	0.00626204	
0.00629768	0.00629768	
0.00635619	0.00635619	
0.00639294	0.00639294	
0.00644311	0.00644311	
0.00646934	0.00646934	
0.00648587	0.00648587	
0.00653105	0.00653105	
0.00655113	0.00655113	
0.00655675	0.00655675	
0.00655946	0.00655946	
0.00653386	0.00653386	
0.00655151	0.00655151	
0.00652544	0.00652544	
0.0064889	0.0064889	
0.00645582	0.00645582	
0.00639048	0.00639048	
0.00632065	0.00632065	
0.00631705	0.00631705	
0.00621214	0.00621214	
0.00612015	0.00612015	
0.00597076	0.00597076	
0.00581736	0.00581736	
0.00570642	0.00570642	
0.00557055	0.00557055	
0.00538003	0.00538003	
0.00525586	0.00525586	
0.00510036	0.00510036	
0.00503175	0.00503175	
0.0049574	0.0049574	
0.00485671	0.00485671	
0.00476031	0.00476031	
0.00469542	0.00469542	
0.00464222	0.00464222	
0.00459792	0.00459792	
0.00458454	0.00458454	
0.00456358	0.00456358	
0.00453204	0.00453204	
0.00454285	0.00454285	
0.00453989	0.00453989	
0.00451086	0.00451086	
0.00444335	0.00444335	
0.00445684	0.00445684	
0.00444088	0.00444088	
0.0044394	0.0044394	
0.00444579	0.00444579	
0.00444397	0.00444397	
0.00445527	0.00445527	
0.00444097	0.00444097	
0.00445779	0.00445779	
0.00444447	0.00444447	
0.00448713	0.00448713	
0.00448001	0.00448001	
0.00448631	0.00448631	
0.00451192	0.00451192	
0.00453394	0.00453394	
0.00454298	0.00454298	
0.00453792	0.00453792	
0.00450493	0.00450493	
0.00451606	0.00451606	
0.00450759	0.00450759	
0.00448562	0.00448562	
0.00445397	0.00445397	
0.00443726	0.00443726	
0.00440931	0.00440931	
0.00439049	0.00439049	
0.00432705	0.00432705	
0.00433237	0.00433237	
0.0042714	0.0042714	
0.00425888	0.00425888	
0.0042346	0.0042346	
0.00422283	0.00422283	
0.00416473	0.00416473	
0.00411683	0.00411683	
0.00406956	0.00406956	
0.0040539	0.0040539	
0.00403677	0.00403677	
0.00398726	0.00398726	
0.00395691	0.00395691	
0.00390527	0.00390527	
0.00384048	0.00384048	
0.00380315	0.00380315	
0.0037229	0.0037229	
0.00365368	0.00365368	
0.00358273	0.00358273	
0.00351022	0.00351022	
0.00343421	0.00343421	
0.0033698	0.0033698	
0.00328301	0.00328301	
0.00323172	0.00323172	
0.00312684	0.00312684	
0.00305047	0.00305047	
0.00300026	0.00300026	
0.00292437	0.00292437	
0.00283354	0.00283354	
0.00275735	0.00275735	
0.00269961	0.00269961	
0.00265982	0.00265982	
0.00258481	0.00258481	
0.00253015	0.00253015	
0.00249707	0.00249707	
0.00245146	0.00245146	
0.00242735	0.00242735	
0.00238282	0.00238282	
0.00233332	0.00233332	
0.00227129	0.00227129	
0.00223116	0.00223116	
0.00220123	0.00220123	
0.0021584	0.0021584	
0.0021307	0.0021307	
0.00206261	0.00206261	
0.00206647	0.00206647	
0.00197743	0.00197743	
0.00196781	0.00196781	
0.00192586	0.00192586	
0.00185771	0.00185771	
0.00182671	0.00182671	
0.00180756	0.00180756	
0.00179316	0.00179316	
0.00176251	0.00176251	
0.00175107	0.00175107	
0.00170934	0.00170934	
0.0017188	0.0017188	
0.00170748	0.00170748	
0.00168348	0.00168348	
0.00162906	0.00162906	
0.00161301	0.00161301	
0.00162703	0.00162703	
0.00155642	0.00155642	
0.00154175	0.00154175	
0.00152553	0.00152553	
0.00151229	0.00151229	
0.00151947	0.00151947	
0.00150008	0.00150008	
0.00149801	0.00149801	
0.00146599	0.00146599	
0.00143051	0.00143051	
0.00143633	0.00143633	
0.00142998	0.00142998	
0.00141954	0.00141954	
0.00141156	0.00141156	
0.00143583	0.00143583	
0.00140793	0.00140793	
0.00140908	0.00140908	
0.00141871	0.00141871	
0.00141274	0.00141274	
0.00142635	0.00142635	
0.00141962	0.00141962	
0.00144349	0.00144349	
0.00143693	0.00143693	
0.00144881	0.00144881	
0.00145799	0.00145799	
0.00147883	0.00147883	
0.00147707	0.00147707	
0.00149173	0.00149173	
0.00150361	0.00150361	
0.00154095	0.00154095	
0.00150535	0.00150535	
0.00153619	0.00153619	
0.0015785	0.0015785	
0.00153923	0.00153923	
0.00154804	0.00154804	
0.00156665	0.00156665	
0.00158938	0.00158938	
0.00157125	0.00157125	
0.00159119	0.00159119	
0.00160785	0.00160785	
0.0016263	0.0016263	
0.00162091	0.00162091	
0.0016797	0.0016797	
0.00169982	0.00169982	
0.00173163	0.00173163	
0.001732	0.001732	
0.00171915	0.00171915	
0.00169803	0.00169803	
0.00169141	0.00169141	
0.0017044	0.0017044	
0.00165408	0.00165408	
0.00165897	0.00165897	
0.00165996	0.00165996	
0.00166396	0.00166396	
0.00162735	0.00162735	
0.00164193	0.00164193	
0.00163142	0.00163142	
0.00163886	0.00163886	
0.00164184	0.00164184	
0.00162597	0.00162597	
0.00164714	0.00164714	
0.00164959	0.00164959	
0.00163009	0.00163009	
0.00166308	0.00166308	
0.00168622	0.00168622	
0.00169708	0.00169708	
0.00171778	0.00171778	
0.00169162	0.00169162	
0.00173957	0.00173957	
0.00176567	0.00176567	
0.00175666	0.00175666	
0.00179301	0.00179301	
0.00179736	0.00179736	
0.00184055	0.00184055	
0.0018167	0.0018167	
0.00182441	0.00182441	
0.00183368	0.00183368	
0.00182366	0.00182366	
0.00184655	0.00184655	
0.00186975	0.00186975	
0.00188896	0.00188896	
0.00185729	0.00185729	
0.00190263	0.00190263	
0.00192405	0.00192405	
0.00194282	0.00194282	
0.00193397	0.00193397	
0.00195232	0.00195232	
0.0019096	0.0019096	
0.00194101	0.00194101	
0.00199386	0.00199386	
0.00196553	0.00196553	
0.00198096	0.00198096	
0.00196963	0.00196963	
0.00197683	0.00197683	
0.00197983	0.00197983	
0.00199861	0.00199861	
0.00194294	0.00194294	
0.0019393	0.0019393	
0.0019162	0.0019162	
0.00194913	0.00194913	
0.0019307	0.0019307	
0.0018983	0.0018983	
0.00188394	0.00188394	
0.0018665	0.0018665	
0.00187003	0.00187003	
0.00185327	0.00185327	
0.00183823	0.00183823	
0.00182628	0.00182628	
0.00182743	0.00182743	
0.00179974	0.00179974	
0.00178697	0.00178697	
0.0018107	0.0018107	
0.00181449	0.00181449	
0.0017972	0.0017972	
0.00178511	0.00178511	
0.00181462	0.00181462	
0.00180145	0.00180145	
0.00178688	0.00178688	
0.00177303	0.00177303	
0.00175796	0.00175796	
0.00174278	0.00174278	
0.0017306	0.0017306	
0.00175798	0.00175798	
0.00171174	0.00171174	
0.00169049	0.00169049	
0.00168593	0.00168593	
0.00167755	0.00167755	
0.0016615	0.0016615	
0.00164003	0.00164003	
0.00160206	0.00160206	
0.00158868	0.00158868	
0.00154439	0.00154439	
0.00153133	0.00153133	
0.00152034	0.00152034	
0.00148336	0.00148336	
0.0014663	0.0014663	
0.00142294	0.00142294	
0.00139519	0.00139519	
0.00134167	0.00134167	
0.001315	0.001315	
0.00130904	0.00130904	
0.00129656	0.00129656	
0.0013068	0.0013068	
0.00126338	0.00126338	
0.0012275	0.0012275	
0.00120787	0.00120787	
0.00117428	0.00117428	
0.00119751	0.00119751	
0.00117276	0.00117276	
0.00114442	0.00114442	
0.00113566	0.00113566	
0.00111368	0.00111368	
0.00109756	0.00109756	
0.00109132	0.00109132	
0.00109084	0.00109084	
0.00104832	0.00104832	
0.00105207	0.00105207	
0.00101593	0.00101593	
0.00105422	0.00105422	
0.000986662	0.000986662	
0.000986605	0.000986605	
0.000983809	0.000983809	
0.000960918	0.000960918	
0.000957092	0.000957092	
0.00093538	0.00093538	
0.000926504	0.000926504	
0.00091215	0.00091215	
0.000895559	0.000895559	
0.000875853	0.000875853	
0.00086721	0.00086721	
0.000858995	0.000858995	
0.000848885	0.000848885	
0.000831326	0.000831326	
0.000826448	0.000826448	
0.000819853	0.000819853	
0.000809438	0.000809438	
0.000801017	0.000801017	
0.000805598	0.000805598	
0.000795883	0.000795883	
0.000823745	0.000823745	
0.000819145	0.000819145	
0.000821114	0.000821114	
0.000812541	0.000812541	
0.000800643	0.000800643	
0.000831672	0.000831672	
0.000822535	0.000822535	
0.000824055	0.000824055	
0.000847036	0.000847036	
0.000841677	0.000841677	
0.000840493	0.000840493	
0.000864422	0.000864422	
0.000864619	0.000864619	
0.000855985	0.000855985	
0.000881312	0.000881312	
0.000911984	0.000911984	
0.000908486	0.000908486	
0.000894771	0.000894771	
0.000897537	0.000897537	
0.000884081	0.000884081	
0.000885406	0.000885406	
0.000907908	0.000907908	
0.000926811	0.000926811	
0.000916131	0.000916131	
0.000912297	0.000912297	
0.000935386	0.000935386	
0.000932803	0.000932803	
0.00092188	0.00092188	
0.00090762	0.00090762	
0.000903948	0.000903948	
0.000925225	0.000925225	
0.000923018	0.000923018	
0.000920893	0.000920893	
0.000906506	0.000906506	
0.000936206	0.000936206	
0.000921374	0.000921374	
0.000919299	0.000919299	
0.000908869	0.000908869	
0.000898401	0.000898401	
0.000899116	0.000899116	
0.000889304	0.000889304	
0.000886809	0.000886809	
0.000875512	0.000875512	
0.000871134	0.000871134	
0.00086461	0.00086461	
0.000860952	0.000860952	
0.00086493	0.00086493	
0.00085458	0.00085458	
0.00085505	0.00085505	
0.000822181	0.000822181	
0.000808868	0.000808868	
0.000808795	0.000808795	
0.000815366	0.000815366	
0.000800664	0.000800664	
0.000771954	0.000771954	
0.000767319	0.000767319	
0.000737821	0.000737821	
0.000730441	0.000730441	
0.00070236	0.00070236	
0.000700252	0.000700252	
0.000694883	0.000694883	
0.000694858	0.000694858	
0.000697413	0.000697413	
0.000660675	0.000660675	
0.000626993	0.000626993	
0.000596365	0.000596365	
0.000598332	0.000598332	
0.000596471	0.000596471	
0.000558351	0.000558351	
0.000564006	0.000564006	
0.000532237	0.000532237	
0.000533077	0.000533077	
0.000537328	0.000537328	
0.000533279	0.000533279	
0.000504492	0.000504492	
0.000516129	0.000516129	
0.000479717	0.000479717	
0.000484522	0.000484522	
0.000499073	0.000499073	
0.000513412	0.000513412	
0.000493672	0.000493672	
0.000497899	0.000497899	
0.000470317	0.000470317	
0.000475632	0.000475632	
0.000482082	0.000482082	
0.000458865	0.000458865	
0.0004688	0.0004688	
0.000475812	0.000475812	
0.000504978	0.000504978	
0.000510596	0.000510596	
0.000482681	0.000482681	
0.000495294	0.000495294	
0.000497378	0.000497378	
0.000503132	0.000503132	
0.00053166	0.00053166	
0.000538345	0.000538345	
0.000517643	0.000517643	
0.000518861	0.000518861	
0.000534124	0.000534124	
0.000557565	0.000557565	
0.00056177	0.00056177	
0.000566632	0.000566632	
0.000565491	0.000565491	
0.000568757	0.000568757	
0.000582082	0.000582082	
0.000589778	0.000589778	
0.000602288	0.000602288	
0.000605731	0.000605731	
0.000574164	0.000574164	
0.000623376	0.000623376	
0.000615972	0.000615972	
0.000593889	0.000593889	
0.00061519	0.00061519	
0.000612627	0.000612627	
0.000624548	0.000624548	
0.000673439	0.000673439	
0.00063985	0.00063985	
0.000641827	0.000641827	
0.000638227	0.000638227	
0.000696128	0.000696128	
0.000696235	0.000696235	
0.000694423	0.000694423	
0.000717052	0.000717052	
0.00070951	0.00070951	
0.000755796	0.000755796	
0.000757691	0.000757691	
0.00076329	0.00076329	
0.000767141	0.000767141	
0.000779973	0.000779973	
0.000806315	0.000806315	
0.000808349	0.000808349	
0.000811877	0.000811877	
0.000803758	0.000803758	
0.000824927	0.000824927	
0.000807929	0.000807929	
0.000852113	0.000852113	
0.000844109	0.000844109	
0.000855656	0.000855656	
0.000845526	0.000845526	
0.00084613	0.00084613	
0.000867621	0.000867621	
0.000888595	0.000888595	
0.000877678	0.000877678	
0.000887877	0.000887877	
0.000878468	0.000878468	
0.000888358	0.000888358	
0.000902468	0.000902468	
0.000888762	0.000888762	
0.000900186	0.000900186	
0.000886563	0.000886563	
0.000900604	0.000900604	
0.000886818	0.000886818	
0.000869471	0.000869471	
0.000883453	0.000883453	
0.000839437	0.000839437	
0.000861493	0.000861493	
0.000865395	0.000865395	
0.000865083	0.000865083	
0.000842924	0.000842924	
0.000843466	0.000843466	
0.000830635	0.000830635	
0.000825463	0.000825463	
0.000836255	0.000836255	
0.000815194	0.000815194	
0.000816801	0.000816801	
0.000805034	0.000805034	
0.000798787	0.000798787	
0.000786432	0.000786432	
0.000778922	0.000778922	
0.000768452	0.000768452	
0.000738896	0.000738896	
0.000756173	0.000756173	
0.00072709	0.00072709	
0.000708063	0.000708063	
0.00068083	0.00068083	
0.000685516	0.000685516	
0.000680991	0.000680991	
0.000646404	0.000646404	
0.000639484	0.000639484	
0.000643323	0.000643323	
0.000608699	0.000608699	
0.000606401	0.000606401	
0.000616196	0.000616196	
0.000592496	0.000592496	
0.000561466	0.000561466	
0.000588543	0.000588543	
0.000565907	0.000565907	
0.000567376	0.000567376	
0.000545554	0.000545554	
0.000544455	0.000544455	
0.000548234	0.000548234	
0.000527148	0.000527148	
0.000498631	0.000498631	
0.000530056	0.000530056	
0.000509669	0.000509669	
0.000481826	0.000481826	
0.000455052	0.000455052	
0.00046664	0.00046664	
0.000448693	0.000448693	
0.000457941	0.000457941	
0.000431934	0.000431934	
0.000415321	0.000415321	
0.000450058	0.000450058	
0.000457616	0.000457616	
0.000440015	0.000440015	
0.000447659	0.000447659	
0.000430442	0.000430442	
0.000445151	0.000445151	
0.000452592	0.000452592	
0.000468275	0.000468275	
0.000442027	0.000442027	
0.00045439	0.00045439	
0.000457588	0.000457588	
0.000468526	0.000468526	
0.00044227	0.00044227	
0.000458198	0.000458198	
0.00043234	0.00043234	
0.000436679	0.000436679	
0.00045843	0.00045843	
0.000461758	0.000461758	
0.00047692	0.00047692	
0.000448708	0.000448708	
0.000454042	0.000454042	
0.000467514	0.000467514	
0.0004413	0.0004413	
0.000440933	0.000440933	
0.000452186	0.000452186	
0.000424774	0.000424774	
0.000441492	0.000441492	
0.000445317	0.000445317	
0.000419958	0.000419958	
0.000459419	0.000459419	
0.000412553	0.000412553	
0.00044891	0.00044891	
0.000456125	0.000456125	
0.000428717	0.000428717	
0.000438553	0.000438553	
0.000413456	0.000413456	
0.000438384	0.000438384	
0.000456465	0.000456465	
0.000461517	0.000461517	
0.00044567	0.00044567	
0.000449615	0.000449615	
0.00044449	0.00044449	
0.000460424	0.000460424	
0.000469265	0.000469265	
0.000451216	0.000451216	
0.000454648	0.000454648	
0.000484655	0.000484655	
0.000467905	0.000467905	
0.00047281	0.00047281	
0.000456375	0.000456375	
0.00048266	0.00048266	
0.000487098	0.000487098	
0.000468363	0.000468363	
0.000483218	0.000483218	
0.000477199	0.000477199	
0.000488136	0.000488136	
0.00049399	0.00049399	
0.00047499	0.00047499	
0.000510109	0.000510109	
0.00051386	0.00051386	
0.000495998	0.000495998	
0.000501541	0.000501541	
0.000482251	0.000482251	
0.000517471	0.000517471	
0.000497569	0.000497569	
0.000513319	0.000513319	
0.000491673	0.000491673	
0.000515011	0.000515011	
0.000495203	0.000495203	
0.00051063	0.00051063	
0.00049099	0.00049099	
0.000503449	0.000503449	
0.000475716	0.000475716	
0.000499704	0.000499704	
0.000480485	0.000480485	
0.000494826	0.000494826	
0.000475794	0.000475794	
0.000478246	0.000478246	
0.000459852	0.000459852	
0.000475133	0.000475133	
0.000489822	0.000489822	
0.000464365	0.000464365	
0.000446505	0.000446505	
0.000482145	0.000482145	
0.000435536	0.000435536	
0.000467886	0.000467886	
0.00044989	0.00044989	
0.00042422	0.00042422	
0.000440723	0.000440723	
0.000423772	0.000423772	
0.00044247	0.00044247	
0.000425452	0.000425452	
0.000398834	0.000398834	
0.000410778	0.000410778	
0.000386613	0.000386613	
0.000404695	0.000404695	
0.00038913	0.00038913	
0.000398747	0.000398747	
0.000385313	0.000385313	
0.000393185	0.000393185	
0.000373585	0.000373585	
0.000349233	0.000349233	
0.000366519	0.000366519	
0.000352423	0.000352423	
0.000361971	0.000361971	
0.000348049	0.000348049	
0.000369096	0.000369096	
0.000344905	0.000344905	
0.00033164	0.00033164	
0.000347963	0.000347963	
0.000316351	0.000316351	
0.000345063	0.000345063	
0.000311931	0.000311931	
0.000299934	0.000299934	
0.00031457	0.00031457	
0.000300733	0.000300733	
0.000302047	0.000302047	
0.000284069	0.000284069	
0.000264781	0.000264781	
0.000285761	0.000285761	
0.000266561	0.000266561	
0.0003088	0.0003088	
0.000296923	0.000296923	
0.000310068	0.000310068	
0.000298143	0.000298143	
0.000307547	0.000307547	
0.000328484	0.000328484	
0.000318048	0.000318048	
0.000326527	0.000326527	
0.000313969	0.000313969	
0.000324459	0.000324459	
0.000336534	0.000336534	
0.00032359	0.00032359	
0.000337602	0.000337602	
0.000324617	0.000324617	
0.000336542	0.000336542	
0.000352796	0.000352796	
0.000365521	0.000365521	
0.000351463	0.000351463	
0.000362636	0.000362636	
0.000348689	0.000348689	
0.000355973	0.000355973	
0.000366814	0.000366814	
0.000352706	0.000352706	
0.000359969	0.000359969	
0.000378867	0.000378867	
0.000391016	0.000391016	
0.000375977	0.000375977	
0.000382199	0.000382199	
0.00039217	0.00039217	
0.000372502	0.000372502	
0.000391046	0.000391046	
0.00039653	0.00039653	
0.000410441	0.000410441	
0.000386305	0.000386305	
0.000404307	0.000404307	
0.00042352	0.00042352	
0.00042805	0.00042805	
0.000411587	0.000411587	
0.000420257	0.000420257	
0.000436936	0.000436936	
0.000450876	0.000450876	
0.000458177	0.000458177	
0.000464589	0.000464589	
0.00044672	0.00044672	
0.00045033	0.00045033	
0.000467594	0.000467594	
0.000473954	0.000473954	
0.000476508	0.000476508	
0.000493065	0.000493065	
0.000465912	0.000465912	
0.000472292	0.000472292	
0.000477126	0.000477126	
0.000489228	0.000489228	
0.000464118	0.000464118	
0.000475246	0.000475246	
0.000448627	0.000448627	
0.000464179	0.000464179	
0.000469163	0.000469163	
0.000485542	0.000485542	
0.000457056	0.000457056	
0.000469917	0.000469917	
0.000470071	0.000470071	
0.0004766	0.0004766	
0.000460027	0.000460027	
0.000460508	0.000460508	
0.000440903	0.000440903	
0.000425838	0.000425838	
0.000426398	0.000426398	
0.000409998	0.000409998	
0.000430714	0.000430714	
0.000414148	0.000414148	
0.00039822	0.00039822	
0.000403666	0.000403666	
0.00038814	0.00038814	
0.000373212	0.000373212	
0.000391513	0.000391513	
0.000376454	0.000376454	
0.000361975	0.000361975	
0.000339716	0.000339716	
0.00032665	0.00032665	
0.000348942	0.000348942	
0.000333457	0.000333457	
0.000322696	0.000322696	
0.000323141	0.000323141	
0.000291419	0.000291419	
0.000299504	0.000299504	
0.000279799	0.000279799	
0.000299617	0.000299617	
0.000288093	0.000288093	
0.000277012	0.000277012	
0.000266358	0.000266358	
0.000256113	0.000256113	
0.000278924	0.000278924	
0.000268197	0.000268197	
0.000257881	0.000257881	
0.000247963	0.000247963	
0.000222172	0.000222172	
0.000213627	0.000213627	
0.00025775	0.00025775	
0.000249287	0.000249287	
0.000239699	0.000239699	
0.00023048	0.00023048	
0.000252345	0.000252345	
0.000236213	0.000236213	
0.000227127	0.000227127	
0.000218392	0.000218392	
0.000209992	0.000209992	
0.000230869	0.000230869	
0.000221989	0.000221989	
0.000233596	0.000233596	
0.000224612	0.000224612	
0.000206163	0.000206163	
0.000231031	0.000231031	
0.000222145	0.000222145	
0.000213601	0.000213601	
0.000231464	0.000231464	
0.000222561	0.000222561	
0.000214001	0.000214001	
0.000226535	0.000226535	
0.000239645	0.000239645	
0.000230428	0.000230428	
0.000244394	0.000244394	
0.000230329	0.000230329	
0.000254258	0.000254258	
0.000244479	0.000244479	
0.000228803	0.000228803	
0.000246899	0.000246899	
0.000254692	0.000254692	
0.000271366	0.000271366	
0.00025246	0.00025246	
0.00024275	0.00024275	
0.000266194	0.000266194	
0.000245999	0.000245999	
0.000257128	0.000257128	
0.000276172	0.000276172	
0.00026555	0.00026555	
0.000279795	0.000279795	
0.000290076	0.000290076	
0.000280809	0.000280809	
0.000292975	0.000292975	
0.000281707	0.000281707	
0.000301284	0.000301284	
0.000298489	0.000298489	
0.000287009	0.000287009	
0.000302168	0.000302168	
0.000282217	0.000282217	
0.000304125	0.000304125	
0.000332595	0.000332595	
0.000319803	0.000319803	
0.000343462	0.000343462	
0.000322078	0.000322078	
0.00035741	0.00035741	
0.000343664	0.000343664	
0.00032212	0.00032212	
0.000336209	0.000336209	
0.000368569	0.000368569	
0.000356603	0.000356603	
0.000371789	0.000371789	
0.000357489	0.000357489	
0.000385277	0.000385277	
0.00040319	0.00040319	
0.000381247	0.000381247	
0.000396962	0.000396962	
0.00042165	0.00042165	
0.000405433	0.000405433	
0.000426243	0.000426243	
0.000449507	0.000449507	
0.000432218	0.000432218	
0.000435796	0.000435796	
0.000443293	0.000443293	
0.000444807	0.000444807	
0.000448407	0.000448407	
0.000463864	0.000463864	
0.000437859	0.000437859	
0.000441434	0.000441434	
0.000446787	0.000446787	
0.000450322	0.000450322	
0.000433002	0.000433002	
0.000440729	0.000440729	
0.000423778	0.000423778	
0.000459644	0.000459644	
0.000427412	0.000427412	
0.000439853	0.000439853	
0.000424515	0.000424515	
0.000432583	0.000432583	
0.000434402	0.000434402	
0.000442068	0.000442068	
0.000425065	0.000425065	
0.000437721	0.000437721	
0.000412572	0.000412572	
0.000419139	0.000419139	
0.000435701	0.000435701	
0.000410783	0.000410783	
0.000394983	0.000394983	
0.000408507	0.000408507	
0.000384635	0.000384635	
0.000369841	0.000369841	
0.000404385	0.000404385	
0.000390715	0.000390715	
0.00040823	0.00040823	
0.000382596	0.000382596	
0.000367881	0.000367881	
0.000373496	0.000373496	
0.000359131	0.000359131	
0.000377993	0.000377993	
0.000363455	0.000363455	
0.000349476	0.000349476	
0.000336035	0.000336035	
0.000360169	0.000360169	
0.000346317	0.000346317	
0.000332997	0.000332997	
0.000322376	0.000322376	
0.000309977	0.000309977	
0.000326485	0.000326485	
0.00031583	0.00031583	
0.000303683	0.000303683	
0.000292003	0.000292003	
0.000272612	0.000272612	
0.000313856	0.000313856	
0.000269261	0.000269261	
0.000291429	0.000291429	
0.000280221	0.000280221	
0.000269443	0.000269443	
0.00025908	0.00025908	
0.000249115	0.000249115	
0.000239534	0.000239534	
0.000230321	0.000230321	
0.000254138	0.000254138	
0.000244363	0.000244363	
0.000234965	0.000234965	
0.000225928	0.000225928	
0.000209079	0.000209079	
0.000202635	0.000202635	
0.000194841	0.000194841	
0.000214132	0.000214132	
0.000179111	0.000179111	
0.000199008	0.000199008	
0.000191354	0.000191354	
0.000183994	0.000183994	
0.000170535	0.000170535	
0.000170358	0.000170358	
0.000157424	0.000157424	
0.000151369	0.000151369	
0.000171991	0.000171991	
0.000165376	0.000165376	
0.000159016	0.000159016	
0.0001529	0.0001529	
0.000147019	0.000147019	
0.000141364	0.000141364	
0.000135927	0.000135927	
0.000161316	0.000161316	
0.000155111	0.000155111	
0.000149146	0.000149146	
0.000135228	0.000135228	
0.000128276	0.000128276	
0.000157766	0.000157766	
0.000151698	0.000151698	
0.000145863	0.000145863	
0.000132094	0.000132094	
0.000127014	0.000127014	
0.00014842	0.00014842	
0.000142712	0.000142712	
0.000137223	0.000137223	
0.000123787	0.000123787	
0.000147864	0.000147864	
0.000142177	0.000142177	
0.000128551	0.000128551	
0.000123606	0.000123606	
0.000151385	0.000151385	
0.000145563	0.000145563	
0.000142001	0.000142001	
0.000179438	0.000179438	
0.000172537	0.000172537	
0.000159411	0.000159411	
0.00015977	0.00015977	
0.000175966	0.000175966	
0.000161042	0.000161042	
0.000154848	0.000154848	
0.000177873	0.000177873	
0.000171032	0.000171032	
0.000156298	0.000156298	
0.000184388	0.000184388	
0.000177296	0.000177296	
0.000162322	0.000162322	
0.000188729	0.000188729	
0.00018147	0.00018147	
0.000203175	0.000203175	
0.00019536	0.00019536	
0.000212182	0.000212182	
0.000204021	0.000204021	
0.000188021	0.000188021	
0.000215484	0.000215484	
0.000207196	0.000207196	
0.000217692	0.000217692	
0.000211508	0.000211508	
0.000203373	0.000203373	
0.000216072	0.000216072	
0.000240387	0.000240387	
0.000222991	0.000222991	
0.000214414	0.000214414	
0.000234324	0.000234324	
0.000217009	0.000217009	
0.000237327	0.000237327	
0.00022005	0.00022005	
0.000211586	0.000211586	
0.000236069	0.000236069	
0.00021884	0.00021884	
0.000244792	0.000244792	
0.000235377	0.000235377	
0.000249018	0.000249018	
0.00023944	0.00023944	
0.000260501	0.000260501	
0.000242334	0.000242334	
0.000252526	0.000252526	
0.000252235	0.000252235	
0.000263511	0.000263511	
0.000237136	0.000237136	
0.000269	0.000269	
0.000252181	0.000252181	
0.000273031	0.000273031	
0.000252766	0.000252766	
0.000275512	0.000275512	
0.000256618	0.000256618	
0.000246748	0.000246748	
0.000269854	0.000269854	
0.000259475	0.000259475	
0.000251249	0.000251249	
0.000294844	0.000294844	
0.000283504	0.000283504	
0.000293222	0.000293222	
0.000281945	0.000281945	
0.000271101	0.000271101	
0.000293128	0.000293128	
0.000281854	0.000281854	
0.000271013	0.000271013	
0.000281208	0.000281208	
0.000288923	0.000288923	
0.000277811	0.000277811	
0.000267126	0.000267126	
0.00028561	0.00028561	
0.000268449	0.000268449	
0.000260007	0.000260007	
0.000284373	0.000284373	
0.000293845	0.000293845	
0.000282543	0.000282543	
0.00029229	0.00029229	
0.0002828	0.0002828	
0.000271924	0.000271924	
0.000261465	0.000261465	
0.0002821	0.0002821	
0.000273133	0.000273133	
0.000262628	0.000262628	
0.000304531	0.000304531	
0.000292818	0.000292818	
0.000281556	0.000281556	
0.000291204	0.000291204	
0.000280004	0.000280004	
0.000269235	0.000269235	
0.000258879	0.000258879	
0.000273196	0.000273196	
0.000262689	0.000262689	
0.000252585	0.000252585	
0.000262359	0.000262359	
0.000243977	0.000243977	
0.000264976	0.000264976	
0.000254785	0.000254785	
0.000244985	0.000244985	
0.000258217	0.000258217	
0.000248285	0.000248285	
0.000238736	0.000238736	
0.000229554	0.000229554	
0.000220725	0.000220725	
0.000260556	0.000260556	
0.000250534	0.000250534	
0.000232609	0.000232609	
0.000223662	0.000223662	
0.000247486	0.000247486	
0.000237967	0.000237967	
0.000228815	0.000228815	
0.000205582	0.000205582	
0.000230081	0.000230081	
0.000221232	0.000221232	
0.000214475	0.000214475	
0.000204474	0.000204474	
0.000188472	0.000188472	
0.000231442	0.000231442	
0.000222541	0.000222541	
0.000213981	0.000213981	
0.000205751	0.000205751	
0.000220638	0.000220638	
0.000212152	0.000212152	
0.000203992	0.000203992	
0.000196147	0.000196147	
0.00021492	0.00021492	
0.000206653	0.000206653	
0.000198705	0.000198705	
0.000219661	0.000219661	
0.000211213	0.000211213	
0.000198676	0.000198676	
0.000211628	0.000211628	
0.000203489	0.000203489	
0.000228074	0.000228074	
0.000211168	0.000211168	
0.000203046	0.000203046	
0.000227623	0.000227623	
0.000209119	0.000209119	
0.00023301	0.00023301	
0.000243224	0.000243224	
0.000233869	0.000233869	
0.00024912	0.00024912	
0.000239539	0.000239539	
0.000230326	0.000230326	
0.000245581	0.000245581	
0.000236136	0.000236136	
0.000227053	0.000227053	
0.000238898	0.000238898	
0.000231766	0.000231766	
0.000271424	0.000271424	
0.00026304	0.00026304	
0.000238497	0.000238497	
0.000259668	0.000259668	
0.00024968	0.00024968	
0.000262698	0.000262698	
0.000252595	0.000252595	
0.000242879	0.000242879	
0.000255723	0.000255723	
0.000245888	0.000245888	
0.000287827	0.000287827	
0.000268629	0.000268629	
0.000258297	0.000258297	
0.00028275	0.00028275	
0.000263747	0.000263747	
0.000282165	0.000282165	
0.000271312	0.000271312	
0.000285249	0.000285249	
0.000274278	0.000274278	
0.000263729	0.000263729	
0.000276011	0.000276011	
0.000257117	0.000257117	
0.000279725	0.000279725	
0.000290128	0.000290128	
0.000297645	0.000297645	
0.000288078	0.000288078	
0.000309487	0.000309487	
0.000297583	0.000297583	
0.000318493	0.000318493	
0.000297968	0.000297968	
0.000286508	0.000286508	
0.000304311	0.000304311	
0.00031283	0.00031283	
0.000337084	0.000337084	
0.000317901	0.000317901	
0.000305674	0.000305674	
0.000322734	0.000322734	
0.000300015	0.000300015	
0.000290508	0.000290508	
0.000308021	0.000308021	
0.000287901	0.000287901	
0.000309297	0.000309297	
0.000315739	0.000315739	
0.000303596	0.000303596	
0.000316264	0.000316264	
0.0003041	0.0003041	
0.000292404	0.000292404	
0.000309836	0.000309836	
0.000289647	0.000289647	
0.000278507	0.000278507	
0.000300256	0.000300256	
0.000306797	0.000306797	
0.000288607	0.000288607	
0.000308235	0.000308235	
0.000289993	0.000289993	
0.00027884	0.00027884	
0.000268115	0.000268115	
0.000257803	0.000257803	
0.000279752	0.000279752	
0.000268993	0.000268993	
0.000258647	0.000258647	
0.000248699	0.000248699	
0.000271591	0.000271591	
0.000253026	0.000253026	
0.000243295	0.000243295	
0.000233937	0.000233937	
0.000245	0.000245	
0.000235577	0.000235577	
0.000255038	0.000255038	
0.000245229	0.000245229	
0.000235797	0.000235797	
0.000226728	0.000226728	
0.000218007	0.000218007	
0.000209622	0.000209622	
0.000193289	0.000193289	
0.000214656	0.000214656	
0.0002064	0.0002064	
0.000198462	0.000198462	
0.000190829	0.000190829	
0.00017537	0.00017537	
0.000219587	0.000219587	
0.000211141	0.000211141	
0.00020302	0.00020302	
0.000195212	0.000195212	
0.000177973	0.000177973	
0.000171128	0.000171128	
0.000164546	0.000164546	
0.000186026	0.000186026	
0.000175247	0.000175247	
0.000168506	0.000168506	
0.000155919	0.000155919	
0.000149922	0.000149922	
0.000174415	0.000174415	
0.000159589	0.000159589	
0.000155203	0.000155203	
0.000181685	0.000181685	
0.000163216	0.000163216	
0.00015869	0.00015869	
0.000186646	0.000186646	
0.000179467	0.000179467	
0.000172565	0.000172565	
0.000186321	0.000186321	
0.000179155	0.000179155	
0.000164271	0.000164271	
0.000188507	0.000188507	
0.00017503	0.00017503	
0.000168298	0.000168298	
0.000182193	0.000182193	
0.000177241	0.000177241	
0.000153246	0.000153246	
0.000194773	0.000194773	
0.000179167	0.000179167	
0.000153486	0.000153486	
0.00018367	0.00018367	
0.000190894	0.000190894	
0.000183552	0.000183552	
0.000178373	0.000178373	
0.000195828	0.000195828	
0.000188296	0.000188296	
0.000203476	0.000203476	
0.000187538	0.000187538	
0.000204462	0.000204462	
0.000186875	0.000186875	
0.000181441	0.000181441	
0.000206885	0.000206885	
0.000221041	0.000221041	
0.00021254	0.00021254	
0.000194643	0.000194643	
0.000219445	0.000219445	
0.000211005	0.000211005	
0.000223387	0.000223387	
0.000206533	0.000206533	
0.000230998	0.000230998	
0.000213877	0.000213877	
0.000237903	0.000237903	
0.000257501	0.000257501	
0.000239337	0.000239337	
0.00026173	0.00026173	
0.0002418	0.0002418	
0.000254743	0.000254743	
0.000244945	0.000244945	
0.000263989	0.000263989	
0.000253836	0.000253836	
0.000268355	0.000268355	
0.000258033	0.000258033	
0.000276694	0.000276694	
0.000290326	0.000290326	
0.000279159	0.000279159	
0.000264109	0.000264109	
0.000284141	0.000284141	
0.000267147	0.000267147	
0.000291539	0.000291539	
0.000274111	0.000274111	
0.000287838	0.000287838	
0.000276767	0.000276767	
0.000298492	0.000298492	
0.000287011	0.000287011	
0.000267718	0.000267718	
0.000286017	0.000286017	
0.000275016	0.000275016	
0.000266321	0.000266321	
0.000301549	0.000301549	
0.000291706	0.000291706	
0.000280487	0.000280487	
0.00030206	0.00030206	
0.000290443	0.000290443	
0.000299872	0.000299872	
0.000288338	0.000288338	
0.000277249	0.000277249	
0.000306033	0.000306033	
0.000308944	0.000308944	
0.000334792	0.000334792	
0.000342485	0.000342485	
0.000367917	0.000367917	
0.000391288	0.000391288	
0.00039517	0.00039517	
0.000418918	0.000418918	
0.000459477	0.000459477	
0.000499882	0.000499882	
0.000539035	0.000539035	
0.000537869	0.000537869	
0.000555747	0.000555747	
0.000585985	0.000585985	
0.000601833	0.000601833	
0.000617201	0.000617201	
0.000633013	0.000633013	
0.000645787	0.000645787	
0.000650409	0.000650409	
0.000664283	0.000664283	
0.00067771	0.00067771	
0.000690045	0.000690045	
0.000696446	0.000696446	
0.000692805	0.000692805	
0.000698925	0.000698925	
0.00070109	0.00070109	
0.000713349	0.000713349	
0.000736537	0.000736537	
