0	0	
2.19944e-13	2.19944e-13	
1.69086e-12	1.69086e-12	
5.48387e-12	5.48387e-12	
7.92339e-11	7.92339e-11	
1.48712e-10	1.48712e-10	
3.65355e-10	3.65355e-10	
8.95775e-10	8.95775e-10	
1.81757e-09	1.81757e-09	
3.20491e-09	3.20491e-09	
5.2637e-09	5.2637e-09	
8.76925e-09	8.76925e-09	
1.3583e-08	1.3583e-08	
2.11524e-08	2.11524e-08	
3.09257e-08	3.09257e-08	
4.35438e-08	4.35438e-08	
6.30562e-08	6.30562e-08	
8.52528e-08	8.52528e-08	
1.15019e-07	1.15019e-07	
1.50878e-07	1.50878e-07	
1.93451e-07	1.93451e-07	
2.4789e-07	2.4789e-07	
3.1145e-07	3.1145e-07	
3.91477e-07	3.91477e-07	
4.8287e-07	4.8287e-07	
5.96406e-07	5.96406e-07	
7.16035e-07	7.16035e-07	
8.49352e-07	8.49352e-07	
9.886e-07	9.886e-07	
1.14111e-06	1.14111e-06	
1.32327e-06	1.32327e-06	
1.5236e-06	1.5236e-06	
1.74116e-06	1.74116e-06	
1.98022e-06	1.98022e-06	
2.23992e-06	2.23992e-06	
2.51876e-06	2.51876e-06	
2.79946e-06	2.79946e-06	
3.12207e-06	3.12207e-06	
3.44162e-06	3.44162e-06	
3.81406e-06	3.81406e-06	
4.1775e-06	4.1775e-06	
4.60014e-06	4.60014e-06	
4.8947e-06	4.8947e-06	
5.40954e-06	5.40954e-06	
5.82926e-06	5.82926e-06	
6.1676e-06	6.1676e-06	
6.61679e-06	6.61679e-06	
7.20926e-06	7.20926e-06	
7.65092e-06	7.65092e-06	
8.11624e-06	8.11624e-06	
8.62647e-06	8.62647e-06	
9.09374e-06	9.09374e-06	
9.54727e-06	9.54727e-06	
1.01101e-05	1.01101e-05	
1.05603e-05	1.05603e-05	
1.09963e-05	1.09963e-05	
1.13869e-05	1.13869e-05	
1.18437e-05	1.18437e-05	
1.21564e-05	1.21564e-05	
1.25032e-05	1.25032e-05	
1.28767e-05	1.28767e-05	
1.33394e-05	1.33394e-05	
1.36989e-05	1.36989e-05	
1.39302e-05	1.39302e-05	
1.41586e-05	1.41586e-05	
1.43985e-05	1.43985e-05	
1.46213e-05	1.46213e-05	
1.46987e-05	1.46987e-05	
1.49159e-05	1.49159e-05	
1.49751e-05	1.49751e-05	
1.48259e-05	1.48259e-05	
1.52435e-05	1.52435e-05	
1.48828e-05	1.48828e-05	
1.55198e-05	1.55198e-05	
1.51088e-05	1.51088e-05	
1.51154e-05	1.51154e-05	
1.51139e-05	1.51139e-05	
1.51046e-05	1.51046e-05	
1.55856e-05	1.55856e-05	
1.55605e-05	1.55605e-05	
1.55279e-05	1.55279e-05	
1.5766e-05	1.5766e-05	
1.57184e-05	1.57184e-05	
1.56639e-05	1.56639e-05	
1.56029e-05	1.56029e-05	
1.55354e-05	1.55354e-05	
1.54619e-05	1.54619e-05	
1.56912e-05	1.56912e-05	
1.56044e-05	1.56044e-05	
1.5512e-05	1.5512e-05	
1.54143e-05	1.54143e-05	
1.53116e-05	1.53116e-05	
1.52041e-05	1.52041e-05	
1.50919e-05	1.50919e-05	
1.49754e-05	1.49754e-05	
1.49883e-05	1.49883e-05	
1.51375e-05	1.51375e-05	
1.50056e-05	1.50056e-05	
1.50166e-05	1.50166e-05	
1.47256e-05	1.47256e-05	
1.45836e-05	1.45836e-05	
1.45986e-05	1.45986e-05	
1.42847e-05	1.42847e-05	
1.48114e-05	1.48114e-05	
1.58133e-05	1.58133e-05	
1.56383e-05	1.56383e-05	
1.65667e-05	1.65667e-05	
1.50484e-05	1.50484e-05	
1.50646e-05	1.50646e-05	
1.54814e-05	1.54814e-05	
1.65226e-05	1.65226e-05	
1.50485e-05	1.50485e-05	
1.48551e-05	1.48551e-05	
1.46607e-05	1.46607e-05	
1.52248e-05	1.52248e-05	
1.50186e-05	1.50186e-05	
1.48118e-05	1.48118e-05	
1.526e-05	1.526e-05	
1.50432e-05	1.50432e-05	
1.56874e-05	1.56874e-05	
1.54579e-05	1.54579e-05	
1.52286e-05	1.52286e-05	
1.59259e-05	1.59259e-05	
1.56832e-05	1.56832e-05	
1.63153e-05	1.63153e-05	
1.60604e-05	1.60604e-05	
1.58065e-05	1.58065e-05	
1.64909e-05	1.64909e-05	
1.81447e-05	1.81447e-05	
1.58831e-05	1.58831e-05	
1.87449e-05	1.87449e-05	
1.84316e-05	1.84316e-05	
1.94032e-05	1.94032e-05	
1.88336e-05	1.88336e-05	
1.98495e-05	1.98495e-05	
1.95044e-05	1.95044e-05	
2.0434e-05	2.0434e-05	
1.96818e-05	1.96818e-05	
2.1056e-05	2.1056e-05	
2.17607e-05	2.17607e-05	
2.13653e-05	2.13653e-05	
2.23867e-05	2.23867e-05	
2.55818e-05	2.55818e-05	
2.28945e-05	2.28945e-05	
2.38171e-05	2.38171e-05	
2.70482e-05	2.70482e-05	
2.55919e-05	2.55919e-05	
2.90917e-05	2.90917e-05	
2.99937e-05	2.99937e-05	
3.09032e-05	3.09032e-05	
3.19896e-05	3.19896e-05	
3.29107e-05	3.29107e-05	
3.38396e-05	3.38396e-05	
3.65678e-05	3.65678e-05	
3.7476e-05	3.7476e-05	
3.83925e-05	3.83925e-05	
4.14024e-05	4.14024e-05	
4.40305e-05	4.40305e-05	
4.50909e-05	4.50909e-05	
4.75625e-05	4.75625e-05	
5.0652e-05	5.0652e-05	
5.33299e-05	5.33299e-05	
5.64367e-05	5.64367e-05	
5.95486e-05	5.95486e-05	
6.20058e-05	6.20058e-05	
6.53638e-05	6.53638e-05	
7.00862e-05	7.00862e-05	
7.24969e-05	7.24969e-05	
7.82076e-05	7.82076e-05	
8.2955e-05	8.2955e-05	
8.57566e-05	8.57566e-05	
8.85669e-05	8.85669e-05	
9.36495e-05	9.36495e-05	
9.87296e-05	9.87296e-05	
0.000103807	0.000103807	
0.000108883	0.000108883	
0.000113957	0.000113957	
0.000119303	0.000119303	
0.000124092	0.000124092	
0.000129165	0.000129165	
0.000134238	0.000134238	
0.000139313	0.000139313	
0.000144685	0.000144685	
0.000152463	0.000152463	
0.000157474	0.000157474	
0.00016249	0.00016249	
0.000167195	0.000167195	
0.000172229	0.000172229	
0.000180193	0.000180193	
0.00018847	0.00018847	
0.000193712	0.000193712	
0.000204743	0.000204743	
0.000212625	0.000212625	
0.000220844	0.000220844	
0.000228691	0.000228691	
0.000236529	0.000236529	
0.000244722	0.000244722	
0.000256249	0.000256249	
0.000263961	0.000263961	
0.000275494	0.000275494	
0.000293989	0.000293989	
0.000301725	0.000301725	
0.000309063	0.000309063	
0.000316814	0.000316814	
0.000324159	0.000324159	
0.000335262	0.000335262	
0.000346759	0.000346759	
0.000353938	0.000353938	
0.000365477	0.000365477	
0.000378759	0.000378759	
0.000387516	0.000387516	
0.000393102	0.000393102	
0.000401949	0.000401949	
0.000413586	0.000413586	
0.000420011	0.000420011	
0.000426952	0.000426952	
0.000434408	0.000434408	
0.000446303	0.000446303	
0.000453699	0.000453699	
0.000465152	0.000465152	
0.000472504	0.000472504	
0.000484539	0.000484539	
0.000495501	0.000495501	
0.000518671	0.000518671	
0.000529832	0.000529832	
0.000540986	0.000540986	
0.000553238	0.000553238	
0.000564355	0.000564355	
0.000576037	0.000576037	
0.000581994	0.000581994	
0.00060773	0.00060773	
0.000619175	0.000619175	
0.000635963	0.000635963	
0.000652678	0.000652678	
0.000663855	0.000663855	
0.000691693	0.000691693	
0.000708062	0.000708062	
0.0007206	0.0007206	
0.000735045	0.000735045	
0.000752711	0.000752711	
0.000767683	0.000767683	
0.000785302	0.000785302	
0.000796135	0.000796135	
0.000811103	0.000811103	
0.000851443	0.000851443	
0.000873966	0.000873966	
0.000902003	0.000902003	
0.000924126	0.000924126	
0.000939006	0.000939006	
0.000960402	0.000960402	
0.000982418	0.000982418	
0.000996212	0.000996212	
0.00101901	0.00101901	
0.00103945	0.00103945	
0.00106133	0.00106133	
0.0010964	0.0010964	
0.00111697	0.00111697	
0.00114542	0.00114542	
0.00119221	0.00119221	
0.0012312	0.0012312	
0.00125089	0.00125089	
0.00129304	0.00129304	
0.00132891	0.00132891	
0.00136872	0.00136872	
0.00141162	0.00141162	
0.00146191	0.00146191	
0.00151435	0.00151435	
0.00156621	0.00156621	
0.00162205	0.00162205	
0.00167641	0.00167641	
0.00175488	0.00175488	
0.00180745	0.00180745	
0.0018782	0.0018782	
0.00193115	0.00193115	
0.00200078	0.00200078	
0.00207827	0.00207827	
0.00214025	0.00214025	
0.00222427	0.00222427	
0.00230029	0.00230029	
0.00237446	0.00237446	
0.00244985	0.00244985	
0.00256027	0.00256027	
0.00266092	0.00266092	
0.00276031	0.00276031	
0.00284798	0.00284798	
0.00294746	0.00294746	
0.00304351	0.00304351	
0.00312121	0.00312121	
0.00322226	0.00322226	
0.00331655	0.00331655	
0.0034087	0.0034087	
0.00348632	0.00348632	
0.00358717	0.00358717	
0.00366268	0.00366268	
0.00374	0.00374	
0.00381425	0.00381425	
0.00388687	0.00388687	
0.00402698	0.00402698	
0.00417497	0.00417497	
0.00435758	0.00435758	
0.00452032	0.00452032	
0.00467588	0.00467588	
0.00486567	0.00486567	
0.00505274	0.00505274	
0.00523074	0.00523074	
0.00541024	0.00541024	
0.00560808	0.00560808	
0.00579919	0.00579919	
0.00597708	0.00597708	
0.00615539	0.00615539	
0.00633953	0.00633953	
0.0065485	0.0065485	
0.00677096	0.00677096	
0.00698747	0.00698747	
0.00723323	0.00723323	
0.00744312	0.00744312	
0.00766721	0.00766721	
0.00792839	0.00792839	
0.00818886	0.00818886	
0.0084822	0.0084822	
0.00883588	0.00883588	
0.00917208	0.00917208	
0.00954648	0.00954648	
0.00990596	0.00990596	
0.0103818	0.0103818	
0.0108801	0.0108801	
0.0113391	0.0113391	
0.011797	0.011797	
0.0122853	0.0122853	
0.0128051	0.0128051	
0.0132859	0.0132859	
0.0137251	0.0137251	
0.014138	0.014138	
0.0146304	0.0146304	
0.0151531	0.0151531	
0.0156042	0.0156042	
0.0161057	0.0161057	
0.0166367	0.0166367	
0.0172161	0.0172161	
0.0177811	0.0177811	
0.0183562	0.0183562	
0.0188942	0.0188942	
0.0195091	0.0195091	
0.020116	0.020116	
0.0206721	0.0206721	
0.0212815	0.0212815	
0.0219436	0.0219436	
0.0226118	0.0226118	
0.0232416	0.0232416	
0.0239406	0.0239406	
0.0245833	0.0245833	
0.0251536	0.0251536	
0.0257696	0.0257696	
0.0264636	0.0264636	
0.0270926	0.0270926	
0.0276659	0.0276659	
0.028275	0.028275	
0.0288995	0.0288995	
0.0296054	0.0296054	
0.0303051	0.0303051	
0.0309277	0.0309277	
0.0316074	0.0316074	
0.0323707	0.0323707	
0.033087	0.033087	
0.0337491	0.0337491	
0.0344175	0.0344175	
0.0351686	0.0351686	
0.0359496	0.0359496	
0.0367928	0.0367928	
0.0374145	0.0374145	
0.0381537	0.0381537	
0.0390153	0.0390153	
0.0398464	0.0398464	
0.0406878	0.0406878	
0.041407	0.041407	
0.0421373	0.0421373	
0.0430208	0.0430208	
0.0437787	0.0437787	
0.0446038	0.0446038	
0.0453616	0.0453616	
0.0461266	0.0461266	
0.0470477	0.0470477	
0.0478602	0.0478602	
0.0489074	0.0489074	
0.0498537	0.0498537	
0.0505821	0.0505821	
0.0516336	0.0516336	
0.052524	0.052524	
0.0534105	0.0534105	
0.0541851	0.0541851	
0.0550949	0.0550949	
0.0561046	0.0561046	
0.057077	0.057077	
0.0581474	0.0581474	
0.0589201	0.0589201	
0.0597423	0.0597423	
0.0606421	0.0606421	
0.0616264	0.0616264	
0.062393	0.062393	
0.0631898	0.0631898	
0.0642486	0.0642486	
0.0651163	0.0651163	
0.0660951	0.0660951	
0.066952	0.066952	
0.0679576	0.0679576	
0.0690173	0.0690173	
0.0701311	0.0701311	
0.0712159	0.0712159	
0.0721359	0.0721359	
0.0732405	0.0732405	
0.0744664	0.0744664	
0.0756225	0.0756225	
0.0766405	0.0766405	
0.0778618	0.0778618	
0.0790841	0.0790841	
0.0802953	0.0802953	
0.0814574	0.0814574	
0.082472	0.082472	
0.0835639	0.0835639	
0.0844568	0.0844568	
0.0855754	0.0855754	
0.0866256	0.0866256	
0.0879625	0.0879625	
0.0890496	0.0890496	
0.0901852	0.0901852	
0.0914657	0.0914657	
0.0927903	0.0927903	
0.0940269	0.0940269	
0.0954743	0.0954743	
0.0968517	0.0968517	
0.0982793	0.0982793	
0.0997721	0.0997721	
0.10131	0.10131	
0.102729	0.102729	
0.104341	0.104341	
0.105911	0.105911	
0.107164	0.107164	
0.108798	0.108798	
0.110387	0.110387	
0.111899	0.111899	
0.113741	0.113741	
0.115449	0.115449	
0.117114	0.117114	
0.118863	0.118863	
0.12079	0.12079	
0.122476	0.122476	
0.124307	0.124307	
0.126311	0.126311	
0.128166	0.128166	
0.130025	0.130025	
0.132079	0.132079	
0.134096	0.134096	
0.136389	0.136389	
0.138453	0.138453	
0.140385	0.140385	
0.142507	0.142507	
0.14482	0.14482	
0.146954	0.146954	
0.149085	0.149085	
0.151164	0.151164	
0.153115	0.153115	
0.155555	0.155555	
0.157894	0.157894	
0.160533	0.160533	
0.163122	0.163122	
0.165811	0.165811	
0.168425	0.168425	
0.1708	0.1708	
0.173447	0.173447	
0.176257	0.176257	
0.179087	0.179087	
0.182105	0.182105	
0.18484	0.18484	
0.188178	0.188178	
0.191456	0.191456	
0.194833	0.194833	
0.197911	0.197911	
0.201088	0.201088	
0.204667	0.204667	
0.208051	0.208051	
0.212013	0.212013	
0.215464	0.215464	
0.218959	0.218959	
0.222629	0.222629	
0.225974	0.225974	
0.229476	0.229476	
0.23333	0.23333	
0.237087	0.237087	
0.240954	0.240954	
0.244969	0.244969	
0.249046	0.249046	
0.252949	0.252949	
0.257527	0.257527	
0.261828	0.261828	
0.266289	0.266289	
0.270907	0.270907	
0.275474	0.275474	
0.279809	0.279809	
0.284378	0.284378	
0.288727	0.288727	
0.293297	0.293297	
0.297747	0.297747	
0.301802	0.301802	
0.306128	0.306128	
0.310557	0.310557	
0.315192	0.315192	
0.32022	0.32022	
0.325026	0.325026	
0.33002	0.33002	
0.334722	0.334722	
0.339988	0.339988	
0.345189	0.345189	
0.350579	0.350579	
0.355747	0.355747	
0.361211	0.361211	
0.366498	0.366498	
0.371895	0.371895	
0.376922	0.376922	
0.382405	0.382405	
0.387784	0.387784	
0.393646	0.393646	
0.399484	0.399484	
0.405617	0.405617	
0.411652	0.411652	
0.418008	0.418008	
0.423968	0.423968	
0.430363	0.430363	
0.436391	0.436391	
0.442994	0.442994	
0.449805	0.449805	
0.456388	0.456388	
0.463224	0.463224	
0.469957	0.469957	
0.477341	0.477341	
0.484061	0.484061	
0.491129	0.491129	
0.497917	0.497917	
0.504857	0.504857	
0.511848	0.511848	
0.519687	0.519687	
0.527721	0.527721	
0.535964	0.535964	
0.54446	0.54446	
0.552843	0.552843	
0.562119	0.562119	
0.570487	0.570487	
0.579021	0.579021	
0.587351	0.587351	
0.59611	0.59611	
0.605177	0.605177	
0.614168	0.614168	
0.623939	0.623939	
0.63331	0.63331	
0.643032	0.643032	
0.652217	0.652217	
0.66193	0.66193	
0.671369	0.671369	
0.681179	0.681179	
0.691288	0.691288	
0.702173	0.702173	
0.713556	0.713556	
0.725337	0.725337	
0.736863	0.736863	
0.748467	0.748467	
0.760501	0.760501	
0.772792	0.772792	
0.78564	0.78564	
0.797976	0.797976	
0.810208	0.810208	
0.82219	0.82219	
0.834111	0.834111	
0.846365	0.846365	
0.859245	0.859245	
0.872356	0.872356	
0.885795	0.885795	
0.899208	0.899208	
0.912772	0.912772	
0.926044	0.926044	
0.939595	0.939595	
0.953248	0.953248	
0.967623	0.967623	
0.982723	0.982723	
0.997971	0.997971	
1.01351	1.01351	
1.02933	1.02933	
1.04554	1.04554	
1.06255	1.06255	
1.08018	1.08018	
1.09759	1.09759	
1.11525	1.11525	
1.13284	1.13284	
1.14981	1.14981	
1.16633	1.16633	
1.18226	1.18226	
1.19829	1.19829	
1.21434	1.21434	
1.23134	1.23134	
1.24864	1.24864	
1.26567	1.26567	
1.28185	1.28185	
1.29787	1.29787	
1.31467	1.31467	
1.3313	1.3313	
1.34811	1.34811	
1.36441	1.36441	
1.38059	1.38059	
1.39738	1.39738	
1.41481	1.41481	
1.43258	1.43258	
1.45001	1.45001	
1.467	1.467	
1.48442	1.48442	
1.5023	1.5023	
1.51923	1.51923	
1.53528	1.53528	
1.55142	1.55142	
1.56781	1.56781	
1.58583	1.58583	
1.60504	1.60504	
1.6244	1.6244	
1.6442	1.6442	
1.66396	1.66396	
1.6829	1.6829	
1.70238	1.70238	
1.72166	1.72166	
1.74219	1.74219	
1.76376	1.76376	
1.78533	1.78533	
1.80779	1.80779	
1.83104	1.83104	
1.85386	1.85386	
1.87631	1.87631	
1.89899	1.89899	
1.9222	1.9222	
1.94598	1.94598	
1.96907	1.96907	
1.99269	1.99269	
2.01685	2.01685	
2.04037	2.04037	
2.06312	2.06312	
2.08528	2.08528	
2.10708	2.10708	
2.12853	2.12853	
2.14965	2.14965	
2.17089	2.17089	
2.19151	2.19151	
2.21202	2.21202	
2.2325	2.2325	
2.25317	2.25317	
2.27406	2.27406	
2.29508	2.29508	
2.31496	2.31496	
2.33466	2.33466	
2.35437	2.35437	
2.37346	2.37346	
2.39386	2.39386	
2.41452	2.41452	
2.43603	2.43603	
2.45858	2.45858	
2.48294	2.48294	
2.5076	2.5076	
2.533	2.533	
2.55996	2.55996	
2.5862	2.5862	
2.61267	2.61267	
2.63974	2.63974	
2.66792	2.66792	
2.69572	2.69572	
2.72394	2.72394	
2.75324	2.75324	
2.78312	2.78312	
2.81463	2.81463	
2.845	2.845	
2.87347	2.87347	
2.90061	2.90061	
2.92706	2.92706	
2.95182	2.95182	
2.97577	2.97577	
2.99821	2.99821	
3.01968	3.01968	
3.04118	3.04118	
3.06319	3.06319	
3.08431	3.08431	
3.10437	3.10437	
3.12272	3.12272	
3.14045	3.14045	
3.15844	3.15844	
3.17731	3.17731	
3.19658	3.19658	
3.21786	3.21786	
3.24046	3.24046	
3.26482	3.26482	
3.29007	3.29007	
3.31639	3.31639	
3.34194	3.34194	
3.36913	3.36913	
3.39627	3.39627	
3.4254	3.4254	
3.45492	3.45492	
3.48425	3.48425	
3.51323	3.51323	
3.54301	3.54301	
3.57373	3.57373	
3.60274	3.60274	
3.62994	3.62994	
3.65623	3.65623	
3.68158	3.68158	
3.70652	3.70652	
3.7305	3.7305	
3.75341	3.75341	
3.77463	3.77463	
3.79485	3.79485	
3.81598	3.81598	
3.83641	3.83641	
3.85753	3.85753	
3.87939	3.87939	
3.90306	3.90306	
3.92716	3.92716	
3.95277	3.95277	
3.97805	3.97805	
4.00408	4.00408	
4.03098	4.03098	
4.05722	4.05722	
4.08314	4.08314	
4.10849	4.10849	
4.13447	4.13447	
4.16167	4.16167	
4.18738	4.18738	
4.21283	4.21283	
4.23614	4.23614	
4.25749	4.25749	
4.2778	4.2778	
4.29692	4.29692	
4.31643	4.31643	
4.33357	4.33357	
4.34969	4.34969	
4.36452	4.36452	
4.37979	4.37979	
4.39628	4.39628	
4.41402	4.41402	
4.43201	4.43201	
4.45032	4.45032	
4.47033	4.47033	
4.49314	4.49314	
4.51716	4.51716	
4.54173	4.54173	
4.566	4.566	
4.59203	4.59203	
4.62111	4.62111	
4.65085	4.65085	
4.67732	4.67732	
4.70218	4.70218	
4.7256	4.7256	
4.74598	4.74598	
4.76448	4.76448	
4.78235	4.78235	
4.79938	4.79938	
4.81558	4.81558	
4.83043	4.83043	
4.84487	4.84487	
4.85808	4.85808	
4.87039	4.87039	
4.88316	4.88316	
4.89736	4.89736	
4.91253	4.91253	
4.92932	4.92571	
4.94655	4.93488	
4.96474	4.9425	
4.98665	4.94861	
5.01007	4.95325	
5.0337	4.95648	
5.05596	4.95834	
5.07645	4.95886	
5.09407	4.95811	
5.10973	4.9561	
5.12234	4.95289	
5.13322	4.94852	
5.14296	4.94302	
5.15127	4.93643	
5.15792	4.92879	
5.16263	4.92013	
5.16523	4.91049	
5.16652	4.8999	
5.16766	4.88839	
5.17115	4.876	
5.17781	4.86276	
5.18676	4.8487	
5.19758	4.83384	
5.21093	4.81823	
5.22761	4.80188	
5.24559	4.78482	
5.26353	4.76709	
5.27839	4.7487	
5.2903	4.72968	
5.29952	4.71007	
5.30669	4.68987	
5.31284	4.66912	
5.31838	4.64784	
5.32132	4.62605	
5.32108	4.60377	
5.3186	4.58103	
5.31327	4.55784	
5.30765	4.53423	
5.3019	4.51021	
5.29821	4.48581	
5.298	4.46104	
5.30011	4.43592	
5.30337	4.41047	
5.30874	4.3847	
5.31656	4.35864	
5.32486	4.33229	
5.33344	4.30568	
5.33937	4.27882	
5.34374	4.25172	
5.3454	4.2244	
5.34607	4.19687	
5.34585	4.16915	
5.34334	4.14125	
5.33637	4.11318	
5.32583	4.08496	
5.31232	4.05659	
5.29737	4.02809	
5.28129	3.99948	
5.26509	3.97075	
5.24981	3.94193	
5.2366	3.91302	
5.22558	3.88404	
5.21812	3.85499	
5.21308	3.82588	
5.20853	3.79672	
5.20333	3.76753	
5.19749	3.7383	
5.19047	3.70905	
5.18226	3.67979	
5.17264	3.65052	
5.16186	3.62126	
5.15139	3.592	
5.13926	3.56276	
5.12516	3.53355	
5.10947	3.50436	
5.09302	3.47522	
5.07541	3.44611	
5.05784	3.41705	
5.04033	3.38805	
5.02247	3.35911	
5.00598	3.33024	
4.9923	3.30144	
4.98179	3.27271	
4.9737	3.24407	
4.96733	3.21551	
4.96016	3.18704	
4.95196	3.15867	
4.9422	3.13039	
4.92933	3.10222	
4.91486	3.07416	
4.90002	3.04621	
4.88521	3.01837	
4.8696	2.99065	
4.85196	2.96305	
4.83292	2.93558	
4.81192	2.90824	
4.78885	2.88102	
4.76506	2.85394	
4.74243	2.82699	
4.72175	2.80019	
4.70283	2.77352	
4.68498	2.747	
4.66877	2.72062	
4.65378	2.69439	
4.63979	2.66831	
4.62567	2.64238	
4.6102	2.61661	
4.59271	2.59099	
4.574	2.56552	
4.55324	2.54022	
4.53129	2.51507	
4.50836	2.49008	
4.48379	2.46526	
4.45782	2.4406	
4.43183	2.41611	
4.40526	2.39177	
4.37889	2.36761	
4.35281	2.34361	
4.32696	2.31978	
4.30251	2.29612	
4.27969	2.27263	
4.25731	2.24931	
4.23692	2.22616	
4.21845	2.20318	
4.20317	2.18037	
4.19009	2.15774	
4.17752	2.13527	
4.16318	2.11298	
4.14669	2.09086	
4.12887	2.06891	
4.10893	2.04714	
4.08635	2.02553	
4.06293	2.0041	
4.03852	1.98285	
4.01413	1.96176	
3.98909	1.94085	
3.96229	1.92011	
3.9357	1.89955	
3.90829	1.87915	
3.88054	1.85893	
3.85351	1.83887	
3.82734	1.81899	
3.803	1.79928	
3.78112	1.77974	
3.7613	1.76037	
3.74349	1.74117	
3.72742	1.72213	
3.71309	1.70327	
3.70042	1.68457	
3.68847	1.66604	
3.67504	1.64768	
3.65852	1.62948	
3.63946	1.61145	
3.61743	1.59358	
3.59359	1.57587	
3.56793	1.55833	
3.54154	1.54095	
3.51413	1.52374	
3.48658	1.50668	
3.4577	1.48978	
3.42873	1.47305	
3.39868	1.45647	
3.36766	1.44005	
3.33736	1.42378	
3.30912	1.40768	
3.28287	1.39172	
3.25857	1.37592	
3.23609	1.36028	
3.21465	1.34479	
3.195	1.32944	
3.17795	1.31425	
3.16126	1.29921	
3.14525	1.28432	
3.12911	1.26957	
3.11289	1.25498	
3.09692	1.24052	
3.07994	1.22622	
3.06228	1.21205	
3.04285	1.19803	
3.02139	1.18415	
2.99911	1.17042	
2.97551	1.15682	
2.95129	1.14336	
2.92726	1.13004	
2.9033	1.11686	
2.87878	1.10381	
2.85326	1.0909	
2.82798	1.07812	
2.80339	1.06547	
2.77998	1.05296	
2.75735	1.04058	
2.73517	1.02832	
2.71169	1.0162	
2.68802	1.0042	
2.66492	0.992332	
2.64336	0.980588	
2.62361	0.968969	
2.60495	0.957474	
2.58676	0.946101	
2.56792	0.93485	
2.54786	0.92372	
2.52824	0.91271	
2.50918	0.901818	
2.48953	0.891044	
2.46995	0.880386	
2.45094	0.869845	
2.43238	0.859417	
2.41382	0.849104	
2.39628	0.838903	
2.37881	0.828814	
2.36223	0.818836	
2.34615	0.808967	
2.32982	0.799207	
2.31274	0.789554	
2.29414	0.780009	
2.27515	0.770569	
2.25562	0.761234	
2.23566	0.752003	
2.21584	0.742875	
2.19637	0.733848	
2.17792	0.724923	
2.15834	0.716097	
2.13714	0.707371	
2.11468	0.698743	
2.09224	0.690212	
2.07127	0.681778	
2.05001	0.673438	
2.02885	0.665194	
2.00738	0.657042	
1.98698	0.648984	
1.96706	0.641017	
1.94723	0.633141	
1.92792	0.625355	
1.90954	0.617658	
1.89153	0.610049	
1.87424	0.602528	
1.85739	0.595092	
1.84102	0.587743	
1.82557	0.580478	
1.81155	0.573297	
1.7974	0.566199	
1.78214	0.559184	
1.76648	0.552249	
1.75091	0.545396	
1.73562	0.538622	
1.72092	0.531926	
1.70589	0.525309	
1.69064	0.518769	
1.67551	0.512306	
1.66109	0.505918	
1.64696	0.499605	
1.63218	0.493367	
1.61738	0.487201	
1.60257	0.481108	
1.58812	0.475087	
1.57493	0.469137	
1.56237	0.463258	
1.55055	0.457448	
1.53902	0.451706	
1.52729	0.446033	
1.51569	0.440427	
1.5044	0.434888	
1.4921	0.429415	
1.47913	0.424007	
1.46558	0.418663	
1.45173	0.413383	
1.43838	0.408167	
1.42546	0.403013	
1.41313	0.39792	
1.39992	0.392889	
1.38681	0.387918	
1.37237	0.383007	
1.35831	0.378155	
1.34452	0.373361	
1.33122	0.368625	
1.31799	0.363947	
1.30423	0.359325	
1.28985	0.354759	
1.2755	0.350248	
1.26165	0.345792	
1.24864	0.34139	
1.23686	0.337041	
1.22575	0.332745	
1.21505	0.328502	
1.20332	0.32431	
1.19145	0.320169	
1.17879	0.316079	
1.16656	0.312039	
1.1543	0.308048	
1.14311	0.304107	
1.13203	0.300213	
1.12117	0.296367	
1.11005	0.292568	
1.09921	0.288816	
1.08691	0.285111	
1.07491	0.28145	
1.0624	0.277835	
1.0502	0.274264	
1.03835	0.270738	
1.0267	0.267255	
1.01578	0.263815	
1.00449	0.260417	
0.993743	0.257062	
0.982969	0.253748	
0.972364	0.250475	
0.96171	0.247243	
0.951093	0.244051	
0.941079	0.240899	
0.930849	0.237786	
0.920846	0.234711	
0.910863	0.231675	
0.901274	0.228677	
0.891582	0.225716	
0.881545	0.222792	
0.871457	0.219905	
0.86137	0.217054	
0.85058	0.214238	
0.840586	0.211458	
0.830579	0.208712	
0.82087	0.206001	
0.8113	0.203324	
0.802106	0.200681	
0.792827	0.19807	
0.784363	0.195493	
0.776407	0.192948	
0.768437	0.190435	
0.759887	0.187954	
0.751062	0.185504	
0.741861	0.183085	
0.732836	0.180696	
0.724187	0.178338	
0.715508	0.176009	
0.706674	0.17371	
0.697859	0.17144	
0.689281	0.169199	
0.680397	0.166986	
0.671709	0.164801	
0.662549	0.162644	
0.653476	0.160515	
0.644415	0.158412	
0.636073	0.156336	
0.627199	0.154287	
0.618433	0.152263	
0.609927	0.150266	
0.601163	0.148294	
0.593019	0.146347	
0.585642	0.144424	
0.577976	0.142527	
0.570591	0.140653	
0.563261	0.138804	
0.555922	0.136978	
0.548007	0.135176	
0.540114	0.133396	
0.532786	0.13164	
0.525581	0.129906	
0.5181	0.128194	
0.511204	0.126504	
0.503545	0.124836	
0.496319	0.123189	
0.488652	0.121563	
0.481731	0.119959	
0.474767	0.118375	
0.467931	0.116811	
0.460902	0.115267	
0.454785	0.113744	
0.448063	0.11224	
0.441325	0.110755	
0.434465	0.10929	
0.428214	0.107843	
0.421852	0.106415	
0.415742	0.105006	
0.409762	0.103615	
0.404036	0.102241	
0.398565	0.100886	
0.392875	0.0995481	
0.386879	0.0982276	
0.381031	0.0969241	
0.375229	0.0956376	
0.36983	0.0943677	
0.363963	0.0931143	
0.358496	0.0918772	
0.353421	0.0906561	
0.347997	0.0894509	
0.343222	0.0882614	
0.338568	0.0870874	
0.333669	0.0859286	
0.328958	0.0847849	
0.324281	0.0836561	
0.319338	0.082542	
0.314975	0.0814425	
0.310568	0.0803572	
0.305967	0.0792862	
0.3012	0.078229	
0.297319	0.0771858	
0.29272	0.0761561	
0.288734	0.0751399	
0.284805	0.0741369	
0.280844	0.0731471	
0.276477	0.0721702	
0.272278	0.0712061	
0.268634	0.0702547	
0.264693	0.0693157	
0.260649	0.068389	
0.256842	0.0674744	
0.25335	0.0665718	
0.249108	0.0656811	
0.244749	0.0648021	
0.241214	0.0639346	
0.237593	0.0630785	
0.234489	0.0622336	
0.230934	0.0613999	
0.227445	0.0605771	
0.224362	0.0597651	
0.220798	0.0589638	
0.217988	0.0581731	
0.214526	0.0573928	
0.211108	0.0566227	
0.208204	0.0558628	
0.205077	0.0551129	
0.202028	0.0543729	
0.199087	0.0536427	
0.195772	0.0529221	
0.192968	0.052211	
0.19029	0.0515093	
0.187549	0.0508168	
0.184904	0.0501336	
0.182404	0.0494593	
0.179547	0.048794	
0.177073	0.0481374	
0.175016	0.0474896	
0.17317	0.0468503	
0.17117	0.0462195	
0.169685	0.045597	
0.16787	0.0449828	
0.165522	0.0443767	
0.163763	0.0437787	
0.16203	0.0431885	
0.160255	0.0426063	
0.158354	0.0420317	
0.156715	0.0414648	
0.15486	0.0409054	
0.152736	0.0403534	
0.150641	0.0398087	
0.149066	0.0392713	
0.14751	0.0387411	
0.145829	0.0382178	
0.143796	0.0377016	
0.142306	0.0371922	
0.14054	0.0366896	
0.138656	0.0361937	
0.136913	0.0357044	
0.135831	0.0352216	
0.134719	0.0347452	
0.133331	0.0342752	
0.131998	0.0338114	
0.131033	0.0333539	
0.129888	0.0329024	
0.128329	0.032457	
0.126917	0.0320175	
0.125439	0.0315839	
0.124228	0.031156	
0.122952	0.0307339	
0.121374	0.0303174	
0.119566	0.0299065	
0.117762	0.0295011	
0.116285	0.0291011	
0.114872	0.0287065	
0.113127	0.0283171	
0.111637	0.0279329	
0.110267	0.0275539	
0.10909	0.02718	
0.108071	0.026811	
0.106589	0.0264471	
0.105434	0.0260879	
0.103955	0.0257336	
0.102792	0.0253841	
0.101806	0.0250392	
0.100675	0.024699	
0.0994998	0.0243633	
0.0981251	0.0240321	
0.0968268	0.0237054	
0.0957676	0.0233831	
0.0944748	0.0230651	
0.0931366	0.0227513	
0.0919006	0.0224418	
0.0905356	0.0221365	
0.0889813	0.0218352	
0.0877319	0.021538	
0.0868665	0.0212448	
0.0859282	0.0209555	
0.085211	0.0206701	
0.0841059	0.0203886	
0.0835266	0.0201109	
0.0828141	0.0198369	
0.0820761	0.0195666	
0.0812649	0.0192999	
0.0807804	0.0190368	
0.0801273	0.0187773	
0.0791739	0.0185212	
0.0780142	0.0182686	
0.0769339	0.0180195	
0.0760912	0.0177736	
0.0748724	0.0175311	
0.0739404	0.0172919	
0.0729828	0.0170559	
0.0719449	0.0168231	
0.0707105	0.0165934	
0.0696174	0.0163668	
0.0684894	0.0161433	
0.0676455	0.0159228	
0.0669278	0.0157053	
0.0660499	0.0154908	
0.0652739	0.0152791	
0.064726	0.0150703	
0.0639849	0.0148643	
0.0637148	0.0146611	
0.0629637	0.0144606	
0.0621143	0.0142629	
0.0610376	0.0140678	
0.0602806	0.0138754	
0.0594028	0.0136856	
0.0584659	0.0134984	
0.0573763	0.0133137	
0.0564938	0.0131315	
0.0554534	0.0129517	
0.0542988	0.0127744	
0.053101	0.0125995	
0.0522557	0.012427	
0.0513781	0.0122568	
0.0507285	0.0120889	
0.0501632	0.0119233	
0.0493673	0.01176	
0.0492013	0.0115988	
0.0488087	0.0114399	
0.0488557	0.0112831	
0.0485497	0.0111284	
0.0485006	0.0109759	
0.0480068	0.0108254	
0.0475531	0.0106769	
0.0473822	0.0105305	
0.0465703	0.0103861	
0.0460384	0.0102436	
0.0452745	0.010103	
0.0445833	0.00996441	
0.0440857	0.00982766	
0.0434165	0.00969278	
0.0424851	0.00955973	
0.0419062	0.00942849	
0.0409971	0.00929904	
0.0405662	0.00917135	
0.0397349	0.0090454	
0.0391327	0.00892116	
0.0385335	0.00879861	
0.0382112	0.00867774	
0.0381163	0.00855851	
0.038166	0.0084409	
0.0380161	0.0083249	
0.0379223	0.00821047	
0.0375648	0.00809761	
0.0372061	0.00798629	
0.0365282	0.00787648	
0.0357904	0.00776817	
0.0349199	0.00766134	
0.0344379	0.00755597	
0.0334105	0.00745203	
0.0330448	0.00734951	
0.0324943	0.00724839	
0.0320864	0.00714865	
0.031787	0.00705028	
0.031726	0.00695324	
0.031243	0.00685753	
0.03119	0.00676313	
0.0309471	0.00667002	
0.0309316	0.00657818	
0.0309311	0.00648759	
0.0308618	0.00639824	
0.0308731	0.00631012	
0.030839	0.0062232	
0.0307709	0.00613746	
0.0304657	0.0060529	
0.0302243	0.0059695	
0.0297762	0.00588723	
0.0291312	0.00580609	
0.0285258	0.00572607	
0.0279098	0.00564713	
0.0271235	0.00556928	
0.0266805	0.00549249	
0.026141	0.00541675	
0.0256494	0.00534205	
0.0256104	0.00526838	
0.0255333	0.00519571	
0.0252714	0.00512404	
0.025155	0.00505335	
0.0249055	0.00498362	
0.0245465	0.00491486	
0.0244321	0.00484703	
0.024209	0.00478014	
0.0236266	0.00471416	
0.0234768	0.00464908	
0.0230503	0.0045849	
0.0222731	0.0045216	
0.0219913	0.00445917	
0.0213827	0.00439759	
0.0208253	0.00433686	
0.0203299	0.00427696	
0.0199862	0.00421788	
0.0199591	0.00415961	
0.0197025	0.00410215	
0.0196684	0.00404547	
0.0202972	0.00398957	
0.0203713	0.00393444	
0.020393	0.00388006	
0.0201255	0.00382643	
0.0197822	0.00377354	
0.0191259	0.00372137	
0.0185934	0.00366992	
0.0180507	0.00361918	
0.0176246	0.00356914	
0.0172717	0.00351978	
0.0170255	0.0034711	
0.0167461	0.00342309	
0.0163662	0.00337574	
0.0160296	0.00332904	
0.0161025	0.00328299	
0.015751	0.00323756	
0.0158779	0.00319276	
0.0157552	0.00314858	
0.0157671	0.00310501	
0.0158954	0.00306203	
0.0157798	0.00301965	
0.0154449	0.00297785	
0.0150738	0.00293662	
0.0149074	0.00289596	
0.0141812	0.00285587	
0.0140347	0.00281632	
0.013407	0.00277732	
0.01292	0.00273885	
0.0125675	0.00270092	
0.0121345	0.00266351	
0.011927	0.00262661	
0.0116959	0.00259022	
0.0121763	0.00255433	
0.0125919	0.00251894	
0.0134245	0.00248404	
0.0145527	0.00244961	
0.0154696	0.00241566	
0.0156201	0.00238218	
0.0151658	0.00234916	
0.0143445	0.0023166	
0.0138088	0.00228448	
0.0131616	0.00225281	
0.0126701	0.00222157	
0.0120579	0.00219077	
0.0116076	0.00216039	
0.0110419	0.00213042	
0.0105118	0.00210088	
0.0101518	0.00207174	
0.00977264	0.00199435	
0.00927854	0.00189352	
0.00925286	0.00188828	
0.0091262	0.00186243	
0.0092604	0.00188982	
0.00954333	0.00194755	
0.0102157	0.002043	
0.0112615	0.00201466	
0.0119884	0.00198671	
0.0129432	0.00195914	
0.0133257	0.00193196	
0.0128277	0.00190515	
0.0121301	0.00187871	
0.0115416	0.00185264	
0.0106094	0.00182692	
0.010086	0.00180157	
0.00957343	0.00171001	
0.00921554	0.00164608	
0.00870921	0.00155564	
0.00866071	0.00154698	
0.0083369	0.00148914	
0.0078936	0.00140996	
0.00759844	0.00135724	
0.00731431	0.00130648	
0.00713211	0.00127394	
0.00712081	0.00127192	
0.00689202	0.00123106	
0.00690421	0.00123323	
0.00687074	0.00122725	
0.00685319	0.00122412	
0.00659684	0.00117833	
0.00683313	0.00122054	
0.00647775	0.00115706	
0.00638011	0.00113962	
0.00599655	0.00107111	
0.00577219	0.00103103	
0.0057014	0.00101839	
0.00548806	0.00098028	
0.00531018	0.000948506	
0.00515898	0.000921499	
0.00496354	0.000886589	
0.00477778	0.000853409	
0.00456747	0.000815843	
0.00439652	0.000785307	
0.00423195	0.000755913	
0.00411231	0.000734542	
0.00395837	0.000707046	
0.00381019	0.000680578	
0.00366755	0.000655099	
0.00356475	0.000636737	
0.00343128	0.000612897	
0.00330281	0.000589949	
0.00322378	0.000575834	
0.00324132	0.000578967	
0.00327147	0.000584351	
0.00334868	0.000598143	
0.0034101	0.000609113	
0.00332726	0.000594317	
0.00341518	0.000610021	
0.00328726	0.000587172	
0.00343568	0.000613683	
0.00344078	0.000614594	
0.00321339	0.000573977	
0.00326856	0.000583832	
0.0031009	0.000553885	
0.00302755	0.000540782	
0.00309586	0.000552983	
0.00283714	0.000506771	
0.00295475	0.000527779	
0.0027735	0.000495403	
0.00271505	0.000484963	
0.0026076	0.000465771	
0.00250988	0.000448316	
0.00264496	0.000472443	
0.00249607	0.00044585	
0.00240252	0.000429138	
0.00276234	0.00049341	
0.00265879	0.000474915	
0.0028989	0.000517803	
0.00290812	0.000519449	
0.003037	0.000542471	
0.00313302	0.000559622	
0.00348611	0.000622689	
0.00383957	0.000685826	
0.00374968	0.000669769	
0.00423377	0.000756238	
0.00463702	0.000828266	
0.00470716	0.000840794	
0.00505439	0.000902818	
0.00523233	0.000934601	
0.00522947	0.000934089	
0.00557522	0.000995848	
0.00540215	0.000964934	
0.00563157	0.00100591	
0.00566179	0.00101131	
0.00563623	0.00100675	
0.00594848	0.00106252	
0.00594366	0.00106166	
0.00617272	0.00110257	
0.00637766	0.00113918	
0.00666074	0.00118974	
0.00697386	0.00124567	
0.00736823	0.00131612	
0.0079598	0.00142178	
0.00852805	0.00152328	
0.00895765	0.00160002	
0.00947128	0.00169176	
0.0102289	0.00177656	
0.010594	0.0017519	
0.011163	0.00172757	
0.0116385	0.00170359	
0.0119452	0.00167993	
0.0117759	0.00165661	
0.0113338	0.0016336	
0.0103381	0.00161091	
0.00980027	0.00152711	
0.00927485	0.00144524	
0.00921474	0.00143587	
0.00897389	0.00139834	
0.0086369	0.00134583	
0.00828615	0.00129118	
0.00785038	0.00122327	
0.00752958	0.00117329	
0.00712968	0.00111097	
0.00682045	0.00106279	
0.00648391	0.00101035	
0.00624035	0.000972393	
0.00584204	0.000910327	
0.00547584	0.000853265	
0.00527013	0.000821209	
0.00491983	0.000766625	
0.00473498	0.000737822	
0.00440498	0.0006864	
0.00423947	0.000660609	
0.00404946	0.000631001	
0.00375738	0.000585488	
0.00365858	0.000570092	
0.00352109	0.000548668	
0.00338876	0.000528048	
0.0032614	0.000508202	
0.0029851	0.000465148	
0.00302676	0.00047164	
0.00275899	0.000429915	
0.00265528	0.000413755	
0.00270974	0.000422241	
0.00245346	0.000382306	
0.00236122	0.000367934	
0.00242714	0.000378206	
0.00218106	0.00033986	
0.00229204	0.000357154	
0.00205125	0.000319633	
0.00197412	0.000307614	
0.00186967	0.000291339	
0.00179937	0.000280383	
0.0017317	0.000269839	
0.00151127	0.000235491	
0.00145443	0.000226634	
0.00143852	0.000224156	
0.00138442	0.000215725	
0.00133234	0.00020761	
0.00125432	0.000195452	
0.00120713	0.0001881	
0.00120512	0.000187787	
0.00115979	0.000180722	
0.00111615	0.000173923	
0.00107416	0.00016738	
0.00119055	0.000185516	
0.000988814	0.00015408	
0.00115537	0.000180033	
0.00141044	0.00021978	
0.00119199	0.00018574	
0.00131265	0.000204542	
0.00138083	0.000215166	
0.00148662	0.00023165	
0.00143067	0.000222931	
0.00137682	0.000214541	
0.00136444	0.000212611	
0.0015369	0.000239485	
0.00179607	0.00027987	
0.00172846	0.000269335	
0.00166339	0.000259195	
0.00160077	0.000249437	
0.0015405	0.000240046	
0.0014825	0.000231009	
0.00145775	0.000227152	
0.00140286	0.000218599	
0.00135004	0.000210368	
0.0012992	0.000202446	
0.00125028	0.000194822	
0.00120319	0.000187486	
0.00120998	0.000188543	
0.00132509	0.000206481	
0.00127518	0.000198704	
0.00122716	0.00019122	
0.00118093	0.000184017	
0.0011483	0.000178931	
0.001374	0.000214101	
0.00105306	0.000164091	
0.00132753	0.000206861	
0.00127752	0.000199067	
0.00150288	0.000234183	
0.00144625	0.00022536	
0.00139176	0.000216869	
0.0016047	0.00025005	
0.00185531	0.000289101	
0.00197442	0.000307661	
0.00171084	0.000266589	
0.00214752	0.000334634	
0.00206659	0.000322023	
0.00225536	0.000351437	
0.00244604	0.000381151	
0.00235385	0.000366785	
0.00261144	0.000406924	
0.00278146	0.000433416	
0.00300586	0.000468384	
0.003378	0.000526371	
0.00325065	0.000506528	
0.00340638	0.000530793	
0.00327795	0.000510782	
0.00375409	0.000584976	
0.00366463	0.000571035	
0.00378123	0.000589205	
0.00363865	0.000566987	
0.00355831	0.000554469	
0.00364169	0.000567461	
0.0035454	0.000552456	
0.00378892	0.000590403	
0.00359366	0.000559976	
0.00350341	0.000545913	
0.00337127	0.000525323	
0.00355316	0.000553666	
0.00392196	0.000611133	
0.00371675	0.000579157	
0.00386566	0.00060236	
0.00388355	0.000605148	
0.00435374	0.000678414	
0.00453144	0.000706105	
0.00462634	0.000720892	
0.00473351	0.000737591	
0.0051622	0.000804392	
0.00514667	0.000801972	
0.00530508	0.000826656	
0.0054361	0.000847072	
0.0054645	0.000851497	
0.006046	0.000942108	
0.00580586	0.000904689	
0.00618711	0.000964097	
0.00595359	0.000927709	
0.0062912	0.000980316	
0.0066019	0.00102873	
0.00661256	0.00103039	
0.00671968	0.00104708	
0.00705382	0.00109915	
0.0075352	0.00117416	
0.00783265	0.00122051	
0.00836534	0.00130352	
0.00827285	0.0012891	
0.00874284	0.00136234	
0.00917417	0.00142955	
0.00939932	0.00146464	
0.00974606	0.00151866	
0.0100717	0.00158854	
0.0102555	0.00156648	
0.0107957	0.00154472	
0.0109405	0.00152326	
0.0113529	0.0015021	
0.0114657	0.00148123	
0.0112078	0.00146065	
0.0107845	0.00144035	
0.0103771	0.00142034	
0.00981492	0.00134339	
0.00944415	0.00129264	
0.00908738	0.00124381	
0.0086203	0.00117988	
0.00823854	0.00112763	
0.00781259	0.00106933	
0.00751741	0.00102893	
0.00717717	0.000982356	
0.00679591	0.000930172	
0.00653911	0.000895023	
0.00606969	0.000830773	
0.00584032	0.000799378	
0.00561961	0.000769169	
0.00520526	0.000712456	
0.00486604	0.000666026	
0.00468212	0.000640853	
0.00431333	0.000590376	
0.0041503	0.000568061	
0.00384017	0.000525613	
0.00369501	0.000505744	
0.00355533	0.000486626	
0.00323936	0.000443379	
0.0031169	0.000426617	
0.00299906	0.000410489	
0.00271257	0.000371275	
0.00261001	0.000357238	
0.00251132	0.000343731	
0.0027406	0.000375113	
0.00263697	0.000360929	
0.00253726	0.00034728	
0.00244131	0.000334148	
0.00263413	0.00036054	
0.00259113	0.000354654	
0.00243648	0.000333487	
0.00234433	0.000320874	
0.00231239	0.000316502	
0.00222493	0.000304531	
0.00214077	0.000293012	
0.00205979	0.000281929	
0.00181256	0.000248089	
0.00174399	0.000238704	
0.00165221	0.000226141	
0.00161552	0.000221121	
0.00152857	0.000209218	
0.00147073	0.000201303	
0.00141509	0.000193686	
0.00167198	0.000228847	
0.00142397	0.000194903	
0.00155495	0.00021283	
0.00135998	0.000186144	
0.00144473	0.000197744	
0.00125376	0.000171604	
0.00138265	0.000189246	
0.00115387	0.000157932	
0.00128676	0.000176122	
0.00123806	0.000169456	
0.00101441	0.000138845	
0.00115291	0.000157802	
0.000932259	0.000127601	
0.00107409	0.000147014	
0.000856198	0.00011719	
0.00100113	0.000137027	
0.000785774	0.000107551	
0.000756025	0.000103479	
0.00129501	0.000177252	
0.00106819	0.000146206	
0.00117495	0.000160818	
0.000943371	0.000129121	
0.00109486	0.000149856	
0.0010534	0.000144181	
0.00101351	0.000138721	
0.000975126	0.000133468	
0.000938197	0.000128413	
0.000902665	0.00012355	
0.000868478	0.000118871	
0.000835585	0.000114368	
0.000803936	0.000110037	
0.000773485	0.000105869	
0.000744186	0.000101859	
0.000715997	9.80001e-05	
0.000848377	0.000116119	
0.0010014	0.000137065	
0.00113743	0.000155682	
0.000920272	0.00012596	
0.000885406	0.000121188	
0.00107097	0.000146586	
0.000861132	0.000117865	
0.000952971	0.000130435	
0.000961781	0.000131641	
0.000925336	0.000126653	
0.000890271	0.000121854	
0.00117164	0.000160366	
0.00112724	0.000154288	
0.00108452	0.000148441	
0.00104342	0.000142815	
0.00096282	0.000131783	
0.000976016	0.00013359	
0.000889305	0.000121721	
0.00126025	0.000172493	
0.00115485	0.000158067	
0.00111107	0.000152075	
0.00146621	0.000200684	
0.00135291	0.000185176	
0.00136137	0.000186334	
0.00130976	0.000179269	
0.0012601	0.000172473	
0.00127018	0.000173852	
0.00116413	0.000159337	
0.00111999	0.000153296	
0.00130488	0.000178602	
0.00107281	0.000146839	
0.00156151	0.000213728	
0.00150229	0.000205623	
0.00144532	0.000197825	
0.00150355	0.000205795	
0.00133342	0.000182509	
0.00165746	0.000226861	
0.0015946	0.000218256	
0.00153412	0.000209978	
0.0021075	0.000288459	
0.00178565	0.000244406	
0.00190162	0.000260279	
0.00201535	0.000275846	
0.00188049	0.000257388	
0.00236521	0.000323732	
0.00209137	0.000286251	
0.00258231	0.000353447	
0.00261891	0.000358457	
0.00246098	0.000336841	
0.0028834	0.000394658	
0.00277399	0.000379683	
0.00248402	0.000339994	
0.00302995	0.000414717	
0.00267075	0.000365552	
0.00311546	0.000426421	
0.00305601	0.000418284	
0.00288122	0.000394359	
0.00308985	0.000422915	
0.00333379	0.000456304	
0.00320726	0.000438985	
0.00308552	0.000422322	
0.00336278	0.000460272	
0.00323513	0.0004428	
0.00346332	0.000474033	
0.00357201	0.000488909	
0.00348804	0.000477416	
0.00374572	0.000512686	
0.00360351	0.000493222	
0.00395439	0.000541247	
0.0036379	0.000497928	
0.00372485	0.000509829	
0.00386345	0.000528799	
0.00410382	0.0005617	
0.00394799	0.000540371	
0.00379807	0.000519851	
0.00402774	0.000551287	
0.00417195	0.000571024	
0.0043496	0.00059534	
0.00418441	0.00057273	
0.00443193	0.000606608	
0.00420734	0.000575869	
0.00431223	0.000590226	
0.00450874	0.000617122	
0.00464524	0.000635805	
0.00446879	0.000611654	
0.00462687	0.000633291	
0.00445111	0.000609234	
0.00428201	0.000586089	
0.00441826	0.000604738	
0.00462688	0.000633292	
0.00445109	0.000609232	
0.00428198	0.000586085	
0.00452405	0.000619218	
0.00476181	0.000651761	
0.00462728	0.000633347	
0.00478087	0.000654369	
0.0045992	0.000629503	
0.00479271	0.000655989	
0.00492057	0.000673489	
0.00509682	0.000697613	
0.00490311	0.000671101	
0.00521721	0.000714092	
0.00538806	0.000737477	
0.00518327	0.000709446	
0.00531707	0.00072776	
0.00541629	0.000741341	
0.00557484	0.000763041	
0.00536292	0.000734036	
0.00515906	0.000706132	
0.00564484	0.000772623	
0.00543025	0.000743251	
0.00554057	0.000758351	
0.00602307	0.000824392	
0.00579408	0.000793049	
0.00589571	0.00080696	
0.00650705	0.000890636	
0.00625963	0.00085677	
0.00646997	0.00088556	
0.0068794	0.0009416	
0.00697462	0.000954633	
0.00755536	0.00103412	
0.00760137	0.00104042	
0.00800243	0.00109531	
0.00870262	0.00119115	
0.00893581	0.00122307	
0.0092772	0.00126979	
0.0099362	0.00135999	
0.0101513	0.0014006	
0.0107871	0.00138114	
0.0112418	0.00136194	
0.0118466	0.00134301	
0.0120893	0.00132434	
0.0119979	0.00130593	
0.0113395	0.00128778	
0.0109081	0.00126987	
0.0102566	0.00125222	
0.00967938	0.00118175	
0.00951304	0.00116144	
0.00915108	0.00111725	
0.00911913	0.00111335	
0.00858485	0.00104812	
0.008638	0.00105461	
0.00846684	0.00103371	
0.00814464	0.000994375	
0.00802542	0.000979819	
0.00772	0.00094253	
0.0075674	0.0009239	
0.0072794	0.000888737	
0.00720147	0.000879223	
0.00692737	0.000845758	
0.00666369	0.000813567	
0.00655395	0.000800168	
0.00630447	0.00076971	
0.00606449	0.00074041	
0.00579951	0.000708059	
0.00538473	0.000657419	
0.0055812	0.000681405	
0.00533519	0.00065137	
0.00513207	0.000626571	
0.00493668	0.000602716	
0.00457038	0.000557995	
0.00494784	0.000604079	
0.00457658	0.000558753	
0.00474155	0.000578894	
0.004561	0.00055685	
0.0047709	0.000582477	
0.00499281	0.000609569	
0.00510271	0.000622987	
0.00490838	0.000599262	
0.00513545	0.000626984	
0.00511404	0.00062437	
0.005254	0.000641458	
0.00505389	0.000617026	
0.00519869	0.000634705	
0.00532079	0.000649613	
0.00521607	0.000636827	
0.00498423	0.000608522	
0.0052558	0.000641678	
0.0054311	0.00066308	
0.00522421	0.00063782	
0.005391	0.000658184	
0.00518562	0.000633109	
0.00532976	0.000650707	
0.0051267	0.000625915	
0.00531772	0.000649238	
0.00511511	0.000624501	
0.00492021	0.000600706	
0.00507052	0.000619057	
0.00487731	0.000595468	
0.00503404	0.000614603	
0.00484221	0.000591183	
0.00506508	0.000618393	
0.00487205	0.000594826	
0.00503949	0.000615269	
0.00521514	0.000636713	
0.00491148	0.00059964	
0.00519719	0.000634522	
0.00524775	0.000640694	
0.00535748	0.000654091	
0.00554172	0.000676586	
0.00539461	0.000658625	
0.00546888	0.000667692	
0.00569331	0.000695093	
0.00579663	0.000707707	
0.00601892	0.000734847	
0.00578946	0.000706832	
0.00585921	0.000715347	
0.00606947	0.000741019	
0.00583807	0.000712766	
0.00593649	0.000724783	
0.00610388	0.00074522	
0.0062612	0.000764427	
0.00598376	0.000730554	
0.00612571	0.000747885	
0.0062478	0.000762791	
0.00637992	0.000778921	
0.00653297	0.000797607	
0.00628383	0.000767189	
0.00638011	0.000778944	
0.00651776	0.00079575	
0.00669077	0.000816872	
0.00674145	0.00082306	
0.00689606	0.000841936	
0.00701449	0.000856396	
0.00709365	0.000866059	
0.00737543	0.000900462	
0.00730073	0.000891342	
0.00737942	0.000900949	
0.00764066	0.000932844	
0.00757065	0.000924296	
0.00777982	0.000949834	
0.00825355	0.00100767	
0.00816032	0.000996289	
0.00839826	0.00102534	
0.00863725	0.00105452	
0.0088618	0.00108193	
0.0092445	0.00112866	
0.00928056	0.00113306	
0.00925997	0.00113054	
0.00913323	0.00111507	
0.00971862	0.00118654	
0.00969627	0.00118381	
0.00970994	0.00118548	
0.00967342	0.00118102	
0.00970287	0.00118462	
0.0097223	0.00118699	
0.00972519	0.00118734	
0.00970316	0.00118465	
0.0097274	0.00118761	
0.00976104	0.00119172	
0.00971298	0.00118585	
0.00976211	0.00119185	
0.0097698	0.00119279	
0.00971062	0.00118556	
0.00972498	0.00118732	
0.00938975	0.00114639	
0.00938054	0.00114527	
0.00902242	0.00110154	
0.009018	0.001101	
0.00906505	0.00110675	
0.00910467	0.00111158	
0.00910762	0.00111194	
0.00913557	0.00111536	
0.00918879	0.00112185	
0.00918879	0.00112185	
0.00922419	0.00112618	
0.00924807	0.00112909	
0.00962802	0.00117548	
0.00961159	0.00117347	
0.00962096	0.00117462	
0.00925353	0.00112976	
0.00927676	0.00113259	
0.00928438	0.00113352	
0.00934775	0.00114126	
0.00934255	0.00114063	
0.00937303	0.00114435	
0.0097705	0.00119287	
0.00977452	0.00119337	
0.00977849	0.00119385	
0.00975725	0.00119126	
0.0101659	0.00123481	
0.0101301	0.00121763	
0.01055	0.0012007	
0.0104584	0.001184	
0.0104883	0.00116754	
0.0104817	0.0011513	
0.0104387	0.00113528	
0.0100399	0.00111949	
0.00986583	0.00110009	
0.00948887	0.00105805	
0.00948584	0.00105772	
0.00912338	0.0010173	
0.00857173	0.000955787	
0.00858741	0.000957536	
0.008203	0.000914672	
0.0079458	0.000885993	
0.00799142	0.000891081	
0.00773654	0.000862659	
0.00782015	0.000871983	
0.00752127	0.000838657	
0.00723382	0.000806604	
0.00725739	0.000809233	
0.00683004	0.000761581	
0.00678361	0.000756403	
0.00625969	0.000697984	
0.00646649	0.000721044	
0.00621931	0.000693482	
0.00598157	0.000666973	
0.00575291	0.000641476	
0.00546827	0.000609737	
0.00553346	0.000617006	
0.00550326	0.000613639	
0.00511148	0.000569953	
0.00491606	0.000548163	
0.00503785	0.000561743	
0.00484523	0.000540266	
0.00505134	0.000563248	
0.00479335	0.000534481	
0.00467493	0.000521276	
0.00489362	0.000545662	
0.00449098	0.000500765	
0.00466943	0.000520663	
0.00442662	0.000493588	
0.00432161	0.000481879	
0.00455424	0.000507819	
0.00438008	0.000488399	
0.00421256	0.00046972	
0.00417403	0.000465423	
0.0040794	0.000454872	
0.00428002	0.000477241	
0.00405128	0.000451736	
0.00396137	0.000441711	
0.00419803	0.0004681	
0.00398134	0.000443938	
0.00388517	0.000433215	
0.00406448	0.000453208	
0.00397412	0.000443133	
0.0038221	0.000426181	
0.00396807	0.000442458	
0.00388143	0.000432797	
0.00366776	0.000408972	
0.00352744	0.000393326	
0.00385131	0.000429439	
0.00337241	0.000376039	
0.003575	0.000398629	
0.00386346	0.000430794	
0.00338388	0.000377318	
0.00338057	0.000376949	
0.00346216	0.000386047	
0.00344543	0.000384182	
0.00331359	0.000369481	
0.00354723	0.000395532	
0.00347683	0.000387682	
0.00322793	0.000359929	
0.00342128	0.000381488	
0.00348981	0.00038913	
0.00309135	0.0003447	
0.00356042	0.000397003	
0.00322456	0.000359554	
0.00303572	0.000338496	
0.00298497	0.000332838	
0.00320624	0.000357511	
0.00313849	0.000349956	
0.00301836	0.000336561	
0.00324316	0.000361628	
0.00318453	0.000355089	
0.0028686	0.000319863	
0.00295285	0.000329256	
0.00300519	0.000335092	
0.00282458	0.000314954	
0.00278202	0.000310208	
0.00267551	0.000298332	
0.00290341	0.000323743	
0.00282144	0.000314604	
0.00271342	0.000302559	
0.00260953	0.000290974	
0.00293739	0.000327533	
0.00275927	0.000307671	
0.00271928	0.000303213	
0.00261516	0.000291602	
0.00283314	0.000315908	
0.00272465	0.000303811	
0.0025546	0.00028485	
0.0025225	0.00028127	
0.00282855	0.000315397	
0.00272023	0.000303318	
0.00261605	0.000291702	
0.00251586	0.00028053	
0.00284818	0.000317585	
0.00278991	0.000311088	
0.00263223	0.000293506	
0.00253142	0.000282264	
0.00243446	0.000271453	
0.00246248	0.000274578	
0.00258685	0.000288446	
0.00226903	0.000253008	
0.00240088	0.00026771	
0.00230892	0.000257455	
0.00264984	0.000295469	
0.00254833	0.000284151	
0.00245071	0.000273265	
0.00235682	0.000262797	
0.00202288	0.000225561	
0.00236805	0.000264049	
0.00244987	0.000273172	
0.0021541	0.000240192	
0.00227351	0.000253507	
0.0021864	0.000243794	
0.00231348	0.000257964	
0.00216795	0.000241736	
0.00214178	0.000238819	
0.0020028	0.000223322	
0.00237684	0.000265029	
0.00222884	0.000248525	
0.00220037	0.000245351	
0.00211605	0.000235949	
0.001978	0.000220556	
0.00230102	0.000256574	
0.00221284	0.000246742	
0.00212804	0.000237286	
0.002409	0.000268614	
0.00231667	0.00025832	
0.00222789	0.000248419	
0.0021425	0.000238898	
0.00247019	0.000275438	
0.00237551	0.000264881	
0.00228446	0.000254728	
0.0021969	0.000244964	
0.00250744	0.000279591	
0.00241132	0.000268874	
0.00231889	0.000258567	
0.00259306	0.000289138	
0.00249366	0.000278055	
0.00239807	0.000267396	
0.00230614	0.000257145	
0.00221773	0.000247287	
0.00252193	0.000281206	
0.00242524	0.000270426	
0.00233226	0.000260058	
0.00261267	0.000291325	
0.0025533	0.000284704	
0.0024554	0.000273789	
0.00232045	0.000258741	
0.00259978	0.000289887	
0.00250009	0.000278772	
0.00240423	0.000268083	
0.00235859	0.000262993	
0.00270467	0.000301583	
0.00251357	0.000280274	
0.00223063	0.000248726	
0.00233166	0.000259991	
0.00264281	0.000294686	
0.00258804	0.000288579	
0.00244221	0.000272318	
0.00271263	0.000302471	
0.00246324	0.000274663	
0.00251415	0.000280339	
0.00246433	0.000274784	
0.0023232	0.000259048	
0.00244827	0.000272993	
0.00254115	0.00028335	
0.00221998	0.000247538	
0.0025312	0.00028224	
0.00247546	0.000276026	
0.00227268	0.000253415	
0.00243819	0.000271869	
0.00257502	0.000287126	
0.00235176	0.000262232	
0.00257231	0.000286824	
0.00262599	0.00029281	
0.00270306	0.000301403	
0.00242154	0.000270013	
0.00289259	0.000322537	
0.00271385	0.000302607	
0.00274405	0.000305974	
0.00245238	0.000273451	
0.00292499	0.00032615	
0.00256829	0.000286376	
0.00246975	0.000275388	
0.00243305	0.000271297	
0.00265953	0.00029655	
0.00267147	0.000297881	
0.00256897	0.000286452	
0.00287229	0.000320273	
0.00276207	0.000307984	
0.00265609	0.000296166	
0.00255417	0.000284801	
0.00283213	0.000315795	
0.00259871	0.000289768	
0.00262374	0.000292559	
0.00287305	0.000320358	
0.00280426	0.000312688	
0.00269664	0.000300688	
0.00287658	0.000320752	
0.00289099	0.000322359	
0.00278004	0.000309987	
0.00267335	0.00029809	
0.00289932	0.000323288	
0.00278805	0.00031088	
0.00268104	0.000298948	
0.00298061	0.000332352	
0.00279951	0.000312158	
0.00275877	0.000307615	
0.00265287	0.000295808	
0.00294296	0.000328153	
0.00282999	0.000315557	
0.00251708	0.000280666	
0.00300135	0.000334664	
0.00288614	0.000321818	
0.0027086	0.000302022	
0.00306945	0.000342258	
0.00295162	0.000329119	
0.00283831	0.000316485	
0.00272935	0.000304335	
0.00298063	0.000332354	
0.00292375	0.000326012	
0.00315622	0.000351934	
0.00303505	0.000338422	
0.00291853	0.000325429	
0.00325235	0.000362652	
0.00312748	0.000348728	
0.0030074	0.000335339	
0.00325821	0.000363305	
0.00288615	0.000321819	
0.00298589	0.00033294	
0.00305316	0.000340442	
0.00314651	0.00035085	
0.00323505	0.000360723	
0.00332144	0.000370356	
0.0031939	0.000356134	
0.00322708	0.000359834	
0.00330781	0.000368836	
0.00290328	0.000323729	
0.00347871	0.000387892	
0.00334512	0.000372996	
0.0031498	0.000351217	
0.0030957	0.000345185	
0.00314815	0.000351033	
0.0032487	0.000362245	
0.00349059	0.000389217	
0.00335653	0.000374269	
0.00319047	0.000355752	
0.00347754	0.000387762	
0.00334398	0.000372869	
0.00321554	0.000358548	
0.00327416	0.000365084	
0.00335924	0.000374571	
0.00301937	0.000336673	
0.00331313	0.000369429	
0.00318587	0.000355239	
0.0030635	0.000341594	
0.00330671	0.000368713	
0.00317969	0.00035455	
0.00326846	0.000364449	
0.00334184	0.000372631	
0.00321347	0.000358317	
0.00348318	0.000388391	
0.00334938	0.000373471	
0.00359844	0.000401243	
0.00346021	0.000385829	
0.00332728	0.000371007	
0.0035927	0.000400602	
0.00345468	0.000385213	
0.00332196	0.000370414	
0.0036151	0.0004031	
0.00347622	0.000387614	
0.00334266	0.000372722	
0.00357065	0.000398144	
0.00343347	0.000382847	
0.00370565	0.000413198	
0.00356328	0.000397322	
0.00342638	0.000382057	
0.00374183	0.000417231	
0.00394312	0.000439676	
0.00379161	0.000422782	
0.00362514	0.00040422	
0.00348585	0.000388688	
0.00379909	0.000423616	
0.00365311	0.000407338	
0.00391226	0.000436235	
0.00376193	0.000419472	
0.00432384	0.000482128	
0.00381252	0.000425114	
0.0040112	0.000447267	
0.0043198	0.000481678	
0.00410138	0.000457323	
0.00430082	0.000479562	
0.00413555	0.000461133	
0.00434402	0.000484379	
0.00417709	0.000465764	
0.00401656	0.000447865	
0.00427261	0.000476416	
0.0045753	0.000510167	
0.00433698	0.000483593	
0.00453776	0.000505981	
0.00436337	0.000486535	
0.00460011	0.000512934	
0.00482304	0.000537791	
0.00463767	0.000517122	
0.00483768	0.000539423	
0.00465175	0.000518691	
0.0048667	0.00054266	
0.00467965	0.000521803	
0.00490429	0.000546851	
0.00512632	0.000571608	
0.00492928	0.000549638	
0.00510136	0.000568825	
0.00530508	0.000591541	
0.00510117	0.000568804	
0.00530964	0.00059205	
0.00548388	0.000611478	
0.00546155	0.000608988	
0.00546299	0.000609148	
0.00565757	0.000630845	
0.00574063	0.000640106	
0.00602386	0.000671688	
0.00594852	0.000663288	
0.00633584	0.000706475	
0.00649688	0.000724432	
0.00624713	0.000696583	
0.00637461	0.000710798	
0.00653416	0.000728589	
0.00668286	0.000745169	
0.00658217	0.000733942	
0.00695592	0.000775617	
0.00687698	0.000766815	
0.00714769	0.000797001	
0.00707212	0.000788574	
0.00744855	0.000830548	
0.00748685	0.000834818	
0.0074352	0.000829059	
0.00776544	0.000865882	
0.00783455	0.000873588	
0.0077218	0.000861016	
0.00804102	0.000896611	
0.00782098	0.000872075	
0.00820349	0.000914727	
0.00808729	0.00090177	
0.00814402	0.000908096	
0.00844702	0.000941882	
0.00830467	0.000926009	
0.00839605	0.000936198	
0.0084409	0.000941199	
0.00852101	0.000950132	
0.00880953	0.000982303	
0.00862699	0.000961949	
0.00891143	0.000993665	
0.00875722	0.00097647	
0.00879893	0.000981121	
0.00910299	0.00101503	
0.00854749	0.000953085	
0.00852414	0.00095048	
0.00866342	0.000966011	
0.00872421	0.000972789	
0.00875643	0.000976382	
0.00841972	0.000938838	
0.00844428	0.000941576	
0.00858663	0.000957449	
0.00825645	0.000920632	
0.00830666	0.00092623	
0.00834455	0.000930456	
0.00837801	0.000934187	
0.00812296	0.000905748	
0.00816755	0.000910719	
0.00825815	0.000920821	
0.00794058	0.000885412	
0.00763523	0.000851363	
0.00778932	0.000868545	
0.00781447	0.000871349	
0.00744685	0.000830358	
0.00766454	0.000854631	
0.00736979	0.000821766	
0.00749107	0.000835289	
0.00720299	0.000803167	
0.00687353	0.00076643	
0.00702938	0.000783808	
0.00675905	0.000753665	
0.00679499	0.000757673	
0.00665929	0.000742541	
0.00679714	0.000757912	
0.00653574	0.000728765	
0.00665211	0.000741741	
0.00639628	0.000713215	
0.006555	0.000730912	
0.00630291	0.000702803	
0.00606051	0.000675775	
0.00623816	0.000695584	
0.00599825	0.000668833	
0.00576757	0.000643111	
0.00590273	0.000658181	
0.00567572	0.000632868	
0.00586214	0.000653656	
0.00563669	0.000628517	
0.00541991	0.000604345	
0.00561617	0.000626229	
0.00540017	0.000602144	
0.00556021	0.000619989	
0.00534637	0.000596144	
0.00514075	0.000573217	
0.00535377	0.00059697	
0.0050998	0.000568651	
0.00490366	0.000546781	
0.00513053	0.000572078	
0.00486609	0.000542591	
0.00474606	0.000529207	
0.00456352	0.000508853	
0.00475573	0.000530286	
0.00457282	0.000509891	
0.0047909	0.000534208	
0.00460664	0.000513661	
0.00442946	0.000493906	
0.0042591	0.000474909	
0.00449527	0.000501244	
0.00432238	0.000481965	
0.00415614	0.000463428	
0.00399629	0.000445604	
0.00422106	0.000470668	
0.00405871	0.000452565	
0.00390261	0.000435159	
0.00375251	0.000418422	
0.00401289	0.000447456	
0.00385855	0.000430246	
0.00371014	0.000413698	
0.0040044	0.00044651	
0.00385039	0.000429336	
0.0037023	0.000412823	
0.0035599	0.000396945	
0.00342298	0.000381678	
0.00362679	0.000404404	
0.0034873	0.00038885	
0.00335317	0.000373894	
0.0032242	0.000359513	
0.00353715	0.000394409	
0.00340111	0.000379239	
0.0032703	0.000364653	
0.00314452	0.000350628	
0.0034343	0.00038294	
0.00330221	0.000368211	
0.0031752	0.000354049	
0.00305308	0.000340432	
0.00293565	0.000327339	
0.00314744	0.000350954	
0.00302639	0.000337456	
0.00287268	0.000320317	
0.00276219	0.000307997	
0.00265595	0.000296151	
0.00277918	0.000309891	
0.00288386	0.000321563	
0.00277294	0.000309196	
0.00266629	0.000297303	
0.00296843	0.000330993	
0.00264269	0.000294672	
0.00275262	0.000306929	
0.00264675	0.000295124	
0.00291265	0.000324774	
0.00280063	0.000312283	
0.00269291	0.000300272	
0.00258934	0.000288723	
0.00226742	0.000252828	
0.0027401	0.000305534	
0.00270786	0.000301939	
0.00260371	0.000290326	
0.00250357	0.00027916	
0.00240728	0.000268423	
0.00271937	0.000303222	
0.00261478	0.00029156	
0.00251421	0.000280346	
0.00241751	0.000269564	
0.00269222	0.000300195	
0.00258868	0.00028865	
0.00226679	0.000252758	
0.00235455	0.000262544	
0.00266867	0.000297569	
0.00256603	0.000286124	
0.00246733	0.000275119	
0.00216689	0.000241618	
0.00228909	0.000255244	
0.00240017	0.000267631	
0.00251943	0.000280928	
0.00242253	0.000270124	
0.00211778	0.000236143	
0.00224791	0.000250652	
0.00253989	0.000283209	
0.0024422	0.000272316	
0.00234827	0.000261843	
0.00203562	0.000226982	
0.00217966	0.000243042	
0.00252671	0.00028174	
0.00222399	0.000247985	
0.002344	0.000261366	
0.0020483	0.000228395	
0.00217506	0.000242529	
0.00244833	0.000273	
0.00214862	0.000239581	
0.00227153	0.000253286	
0.00197862	0.000220625	
0.00204094	0.000227574	
0.002451	0.000273298	
0.00228961	0.000255302	
0.00226867	0.000252967	
0.00218141	0.000243238	
0.00187519	0.000209092	
0.00236012	0.000263164	
0.00171229	0.000190928	
0.00226266	0.000252297	
0.00229879	0.000256325	
0.00245489	0.000273732	
0.00249437	0.000278134	
0.00257407	0.000287021	
0.00263223	0.000293505	
0.00280968	0.000313292	
0.00245341	0.000273567	
0.00235905	0.000263045	
0.00288522	0.000321715	
0.00256198	0.000285673	
0.00267571	0.000298354	
0.0025728	0.000286879	
0.00262923	0.000293172	
0.00275112	0.000306763	
0.0024223	0.000270097	
0.00255215	0.000284576	
0.00284786	0.00031755	
0.00253209	0.00028234	
0.00264094	0.000294477	
0.00233313	0.000260155	
0.0022434	0.000250149	
0.00236335	0.000263524	
0.00246009	0.000274311	
0.00258848	0.000288628	
0.00226591	0.00025266	
0.00217876	0.000242942	
0.0027226	0.000303582	
0.00239487	0.000267039	
0.00252577	0.000281635	
0.00242863	0.000270803	
0.0024906	0.000277713	
0.00260707	0.0002907	
0.00229453	0.000255851	
0.00220628	0.000246011	
0.00233369	0.000260217	
0.00243156	0.00027113	
0.00254427	0.000283698	
0.00244642	0.000272787	
0.00235232	0.000262295	
0.00205562	0.000229211	
0.00218279	0.000243391	
0.00229721	0.00025615	
0.00242112	0.000269966	
0.00211574	0.000235915	
0.002402	0.000267834	
0.00252188	0.000281201	
0.00221262	0.000246717	
0.00275513	0.00030721	
0.00242615	0.000270527	
0.00274346	0.000305909	
0.00296221	0.0003303	
0.00284828	0.000317596	
0.00335017	0.000373559	
0.00377117	0.000420503	
0.00404747	0.000451312	
0.00487552	0.000543642	
0.00567457	0.000632741	
0.00685523	0.000764389	
0.00788917	0.000879679	
0.0098511	0.00109844	
0.0108367	0.00110392	
0.0115552	0.00108856	
0.0121412	0.00107342	
0.0118563	0.00105848	
0.0113332	0.00104375	
0.0106508	0.00102923	
0.0102411	0.00101491	
0.00984723	0.000975871	
0.00946849	0.000938338	
0.00950873	0.000942325	
0.00914301	0.000906082	
0.00915881	0.000907647	
0.00880655	0.000872738	
0.00866669	0.000858878	
0.00872701	0.000864856	
0.00839136	0.000831592	
0.00844681	0.000837087	
0.00812193	0.000804892	
0.00820923	0.000813544	
0.00789349	0.000782254	
0.00753214	0.000746444	
0.00773081	0.000766131	
0.00743347	0.000736665	
0.00695949	0.000689692	
0.0068799	0.000681805	
0.00661529	0.000655582	
0.00612035	0.000606534	
0.00593737	0.0005884	
0.00604423	0.00059899	
0.00581176	0.000575952	
0.00558823	0.0005538	
0.0053733	0.0005325	
0.0051286	0.00050825	
0.00493135	0.000488702	
0.00517834	0.000513179	
0.00497917	0.000493441	
0.00478767	0.000474463	
0.00501397	0.00049689	
0.00482113	0.000477779	
0.00479157	0.000474849	
0.00500094	0.000495598	
0.00480859	0.000476537	
0.00462365	0.000458208	
0.00486097	0.000481727	
0.00467401	0.000463199	
0.00449424	0.000445384	
0.00428001	0.000424154	
0.00451347	0.00044729	
0.00429851	0.000425987	
0.00417455	0.000413702	
0.0037778	0.000374384	
0.00382732	0.000379292	
0.00352265	0.000349098	
0.00334981	0.00033197	
0.00322097	0.000319202	
0.00309709	0.000306925	
0.00297797	0.00029512	
0.00286343	0.000283769	
0.0027533	0.000272855	
0.00264741	0.000262361	
0.00254558	0.00025227	
0.00244767	0.000242567	
0.00235353	0.000233238	
0.00226301	0.000224267	
0.00217597	0.000215641	
0.00188068	0.000186378	
0.00201995	0.000200179	
0.00214111	0.000212187	
0.00205876	0.000204026	
0.00197958	0.000196178	
0.00190344	0.000188633	
0.00183023	0.000181378	
0.00177559	0.000175963	
0.00165558	0.00016407	
0.00198558	0.000196773	
0.00190921	0.000189205	
0.00183578	0.000181928	
0.00182293	0.000180654	
0.00169506	0.000167982	
0.00162986	0.000161521	
0.00162493	0.000161033	
0.00150468	0.000149115	
0.00150456	0.000149104	
0.00138894	0.000137645	
0.00112322	0.000111312	
0.00129232	0.00012807	
0.00103031	0.000102105	
0.000990687	9.81781e-05	
0.000952584	9.44021e-05	
0.000915946	9.07712e-05	
0.000939166	9.30724e-05	
0.000844596	8.37003e-05	
0.000812111	8.04811e-05	
0.000780876	7.73857e-05	
0.000539232	5.34385e-05	
0.000692742	6.86515e-05	
0.000491848	4.87427e-05	
0.00042482	4.21001e-05	
0.000456591	4.52487e-05	
0.00039092	3.87406e-05	
0.000754106	7.47327e-05	
0.000725102	7.18583e-05	
0.000697213	6.90946e-05	
0.000670397	6.64371e-05	
0.000644613	6.38818e-05	
0.00061982	6.14248e-05	
0.000595981	5.90623e-05	
0.000573058	5.67907e-05	
0.000551018	5.46064e-05	
0.000529825	5.25062e-05	
0.000509447	5.04867e-05	
0.000489853	4.85449e-05	
0.000271462	2.69022e-05	
0.000261021	2.58675e-05	
0.000250982	2.48726e-05	
0.000241329	2.3916e-05	
0.000232047	2.29961e-05	
0.000223122	2.21116e-05	
0.000214541	2.12612e-05	
0.000206289	2.04435e-05	
0.000198355	1.96572e-05	
0.000190726	1.89011e-05	
0.00018339	1.81742e-05	
0.000176337	1.74752e-05	
0.000169555	1.6803e-05	
0.000163033	1.61568e-05	
0.000156763	1.55354e-05	
0.000150733	1.49378e-05	
0.000144936	1.43633e-05	
0.000139362	1.38109e-05	
0.000134001	1.32797e-05	
0.000522531	5.17834e-05	
0.000502433	4.97917e-05	
0.000483109	4.78766e-05	
0.000464528	4.60352e-05	
0.000446662	4.42646e-05	
0.000429482	4.25622e-05	
0.000412964	4.09251e-05	
0.000397081	3.93511e-05	
0.000381808	3.78376e-05	
0.000367123	3.63823e-05	
0.000353003	3.4983e-05	
0.000339426	3.36375e-05	
0.000326371	3.23437e-05	
0.000313819	3.10998e-05	
0.000301749	2.99036e-05	
0.000290143	2.87535e-05	
0.000278984	2.76476e-05	
0.000268254	2.65842e-05	
0.000227297	2.25254e-05	
0.000218555	2.1659e-05	
0.000210149	2.0826e-05	
0.000202066	2.0025e-05	
0.000194295	1.92548e-05	
0.000186822	1.85142e-05	
0.000179636	1.78021e-05	
0.000172727	1.71174e-05	
0.000166084	1.64591e-05	
-5.19219e-05	-5.14551e-06	
-4.99249e-05	-4.94761e-06	
-4.80047e-05	-4.75732e-06	
0.000358269	3.55049e-05	
0.00034449	3.41393e-05	
0.00033124	3.28263e-05	
0.000530117	5.25351e-05	
0.000298111	2.95431e-05	
0.000286645	2.84069e-05	
0.000275621	2.73143e-05	
0.00026502	2.62637e-05	
0.000254827	2.52536e-05	
0.000245026	2.42823e-05	
0.000235602	2.33484e-05	
0.00022654	2.24504e-05	
0.000217827	2.15869e-05	
0.000209449	2.07566e-05	
0.000201393	1.99583e-05	
0.000193647	1.91907e-05	
0.000186199	1.84526e-05	
0.000179038	1.77429e-05	
0.000172152	1.70604e-05	
0.000165531	1.64043e-05	
0.000159164	1.57733e-05	
0.000153042	1.51667e-05	
0.000147156	1.45833e-05	
0.000141496	1.40224e-05	
-0.000268377	-2.65965e-05	
-0.000258055	-2.55735e-05	
-0.00024813	-2.45899e-05	
-0.000238586	-2.36442e-05	
0.000175021	1.73448e-05	
0.00016829	1.66777e-05	
0.000161817	1.60362e-05	
0.000155593	1.54195e-05	
0.000149609	1.48264e-05	
0.000143855	1.42562e-05	
0.000138322	1.37078e-05	
0.000133002	1.31806e-05	
-6.09205e-05	-6.03729e-06	
0.000130229	1.29059e-05	
-6.35862e-05	-6.30145e-06	
-6.11405e-05	-6.05909e-06	
0.000130017	1.28849e-05	
-6.37896e-05	-6.32162e-06	
-6.13362e-05	-6.07848e-06	
-5.89771e-05	-5.84469e-06	
-5.67087e-05	-5.6199e-06	
-9.12076e-05	-9.03877e-06	
-8.76996e-05	-8.69112e-06	
-8.43265e-05	-8.35685e-06	
-8.10832e-05	-8.03543e-06	
-7.79646e-05	-7.72638e-06	
-7.4966e-05	-7.42921e-06	
0.000295388	2.92733e-05	
0.000284027	2.81474e-05	
-9.43682e-05	-9.35199e-06	
0.000276732	2.74245e-05	
0.000266089	2.63697e-05	
0.000255855	2.53555e-05	
0.000246014	2.43803e-05	
0.000236552	2.34426e-05	
0.000227454	2.25409e-05	
0.000218706	2.1674e-05	
0.000210294	2.08404e-05	
0.000202206	2.00388e-05	
0.000194429	1.92681e-05	
0.000186951	1.8527e-05	
-1.43922e-05	-1.42628e-06	
0.000180314	1.78693e-05	
-2.07737e-05	-2.05869e-06	
-1.99747e-05	-1.97951e-06	
0.000174945	1.73373e-05	
-2.5935e-05	-2.57019e-06	
-2.49375e-05	-2.47134e-06	
0.000375729	3.72351e-05	
-3.84297e-05	-3.80842e-06	
0.000362756	3.59495e-05	
0.000348804	3.45668e-05	
0.000335388	3.32373e-05	
0.000322489	3.1959e-05	
0.000310085	3.07298e-05	
0.000298159	2.95478e-05	
7.50615e-05	7.43867e-06	
0.000283804	2.81253e-05	
0.000272888	2.70435e-05	
5.07635e-05	5.03072e-06	
0.00026044	2.58099e-05	
3.87943e-05	3.84455e-06	
0.000248931	2.46693e-05	
0.000239357	2.37205e-05	
1.85221e-05	1.83556e-06	
1.78097e-05	1.76496e-06	
1.71247e-05	1.69708e-06	
1.64661e-05	1.6318e-06	
1.58327e-05	1.56904e-06	
1.52238e-05	1.50869e-06	
1.46382e-05	1.45067e-06	
1.40752e-05	1.39487e-06	
1.35339e-05	1.34122e-06	
1.30133e-05	1.28964e-06	
1.25128e-05	1.24004e-06	
1.20316e-05	1.19234e-06	
1.15688e-05	1.14648e-06	
-2.55635e-05	-2.53337e-06	
-2.45803e-05	-2.43593e-06	
-2.36349e-05	-2.34224e-06	
-2.27259e-05	-2.25216e-06	
-2.18518e-05	-2.16553e-06	
-2.10113e-05	-2.08225e-06	
-2.02032e-05	-2.00216e-06	
-1.94262e-05	-1.92515e-06	
-1.8679e-05	-1.85111e-06	
-1.79606e-05	-1.77991e-06	
-1.72698e-05	-1.71145e-06	
-1.66056e-05	-1.64563e-06	
-1.59669e-05	-1.58234e-06	
-1.53528e-05	-1.52148e-06	
-1.47623e-05	-1.46296e-06	
-1.41945e-05	-1.40669e-06	
-1.36486e-05	-1.35259e-06	
-1.31236e-05	-1.30056e-06	
-1.26189e-05	-1.25054e-06	
-1.21335e-05	-1.20245e-06	
-1.16669e-05	-1.1562e-06	
-1.12181e-05	-1.11173e-06	
-1.07867e-05	-1.06897e-06	
0.000389333	3.85833e-05	
0.000374359	3.70993e-05	
0.00035996	3.56724e-05	
0.000346116	3.43004e-05	
0.000332803	3.29812e-05	
0.000320003	3.17127e-05	
0.000307696	3.0493e-05	
0.000295861	2.93201e-05	
0.000284482	2.81925e-05	
0.00027354	2.71081e-05	
0.000263019	2.60655e-05	
0.000252903	2.5063e-05	
0.000243176	2.4099e-05	
0.000233823	2.31721e-05	
0.00022483	2.22809e-05	
0.000216183	2.14239e-05	
0.000207868	2.06e-05	
0.000199873	1.98076e-05	
0.000192186	1.90458e-05	
0.000184794	1.83133e-05	
0.000177687	1.76089e-05	
0.000170852	1.69317e-05	
0.000164281	1.62804e-05	
0.000157963	1.56543e-05	
0.000151887	1.50522e-05	
0.000146045	1.44733e-05	
0.000140428	1.39166e-05	
0.000135027	1.33813e-05	
0.000129834	1.28667e-05	
0.00012484	1.23718e-05	
0.000120039	1.1896e-05	
0.000115422	1.14384e-05	
0.000110983	1.09985e-05	
0.000106714	1.05755e-05	
0.00010261	1.01687e-05	
6.12801e-05	6.07292e-06	
5.89232e-05	5.83935e-06	
5.66569e-05	5.61476e-06	
5.44778e-05	5.3988e-06	
-0.000170001	-1.68473e-05	
5.89207e-05	5.83911e-06	
5.66546e-05	5.61453e-06	
5.44755e-05	5.39858e-06	
5.23803e-05	5.19095e-06	
-0.000172017	-1.70471e-05	
5.69815e-05	5.64693e-06	
-0.000167593	-1.66086e-05	
-0.000161147	-1.59698e-05	
-0.000154949	-1.53556e-05	
-0.000148989	-1.4765e-05	
-0.000143259	-1.41971e-05	
-0.000137749	-1.36511e-05	
-0.000132451	-1.3126e-05	
-0.000127357	-1.26212e-05	
-0.000122458	-1.21358e-05	
-0.000117748	-1.1669e-05	
-0.00011322	-1.12202e-05	
-0.000108865	-1.07886e-05	
-0.000104678	-1.03737e-05	
-0.000100652	-9.97471e-06	
-9.67806e-05	-9.59106e-06	
-9.30583e-05	-9.22218e-06	
-8.94792e-05	-8.86748e-06	
-8.60377e-05	-8.52642e-06	
0.000283601	2.81052e-05	
0.000272693	2.70242e-05	
0.000262205	2.59848e-05	
0.00025212	2.49854e-05	
0.000242423	2.40244e-05	
0.0002331	2.31004e-05	
0.000224134	2.22119e-05	
0.000215514	2.13576e-05	
0.000207225	2.05362e-05	
0.000199254	1.97463e-05	
0.000191591	1.89869e-05	
0.000184222	1.82566e-05	
0.000177137	1.75544e-05	
0.000170324	1.68792e-05	
0.000163773	1.623e-05	
0.000157474	1.56058e-05	
0.000151417	1.50056e-05	
0.000145593	1.44284e-05	
0.000139994	1.38735e-05	
0.000134609	1.33399e-05	
0.000129432	1.28268e-05	
0.000124454	1.23335e-05	
0.000119667	1.18591e-05	
0.000115065	1.1403e-05	
0.000110639	1.09644e-05	
0.000106384	1.05427e-05	
0.000102292	1.01372e-05	
-0.000113284	-1.12266e-05	
0.000102715	1.01791e-05	
-0.000112877	-1.11863e-05	
-0.000108536	-1.0756e-05	
0.000107279	1.06315e-05	
-0.000108488	-1.07512e-05	
-0.000104315	-1.03377e-05	
-0.000100303	-9.94013e-06	
-9.64451e-05	-9.55782e-06	
-9.27357e-05	-9.19021e-06	
-8.9169e-05	-8.83674e-06	
-8.57394e-05	-8.49686e-06	
-8.24417e-05	-8.17006e-06	
-7.92709e-05	-7.85583e-06	
-7.6222e-05	-7.55368e-06	
-7.32904e-05	-7.26316e-06	
-7.04715e-05	-6.9838e-06	
-6.77611e-05	-6.7152e-06	
-0.000253292	-2.51015e-05	
-5.54131e-05	-5.4915e-06	
-5.32818e-05	-5.28029e-06	
-5.12325e-05	-5.0772e-06	
-4.92621e-05	-4.88192e-06	
-0.000235504	-2.33387e-05	
-3.83097e-05	-3.79653e-06	
-3.68363e-05	-3.65051e-06	
-0.000223556	-2.21546e-05	
-2.68214e-05	-2.65802e-06	
-2.57898e-05	-2.55579e-06	
-2.47978e-05	-2.45749e-06	
-6.19346e-05	-6.13779e-06	
-0.000209598	-2.07714e-05	
-5.14911e-05	-5.10282e-06	
-1.14207e-05	-1.1318e-06	
-0.000247958	-2.45729e-05	
-0.000238421	-2.36278e-05	
-0.000229251	-2.2719e-05	
-0.000220434	-2.18452e-05	
-1.30698e-05	-1.29523e-06	
-0.000211453	-2.09552e-05	
-0.00020332	-2.01492e-05	
-0.0001955	-1.93743e-05	
-0.000187981	-1.86291e-05	
-0.000180751	-1.79126e-05	
-0.000173799	-1.72236e-05	
-0.000167114	-1.65612e-05	
-0.000160687	-1.59242e-05	
-0.000154507	-1.53118e-05	
-9.01171e-05	-8.9307e-06	
-0.000145098	-1.43794e-05	
-0.000139517	-1.38263e-05	
-0.000134151	-1.32945e-05	
-0.000128992	-1.27832e-05	
-0.00012403	-1.22915e-05	
-0.00011926	-1.18188e-05	
0.000263532	2.61163e-05	
0.000253397	2.51119e-05	
0.000243651	2.4146e-05	
0.000234279	2.32173e-05	
0.000225269	2.23244e-05	
0.000216605	2.14657e-05	
0.000208274	2.06401e-05	
0.000200263	1.98463e-05	
0.000192561	1.9083e-05	
0.000185154	1.8349e-05	
0.000178033	1.76433e-05	
0.000171186	1.69647e-05	
0.000164602	1.63122e-05	
0.000158271	1.56848e-05	
0.000152184	1.50815e-05	
0.00014633	1.45015e-05	
0.000140702	1.39437e-05	
0.000135291	1.34074e-05	
0.000130087	1.28918e-05	
0.000125084	1.23959e-05	
0.000120273	1.19192e-05	
0.000115647	1.14607e-05	
0.000111199	1.10199e-05	
0.000106922	1.05961e-05	
0.00010281	1.01886e-05	
9.88555e-05	9.79669e-06	
9.50534e-05	9.41989e-06	
9.13975e-05	9.05759e-06	
8.78822e-05	8.70922e-06	
8.45021e-05	8.37425e-06	
8.12521e-05	8.05216e-06	
7.8127e-05	7.74247e-06	
7.51221e-05	7.44468e-06	
7.22328e-05	7.15835e-06	
6.94546e-05	6.88302e-06	
6.67833e-05	6.61829e-06	
6.42147e-05	6.36374e-06	
6.17449e-05	6.11898e-06	
5.93701e-05	5.88364e-06	
5.70866e-05	5.65735e-06	
5.4891e-05	5.43976e-06	
5.27798e-05	5.23054e-06	
5.07498e-05	5.02936e-06	
4.87979e-05	4.83592e-06	
4.69211e-05	4.64993e-06	
4.51164e-05	4.47108e-06	
4.33812e-05	4.29912e-06	
4.17127e-05	4.13377e-06	
4.01083e-05	3.97478e-06	
3.85657e-05	3.8219e-06	
3.70824e-05	3.67491e-06	
3.56562e-05	3.53356e-06	
3.42848e-05	3.39766e-06	
-0.00018943	-1.87727e-05	
4.02517e-05	3.98899e-06	
3.87036e-05	3.83557e-06	
3.7215e-05	3.68804e-06	
3.57836e-05	3.5462e-06	
-0.000187988	-1.86298e-05	
4.16375e-05	4.12632e-06	
-0.000182359	-1.8072e-05	
-0.000175346	-1.73769e-05	
5.37937e-05	5.33101e-06	
-0.000170671	-1.69136e-05	
5.82888e-05	5.77648e-06	
-0.000166348	-1.64853e-05	
6.24448e-05	6.18835e-06	
-0.000162352	-1.60892e-05	
6.62873e-05	6.56914e-06	
-0.000158657	-1.57231e-05	
-0.000152555	-1.51184e-05	
2.89497e-05	2.86895e-06	
-0.000183816	-1.82163e-05	
3.49059e-05	3.45921e-06	
-0.000178089	-1.76488e-05	
-0.000171239	-1.697e-05	
-0.000164653	-1.63173e-05	
-0.00015832	-1.56897e-05	
0.000469862	4.65638e-05	
0.000229393	2.27331e-05	
-0.000179126	-1.77515e-05	
0.00022746	2.25415e-05	
0.000218711	2.16745e-05	
0.000210299	2.08409e-05	
0.000202211	2.00393e-05	
0.000194433	1.92686e-05	
0.000186955	1.85275e-05	
0.000179765	1.78149e-05	
0.000172851	1.71297e-05	
0.000166203	1.64709e-05	
0.00015981	1.58374e-05	
0.000153664	1.52282e-05	
0.000147753	1.46425e-05	
0.000142071	1.40794e-05	
0.000136606	1.35378e-05	
-8.09987e-05	-8.02705e-06	
0.000134467	1.33259e-05	
-8.30551e-05	-8.23085e-06	
-7.98607e-05	-7.91428e-06	
0.000135561	1.34343e-05	
-8.20029e-05	-8.12658e-06	
0.000133501	1.32301e-05	
-8.39836e-05	-8.32286e-06	
-8.07534e-05	-8.00275e-06	
-7.76475e-05	-7.69495e-06	
-7.46611e-05	-7.39899e-06	
0.00014056	1.39296e-05	
0.000327207	3.24266e-05	
0.000314622	3.11794e-05	
0.000477464	4.73171e-05	
0.000651603	6.45745e-05	
0.000626541	6.20909e-05	
0.000976151	9.67376e-05	
0.00171041	0.000169504	
0.00208123	0.000206253	
0.00200119	0.00019832	
0.00192422	0.000190692	
0.00185021	0.000183358	
0.00177905	0.000176306	
0.00171062	0.000169525	
0.00164483	0.000163004	
0.00158157	0.000156735	
0.00152074	0.000150707	
0.00146225	0.00014491	
0.00140601	0.000139337	
0.00135193	0.000133978	
0.00129993	0.000128825	
0.00124994	0.00012387	
0.00156928	0.000155518	
0.00150893	0.000149536	
0.00145089	0.000143785	
0.00139509	0.000138255	
0.00134143	0.000132937	
0.00128984	0.000127824	
0.00124023	0.000122908	
0.00119253	0.000118181	
0.00114666	0.000113635	
0.00110256	0.000109265	
0.00106015	0.000105062	
0.00101938	0.000101021	
0.00098017	9.71358e-05	
0.000942471	9.33999e-05	
