0	0	
0	0	
-1.28764e-11	-1.28764e-11	
-1.1559e-10	-1.1559e-10	
-3.14721e-10	-3.14721e-10	
-8.91803e-10	-8.91803e-10	
-1.65417e-09	-1.65417e-09	
-3.29421e-09	-3.29421e-09	
-5.95585e-09	-5.95585e-09	
-9.89967e-09	-9.89967e-09	
-1.49687e-08	-1.49687e-08	
-1.89318e-08	-1.89318e-08	
-3.05196e-08	-3.05196e-08	
-3.76368e-08	-3.76368e-08	
-5.61131e-08	-5.61131e-08	
-6.73944e-08	-6.73944e-08	
-8.57699e-08	-8.57699e-08	
-9.96382e-08	-9.96382e-08	
-1.27568e-07	-1.27568e-07	
-1.48534e-07	-1.48534e-07	
-1.80444e-07	-1.80444e-07	
-2.2277e-07	-2.2277e-07	
-3.00169e-07	-3.00169e-07	
-3.46953e-07	-3.46953e-07	
-4.26978e-07	-4.26978e-07	
-4.90977e-07	-4.90977e-07	
-5.75199e-07	-5.75199e-07	
-6.62591e-07	-6.62591e-07	
-7.89854e-07	-7.89854e-07	
-9.27949e-07	-9.27949e-07	
-1.06805e-06	-1.06805e-06	
-1.23571e-06	-1.23571e-06	
-1.40412e-06	-1.40412e-06	
-1.52503e-06	-1.52503e-06	
-1.73874e-06	-1.73874e-06	
-1.9506e-06	-1.9506e-06	
-2.17153e-06	-2.17153e-06	
-2.41643e-06	-2.41643e-06	
-2.67886e-06	-2.67886e-06	
-2.98732e-06	-2.98732e-06	
-3.24731e-06	-3.24731e-06	
-3.44673e-06	-3.44673e-06	
-3.76882e-06	-3.76882e-06	
-4.1224e-06	-4.1224e-06	
-4.49679e-06	-4.49679e-06	
-4.87829e-06	-4.87829e-06	
-5.1136e-06	-5.1136e-06	
-5.74229e-06	-5.74229e-06	
-5.9984e-06	-5.9984e-06	
-6.46119e-06	-6.46119e-06	
-6.96574e-06	-6.96574e-06	
-7.41208e-06	-7.41208e-06	
-7.24494e-06	-7.24494e-06	
-7.71743e-06	-7.71743e-06	
-8.18507e-06	-8.18507e-06	
-8.69661e-06	-8.69661e-06	
-9.2284e-06	-9.2284e-06	
-9.7807e-06	-9.7807e-06	
-9.60192e-06	-9.60192e-06	
-1.00607e-05	-1.00607e-05	
-1.06672e-05	-1.06672e-05	
-1.0912e-05	-1.0912e-05	
-1.15605e-05	-1.15605e-05	
-1.22322e-05	-1.22322e-05	
-1.2766e-05	-1.2766e-05	
-1.34842e-05	-1.34842e-05	
-1.40498e-05	-1.40498e-05	
-1.41243e-05	-1.41243e-05	
-1.47673e-05	-1.47673e-05	
-1.53788e-05	-1.53788e-05	
-1.60069e-05	-1.60069e-05	
-1.62703e-05	-1.62703e-05	
-1.6703e-05	-1.6703e-05	
-1.6314e-05	-1.6314e-05	
-1.67617e-05	-1.67617e-05	
-1.67697e-05	-1.67697e-05	
-1.73019e-05	-1.73019e-05	
-1.80554e-05	-1.80554e-05	
-1.78186e-05	-1.78186e-05	
-1.83133e-05	-1.83133e-05	
-1.88183e-05	-1.88183e-05	
-1.86089e-05	-1.86089e-05	
-1.91371e-05	-1.91371e-05	
-1.97629e-05	-1.97629e-05	
-2.0313e-05	-2.0313e-05	
-1.94815e-05	-1.94815e-05	
-2.01575e-05	-2.01575e-05	
-1.93573e-05	-1.93573e-05	
-1.9557e-05	-1.9557e-05	
-1.86969e-05	-1.86969e-05	
-1.94577e-05	-1.94577e-05	
-1.59255e-05	-1.59255e-05	
-1.67512e-05	-1.67512e-05	
-1.6625e-05	-1.6625e-05	
-1.56239e-05	-1.56239e-05	
-1.39534e-05	-1.39534e-05	
-1.25091e-05	-1.25091e-05	
-1.29469e-05	-1.29469e-05	
-1.12798e-05	-1.12798e-05	
-1.17551e-05	-1.17551e-05	
-9.99757e-06	-9.99757e-06	
-1.05143e-05	-1.05143e-05	
-5.65853e-06	-5.65853e-06	
-6.25181e-06	-6.25181e-06	
-4.84675e-06	-4.84675e-06	
-3.07065e-06	-3.07065e-06	
-1.79954e-06	-1.79954e-06	
3.6797e-06	3.6797e-06	
3.07156e-06	3.07156e-06	
3.03385e-06	3.03385e-06	
4.17571e-06	4.17571e-06	
1.0399e-05	1.0399e-05	
1.23418e-05	1.23418e-05	
1.45242e-05	1.45242e-05	
1.67352e-05	1.67352e-05	
1.87502e-05	1.87502e-05	
1.8489e-05	1.8489e-05	
2.08231e-05	2.08231e-05	
2.77814e-05	2.77814e-05	
3.01032e-05	3.01032e-05	
3.14319e-05	3.14319e-05	
3.46077e-05	3.46077e-05	
3.30114e-05	3.30114e-05	
4.06906e-05	4.06906e-05	
4.285e-05	4.285e-05	
5.13258e-05	5.13258e-05	
5.37253e-05	5.37253e-05	
6.48357e-05	6.48357e-05	
6.71459e-05	6.71459e-05	
7.32474e-05	7.32474e-05	
7.16992e-05	7.16992e-05	
8.75303e-05	8.75303e-05	
8.46881e-05	8.46881e-05	
9.07656e-05	9.07656e-05	
8.84832e-05	8.84832e-05	
9.15821e-05	9.15821e-05	
9.6163e-05	9.6163e-05	
0.000103028	0.000103028	
0.00010536	0.00010536	
0.000107722	0.000107722	
0.000124808	0.000124808	
0.000124926	0.000124926	
0.00012881	0.00012881	
0.000129339	0.000129339	
0.000139813	0.000139813	
0.000141981	0.000141981	
0.000143735	0.000143735	
0.000154669	0.000154669	
0.000156783	0.000156783	
0.000180316	0.000180316	
0.000182085	0.000182085	
0.00019822	0.00019822	
0.000205327	0.000205327	
0.000231971	0.000231971	
0.000238768	0.000238768	
0.000249343	0.000249343	
0.00027569	0.00027569	
0.000288235	0.000288235	
0.000299135	0.000299135	
0.000319822	0.000319822	
0.000325944	0.000325944	
0.000341043	0.000341043	
0.00037916	0.00037916	
0.000391987	0.000391987	
0.000421168	0.000421168	
0.000434378	0.000434378	
0.000483336	0.000483336	
0.000520983	0.000520983	
0.000557894	0.000557894	
0.000593414	0.000593414	
0.000641401	0.000641401	
0.000694236	0.000694236	
0.00076275	0.00076275	
0.00082158	0.00082158	
0.00087582	0.00087582	
0.000961633	0.000961633	
0.00104408	0.00104408	
0.0011691	0.0011691	
0.00128013	0.00128013	
0.00140681	0.00140681	
0.00153458	0.00153458	
0.00166845	0.00166845	
0.00180006	0.00180006	
0.00196286	0.00196286	
0.00211791	0.00211791	
0.00228818	0.00228818	
0.00245587	0.00245587	
0.00262828	0.00262828	
0.00282765	0.00282765	
0.00302321	0.00302321	
0.00319497	0.00319497	
0.00340955	0.00340955	
0.00361524	0.00361524	
0.00384985	0.00384985	
0.00408226	0.00408226	
0.00434426	0.00434426	
0.00462461	0.00462461	
0.0049108	0.0049108	
0.00524897	0.00524897	
0.00555569	0.00555569	
0.00584967	0.00584967	
0.00617785	0.00617785	
0.00652801	0.00652801	
0.00690252	0.00690252	
0.00729105	0.00729105	
0.00771973	0.00771973	
0.00812762	0.00812762	
0.00858403	0.00858403	
0.00906451	0.00906451	
0.00957794	0.00957794	
0.0101093	0.0101093	
0.0105985	0.0105985	
0.0111066	0.0111066	
0.0116456	0.0116456	
0.0122264	0.0122264	
0.0128504	0.0128504	
0.0134494	0.0134494	
0.0140734	0.0140734	
0.0147451	0.0147451	
0.0154175	0.0154175	
0.0161413	0.0161413	
0.0167983	0.0167983	
0.0174732	0.0174732	
0.0182378	0.0182378	
0.0190559	0.0190559	
0.0198154	0.0198154	
0.0206006	0.0206006	
0.0214636	0.0214636	
0.0223469	0.0223469	
0.0231863	0.0231863	
0.0240345	0.0240345	
0.0249857	0.0249857	
0.0260465	0.0260465	
0.0269206	0.0269206	
0.0277699	0.0277699	
0.0289119	0.0289119	
0.0299757	0.0299757	
0.03096	0.03096	
0.0320719	0.0320719	
0.0332314	0.0332314	
0.0342619	0.0342619	
0.0353836	0.0353836	
0.036606	0.036606	
0.037609	0.037609	
0.0386634	0.0386634	
0.0399189	0.0399189	
0.0411193	0.0411193	
0.0424	0.0424	
0.0436605	0.0436605	
0.0449361	0.0449361	
0.0463069	0.0463069	
0.0476165	0.0476165	
0.0489581	0.0489581	
0.050428	0.050428	
0.0516642	0.0516642	
0.0531205	0.0531205	
0.0546272	0.0546272	
0.0561393	0.0561393	
0.0576392	0.0576392	
0.0590029	0.0590029	
0.06066	0.06066	
0.0621223	0.0621223	
0.0638671	0.0638671	
0.0654621	0.0654621	
0.0670113	0.0670113	
0.0688104	0.0688104	
0.0704792	0.0704792	
0.0724262	0.0724262	
0.0742588	0.0742588	
0.0762393	0.0762393	
0.0782555	0.0782555	
0.0804331	0.0804331	
0.0824869	0.0824869	
0.0848946	0.0848946	
0.087153	0.087153	
0.0896336	0.0896336	
0.0917973	0.0917973	
0.0943408	0.0943408	
0.0968827	0.0968827	
0.0995272	0.0995272	
0.101951	0.101951	
0.104773	0.104773	
0.107525	0.107525	
0.110234	0.110234	
0.112567	0.112567	
0.115287	0.115287	
0.118157	0.118157	
0.120707	0.120707	
0.123683	0.123683	
0.126697	0.126697	
0.129783	0.129783	
0.132846	0.132846	
0.135907	0.135907	
0.139281	0.139281	
0.142338	0.142338	
0.145592	0.145592	
0.149029	0.149029	
0.152219	0.152219	
0.155705	0.155705	
0.159142	0.159142	
0.16267	0.16267	
0.166343	0.166343	
0.169922	0.169922	
0.173606	0.173606	
0.17729	0.17729	
0.18116	0.18116	
0.184994	0.184994	
0.188821	0.188821	
0.192856	0.192856	
0.196615	0.196615	
0.200439	0.200439	
0.204441	0.204441	
0.208525	0.208525	
0.212692	0.212692	
0.217151	0.217151	
0.221348	0.221348	
0.2258	0.2258	
0.230009	0.230009	
0.234583	0.234583	
0.238755	0.238755	
0.24298	0.24298	
0.247323	0.247323	
0.251878	0.251878	
0.256481	0.256481	
0.261137	0.261137	
0.266077	0.266077	
0.270853	0.270853	
0.276002	0.276002	
0.281027	0.281027	
0.286251	0.286251	
0.291644	0.291644	
0.297044	0.297044	
0.302225	0.302225	
0.307552	0.307552	
0.313504	0.313504	
0.319238	0.319238	
0.325136	0.325136	
0.331161	0.331161	
0.337666	0.337666	
0.344418	0.344418	
0.351152	0.351152	
0.35851	0.35851	
0.365666	0.365666	
0.373126	0.373126	
0.380838	0.380838	
0.388345	0.388345	
0.396091	0.396091	
0.404635	0.404635	
0.413356	0.413356	
0.423057	0.423057	
0.432613	0.432613	
0.441979	0.441979	
0.451252	0.451252	
0.460446	0.460446	
0.470151	0.470151	
0.479928	0.479928	
0.490209	0.490209	
0.500347	0.500347	
0.510375	0.510375	
0.521481	0.521481	
0.53249	0.53249	
0.543634	0.543634	
0.554861	0.554861	
0.566447	0.566447	
0.578896	0.578896	
0.591299	0.591299	
0.603867	0.603867	
0.615836	0.615836	
0.627985	0.627985	
0.640089	0.640089	
0.65282	0.65282	
0.66544	0.66544	
0.677885	0.677885	
0.690434	0.690434	
0.703093	0.703093	
0.715973	0.715973	
0.728869	0.728869	
0.742593	0.742593	
0.756329	0.756329	
0.7699	0.7699	
0.783734	0.783734	
0.797903	0.797903	
0.813568	0.813568	
0.829681	0.829681	
0.845796	0.845796	
0.862724	0.862724	
0.879219	0.879219	
0.896196	0.896196	
0.913522	0.913522	
0.931386	0.931386	
0.949161	0.949161	
0.96709	0.96709	
0.985926	0.985926	
1.00481	1.00481	
1.02442	1.02442	
1.04346	1.04346	
1.06196	1.06196	
1.08039	1.08039	
1.09887	1.09887	
1.11732	1.11732	
1.13641	1.13641	
1.15637	1.15637	
1.17671	1.17671	
1.19734	1.19734	
1.21733	1.21733	
1.23838	1.23838	
1.25875	1.25875	
1.27945	1.27945	
1.30026	1.30026	
1.32059	1.32059	
1.34031	1.34031	
1.35955	1.35955	
1.38039	1.38039	
1.40223	1.40223	
1.42575	1.42575	
1.44949	1.44949	
1.47248	1.47248	
1.49488	1.49488	
1.51712	1.51712	
1.53993	1.53993	
1.56327	1.56327	
1.58727	1.58727	
1.61191	1.61191	
1.63699	1.63699	
1.66222	1.66222	
1.68757	1.68757	
1.71422	1.71422	
1.74151	1.74151	
1.76841	1.76841	
1.79619	1.79619	
1.8255	1.8255	
1.85541	1.85541	
1.88511	1.88511	
1.91398	1.91398	
1.943	1.943	
1.97349	1.97349	
2.00651	2.00651	
2.03999	2.03999	
2.07241	2.07241	
2.10426	2.10426	
2.13671	2.13671	
2.16992	2.16992	
2.20466	2.20466	
2.23979	2.23979	
2.27521	2.27521	
2.3103	2.3103	
2.34558	2.34558	
2.38314	2.38314	
2.42206	2.42206	
2.46149	2.46149	
2.49958	2.49958	
2.53605	2.53605	
2.57171	2.57171	
2.60738	2.60738	
2.64129	2.64129	
2.67557	2.67557	
2.71141	2.71141	
2.74649	2.74649	
2.78086	2.78086	
2.81527	2.81527	
2.85106	2.85106	
2.8873	2.8873	
2.92314	2.92314	
2.95866	2.95866	
2.99135	2.99135	
3.02241	3.02241	
3.05233	3.05233	
3.08297	3.08297	
3.11669	3.11669	
3.15262	3.15262	
3.19004	3.19004	
3.2277	3.2277	
3.26438	3.26438	
3.30127	3.30127	
3.34088	3.34088	
3.38405	3.38405	
3.43008	3.43008	
3.47993	3.47993	
3.53222	3.53222	
3.58585	3.58585	
3.64171	3.64171	
3.69965	3.69965	
3.75908	3.75908	
3.81936	3.81936	
3.87922	3.87922	
3.93777	3.93777	
3.99659	3.99659	
4.05567	4.05567	
4.1142	4.1142	
4.17146	4.17146	
4.22497	4.22497	
4.27419	4.27419	
4.32085	4.32085	
4.36628	4.36628	
4.41214	4.41214	
4.45843	4.45843	
4.50444	4.50444	
4.54847	4.54847	
4.5908	4.5908	
4.6297	4.6297	
4.66841	4.66841	
4.70827	4.70827	
4.75183	4.75183	
4.80092	4.80092	
4.85369	4.85369	
4.90771	4.90771	
4.96068	4.96068	
5.01289	5.01289	
5.06881	5.06881	
5.12872	5.12872	
5.19527	5.19527	
5.26432	5.26432	
5.3325	5.3325	
5.39936	5.39936	
5.46395	5.46395	
5.5263	5.5263	
5.58953	5.58953	
5.65271	5.65271	
5.71222	5.71222	
5.76991	5.76991	
5.82629	5.82629	
5.88146	5.88146	
5.93525	5.93525	
5.98817	5.98817	
6.04018	6.04018	
6.09279	6.09279	
6.15135	6.15135	
6.21632	6.21632	
6.28962	6.28962	
6.36554	6.36554	
6.44202	6.44202	
6.52238	6.52238	
6.60754	6.60754	
6.69329	6.68323	
6.77467	6.73979	
6.8497	6.79345	
6.91956	6.84427	
6.98576	6.89233	
7.05073	6.93769	
7.11264	6.98043	
7.17041	7.02059	
7.22343	7.05826	
7.2723	7.09349	
7.3184	7.12634	
7.36357	7.15688	
7.40787	7.18516	
7.45493	7.21123	
7.50577	7.23517	
7.5565	7.25701	
7.60366	7.27683	
7.65229	7.29466	
7.70497	7.31056	
7.76632	7.32458	
7.82894	7.33678	
7.88908	7.34719	
7.94608	7.35588	
8.00569	7.36288	
8.06885	7.36824	
8.13414	7.372	
8.19771	7.37422	
8.25714	7.37493	
8.31637	7.37417	
8.37428	7.37199	
8.43004	7.36842	
8.48761	7.36352	
8.54946	7.3573	
8.61568	7.34982	
8.68705	7.3411	
8.76346	7.33119	
8.84287	7.32013	
8.92008	7.30793	
8.9879	7.29465	
9.04919	7.28031	
9.10425	7.26494	
9.15379	7.24858	
9.19708	7.23125	
9.23629	7.213	
9.27337	7.19384	
9.30956	7.17381	
9.34373	7.15293	
9.37572	7.13124	
9.40859	7.10875	
9.44262	7.0855	
9.47671	7.06151	
9.51176	7.03682	
9.54554	7.01143	
9.57307	6.98538	
9.59324	6.95869	
9.61002	6.93138	
9.62801	6.90348	
9.64432	6.87501	
9.6558	6.84599	
9.66668	6.81644	
9.67842	6.78638	
9.69379	6.75583	
9.7135	6.72481	
9.73623	6.69334	
9.76288	6.66145	
9.79391	6.62914	
9.8261	6.59643	
9.86099	6.56335	
9.89999	6.52991	
9.94099	6.49612	
9.97883	6.46201	
10.0111	6.42758	
10.0393	6.39286	
10.0582	6.35786	
10.0725	6.3226	
10.0871	6.28708	
10.1008	6.25132	
10.1165	6.21534	
10.1336	6.17915	
10.1509	6.14276	
10.1729	6.10618	
10.1982	6.06944	
10.2238	6.03253	
10.2516	5.99547	
10.2811	5.95828	
10.3097	5.92096	
10.3324	5.88352	
10.35	5.84598	
10.3647	5.80834	
10.3737	5.77062	
10.3767	5.73283	
10.3805	5.69497	
10.3864	5.65705	
10.3909	5.61909	
10.3912	5.58109	
10.389	5.54305	
10.3878	5.505	
10.3905	5.46693	
10.394	5.42886	
10.3986	5.39079	
10.4042	5.35273	
10.41	5.31468	
10.4121	5.27666	
10.4096	5.23867	
10.4047	5.20072	
10.3973	5.16281	
10.388	5.12495	
10.377	5.08714	
10.3659	5.0494	
10.3552	5.01172	
10.3449	4.97412	
10.3369	4.93659	
10.3326	4.89915	
10.3351	4.86179	
10.3418	4.82453	
10.3472	4.78737	
10.3528	4.7503	
10.3604	4.71335	
10.3686	4.67651	
10.3719	4.63978	
10.3679	4.60317	
10.3609	4.56668	
10.3543	4.53032	
10.346	4.49409	
10.3377	4.45799	
10.3308	4.42203	
10.3224	4.38621	
10.3147	4.35053	
10.3021	4.315	
10.2843	4.27962	
10.2646	4.24439	
10.2467	4.20932	
10.2307	4.1744	
10.2159	4.13964	
10.2028	4.10505	
10.1915	4.07062	
10.183	4.03635	
10.1706	4.00225	
10.1529	3.96832	
10.13	3.93457	
10.1034	3.90099	
10.0732	3.86758	
10.0423	3.83435	
10.0072	3.8013	
9.9698	3.76844	
9.93179	3.73575	
9.89765	3.70324	
9.8669	3.67092	
9.8375	3.63879	
9.80581	3.60684	
9.77483	3.57508	
9.74558	3.54351	
9.71777	3.51213	
9.69085	3.48094	
9.66449	3.44993	
9.63877	3.41913	
9.61378	3.38851	
9.58778	3.35809	
9.56329	3.32786	
9.53899	3.29782	
9.51159	3.26798	
9.48058	3.23833	
9.45112	3.20888	
9.42375	3.17963	
9.40207	3.15057	
9.37934	3.12171	
9.35564	3.09304	
9.33182	3.06457	
9.30897	3.0363	
9.28673	3.00822	
9.26517	2.98034	
9.2455	2.95265	
9.22295	2.92517	
9.19832	2.89788	
9.17458	2.87078	
9.15925	2.84388	
9.14924	2.81718	
9.14204	2.79067	
9.12931	2.76436	
9.11028	2.73824	
9.0845	2.71232	
9.05494	2.68659	
9.02185	2.66105	
8.98237	2.63571	
8.93787	2.61056	
8.88924	2.58561	
8.83761	2.56084	
8.78306	2.53627	
8.72423	2.51189	
8.66297	2.4877	
8.6008	2.4637	
8.53959	2.43988	
8.48105	2.41626	
8.42584	2.39282	
8.3748	2.36958	
8.32335	2.34651	
8.27606	2.32364	
8.23312	2.30095	
8.19584	2.27844	
8.16723	2.25612	
8.14814	2.23397	
8.13525	2.21202	
8.1227	2.19024	
8.10529	2.16864	
8.0814	2.14723	
8.05196	2.12599	
8.01921	2.10493	
7.98447	2.08404	
7.95054	2.06334	
7.91369	2.04281	
7.87224	2.02245	
7.8269	2.00227	
7.77944	1.98225	
7.72896	1.96242	
7.6774	1.94275	
7.61998	1.92325	
7.55751	1.90392	
7.49454	1.88476	
7.43455	1.86577	
7.37953	1.84694	
7.33126	1.82828	
7.29215	1.80978	
7.25614	1.79144	
7.22423	1.77327	
7.19955	1.75526	
7.17623	1.73741	
7.15076	1.71971	
7.12626	1.70218	
7.1023	1.6848	
7.07985	1.66758	
7.05749	1.65052	
7.0324	1.63361	
7.00521	1.61685	
6.97701	1.60025	
6.94509	1.58379	
6.90637	1.56749	
6.86293	1.55134	
6.81564	1.53533	
6.76531	1.51947	
6.71478	1.50376	
6.66536	1.48819	
6.61658	1.47277	
6.56743	1.45749	
6.51637	1.44235	
6.46621	1.42735	
6.41845	1.4125	
6.37155	1.39778	
6.32642	1.3832	
6.28654	1.36876	
6.2514	1.35445	
6.2202	1.34028	
6.18759	1.32625	
6.15665	1.31234	
6.12539	1.29857	
6.09923	1.28493	
6.07252	1.27142	
6.04554	1.25804	
6.02265	1.24479	
5.999	1.23166	
5.97701	1.21866	
5.95305	1.20579	
5.92788	1.19304	
5.90164	1.18041	
5.87483	1.1679	
5.84882	1.15552	
5.82482	1.14325	
5.80412	1.13111	
5.7837	1.11908	
5.76057	1.10718	
5.73729	1.09538	
5.71166	1.08371	
5.68768	1.07214	
5.6633	1.0607	
5.63982	1.04936	
5.61628	1.03814	
5.59125	1.02702	
5.56477	1.01602	
5.53352	1.00512	
5.5001	0.994338	
5.46356	0.983658	
5.42707	0.973085	
5.39053	0.962617	
5.35554	0.952254	
5.31925	0.941994	
5.28198	0.931837	
5.24266	0.921781	
5.20344	0.911827	
5.1611	0.901972	
5.11596	0.892217	
5.06976	0.88256	
5.02472	0.873	
4.98382	0.863537	
4.94619	0.854169	
4.90939	0.844897	
4.8712	0.835718	
4.83316	0.826633	
4.79627	0.81764	
4.76142	0.808738	
4.73017	0.799928	
4.69977	0.791207	
4.66831	0.782575	
4.63528	0.774032	
4.60143	0.765576	
4.56439	0.757207	
4.52675	0.748923	
4.48975	0.740725	
4.45228	0.732612	
4.41827	0.724581	
4.38449	0.716634	
4.34931	0.708769	
4.31502	0.700985	
4.28274	0.693281	
4.25351	0.685658	
4.22816	0.678113	
4.20194	0.670647	
4.17842	0.663259	
4.15213	0.655947	
4.12731	0.648711	
4.10324	0.641551	
4.08266	0.634466	
4.06599	0.627455	
4.05138	0.620517	
4.03678	0.613651	
4.0189	0.606858	
3.9988	0.600136	
3.97531	0.593484	
3.95016	0.586903	
3.92556	0.580391	
3.8994	0.573947	
3.87147	0.567571	
3.8437	0.561262	
3.81203	0.55502	
3.78025	0.548845	
3.7489	0.542734	
3.72037	0.536688	
3.69233	0.530706	
3.66437	0.524788	
3.63559	0.518933	
3.60821	0.513139	
3.57871	0.507408	
3.55022	0.501737	
3.52457	0.496127	
3.49879	0.490577	
3.47436	0.485086	
3.44974	0.479654	
3.42502	0.474279	
3.39901	0.468963	
3.36982	0.463703	
3.34024	0.4585	
3.30814	0.453352	
3.27471	0.44826	
3.24013	0.443222	
3.20535	0.438239	
3.16838	0.433309	
3.13041	0.428433	
3.08944	0.423609	
3.05158	0.418837	
3.01353	0.414116	
2.97865	0.409447	
2.94301	0.404828	
2.90969	0.400259	
2.87556	0.395739	
2.84595	0.391269	
2.81588	0.386847	
2.78877	0.382472	
2.76194	0.378146	
2.73843	0.373866	
2.71555	0.369633	
2.693	0.365447	
2.67036	0.361305	
2.64663	0.357209	
2.62371	0.353158	
2.59894	0.34915	
2.5728	0.345187	
2.54568	0.341267	
2.51684	0.337389	
2.48689	0.333555	
2.45522	0.329762	
2.42421	0.326011	
2.39248	0.3223	
2.3634	0.318631	
2.33546	0.315002	
2.30766	0.311413	
2.28234	0.307863	
2.2611	0.304352	
2.23934	0.30088	
2.21831	0.297446	
2.1984	0.29405	
2.17876	0.290692	
2.16094	0.28737	
2.14551	0.284085	
2.13033	0.280837	
2.11475	0.277624	
2.10093	0.274447	
2.08457	0.271305	
2.06698	0.268198	
2.04936	0.265125	
2.03257	0.262087	
2.01514	0.259082	
1.99677	0.25611	
1.97844	0.253172	
1.96037	0.250266	
1.94259	0.247393	
1.92643	0.244551	
1.91005	0.241741	
1.89481	0.238962	
1.88057	0.236215	
1.86641	0.233498	
1.85178	0.230811	
1.83707	0.228154	
1.82406	0.225527	
1.81182	0.222929	
1.79976	0.220361	
1.78905	0.217821	
1.77767	0.215309	
1.76608	0.212826	
1.75333	0.21037	
1.73767	0.207942	
1.72122	0.205541	
1.7024	0.203167	
1.68498	0.20082	
1.66545	0.198499	
1.64678	0.196204	
1.62735	0.193935	
1.61117	0.191692	
1.59427	0.189474	
1.57911	0.187281	
1.564	0.185112	
1.55183	0.182968	
1.53808	0.180848	
1.52545	0.178752	
1.51299	0.176679	
1.50075	0.17463	
1.49021	0.172605	
1.47829	0.170602	
1.47038	0.168621	
1.46029	0.166663	
1.45049	0.164728	
1.43736	0.162814	
1.4258	0.160922	
1.41266	0.159051	
1.39902	0.157202	
1.38335	0.155373	
1.37043	0.153565	
1.35605	0.151778	
1.34206	0.150011	
1.32762	0.148264	
1.31545	0.146537	
1.30275	0.14483	
1.29016	0.143142	
1.27853	0.141473	
1.26679	0.139823	
1.2579	0.138192	
1.24791	0.13658	
1.24068	0.134986	
1.23178	0.13341	
1.22461	0.131852	
1.21688	0.130312	
1.20901	0.128789	
1.19812	0.127284	
1.18799	0.125796	
1.17732	0.124325	
1.16773	0.122871	
1.15757	0.121434	
1.14536	0.120013	
1.13502	0.118608	
1.12404	0.117219	
1.11302	0.115846	
1.10143	0.114489	
1.08842	0.113148	
1.07861	0.111822	
1.07054	0.110511	
1.06031	0.109215	
1.05043	0.107934	
1.0442	0.106668	
1.03751	0.105416	
1.03148	0.104179	
1.02597	0.102956	
1.01842	0.101747	
1.01216	0.100551	
1.00536	0.0993701	
0.996998	0.0982024	
0.98805	0.097048	
0.979539	0.095907	
0.969013	0.0947792	
0.958206	0.0936643	
0.94826	0.0925623	
0.935701	0.091473	
0.924298	0.0903963	
0.912041	0.089332	
0.899816	0.0882801	
0.885458	0.0872402	
0.87201	0.0862124	
0.860505	0.0851965	
0.847057	0.0841923	
0.836084	0.0831997	
0.826053	0.0822186	
0.815172	0.0812488	
0.804961	0.0802903	
0.795353	0.0793429	
0.78717	0.0784065	
0.778947	0.0774809	
0.772167	0.0765661	
0.76587	0.0756618	
0.759684	0.0747681	
0.752227	0.0738847	
0.746011	0.0730116	
0.739292	0.0721486	
0.734191	0.0712956	
0.725923	0.0704526	
0.720472	0.0696193	
0.713579	0.0687957	
0.706047	0.0679817	
0.697402	0.0671772	
0.69119	0.066382	
0.682796	0.0655961	
0.675168	0.0648193	
0.668656	0.0640516	
0.660665	0.0632928	
0.654138	0.0625429	
0.647412	0.0618017	
0.641163	0.0610691	
0.635129	0.0603451	
0.627998	0.0596295	
0.621382	0.0589223	
0.61615	0.0582233	
0.609999	0.0575325	
0.603231	0.0568498	
0.598228	0.056175	
0.589894	0.0555081	
0.583155	0.054849	
0.577177	0.0541976	
0.568133	0.0535538	
0.559297	0.0529176	
0.550235	0.0522888	
0.540063	0.0516674	
0.530946	0.0510532	
0.520944	0.0504462	
0.511408	0.0498463	
0.504274	0.0492535	
0.495612	0.0486676	
0.487258	0.0480886	
0.478352	0.0475163	
0.471059	0.0469508	
0.464268	0.0463919	
0.458368	0.0458395	
0.452562	0.0452937	
0.447741	0.0447542	
0.444527	0.0442211	
0.441718	0.0436942	
0.437913	0.0431735	
0.433029	0.042659	
0.429299	0.0421505	
0.426689	0.0416479	
0.422691	0.0411513	
0.418979	0.0406605	
0.414887	0.0401755	
0.411212	0.0396962	
0.408031	0.0392225	
0.404941	0.0387544	
0.40062	0.0382918	
0.396306	0.0378347	
0.393102	0.0373829	
0.391276	0.0369365	
0.388747	0.0364953	
0.386257	0.0360594	
0.384388	0.0356285	
0.382664	0.0352028	
0.383169	0.034782	
0.382752	0.0343663	
0.38233	0.0339554	
0.381986	0.0335494	
0.381599	0.0331482	
0.381367	0.0327517	
0.378584	0.0323599	
0.375926	0.0319727	
0.374347	0.0315901	
0.372886	0.0312121	
0.369818	0.0308384	
0.365363	0.0304693	
0.361977	0.0301044	
0.35839	0.0297439	
0.353522	0.0293877	
0.348566	0.0290356	
0.342767	0.0286878	
0.336074	0.028344	
0.331383	0.0280043	
0.327871	0.0276687	
0.324023	0.027337	
0.320831	0.0270092	
0.317549	0.0266854	
0.313902	0.0263653	
0.311147	0.0260491	
0.308064	0.0257366	
0.306239	0.0254278	
0.30313	0.0251227	
0.299915	0.0248212	
0.295409	0.0245233	
0.291563	0.0242289	
0.287207	0.023938	
0.28168	0.0236506	
0.276369	0.0233665	
0.272293	0.0230859	
0.266967	0.0228085	
0.261019	0.0225345	
0.256841	0.0222637	
0.251584	0.0219962	
0.24779	0.0217318	
0.244415	0.0214706	
0.242259	0.0212125	
0.238627	0.0209574	
0.237714	0.0207054	
0.235046	0.0204564	
0.233459	0.0202103	
0.231911	0.0199672	
0.230196	0.0197269	
0.229263	0.0194896	
0.228629	0.019255	
0.228585	0.0190232	
0.22789	0.0187943	
0.227069	0.018568	
0.225113	0.0183444	
0.223361	0.0181235	
0.220335	0.0179052	
0.217538	0.0176896	
0.212986	0.0174765	
0.210092	0.0172659	
0.206038	0.0170579	
0.202417	0.0168523	
0.200361	0.0166492	
0.198664	0.0164485	
0.196982	0.0162502	
0.195363	0.0160543	
0.193697	0.0158607	
0.192566	0.0156694	
0.191185	0.0154804	
0.189118	0.0152937	
0.188126	0.0151092	
0.186509	0.0149269	
0.185608	0.0147468	
0.184098	0.0145688	
0.182647	0.014393	
0.181043	0.0142192	
0.178363	0.0140476	
0.176075	0.013878	
0.172893	0.0137104	
0.16917	0.0135448	
0.166052	0.0133812	
0.162566	0.0132196	
0.160587	0.0130599	
0.158454	0.0129021	
0.156692	0.0127462	
0.155246	0.0125922	
0.153295	0.01244	
0.152475	0.0122896	
0.152221	0.0121411	
0.152146	0.0119943	
0.152308	0.0118493	
0.152456	0.011706	
0.15225	0.0115644	
0.152157	0.0114245	
0.150649	0.0112864	
0.150315	0.0111498	
0.149598	0.0110149	
0.147811	0.0108816	
0.147185	0.01075	
0.144487	0.0106199	
0.14235	0.0104913	
0.139785	0.0103643	
0.137397	0.0102389	
0.134501	0.0101149	
0.132733	0.00999242	
0.131551	0.00987142	
0.130577	0.00975187	
0.129707	0.00963375	
0.128394	0.00951705	
0.127999	0.00940176	
0.126496	0.00928785	
0.125309	0.00917531	
0.123775	0.00906412	
0.123825	0.00895427	
0.122141	0.00884574	
0.121137	0.00873852	
0.119422	0.00863258	
0.117537	0.00852792	
0.116029	0.00842452	
0.113112	0.00832236	
0.108937	0.00822143	
0.106308	0.00812172	
0.103055	0.0080232	
0.100427	0.00792587	
0.098087	0.00782972	
0.0962772	0.00773472	
0.0962861	0.00764086	
0.0965357	0.00754814	
0.0972536	0.00745653	
0.0972172	0.00736603	
0.0979521	0.00727661	
0.097893	0.00718828	
0.0969808	0.00710101	
0.0969568	0.00701479	
0.0960035	0.00692961	
0.0948953	0.00684545	
0.0949838	0.00676231	
0.093675	0.00668018	
0.0935602	0.00659903	
0.0903187	0.00651886	
0.0886262	0.00643966	
0.0857109	0.00636142	
0.0832353	0.00628411	
0.0812203	0.00620775	
0.0797331	0.0061323	
0.0789401	0.00605776	
0.0789716	0.00598413	
0.0786528	0.00591138	
0.079396	0.00583951	
0.0808747	0.00576851	
0.081552	0.00569836	
0.0812545	0.00562907	
0.0793124	0.00556061	
0.0777946	0.00549297	
0.075374	0.00542616	
0.0728597	0.00536015	
0.0708772	0.00529494	
0.0689512	0.00523052	
0.0663583	0.00516687	
0.0653465	0.005104	
0.0636475	0.00504188	
0.0620088	0.00498052	
0.0621433	0.0049199	
0.0603531	0.00486001	
0.0597919	0.00480085	
0.060539	0.0047424	
0.0605337	0.00468466	
0.0627999	0.00462761	
0.0649332	0.00457126	
0.0693442	0.00451559	
0.0720627	0.00446059	
0.0731193	0.00440626	
0.0711609	0.00435259	
0.0684784	0.00429956	
0.0651997	0.00424718	
0.0623619	0.00419543	
0.0595845	0.00414431	
0.0573388	0.00409381	
0.0564423	0.00404392	
0.0550851	0.00399463	
0.0545078	0.00394594	
0.0532093	0.00389784	
0.0540617	0.00385033	
0.0550596	0.00380339	
0.0552642	0.00375702	
0.0578748	0.00371121	
0.0592778	0.00366595	
0.0597081	0.00362125	
0.0606309	0.00357708	
0.0590089	0.00353345	
0.0569518	0.00349035	
0.0551988	0.00344778	
0.0523489	0.00340572	
0.0507031	0.00336417	
0.0488032	0.00332312	
0.0466999	0.00328257	
0.0449498	0.00324252	
0.0429856	0.00320295	
0.0421398	0.00316386	
0.041062	0.00312524	
0.0400291	0.00308709	
0.0420804	0.00304941	
0.0431748	0.00301218	
0.0459195	0.00297541	
0.0504569	0.00293908	
0.0530162	0.0029032	
0.0541376	0.00286774	
0.0509532	0.00283272	
0.0490979	0.00279813	
0.0450517	0.00276395	
0.0414117	0.00273019	
0.0411278	0.00269685	
0.0380871	0.0026639	
0.0371333	0.00263136	
0.0365079	0.00259921	
0.0361414	0.00256745	
0.0360753	0.00253608	
0.0368634	0.00250509	
0.037895	0.00247447	
0.0388503	0.00244423	
0.0402889	0.00241436	
0.0419676	0.00238485	
0.0415035	0.0023557	
0.0413894	0.0023269	
0.0409965	0.00229845	
0.0391692	0.00227035	
0.0373304	0.00224259	
0.0343289	0.00221517	
0.0327619	0.00218808	
0.0310252	0.00216133	
0.029904	0.00213489	
0.0297608	0.00210878	
0.028174	0.00208299	
0.0288914	0.00205751	
0.0281288	0.00203234	
0.0294212	0.00200748	
0.0286546	0.00198292	
0.0299549	0.00195866	
0.0336383	0.00193469	
0.0356541	0.00191102	
0.0372566	0.00188763	
0.0382829	0.00186453	
0.0359813	0.00184171	
0.0327282	0.00181917	
0.0292607	0.00179691	
0.0248031	0.00177491	
0.021475	0.00175318	
0.0203891	0.00173172	
0.0209023	0.00171052	
0.0252306	0.00168958	
0.0343972	0.00166889	
0.0463213	0.00164845	
0.0533505	0.00162827	
0.0491845	0.00160833	
0.0363524	0.00158863	
0.0175869	0.00156917	
0.000509993	0.000509993	
-0.0122959	-0.0122959	
-0.0106897	-0.0106897	
0.141724	0.00261434	
0.83564	0.00251151	
1.91516	0.00241106	
2.98661	0.00231295	
3.36495	0.00221713	
3.24833	0.00212356	
3.03413	0.0020322	
2.92285	0.001943	
2.96477	0.00185591	
3.13548	0.0017709	
3.36246	0.00168792	
3.55206	0.00160693	
3.64173	0.0015279	
3.59991	0.00145078	
3.42034	0.00137553	
3.14653	0.00130213	
2.80906	0.00123052	
2.46502	0.00116067	
2.13915	0.00109256	
1.84607	0.00102614	
1.61002	0.000961372	
1.45568	0.000898233	
1.37781	0.000836686	
1.36218	0.000776698	
1.37309	0.000718238	
1.37901	0.000661274	
1.34998	0.000605775	
1.28024	0.000551711	
1.17349	0.000499053	
1.04925	0.000447772	
0.916055	0.000397838	
0.788828	0.000349225	
0.660204	0.000301905	
0.525124	0.00025585	
0.388135	0.000211035	
0.241453	0.000167433	
0.0924962	0.00012502	
-0.0579994	-0.0579994	
-0.204889	-0.204889	
-0.343334	-0.343334	
-0.330295	-0.330295	
0.277186	0.131321	
1.34073	0.127397	
2.61123	0.123558	
3.86691	0.119802	
4.58304	0.116127	
4.75429	0.112533	
4.81005	0.109018	
5.01923	0.10558	
5.41707	0.102217	
5.90513	0.0989281	
6.39175	0.0957121	
6.81108	0.0925673	
7.10504	0.0894925	
7.2421	0.0864863	
7.21298	0.0835473	
7.03933	0.0806741	
6.743	0.0778657	
6.36219	0.0751206	
5.94343	0.0724376	
5.52615	0.0698156	
5.16314	0.0672533	
4.89643	0.0647495	
4.72913	0.0623032	
4.64865	0.0599132	
4.62247	0.0575783	
4.59818	0.0552975	
4.55026	0.0530698	
4.45508	0.050894	
4.31875	0.0487692	
4.1649	0.0466943	
4.00456	0.0446684	
3.85454	0.0426904	
3.71453	0.0407594	
3.5861	0.0388745	
3.4663	0.0370348	
3.35821	0.0352394	
3.24502	0.0334873	
3.11737	0.0317776	
2.97345	0.0301097	
2.83324	0.0284825	
2.70961	0.0268953	
2.61728	0.0253473	
2.55675	0.0238377	
2.53014	0.0223656	
2.53945	0.0209304	
2.58526	0.0195313	
2.66095	0.0181675	
2.76251	0.0168384	
2.88081	0.0155431	
2.99565	0.0142811	
3.11189	0.0130516	
3.22149	0.011854	
3.3204	0.0106876	
3.40133	0.00955176	
3.46316	0.00844586	
3.50714	0.00736926	
3.53299	0.00632136	
3.54472	0.00530157	
3.5385	0.00430929	
3.51395	0.00334395	
3.46048	0.00240498	
3.3871	0.00149183	
3.30011	0.000603962	
3.20579	0.000259167	
3.11847	0.00109808	
3.03851	0.00191328	
2.97449	0.00270529	
2.92368	0.00347459	
2.89442	0.00422166	
2.88053	0.004947	
2.88026	0.00565105	
2.88953	0.00633428	
2.90562	0.00699714	
2.92658	0.00764007	
2.95152	0.0082635	
2.97897	0.00886785	
3.00817	0.00945354	
3.03174	0.010021	
3.05135	0.0105706	
3.05627	0.0111027	
3.04491	0.0116178	
3.02318	0.0121161	
2.98899	0.0125981	
2.94848	0.0130642	
2.89952	0.0135146	
2.84654	0.0139498	
2.79022	0.0143701	
2.73337	0.0147758	
2.67821	0.0151672	
2.62508	0.0155447	
2.57346	0.0159086	
2.52911	0.0162592	
2.48919	0.0165967	
2.4517	0.0169216	
2.42215	0.017234	
2.39737	0.0175344	
2.37076	0.0178228	
2.35123	0.0180998	
2.33157	0.0183654	
2.30848	0.0186199	
2.28302	0.0188637	
2.25249	0.019097	
2.21451	0.01932	
2.16928	0.019533	
2.12367	0.0197361	
2.07347	0.0199298	
2.02165	0.020114	
1.96355	0.0202892	
1.90431	0.0204555	
1.84242	0.0206132	
1.77673	0.0207624	
1.70862	0.0209033	
1.64164	0.0210362	
1.57766	0.0211612	
1.52039	0.0212786	
1.46726	0.0213886	
1.41863	0.0214913	
1.37218	0.0215868	
1.32878	0.0216755	
1.2822	0.0217575	
1.23846	0.0218329	
1.19517	0.0219019	
1.15285	0.0219646	
1.11272	0.0220213	
1.07328	0.0220721	
1.03346	0.0221172	
0.993902	0.0221567	
0.954958	0.0221907	
0.915433	0.0222194	
0.8759	0.0222429	
0.835711	0.0222615	
0.795969	0.0222751	
0.756327	0.022284	
0.717416	0.0222883	
0.679292	0.0222881	
0.646694	0.0222836	
0.619274	0.0222748	
0.595589	0.0222618	
0.579021	0.0222449	
0.566384	0.0222241	
0.556577	0.0221995	
0.550929	0.0221713	
0.550574	0.0221395	
0.550228	0.0221042	
0.553286	0.0220656	
0.559955	0.0220238	
0.56722	0.0219788	
0.574742	0.0219307	
0.582316	0.0218798	
0.589008	0.0218259	
0.590891	0.0217693	
0.58953	0.02171	
0.585503	0.0216481	
0.577447	0.0215837	
0.567839	0.0215169	
0.559619	0.0214477	
0.549618	0.0213762	
0.540313	0.0213026	
0.532471	0.0212269	
0.526146	0.0211491	
0.518206	0.0210693	
0.511508	0.0209877	
0.504782	0.0209042	
0.502025	0.020819	
0.497453	0.020732	
0.492637	0.0206435	
0.489711	0.0205533	
0.487497	0.0204617	
0.485606	0.0203686	
0.484119	0.0202742	
0.478991	0.0201784	
0.47486	0.0200813	
0.467967	0.019983	
0.460224	0.0198836	
0.451334	0.019783	
0.440209	0.0196814	
0.429174	0.0195788	
0.417138	0.0194752	
0.405296	0.0193706	
0.394845	0.0192653	
0.387033	0.0191591	
0.380803	0.0190521	
0.376355	0.0189443	
0.376988	0.0188359	
0.37805	0.0187268	
0.382073	0.0186171	
0.386976	0.0185069	
0.393261	0.018396	
0.400328	0.0182847	
0.408112	0.0181729	
0.414366	0.0180607	
0.419421	0.0179481	
0.422629	0.0178351	
0.424877	0.0177218	
0.427354	0.0176082	
0.428645	0.0174943	
0.425212	0.0173802	
0.420045	0.0172659	
0.41305	0.0171513	
0.403678	0.0170367	
0.394638	0.0169219	
0.385412	0.016807	
0.375648	0.016692	
0.366606	0.016577	
0.358145	0.0164619	
0.349752	0.0163468	
0.342891	0.0162318	
0.336111	0.0161168	
0.33071	0.0160018	
0.328221	0.015887	
0.325823	0.0157722	
0.326871	0.0156576	
0.326458	0.0155431	
0.324952	0.0154287	
0.323293	0.0153146	
0.318879	0.0152006	
0.312396	0.0150869	
0.306022	0.0149733	
0.298816	0.01486	
0.289754	0.014747	
0.280398	0.0146343	
0.27108	0.0145218	
0.263258	0.0144097	
0.254517	0.0142978	
0.248619	0.0141863	
0.242423	0.0140751	
0.240077	0.0139643	
0.240329	0.0138539	
0.24624	0.0137438	
0.254645	0.0136341	
0.265627	0.0135248	
0.27949	0.0134159	
0.294303	0.0133075	
0.306454	0.0131995	
0.317009	0.0130919	
0.325511	0.0129847	
0.330756	0.012878	
0.336588	0.0127718	
0.340167	0.012666	
0.34349	0.0125608	
0.344292	0.012456	
0.342331	0.0123517	
0.337531	0.0122479	
0.329586	0.0121446	
0.321909	0.0120418	
0.313671	0.0119395	
0.304226	0.0118378	
0.294253	0.0117366	
0.284159	0.0116359	
0.27591	0.0115358	
0.268674	0.0114362	
0.262873	0.0113371	
0.259864	0.0112386	
0.256749	0.0111407	
0.2557	0.0110433	
0.25208	0.0109465	
0.248684	0.0108502	
0.244877	0.0107545	
0.240233	0.0106594	
0.235589	0.0105649	
0.228542	0.0104709	
0.221137	0.0103775	
0.213084	0.0102847	
0.20445	0.0101925	
0.195527	0.0101008	
0.186582	0.0100098	
0.178322	0.00991933	
0.168432	0.00982945	
0.159839	0.00974017	
0.153226	0.00965147	
0.149124	0.00956337	
0.149455	0.00947586	
0.154428	0.00938894	
0.167491	0.00930261	
0.182532	0.00921688	
0.201408	0.00913174	
0.214888	0.0090472	
0.223692	0.00896325	
0.226978	0.0088799	
0.224675	0.00879713	
0.220187	0.00871496	
0.217303	0.00863339	
0.218001	0.0085524	
0.220938	0.00847201	
0.222796	0.00839221	
0.223573	0.00831299	
0.21929	0.00823437	
0.210713	0.00815633	
0.202132	0.00807888	
0.193423	0.00800202	
0.183548	0.00792574	
0.174443	0.00785004	
0.165592	0.00777492	
0.158039	0.00770038	
0.153448	0.00762642	
0.151531	0.00755304	
0.153189	0.00748023	
0.157191	0.00740799	
0.157889	0.00733632	
0.156805	0.00726522	
0.153401	0.00719469	
0.148383	0.00712472	
0.145262	0.00705532	
0.142889	0.00698648	
0.140233	0.00691819	
0.137586	0.00685046	
0.135027	0.00678329	
0.13186	0.00671666	
0.127341	0.00665059	
0.123776	0.00658506	
0.119007	0.00652007	
0.1138	0.00645563	
0.109114	0.00639173	
0.105777	0.00632836	
0.102316	0.00626553	
0.103592	0.00620322	
0.107804	0.00614145	
0.115341	0.0060802	
0.125787	0.00601948	
0.136666	0.00595927	
0.14479	0.00589959	
0.146895	0.00584042	
0.144221	0.00578176	
0.139967	0.00572361	
0.136529	0.00566596	
0.136032	0.00560882	
0.136544	0.00555218	
0.137953	0.00549604	
0.13921	0.0054404	
0.137801	0.00538524	
0.134435	0.00533057	
0.129179	0.00527639	
0.124087	0.0052227	
0.118414	0.00516948	
0.113422	0.00511674	
0.107879	0.00506447	
0.103958	0.00501267	
0.0988333	0.00496135	
0.0962758	0.00491048	
0.0944019	0.00486008	
0.098433	0.00481014	
0.104604	0.00476065	
0.111671	0.00471161	
0.115909	0.00466303	
0.115693	0.00461489	
0.111658	0.00456719	
0.106607	0.00451994	
0.102622	0.00447312	
0.0992615	0.00442674	
0.0961297	0.00438078	
0.0943681	0.00433526	
0.0908929	0.00429016	
0.0872822	0.00424548	
0.0827659	0.00420122	
0.0789277	0.00415738	
0.0750997	0.00411395	
0.0723624	0.00407093	
0.0709761	0.00402831	
0.0715122	0.0039861	
0.0753686	0.00394429	
0.0803458	0.00390288	
0.0871694	0.00386186	
0.0931688	0.00382124	
0.0933369	0.003781	
0.0925605	0.00374115	
0.0879373	0.00370168	
0.0845689	0.00366259	
0.0816742	0.00362388	
0.0799978	0.00358554	
0.0769332	0.00354757	
0.0750401	0.00350997	
0.0729669	0.00347273	
0.0706921	0.00343586	
0.0685238	0.00339934	
0.0658983	0.00336318	
0.0633734	0.00332738	
0.0609452	0.00329192	
0.0589489	0.00325681	
0.0572862	0.00322205	
0.0578413	0.00318763	
0.0611681	0.00315355	
0.0677413	0.0031198	
0.0785648	0.00308639	
0.0901543	0.00305331	
0.0963596	0.00302055	
0.0945616	0.00298812	
0.0875983	0.00295602	
0.0815994	0.00292423	
0.0760041	0.00289276	
0.0707641	0.00286161	
0.0679065	0.00283076	
0.0653035	0.00280023	
0.0628001	0.00277	
0.0600728	0.00274007	
0.0577698	0.00271044	
0.055555	0.00268112	
0.0534251	0.00265209	
0.0507031	0.00262335	
0.0496965	0.0025949	
0.048383	0.00256674	
0.047927	0.00253887	
0.0490094	0.00251128	
0.0520063	0.00248396	
0.0565424	0.00245693	
0.0609283	0.00243017	
0.0613274	0.00240369	
0.0570017	0.00237747	
0.0524933	0.00235153	
0.0485083	0.00232585	
0.0436832	0.00230043	
0.0409386	0.00227527	
0.0384806	0.00225037	
0.0381617	0.00222573	
0.0385889	0.00220134	
0.0410003	0.0021772	
0.0442398	0.00215332	
0.0488087	0.00212968	
0.0505684	0.00210628	
0.051371	0.00208312	
0.0498692	0.00206021	
0.0478296	0.00203753	
0.0470042	0.00201509	
0.045732	0.00199288	
0.0444633	0.00197091	
0.0432813	0.00194916	
0.0416206	0.00192764	
0.0400237	0.00190634	
0.0379639	0.00188527	
0.036021	0.00186442	
0.0341072	0.00184378	
0.0337887	0.00182337	
0.0334575	0.00180316	
0.0348234	0.00178317	
0.0383587	0.00176339	
0.0425324	0.00174382	
0.0480371	0.00172445	
0.0519907	0.00170529	
0.05083	0.00168633	
0.0475654	0.00166757	
0.0451396	0.00164901	
0.0408981	0.00163065	
0.0377846	0.00161248	
0.0353914	0.0015945	
0.0327246	0.00157671	
0.0309875	0.00155911	
0.0292673	0.0015417	
0.027766	0.00152448	
0.0266506	0.00150744	
0.0251405	0.00149058	
0.0266677	0.0014739	
0.0281389	0.0014574	
0.0330098	0.00144107	
0.0424947	0.00142492	
0.0489452	0.00140894	
0.0518482	0.00139314	
0.0494319	0.0013775	
0.0413525	0.00136203	
0.034601	0.00134673	
0.0296778	0.00133159	
0.0260706	0.00131661	
0.0244941	0.0013018	
0.0247211	0.00128714	
0.0248265	0.00127265	
0.0256068	0.00125831	
0.0247265	0.00124412	
0.0247447	0.00123009	
0.0243956	0.00121621	
0.022383	0.00120248	
0.0215234	0.0011889	
0.0222543	0.00117547	
0.0228055	0.00116218	
0.02657	0.00114903	
0.0346085	0.00113603	
0.0413538	0.00112317	
0.0444083	0.00111045	
0.0413301	0.00109787	
0.0337773	0.00108543	
0.0232338	0.00107312	
0.0123965	0.00106095	
0.00591974	0.0010489	
0.00529312	0.00103699	
0.01468	0.00102522	
0.0795478	0.00101357	
0.278635	0.00100204	
0.530925	0.000990645	
0.62788	0.000979374	
0.561059	0.000968226	
0.453905	0.0009572	
0.368978	0.000946295	
0.324052	0.00093551	
0.315989	0.000924844	
0.319447	0.000914296	
0.31214	0.000903863	
0.288124	0.000893545	
0.242729	0.000883341	
0.181081	0.00087325	
0.107271	0.00086327	
0.0281737	0.000853401	
-0.0514641	-0.0514641	
-0.123854	-0.123854	
-0.176026	-0.176026	
-0.0489025	-0.0489025	
0.708273	0.050854	
1.94931	0.0493268	
3.41022	0.0478327	
4.78314	0.0463711	
5.36552	0.0449414	
5.3633	0.0435428	
5.24239	0.0421749	
5.28871	0.0408371	
5.51784	0.0395286	
5.85703	0.0382491	
6.22449	0.0369979	
6.53705	0.0357745	
6.72328	0.0345783	
6.73088	0.0334088	
6.56712	0.0322656	
6.2703	0.031148	
5.88091	0.0300556	
5.44964	0.0289879	
5.00422	0.0279444	
4.59359	0.0269247	
4.28201	0.0259282	
4.09867	0.0249546	
4.0364	0.0240033	
4.07388	0.023074	
4.16899	0.0221661	
4.27849	0.0212793	
4.3512	0.0204132	
4.35915	0.0195674	
4.29381	0.0187414	
4.17179	0.0179348	
4.0151	0.0171473	
3.84411	0.0163785	
3.67627	0.015628	
3.50521	0.0148955	
3.32911	0.0141806	
3.13752	0.0134829	
2.93856	0.012802	
2.72977	0.0121378	
2.51211	0.0114898	
2.29404	0.0108576	
2.09394	0.010241	
1.92445	0.00963973	
1.79683	0.00905336	
1.70701	0.00848164	
1.67146	0.00792426	
1.68385	0.00738094	
1.74044	0.00685138	
1.83326	0.00633531	
1.95299	0.00583245	
2.08761	0.00534252	
2.21738	0.00486526	
2.33427	0.00440042	
2.42862	0.00394772	
2.50395	0.00350693	
2.55304	0.00307779	
2.58466	0.00266007	
2.60146	0.00225352	
2.59903	0.00185791	
2.5767	0.00147302	
2.52409	0.00109861	
2.44775	0.000734471	
2.34661	0.000380384	
2.24107	3.61375e-05	
2.13596	0.000298477	
2.04686	0.000623665	
1.97522	0.000939624	
1.92546	0.00124655	
1.89864	0.00154464	
1.89274	0.00183408	
1.90662	0.00211506	
1.94003	0.00238776	
1.98305	0.00265235	
2.03518	0.00290901	
2.08854	0.00315792	
2.14221	0.00339924	
2.20002	0.00363313	
2.25189	0.00385977	
2.2984	0.0040793	
2.3295	0.00429188	
2.34979	0.00449768	
2.3519	0.00469682	
2.33052	0.00488948	
2.28952	0.00507577	
2.2315	0.00525586	
2.1607	0.00542988	
2.0847	0.00559795	
2.00883	0.00576023	
1.93081	0.00591683	
1.85676	0.00606789	
1.79192	0.00621353	
1.73241	0.00635387	
1.68861	0.00648904	
1.6504	0.00661915	
1.62235	0.00674432	
1.60363	0.00686467	
1.59024	0.00698029	
1.58107	0.00709132	
1.57292	0.00719784	
1.56793	0.00729997	
1.55771	0.00739782	
1.54218	0.00749147	
1.52021	0.00758103	
1.48486	0.00766659	
1.44026	0.00774826	
1.38876	0.00782613	
1.32813	0.00790028	
1.25903	0.0079708	
1.18533	0.00803779	
1.10651	0.00810132	
1.02595	0.00816149	
0.944354	0.00821838	
0.86902	0.00827206	
0.799466	0.00832262	
0.73085	0.00837013	
0.670133	0.00841467	
0.620334	0.00845631	
0.577959	0.00849513	
0.543828	0.0085312	
0.514283	0.00856458	
0.491696	0.00859536	
0.467435	0.00862358	
0.444882	0.00864933	
0.423485	0.00867266	
0.404379	0.00869363	
0.383695	0.00871232	
0.363788	0.00872877	
0.342919	0.00874306	
0.318779	0.00875522	
0.291931	0.00876534	
0.263691	0.00877345	
0.235183	0.00877961	
0.208466	0.00878388	
0.182512	0.00878631	
0.158433	0.00878695	
0.141859	0.00878585	
0.135983	0.00878306	
0.143735	0.00877863	
0.169263	0.00877259	
0.20998	0.00876501	
0.258845	0.00875593	
0.307556	0.00874538	
0.347628	0.00873341	
0.374562	0.00872006	
0.394449	0.00870538	
0.413743	0.00868941	
0.435966	0.00867218	
0.464393	0.00865373	
0.495491	0.0086341	
0.519965	0.00861333	
0.534112	0.00859145	
0.541003	0.0085685	
0.537816	0.00854452	
0.528657	0.00851953	
0.516375	0.00849357	
0.507781	0.00846667	
0.495283	0.00843887	
0.483319	0.00841019	
0.471836	0.00838067	
0.461203	0.00835033	
0.451689	0.0083192	
0.444188	0.00828731	
0.436425	0.0082547	
0.42941	0.00822137	
0.421938	0.00818737	
0.413162	0.00815272	
0.404407	0.00811744	
0.394772	0.00808155	
0.383267	0.00804509	
0.370883	0.00800807	
0.355949	0.00797052	
0.340058	0.00793246	
0.323462	0.0078939	
0.304869	0.00785488	
0.287238	0.00781542	
0.271054	0.00777552	
0.256332	0.00773522	
0.242728	0.00769454	
0.229996	0.00765348	
0.218941	0.00761207	
0.210575	0.00757033	
0.202966	0.00752828	
0.196736	0.00748592	
0.192457	0.00744329	
0.188585	0.00740039	
0.189059	0.00735724	
0.193394	0.00731386	
0.200149	0.00727026	
0.209508	0.00722645	
0.219167	0.00718245	
0.229384	0.00713828	
0.236806	0.00709395	
0.242626	0.00704947	
0.245626	0.00700485	
0.248488	0.0069601	
0.248539	0.00691525	
0.248068	0.0068703	
0.244521	0.00682526	
0.238173	0.00678014	
0.230826	0.00673495	
0.222378	0.00668972	
0.213825	0.00664443	
0.204271	0.00659912	
0.196414	0.00655377	
0.187926	0.00650842	
0.178927	0.00646305	
0.171828	0.0064177	
0.164136	0.00637235	
0.15816	0.00632702	
0.153097	0.00628173	
0.150701	0.00623647	
0.149904	0.00619125	
0.147659	0.00614609	
0.14874	0.00610098	
0.14862	0.00605595	
0.14722	0.00601099	
0.145523	0.00596611	
0.143424	0.00592131	
0.140461	0.00587661	
0.138675	0.00583201	
0.135137	0.00578752	
0.131546	0.00574314	
0.127956	0.00569887	
0.122833	0.00565473	
0.118704	0.00561071	
0.114957	0.00556683	
0.1111	0.00552308	
0.110374	0.00547948	
0.108549	0.00543602	
0.11105	0.00539272	
0.114107	0.00534957	
0.11888	0.00530658	
0.126028	0.00526376	
0.132619	0.0052211	
0.139134	0.00517861	
0.144065	0.0051363	
0.146898	0.00509416	
0.150632	0.00505221	
0.15401	0.00501044	
0.156603	0.00496886	
0.160097	0.00492747	
0.161901	0.00488627	
0.161217	0.00484527	
0.158704	0.00480446	
0.15338	0.00476386	
0.148358	0.00472346	
0.142652	0.00468327	
0.136716	0.00464328	
0.130962	0.0046035	
0.125426	0.00456394	
0.119732	0.00452459	
0.115555	0.00448545	
0.112456	0.00444653	
0.108448	0.00440782	
0.104765	0.00436934	
0.102117	0.00433108	
0.101271	0.00429304	
0.101507	0.00425523	
0.10308	0.00421764	
0.105141	0.00418027	
0.106891	0.00414313	
0.107965	0.00410622	
0.106758	0.00406954	
0.103726	0.00403309	
0.101598	0.00399687	
0.0976902	0.00396088	
0.0939329	0.00392512	
0.091261	0.00388959	
0.0902063	0.00385429	
0.0903178	0.00381923	
0.0905874	0.0037844	
0.0929853	0.00374981	
0.0971302	0.00371544	
0.0999397	0.00368132	
0.103907	0.00364742	
0.105124	0.00361376	
0.106963	0.00358034	
0.107632	0.00354715	
0.108355	0.00351419	
0.109458	0.00348146	
0.113586	0.00344898	
0.116529	0.00341672	
0.118316	0.0033847	
0.119051	0.00335291	
0.118406	0.00332135	
0.115692	0.00329003	
0.114273	0.00325894	
0.111237	0.00322808	
0.107436	0.00319745	
0.10187	0.00316705	
0.0978498	0.00313688	
0.0931479	0.00310695	
0.0895653	0.00307724	
0.0870398	0.00304776	
0.0836922	0.00301851	
0.0804732	0.00298949	
0.0773781	0.00296069	
0.0748545	0.00293212	
0.0715421	0.00290377	
0.0692832	0.00287565	
0.0675106	0.00284775	
0.0666029	0.00282008	
0.0648821	0.00279263	
0.0639537	0.0027654	
0.0634295	0.00273839	
0.0636393	0.0027116	
0.0634799	0.00268502	
0.06257	0.00265867	
0.0611678	0.00263253	
0.0598771	0.00260661	
0.0576675	0.0025809	
0.056078	0.00255541	
0.05398	0.00253013	
0.0517763	0.00250506	
0.0500364	0.0024802	
0.0490051	0.00245556	
0.0483289	0.00243112	
0.0484928	0.00240689	
0.0497893	0.00238286	
0.0529213	0.00235905	
0.0557406	0.00233543	
0.0596781	0.00231202	
0.0619228	0.00228881	
0.0622501	0.00226581	
0.0610107	0.002243	
0.0605439	0.00222039	
0.0600981	0.00219798	
0.0596394	0.00217577	
0.0615028	0.00215375	
0.0611195	0.00213193	
0.0602044	0.0021103	
0.0584411	0.00208886	
0.0551294	0.00206761	
0.0520758	0.00204656	
0.0491574	0.00202569	
0.0464151	0.002005	
0.0446299	0.00198451	
0.0438136	0.0019642	
0.0423799	0.00194407	
0.0404985	0.00192413	
0.0396989	0.00190436	
0.0386185	0.00188478	
0.0403168	0.00186538	
0.0416777	0.00184615	
0.0451094	0.0018271	
0.0480785	0.00180822	
0.0498307	0.00178952	
0.0502301	0.001771	
0.0477552	0.00175264	
0.0460484	0.00173445	
0.0442002	0.00171644	
0.0435638	0.00169859	
0.0413201	0.00168091	
0.0407482	0.00166339	
0.0386129	0.00164604	
0.0384898	0.00162885	
0.0370094	0.00161183	
0.0364962	0.00159496	
0.0381689	0.00157825	
0.0399105	0.00156171	
0.0423528	0.00154532	
0.044735	0.00152908	
0.0457143	0.001513	
0.0443518	0.00149708	
0.0444154	0.0014813	
0.0427071	0.00146568	
0.0423003	0.00145021	
0.040185	0.00143489	
0.0391278	0.00141971	
0.0374467	0.00140469	
0.036502	0.0013898	
0.0346025	0.00137506	
0.032838	0.00136047	
0.031575	0.00134602	
0.03068	0.0013317	
0.0295	0.00131753	
0.0283654	0.0013035	
0.0282008	0.0012896	
0.027998	0.00127584	
0.0295757	0.00126221	
0.0352583	0.00124872	
0.0411371	0.00123537	
0.0484421	0.00122214	
0.0527219	0.00120904	
0.0525883	0.00119608	
0.0486565	0.00118324	
0.0448331	0.00117053	
0.0411328	0.00115795	
0.0395508	0.00114549	
0.0365489	0.00113316	
0.0357298	0.00112095	
0.0343556	0.00110886	
0.0327088	0.00109689	
0.0314508	0.00108505	
0.0299245	0.00107332	
0.0282001	0.00106171	
0.0276889	0.00105022	
0.0257278	0.00103884	
0.0261978	0.00102758	
0.0251902	0.00101643	
0.0242213	0.0010054	
0.0232898	0.000994472	
0.0216367	0.00098366	
0.0227063	0.000972958	
0.0227343	0.000962365	
0.0227416	0.00095188	
0.0218669	0.000941501	
0.0210258	0.000931229	
0.019323	0.000921062	
0.0185798	0.000910999	
0.0186732	0.00090104	
0.0190242	0.000891182	
0.019489	0.000881426	
0.020443	0.00087177	
0.0221537	0.000862214	
0.0222393	0.000852757	
0.0228139	0.000843397	
0.022874	0.000834133	
0.0224229	0.000824966	
0.0220025	0.000815894	
0.0216545	0.000806916	
0.0217173	0.000798031	
0.0213643	0.000789238	
0.0205426	0.000780537	
0.0197525	0.000771927	
0.0189927	0.000763406	
0.01778	0.000754974	
0.0170961	0.000746631	
0.0159894	0.000738374	
0.0153744	0.000730205	
0.0156648	0.00072212	
0.0153076	0.000714121	
0.017147	0.000706206	
0.0198789	0.000698373	
0.0209488	0.000690624	
0.0233031	0.000682956	
0.0204507	0.000675368	
0.0182028	0.000667861	
0.0165874	0.000660433	
0.014736	0.000653084	
0.0135956	0.000645812	
0.013324	0.000638618	
0.0131342	0.000631499	
0.012629	0.000624457	
0.0150622	0.000617489	
0.0142375	0.000610595	
0.0160658	0.000603774	
0.016363	0.000597026	
0.0152845	0.000590351	
0.0140925	0.000583746	
0.0127859	0.000577212	
0.0126195	0.000570747	
0.0123855	0.000564352	
0.0134407	0.000558025	
0.0137928	0.000551766	
0.0169131	0.000545574	
0.0224401	0.000539449	
0.023425	0.000533389	
0.0243359	0.000527394	
0.0206753	0.000521464	
0.015131	0.000515598	
0.0120838	0.000509795	
0.00966582	0.000504055	
0.00989253	0.000498376	
0.0109518	0.000492759	
0.0148046	0.000487202	
0.0247583	0.000481706	
0.0347461	0.000476269	
0.0378617	0.000470891	
0.0307521	0.000465571	
0.0147242	0.000460309	
0.001613	0.000455104	
-0.00706848	-0.00706848	
-0.00723577	-0.00723577	
0.0430506	0.00191162	
0.450501	0.00184732	
1.41972	0.00178446	
2.57468	0.00172301	
3.03835	0.00166295	
2.95543	0.00160424	
2.74621	0.00154685	
2.64544	0.00149078	
2.70244	0.00143598	
2.86628	0.00138243	
3.09089	0.00133011	
3.29803	0.001279	
3.43649	0.00122906	
3.48367	0.00118029	
3.43113	0.00113264	
3.29708	0.00108611	
3.10996	0.00104067	
2.90399	0.000996303	
2.69553	0.000952978	
2.4964	0.00091068	
2.33479	0.000869387	
2.22849	0.00082908	
2.19103	0.00078974	
2.21774	0.000751346	
2.27746	0.00071388	
2.34739	0.000677323	
2.39421	0.000641656	
2.407	0.000606863	
2.37472	0.000572925	
2.30702	0.000539825	
2.21581	0.000507546	
2.11582	0.000476071	
2.00628	0.000445385	
1.88478	0.00041547	
1.74447	0.000386311	
1.5922	0.000357893	
1.43112	0.000330201	
1.26621	0.000303219	
1.09972	0.000276934	
0.935656	0.00025133	
0.783071	0.000226393	
0.643184	0.000202111	
0.52024	0.000178469	
0.415424	0.000155454	
0.334895	0.000133053	
0.278706	0.000111253	
0.24411	9.00411e-05	
0.232094	6.9406e-05	
0.230096	4.9335e-05	
0.239063	2.98164e-05	
0.246011	1.08384e-05	
0.24884	7.61028e-06	
0.252729	2.55409e-05	
0.253442	4.29645e-05	
0.253819	5.98918e-05	
0.242231	7.63334e-05	
0.220862	9.22997e-05	
0.189235	0.000107801	
0.151202	0.000122847	
0.101617	0.000137447	
0.0421481	0.000151612	
-0.023343	-0.023343	
-0.0861568	-0.0861568	
-0.141475	-0.141475	
-0.0615816	-0.0615816	
0.603989	0.0413613	
1.72037	0.0401158	
3.0281	0.0388973	
4.24117	0.0377054	
4.74457	0.0365394	
4.76787	0.0353989	
4.74922	0.0342834	
4.89795	0.0331924	
5.185	0.0321255	
5.53709	0.0310821	
5.90739	0.0300619	
6.21883	0.0290643	
6.43167	0.028089	
6.50699	0.0271354	
6.44475	0.0262033	
6.25533	0.0252921	
5.96217	0.0244015	
5.60747	0.023531	
5.22919	0.0226803	
4.86464	0.021849	
4.56866	0.0210366	
4.37533	0.0202429	
4.29061	0.0194674	
4.30125	0.0187099	
4.3663	0.0179699	
4.43385	0.017247	
4.47369	0.0165411	
4.46187	0.0158516	
4.3895	0.0151784	
4.26385	0.014521	
4.10456	0.0138792	
3.93756	0.0132527	
3.76756	0.0126411	
3.59956	0.0120441	
3.43271	0.0114615	
3.25721	0.0108929	
3.07904	0.0103382	
2.88942	0.00979694	
2.6976	0.00926893	
2.50937	0.00875388	
2.33569	0.00825154	
2.18569	0.00776164	
2.06204	0.00728395	
1.97117	0.0068182	
1.91021	0.00636415	
1.88277	0.00592157	
1.88778	0.00549022	
1.9231	0.00506988	
1.98419	0.00466031	
2.05372	0.00426129	
2.12045	0.00387261	
2.18626	0.00349406	
2.24052	0.00312542	
2.28362	0.00276649	
2.31518	0.00241707	
2.33655	0.00207695	
2.34489	0.00174596	
2.34048	0.00142389	
2.31355	0.00111056	
2.2723	0.00080578	
2.2162	0.000509379	
2.1545	0.000221178	
2.0876	5.89965e-05	
2.01996	0.000331315	
1.95988	0.000595943	
1.90895	0.000853045	
1.87442	0.00110278	
1.856	0.00134531	
1.84988	0.00158078	
1.86019	0.00180935	
1.88472	0.00203117	
1.92001	0.00224637	
