0	0	
0	0	
0	0	
1.48285e-11	1.48285e-11	
5.83663e-11	5.83663e-11	
1.09546e-10	1.09546e-10	
3.00319e-10	3.00319e-10	
4.58278e-10	4.58278e-10	
9.37715e-10	9.37715e-10	
2.08084e-09	2.08084e-09	
3.23512e-09	3.23512e-09	
5.66553e-09	5.66553e-09	
8.5783e-09	8.5783e-09	
1.28794e-08	1.28794e-08	
1.86015e-08	1.86015e-08	
2.69539e-08	2.69539e-08	
3.79069e-08	3.79069e-08	
4.85081e-08	4.85081e-08	
6.70762e-08	6.70762e-08	
8.66256e-08	8.66256e-08	
1.05352e-07	1.05352e-07	
1.35809e-07	1.35809e-07	
1.66236e-07	1.66236e-07	
2.01016e-07	2.01016e-07	
2.3971e-07	2.3971e-07	
2.92531e-07	2.92531e-07	
3.42857e-07	3.42857e-07	
4.08377e-07	4.08377e-07	
4.72099e-07	4.72099e-07	
5.51482e-07	5.51482e-07	
6.30434e-07	6.30434e-07	
7.27941e-07	7.27941e-07	
8.34825e-07	8.34825e-07	
9.51496e-07	9.51496e-07	
1.07836e-06	1.07836e-06	
1.21582e-06	1.21582e-06	
1.38938e-06	1.38938e-06	
1.56119e-06	1.56119e-06	
1.69891e-06	1.69891e-06	
1.86046e-06	1.86046e-06	
2.02509e-06	2.02509e-06	
2.23243e-06	2.23243e-06	
2.42128e-06	2.42128e-06	
2.61619e-06	2.61619e-06	
2.81669e-06	2.81669e-06	
3.03688e-06	3.03688e-06	
3.21611e-06	3.21611e-06	
3.39637e-06	3.39637e-06	
3.64193e-06	3.64193e-06	
3.84236e-06	3.84236e-06	
4.04972e-06	4.04972e-06	
4.32072e-06	4.32072e-06	
4.46849e-06	4.46849e-06	
4.70507e-06	4.70507e-06	
4.85754e-06	4.85754e-06	
5.09129e-06	5.09129e-06	
5.25757e-06	5.25757e-06	
5.41631e-06	5.41631e-06	
5.57681e-06	5.57681e-06	
5.78271e-06	5.78271e-06	
5.94734e-06	5.94734e-06	
6.12592e-06	6.12592e-06	
6.18099e-06	6.18099e-06	
6.35079e-06	6.35079e-06	
6.39805e-06	6.39805e-06	
6.57158e-06	6.57158e-06	
6.61093e-06	6.61093e-06	
6.78884e-06	6.78884e-06	
6.82023e-06	6.82023e-06	
6.84731e-06	6.84731e-06	
7.03285e-06	7.03285e-06	
7.05202e-06	7.05202e-06	
7.06702e-06	7.06702e-06	
7.28259e-06	7.28259e-06	
7.28976e-06	7.28976e-06	
7.29294e-06	7.29294e-06	
7.49964e-06	7.49964e-06	
7.49501e-06	7.49501e-06	
7.4866e-06	7.4866e-06	
7.55208e-06	7.55208e-06	
7.7239e-06	7.7239e-06	
7.78762e-06	7.78762e-06	
7.7641e-06	7.7641e-06	
7.7372e-06	7.7372e-06	
7.70704e-06	7.70704e-06	
7.96233e-06	7.96233e-06	
7.92462e-06	7.92462e-06	
7.88389e-06	7.88389e-06	
7.84026e-06	7.84026e-06	
7.79385e-06	7.79385e-06	
8.08629e-06	8.08629e-06	
8.0324e-06	8.0324e-06	
7.97598e-06	7.97598e-06	
7.91715e-06	7.91715e-06	
8.37369e-06	8.37369e-06	
8.17264e-06	8.17264e-06	
8.24184e-06	8.24184e-06	
8.17005e-06	8.17005e-06	
8.0963e-06	8.0963e-06	
8.02071e-06	8.02071e-06	
8.40903e-06	8.40903e-06	
8.32547e-06	8.32547e-06	
8.24031e-06	8.24031e-06	
8.15367e-06	8.15367e-06	
8.06566e-06	8.06566e-06	
8.51372e-06	8.51372e-06	
8.41719e-06	8.41719e-06	
8.31954e-06	8.31954e-06	
8.22086e-06	8.22086e-06	
8.78756e-06	8.78756e-06	
8.88436e-06	8.88436e-06	
8.56135e-06	8.56135e-06	
9.38942e-06	9.38942e-06	
9.04423e-06	9.04423e-06	
9.1519e-06	9.1519e-06	
9.65157e-06	9.65157e-06	
9.51866e-06	9.51866e-06	
9.38549e-06	9.38549e-06	
1.00928e-05	1.00928e-05	
9.94726e-06	9.94726e-06	
9.80175e-06	9.80175e-06	
1.05611e-05	1.05611e-05	
1.04023e-05	1.04023e-05	
1.1098e-05	1.1098e-05	
1.09268e-05	1.09268e-05	
1.10548e-05	1.10548e-05	
1.13889e-05	1.13889e-05	
1.15196e-05	1.15196e-05	
1.23995e-05	1.23995e-05	
1.21967e-05	1.21967e-05	
1.31107e-05	1.31107e-05	
1.28915e-05	1.28915e-05	
1.37237e-05	1.37237e-05	
1.45629e-05	1.45629e-05	
1.43121e-05	1.43121e-05	
1.53088e-05	1.53088e-05	
1.50401e-05	1.50401e-05	
1.60739e-05	1.60739e-05	
1.57868e-05	1.57868e-05	
1.69943e-05	1.69943e-05	
1.75161e-05	1.75161e-05	
1.76196e-05	1.76196e-05	
1.87373e-05	1.87373e-05	
1.97141e-05	1.97141e-05	
2.0697e-05	2.0697e-05	
2.18395e-05	2.18395e-05	
2.29882e-05	2.29882e-05	
2.3824e-05	2.3824e-05	
2.49916e-05	2.49916e-05	
2.59994e-05	2.59994e-05	
2.71827e-05	2.71827e-05	
2.97526e-05	2.97526e-05	
3.10959e-05	3.10959e-05	
3.19101e-05	3.19101e-05	
3.32772e-05	3.32772e-05	
3.59565e-05	3.59565e-05	
3.71216e-05	3.71216e-05	
4.02261e-05	4.02261e-05	
4.11692e-05	4.11692e-05	
4.41251e-05	4.41251e-05	
4.66762e-05	4.66762e-05	
4.77773e-05	4.77773e-05	
5.07918e-05	5.07918e-05	
5.38096e-05	5.38096e-05	
5.66112e-05	5.66112e-05	
5.96405e-05	5.96405e-05	
6.2446e-05	6.2446e-05	
6.57186e-05	6.57186e-05	
6.85237e-05	6.85237e-05	
7.15734e-05	7.15734e-05	
7.4384e-05	7.4384e-05	
7.9922e-05	7.9922e-05	
8.29339e-05	8.29339e-05	
8.54435e-05	8.54435e-05	
9.10825e-05	9.10825e-05	
9.43299e-05	9.43299e-05	
9.92007e-05	9.92007e-05	
0.000102153	0.000102153	
0.000107891	0.000107891	
0.000111081	0.000111081	
0.000116861	0.000116861	
0.00012234	0.00012234	
0.000124851	0.000124851	
0.000130986	0.000130986	
0.000136199	0.000136199	
0.000144511	0.000144511	
0.000149959	0.000149959	
0.000155403	0.000155403	
0.000160845	0.000160845	
0.000166286	0.000166286	
0.000174743	0.000174743	
0.000180452	0.000180452	
0.000186505	0.000186505	
0.000191147	0.000191147	
0.000206137	0.000206137	
0.00020549	0.00020549	
0.000210779	0.000210779	
0.000219423	0.000219423	
0.000224645	0.000224645	
0.000237545	0.000237545	
0.0002426	0.0002426	
0.000251216	0.000251216	
0.000252217	0.000252217	
0.000261787	0.000261787	
0.000272577	0.000272577	
0.000278309	0.000278309	
0.000286165	0.000286165	
0.00029616	0.00029616	
0.000305252	0.000305252	
0.000309475	0.000309475	
0.000314182	0.000314182	
0.000323449	0.000323449	
0.000327646	0.000327646	
0.000332813	0.000332813	
0.000337539	0.000337539	
0.000347079	0.000347079	
0.000356111	0.000356111	
0.000362186	0.000362186	
0.000371761	0.000371761	
0.000375774	0.000375774	
0.00038035	0.00038035	
0.000389623	0.000389623	
0.000399405	0.000399405	
0.000408635	0.000408635	
0.000423226	0.000423226	
0.000426851	0.000426851	
0.000442117	0.000442117	
0.000450595	0.000450595	
0.000456255	0.000456255	
0.000471113	0.000471113	
0.000480675	0.000480675	
0.000494923	0.000494923	
0.00050435	0.00050435	
0.000507165	0.000507165	
0.000516769	0.000516769	
0.000525757	0.000525757	
0.000529144	0.000529144	
0.000559152	0.000559152	
0.000573503	0.000573503	
0.000581975	0.000581975	
0.00059113	0.00059113	
0.000606258	0.000606258	
0.000621314	0.000621314	
0.000635623	0.000635623	
0.000650565	0.000650565	
0.000666835	0.000666835	
0.000681618	0.000681618	
0.000696346	0.000696346	
0.000724688	0.000724688	
0.000738942	0.000738942	
0.000759031	0.000759031	
0.000781222	0.000781222	
0.000793489	0.000793489	
0.000827819	0.000827819	
0.000843337	0.000843337	
0.000870459	0.000870459	
0.000904453	0.000904453	
0.000932518	0.000932518	
0.000950715	0.000950715	
0.000985929	0.000985929	
0.00101173	0.00101173	
0.00103072	0.00103072	
0.00106309	0.00106309	
0.00109938	0.00109938	
0.00114905	0.00114905	
0.00118165	0.00118165	
0.00123852	0.00123852	
0.0012699	0.0012699	
0.00131537	0.00131537	
0.00135586	0.00135586	
0.00140692	0.00140692	
0.00145464	0.00145464	
0.00149813	0.00149813	
0.0015648	0.0015648	
0.0016068	0.0016068	
0.00167155	0.00167155	
0.00173067	0.00173067	
0.00181859	0.00181859	
0.00187953	0.00187953	
0.0019398	0.0019398	
0.00202575	0.00202575	
0.0020942	0.0020942	
0.00220117	0.00220117	
0.00229512	0.00229512	
0.00239626	0.00239626	
0.00249505	0.00249505	
0.00259686	0.00259686	
0.00269191	0.00269191	
0.00278797	0.00278797	
0.00291826	0.00291826	
0.00303102	0.00303102	
0.00317729	0.00317729	
0.00333062	0.00333062	
0.0034633	0.0034633	
0.0036093	0.0036093	
0.00376622	0.00376622	
0.00392803	0.00392803	
0.0040946	0.0040946	
0.00427691	0.00427691	
0.00446023	0.00446023	
0.00465084	0.00465084	
0.00481008	0.00481008	
0.00499359	0.00499359	
0.00520359	0.00520359	
0.00539771	0.00539771	
0.00561998	0.00561998	
0.00582871	0.00582871	
0.00601344	0.00601344	
0.00623146	0.00623146	
0.00646249	0.00646249	
0.0066943	0.0066943	
0.00693235	0.00693235	
0.00717795	0.00717795	
0.00739374	0.00739374	
0.00761923	0.00761923	
0.00789385	0.00789385	
0.00812187	0.00812187	
0.00842	0.00842	
0.00872089	0.00872089	
0.00895172	0.00895172	
0.00916647	0.00916647	
0.00947516	0.00947516	
0.00981824	0.00981824	
0.0101652	0.0101652	
0.0104385	0.0104385	
0.0107512	0.0107512	
0.0111539	0.0111539	
0.0115893	0.0115893	
0.0119721	0.0119721	
0.0123033	0.0123033	
0.012742	0.012742	
0.0132174	0.0132174	
0.0136136	0.0136136	
0.0140008	0.0140008	
0.0144073	0.0144073	
0.0149565	0.0149565	
0.0154293	0.0154293	
0.0158594	0.0158594	
0.016374	0.016374	
0.0168442	0.0168442	
0.0172485	0.0172485	
0.0177579	0.0177579	
0.0183321	0.0183321	
0.0188935	0.0188935	
0.0194212	0.0194212	
0.019999	0.019999	
0.0206225	0.0206225	
0.0211185	0.0211185	
0.0216875	0.0216875	
0.0224011	0.0224011	
0.0230296	0.0230296	
0.0235956	0.0235956	
0.0243006	0.0243006	
0.024975	0.024975	
0.0255166	0.0255166	
0.026196	0.026196	
0.0269419	0.0269419	
0.0276084	0.0276084	
0.0283192	0.0283192	
0.0290795	0.0290795	
0.0296046	0.0296046	
0.0302279	0.0302279	
0.0309831	0.0309831	
0.0316438	0.0316438	
0.0322389	0.0322389	
0.0329171	0.0329171	
0.0335435	0.0335435	
0.0342197	0.0342197	
0.034902	0.034902	
0.0355534	0.0355534	
0.0362207	0.0362207	
0.0370095	0.0370095	
0.0377067	0.0377067	
0.0382763	0.0382763	
0.038971	0.038971	
0.0396747	0.0396747	
0.0403673	0.0403673	
0.0411317	0.0411317	
0.0417767	0.0417767	
0.0424917	0.0424917	
0.0434424	0.0434424	
0.0441938	0.0441938	
0.0450409	0.0450409	
0.0458446	0.0458446	
0.0466763	0.0466763	
0.0474434	0.0474434	
0.0482475	0.0482475	
0.0491502	0.0491502	
0.0499381	0.0499381	
0.0506712	0.0506712	
0.0515123	0.0515123	
0.0524086	0.0524086	
0.0533619	0.0533619	
0.0542477	0.0542477	
0.0550701	0.0550701	
0.0559794	0.0559794	
0.0568321	0.0568321	
0.0576852	0.0576852	
0.0585599	0.0585599	
0.0593246	0.0593246	
0.0602408	0.0602408	
0.0611564	0.0611564	
0.0621099	0.0621099	
0.0630373	0.0630373	
0.0639476	0.0639476	
0.0649979	0.0649979	
0.0659526	0.0659526	
0.0670508	0.0670508	
0.0679856	0.0679856	
0.0689667	0.0689667	
0.0700222	0.0700222	
0.0711655	0.0711655	
0.072106	0.072106	
0.073071	0.073071	
0.0743768	0.0743768	
0.075395	0.075395	
0.0765478	0.0765478	
0.0776488	0.0776488	
0.0786114	0.0786114	
0.079646	0.079646	
0.0805979	0.0805979	
0.0813577	0.0813577	
0.0822963	0.0822963	
0.0833106	0.0833106	
0.0844457	0.0844457	
0.0852465	0.0852465	
0.0863196	0.0863196	
0.0873868	0.0873868	
0.0885097	0.0885097	
0.0896842	0.0896842	
0.0908053	0.0908053	
0.0920148	0.0920148	
0.0930105	0.0930105	
0.0941969	0.0941969	
0.0954121	0.0954121	
0.0966155	0.0966155	
0.0978383	0.0978383	
0.0990699	0.0990699	
0.100348	0.100348	
0.10161	0.10161	
0.102756	0.102756	
0.104124	0.104124	
0.105287	0.105287	
0.106629	0.106629	
0.108259	0.108259	
0.109625	0.109625	
0.111053	0.111053	
0.11275	0.11275	
0.113909	0.113909	
0.115528	0.115528	
0.117253	0.117253	
0.118677	0.118677	
0.120206	0.120206	
0.12192	0.12192	
0.123458	0.123458	
0.125362	0.125362	
0.127049	0.127049	
0.1289	0.1289	
0.13076	0.13076	
0.132569	0.132569	
0.134537	0.134537	
0.136491	0.136491	
0.138233	0.138233	
0.140113	0.140113	
0.142105	0.142105	
0.144302	0.144302	
0.146612	0.146612	
0.148951	0.148951	
0.151394	0.151394	
0.153994	0.153994	
0.156638	0.156638	
0.159309	0.159309	
0.161833	0.161833	
0.164931	0.164931	
0.167785	0.167785	
0.170761	0.170761	
0.173931	0.173931	
0.17722	0.17722	
0.180458	0.180458	
0.183549	0.183549	
0.186994	0.186994	
0.190217	0.190217	
0.193664	0.193664	
0.197283	0.197283	
0.20103	0.20103	
0.204516	0.204516	
0.207995	0.207995	
0.211625	0.211625	
0.215158	0.215158	
0.218478	0.218478	
0.222369	0.222369	
0.22634	0.22634	
0.230363	0.230363	
0.234624	0.234624	
0.238978	0.238978	
0.243446	0.243446	
0.24807	0.24807	
0.252861	0.252861	
0.257914	0.257914	
0.263099	0.263099	
0.268008	0.268008	
0.273307	0.273307	
0.278121	0.278121	
0.283516	0.283516	
0.288944	0.288944	
0.29386	0.29386	
0.298886	0.298886	
0.303725	0.303725	
0.309175	0.309175	
0.314229	0.314229	
0.319624	0.319624	
0.324709	0.324709	
0.330081	0.330081	
0.335202	0.335202	
0.340403	0.340403	
0.345432	0.345432	
0.350529	0.350529	
0.355803	0.355803	
0.361037	0.361037	
0.366342	0.366342	
0.3714	0.3714	
0.376913	0.376913	
0.382441	0.382441	
0.388245	0.388245	
0.394072	0.394072	
0.400003	0.400003	
0.406347	0.406347	
0.412007	0.412007	
0.418079	0.418079	
0.423965	0.423965	
0.430155	0.430155	
0.436381	0.436381	
0.442546	0.442546	
0.449268	0.449268	
0.45611	0.45611	
0.463093	0.463093	
0.469979	0.469979	
0.476487	0.476487	
0.483626	0.483626	
0.490103	0.490103	
0.497331	0.497331	
0.505088	0.505088	
0.512946	0.512946	
0.521493	0.521493	
0.530115	0.530115	
0.538866	0.538866	
0.548025	0.548025	
0.557099	0.557099	
0.56595	0.56595	
0.574273	0.574273	
0.583153	0.583153	
0.592488	0.592488	
0.60176	0.60176	
0.611331	0.611331	
0.620995	0.620995	
0.630689	0.630689	
0.640185	0.640185	
0.649717	0.649717	
0.659706	0.659706	
0.669772	0.669772	
0.68037	0.68037	
0.691036	0.691036	
0.702868	0.702868	
0.715207	0.715207	
0.72724	0.72724	
0.739603	0.739603	
0.751747	0.751747	
0.764921	0.764921	
0.778326	0.778326	
0.791809	0.791809	
0.804401	0.804401	
0.817049	0.817049	
0.829919	0.829919	
0.842655	0.842655	
0.855517	0.855517	
0.868645	0.868645	
0.882216	0.882216	
0.895498	0.895498	
0.909204	0.909204	
0.922899	0.922899	
0.93668	0.93668	
0.950623	0.950623	
0.964746	0.964746	
0.979668	0.979668	
0.995424	0.995424	
1.01168	1.01168	
1.02861	1.02861	
1.04605	1.04605	
1.06353	1.06353	
1.08114	1.08114	
1.09835	1.09835	
1.11597	1.11597	
1.134	1.134	
1.15143	1.15143	
1.16882	1.16882	
1.18551	1.18551	
1.20169	1.20169	
1.21841	1.21841	
1.23454	1.23454	
1.25072	1.25072	
1.26743	1.26743	
1.28457	1.28457	
1.30233	1.30233	
1.31976	1.31976	
1.33669	1.33669	
1.35264	1.35264	
1.36918	1.36918	
1.38637	1.38637	
1.4045	1.4045	
1.42247	1.42247	
1.44047	1.44047	
1.45742	1.45742	
1.4741	1.4741	
1.4902	1.4902	
1.50566	1.50566	
1.52132	1.52132	
1.53749	1.53749	
1.5534	1.5534	
1.57032	1.57032	
1.58767	1.58767	
1.60474	1.60474	
1.62237	1.62237	
1.63928	1.63928	
1.65674	1.65674	
1.67439	1.67439	
1.69305	1.69305	
1.71307	1.71307	
1.73336	1.73336	
1.75455	1.75455	
1.77623	1.77623	
1.79861	1.79861	
1.82124	1.82124	
1.84412	1.84412	
1.86824	1.86824	
1.89352	1.89352	
1.91943	1.91943	
1.94513	1.94513	
1.97008	1.97008	
1.99517	1.99517	
2.01874	2.01874	
2.04061	2.04061	
2.06176	2.06176	
2.08194	2.08194	
2.10341	2.10341	
2.12547	2.12547	
2.14742	2.14742	
2.16837	2.16837	
2.18819	2.18819	
2.20757	2.20757	
2.22658	2.22658	
2.245	2.245	
2.26398	2.26398	
2.28323	2.28323	
2.30337	2.30337	
2.32366	2.32366	
2.34366	2.34366	
2.36383	2.36383	
2.38369	2.38369	
2.40445	2.40445	
2.42654	2.42654	
2.44976	2.44976	
2.47277	2.47277	
2.49634	2.49634	
2.52159	2.52159	
2.54659	2.54659	
2.57235	2.57235	
2.59814	2.59814	
2.62394	2.61838	
2.65003	2.63773	
2.67793	2.6568	
2.70804	2.6756	
2.73879	2.69414	
2.76956	2.71243	
2.79909	2.73045	
2.82702	2.74823	
2.8549	2.76575	
2.88214	2.78303	
2.90803	2.80007	
2.93313	2.81687	
2.95686	2.83343	
2.97959	2.84976	
3.00164	2.86587	
3.02392	2.88174	
3.04481	2.8974	
3.0639	2.91284	
3.08201	2.92806	
3.09883	2.94306	
3.11476	2.95786	
3.13107	2.97245	
3.14793	2.98684	
3.16547	3.00102	
3.18308	3.01501	
3.20115	3.0288	
3.22106	3.04239	
3.24336	3.0558	
3.26676	3.06902	
3.29031	3.08205	
3.3135	3.0949	
3.3364	3.10757	
3.3611	3.12007	
3.38739	3.13239	
3.41507	3.14453	
3.44287	3.15651	
3.46958	3.16832	
3.4949	3.17996	
3.51915	3.19144	
3.54139	3.20276	
3.56173	3.21392	
3.58084	3.22493	
3.59976	3.23578	
3.6189	3.24648	
3.63882	3.25703	
3.65694	3.26743	
3.67359	3.27769	
3.68845	3.2878	
3.70442	3.29777	
3.72144	3.3076	
3.73987	3.31729	
3.75825	3.32685	
3.77728	3.33628	
3.79773	3.34557	
3.82069	3.35473	
3.84433	3.36376	
3.86694	3.37267	
3.88833	3.38145	
3.91169	3.39011	
3.93688	3.39865	
3.96305	3.40707	
3.98794	3.41537	
4.01073	3.42356	
4.03171	3.43163	
4.05137	3.43958	
4.06948	3.44743	
4.08428	3.45517	
4.09632	3.46279	
4.10705	3.47031	
4.11915	3.47773	
4.13033	3.48504	
4.14036	3.49225	
4.14781	3.49936	
4.1544	3.50637	
4.16247	3.51328	
4.17119	3.52009	
4.17996	3.52681	
4.18911	3.53344	
4.20072	3.53997	
4.21658	3.54641	
4.23486	3.55276	
4.25394	3.55902	
4.27243	3.5652	
4.29264	3.57128	
4.31505	3.57728	
4.3387	3.5832	
4.36166	3.58904	
4.38229	3.59479	
4.40104	3.60046	
4.41839	3.60606	
4.43387	3.61157	
4.44727	3.61701	
4.45825	3.62237	
4.46777	3.62766	
4.47622	3.63287	
4.48343	3.63801	
4.48928	3.64308	
4.49482	3.64808	
4.49965	3.653	
4.50538	3.65786	
4.51087	3.66265	
4.5183	3.66737	
4.52763	3.67203	
4.53986	3.67662	
4.55362	3.68115	
4.56781	3.68561	
4.58296	3.69002	
4.59973	3.69436	
4.61852	3.69863	
4.63749	3.70285	
4.65524	3.70701	
4.67015	3.71111	
4.68409	3.71516	
4.69585	3.71915	
4.70528	3.72308	
4.71316	3.72696	
4.71993	3.73078	
4.72436	3.73455	
4.72746	3.73826	
4.72799	3.74193	
4.72738	3.74554	
4.72683	3.7491	
4.72813	3.75262	
4.72955	3.75608	
4.73218	3.75949	
4.73624	3.76286	
4.74348	3.76618	
4.75474	3.76945	
4.76675	3.77268	
4.7789	3.77587	
4.79147	3.779	
4.8049	3.7821	
4.81855	3.78515	
4.83108	3.78816	
4.84227	3.79112	
4.85121	3.79405	
4.85749	3.79693	
4.86051	3.79977	
4.86158	3.80258	
4.86144	3.80534	
4.85971	3.80806	
4.85815	3.81075	
4.85478	3.8134	
4.8514	3.81601	
4.84768	3.81859	
4.84519	3.82113	
4.84444	3.82363	
4.8448	3.8261	
4.84775	3.82854	
4.85392	3.83094	
4.8625	3.8333	
4.87243	3.83564	
4.88397	3.83794	
4.89541	3.84021	
4.90571	3.84244	
4.91529	3.84465	
4.92342	3.84683	
4.93039	3.84897	
4.93557	3.85108	
4.93763	3.85317	
4.93747	3.85522	
4.93671	3.85725	
4.93392	3.85925	
4.92854	3.86122	
4.92164	3.86316	
4.91403	3.86508	
4.90604	3.86697	
4.89923	3.86883	
4.89292	3.87067	
4.88858	3.87248	
4.88767	3.87426	
4.88987	3.87602	
4.89464	3.87776	
4.90248	3.87947	
4.91318	3.88116	
4.92534	3.88282	
4.93688	3.88446	
4.94526	3.88608	
4.9504	3.88767	
4.95322	3.88925	
4.95463	3.8908	
4.95369	3.89233	
4.95096	3.89383	
4.94742	3.89532	
4.94149	3.89679	
4.93332	3.89823	
4.92216	3.89966	
4.90891	3.90106	
4.89601	3.90245	
4.88439	3.90381	
4.87455	3.90516	
4.86684	3.90649	
4.86205	3.90779	
4.86039	3.90909	
4.86096	3.91036	
4.8635	3.91161	
4.86904	3.91285	
4.87687	3.91407	
4.88532	3.91527	
4.89147	3.91646	
4.8937	3.91763	
4.89296	3.91878	
4.88968	3.91992	
4.88547	3.92104	
4.88155	3.92215	
4.87581	3.92324	
4.86863	3.92431	
4.8586	3.92537	
4.84829	3.92642	
4.83727	3.92745	
4.82582	3.92846	
4.81483	3.92946	
4.80473	3.93045	
4.79757	3.93142	
4.79348	3.93238	
4.79223	3.93333	
4.79334	3.93426	
4.798	3.93518	
4.80532	3.93609	
4.81301	3.93699	
4.81939	3.93787	
4.82414	3.93874	
4.82652	3.9396	
4.82595	3.94044	
4.82058	3.94128	
4.81281	3.9421	
4.80317	3.94291	
4.79199	3.94371	
4.77987	3.9445	
4.76567	3.94527	
4.7507	3.94604	
4.73391	3.94679	
4.71752	3.94754	
4.7018	3.94827	
4.68776	3.949	
4.67663	3.94971	
4.66823	3.95042	
4.66208	3.95111	
4.65913	3.95179	
4.65833	3.95247	
4.65943	3.95314	
4.65962	3.95379	
4.65901	3.95444	
4.65673	3.95508	
4.65313	3.9557	
4.64734	3.95633	
4.64067	3.95694	
4.63314	3.95754	
4.62309	3.95813	
4.60953	3.95872	
4.59337	3.9593	
4.57729	3.95987	
4.56215	3.96043	
4.54701	3.96098	
4.53236	3.96153	
4.52013	3.96207	
4.51085	3.9626	
4.50425	3.96312	
4.50017	3.96364	
4.49816	3.96415	
4.49788	3.96465	
4.49762	3.96515	
4.49686	3.96563	
4.49495	3.96611	
4.49158	3.96659	
4.48624	3.96706	
4.47843	3.96752	
4.4686	3.96797	
4.45739	3.96842	
4.44384	3.96886	
4.42807	3.9693	
4.41126	3.96973	
4.39402	3.97015	
4.37589	3.97057	
4.35592	3.97098	
4.33584	3.97139	
4.31734	3.97179	
4.30207	3.97218	
4.28911	3.97257	
4.27937	3.97296	
4.2725	3.97334	
4.26797	3.97371	
4.26413	3.97408	
4.25928	3.97444	
4.2521	3.9748	
4.24393	3.97515	
4.23382	3.9755	
4.22321	3.97584	
4.21175	3.97618	
4.19833	3.97651	
4.18293	3.97684	
4.16567	3.97717	
4.14801	3.97749	
4.13073	3.9778	
4.11261	3.97811	
4.0943	3.97842	
4.07699	3.97872	
4.06174	3.97902	
4.04876	3.97931	
4.03738	3.9796	
4.02701	3.97989	
4.01851	3.98017	
4.01138	3.98045	
4.00467	3.98072	
3.99751	3.98099	
3.9893	3.98126	
3.9791	3.9791	
3.96739	3.96739	
3.95503	3.95503	
3.94168	3.94168	
3.92625	3.92625	
3.90945	3.90945	
3.89091	3.89091	
3.87154	3.87154	
3.85096	3.85096	
3.82966	3.82966	
3.80874	3.80874	
3.78875	3.78875	
3.7701	3.7701	
3.75379	3.75379	
3.73897	3.73897	
3.72495	3.72495	
3.71092	3.71092	
3.69679	3.69679	
3.68199	3.68199	
3.66636	3.66636	
3.64896	3.64896	
3.63055	3.63055	
3.61216	3.61216	
3.59417	3.59417	
3.57496	3.57496	
3.55439	3.55439	
3.53286	3.53286	
3.5101	3.5101	
3.48665	3.48665	
3.46362	3.46362	
3.44127	3.44127	
3.41965	3.41965	
3.39907	3.39907	
3.37944	3.37944	
3.36163	3.36163	
3.34446	3.34446	
3.32665	3.32665	
3.30767	3.30767	
3.2888	3.2888	
3.26961	3.26961	
3.24945	3.24945	
3.22829	3.22829	
3.2058	3.2058	
3.18306	3.18306	
3.16022	3.16022	
3.13783	3.13783	
3.11536	3.11536	
3.09231	3.09231	
3.06842	3.06842	
3.04445	3.04445	
3.0207	3.0207	
2.9972	2.9972	
2.97459	2.97459	
2.95311	2.95311	
2.93264	2.93264	
2.91281	2.91281	
2.89271	2.89271	
2.87227	2.87227	
2.85178	2.85178	
2.83115	2.83115	
2.80909	2.80909	
2.78583	2.78583	
2.76212	2.76212	
2.73794	2.73794	
2.71261	2.71261	
2.68656	2.68656	
2.66038	2.66038	
2.63369	2.63369	
2.60674	2.60674	
2.58092	2.58092	
2.55602	2.55602	
2.5317	2.5317	
2.5083	2.5083	
2.48558	2.48558	
2.46427	2.46427	
2.4436	2.4436	
2.42298	2.42298	
2.40213	2.40213	
2.38084	2.38084	
2.35924	2.35924	
2.33699	2.33699	
2.31396	2.31396	
2.29072	2.29072	
2.26695	2.26695	
2.24302	2.24302	
2.21851	2.21851	
2.19427	2.19427	
2.17031	2.17031	
2.14642	2.14642	
2.12191	2.12191	
2.09696	2.09696	
2.07256	2.07256	
2.04827	2.04827	
2.02592	2.02592	
2.00576	2.00576	
1.98538	1.98538	
1.96573	1.96573	
1.94487	1.94487	
1.92607	1.92607	
1.90501	1.90501	
1.88578	1.88578	
1.86415	1.86415	
1.84274	1.84274	
1.82063	1.82063	
1.79896	1.79896	
1.77544	1.77544	
1.75205	1.75205	
1.72785	1.72785	
1.70341	1.70341	
1.67953	1.67953	
1.65624	1.65624	
1.63332	1.63332	
1.61049	1.61049	
1.58805	1.58805	
1.56608	1.56608	
1.54493	1.54493	
1.52461	1.52461	
1.50502	1.50502	
1.48622	1.48622	
1.46815	1.46815	
1.45107	1.45107	
1.43274	1.43274	
1.41468	1.41468	
1.39603	1.39603	
1.37659	1.37659	
1.35659	1.35659	
1.33604	1.33604	
1.31528	1.31528	
1.2948	1.2948	
1.27446	1.27446	
1.25401	1.25401	
1.2333	1.2333	
1.21247	1.21247	
1.19183	1.19183	
1.17195	1.17195	
1.15262	1.15262	
1.13385	1.13385	
1.11512	1.11512	
1.0965	1.0965	
1.07841	1.07841	
1.06115	1.06115	
1.0448	1.0448	
1.02886	1.02886	
1.01301	1.01301	
0.99716	0.99716	
0.981496	0.981496	
0.965981	0.965981	
0.950433	0.950433	
0.934829	0.934829	
0.918654	0.918654	
0.901988	0.901988	
0.885093	0.885093	
0.868108	0.868108	
0.851189	0.851189	
0.834245	0.834245	
0.817299	0.817299	
0.80066	0.80066	
0.784368	0.784368	
0.768573	0.768573	
0.752766	0.752766	
0.737013	0.737013	
0.72124	0.72124	
0.705706	0.705706	
0.690812	0.690812	
0.676693	0.676693	
0.663215	0.663215	
0.650094	0.650094	
0.637119	0.637119	
0.624542	0.624542	
0.612183	0.612183	
0.600127	0.600127	
0.588282	0.588282	
0.576499	0.576499	
0.564866	0.564866	
0.553362	0.553362	
0.5421	0.5421	
0.530709	0.530709	
0.519254	0.519254	
0.507699	0.507699	
0.496392	0.496392	
0.485201	0.485201	
0.474328	0.474328	
0.463555	0.463555	
0.452892	0.452892	
0.442213	0.442213	
0.431602	0.431602	
0.421332	0.421332	
0.411303	0.411303	
0.401509	0.401509	
0.391812	0.391812	
0.382223	0.382223	
0.372877	0.372877	
0.363696	0.363696	
0.354697	0.354697	
0.345762	0.345762	
0.336985	0.336985	
0.328366	0.328366	
0.319931	0.319931	
0.311577	0.311577	
0.303297	0.303297	
0.294956	0.294956	
0.28687	0.28687	
0.278824	0.278824	
0.270962	0.270962	
0.263218	0.263218	
0.255629	0.255629	
0.2483	0.2483	
0.2413	0.2413	
0.234585	0.234585	
0.228029	0.228029	
0.221786	0.221786	
0.215718	0.215718	
0.209924	0.209924	
0.204241	0.204241	
0.198726	0.198726	
0.193264	0.193264	
0.18795	0.18795	
0.182771	0.182771	
0.177745	0.177745	
0.172725	0.172725	
0.167811	0.167811	
0.16282	0.16282	
0.158085	0.158085	
0.153371	0.153371	
0.148811	0.148811	
0.144256	0.144256	
0.139734	0.139734	
0.135365	0.135365	
0.13122	0.13122	
0.127354	0.127354	
0.123582	0.123582	
0.119886	0.119886	
0.116347	0.116347	
0.112991	0.112991	
0.109789	0.109789	
0.106867	0.106867	
0.104043	0.104043	
0.101312	0.101312	
0.0985247	0.0985247	
0.0957619	0.0957619	
0.093214	0.093214	
0.090627	0.090627	
0.0880613	0.0880613	
0.0855529	0.0855529	
0.0830971	0.0830971	
0.0806466	0.0806466	
0.0782439	0.0782439	
0.0758859	0.0758859	
0.0734608	0.0734608	
0.0711368	0.0711368	
0.0689264	0.0689264	
0.067018	0.067018	
0.0651443	0.0651443	
0.0633598	0.0633598	
0.0615477	0.0615477	
0.0599603	0.0599603	
0.0584534	0.0584534	
0.0570785	0.0570785	
0.0556996	0.0556996	
0.0543831	0.0543831	
0.0532326	0.0532326	
0.0520282	0.0520282	
0.0508329	0.0508329	
0.0496436	0.0496436	
0.0484948	0.0484948	
0.047395	0.047395	
0.0461772	0.0461772	
0.0449995	0.0449995	
0.0438424	0.0438424	
0.0426218	0.0426218	
0.0414481	0.0414481	
0.0403849	0.0403849	
0.0392993	0.0392993	
0.0382384	0.0382384	
0.037244	0.037244	
0.0362945	0.0362945	
0.0354241	0.0354241	
0.0345422	0.0345422	
0.0336666	0.0336666	
0.0329156	0.0329156	
0.0322314	0.0322314	
0.0315224	0.0315224	
0.0308382	0.0308382	
0.0301246	0.0301246	
0.0293567	0.0293567	
0.0284534	0.0284534	
0.0276531	0.0276531	
0.0269081	0.0269081	
0.0261477	0.0261477	
0.0253663	0.0253663	
0.024549	0.024549	
0.0238186	0.0238186	
0.023051	0.023051	
0.0223157	0.0223157	
0.0216893	0.0216893	
0.0211816	0.0211816	
0.0206476	0.0206476	
0.0201084	0.0201084	
0.019682	0.019682	
0.0194149	0.0194149	
0.0191196	0.0191196	
0.0189729	0.0189729	
0.0189553	0.0189553	
0.0189123	0.0189123	
0.0189116	0.0189116	
0.0188377	0.0188377	
0.0187994	0.0187994	
0.0188148	0.0188148	
0.0187544	0.0187544	
0.0186935	0.0186935	
0.0186388	0.0186388	
0.0185051	0.0185051	
0.0183703	0.0183703	
0.0182232	0.0182232	
0.0180168	0.0180168	
0.0177569	0.0177569	
0.0175663	0.0175663	
0.0174375	0.0174375	
0.017242	0.017242	
0.0170362	0.0170362	
0.0169109	0.0169109	
0.0167589	0.0167589	
0.0165976	0.0165976	
0.0165072	0.0165072	
0.0163961	0.0163961	
0.0162013	0.0162013	
0.0160569	0.0160569	
0.0158949	0.0158949	
0.0157913	0.0157913	
0.0156261	0.0156261	
0.0154098	0.0154098	
0.0151594	0.0151594	
0.014868	0.014868	
0.0145892	0.0145892	
0.0142876	0.0142876	
0.0138836	0.0138836	
0.0135879	0.0135879	
0.0131928	0.0131928	
0.0127828	0.0127828	
0.0124085	0.0124085	
0.0120389	0.0120389	
0.0117498	0.0117498	
0.0115605	0.0115605	
0.0113339	0.0113339	
0.0111894	0.0111894	
0.0110615	0.0110615	
0.0108965	0.0108965	
0.0107753	0.0107753	
0.0107243	0.0107243	
0.0107122	0.0107122	
0.0107653	0.0107653	
0.0108405	0.0108405	
0.0108751	0.0108751	
0.0109168	0.0109168	
0.0109549	0.0109549	
0.0109722	0.0109722	
0.010946	0.010946	
0.0109595	0.0109595	
0.0109776	0.0109776	
0.0110106	0.0110106	
0.0111025	0.0111025	
0.0111271	0.0111271	
0.011124	0.011124	
0.0111627	0.0111627	
0.0111595	0.0111595	
0.0112636	0.0112636	
0.0113596	0.0113596	
0.0114454	0.0114454	
0.0114886	0.0114886	
0.0116098	0.0116098	
0.0116938	0.0116938	
0.0117638	0.0117638	
0.0117632	0.0117632	
0.0117482	0.0117482	
0.0117823	0.0117823	
0.0119152	0.0119152	
0.01199	0.01199	
0.0119496	0.0119496	
0.0118621	0.0118621	
0.0117541	0.0117541	
0.0116888	0.0116888	
0.0116125	0.0116125	
0.0115458	0.0115458	
0.0114466	0.0114466	
0.0113695	0.0113695	
0.0112771	0.0112771	
0.0111809	0.0111809	
0.0110447	0.0110447	
0.0108645	0.0108645	
0.0106757	0.0106757	
0.0105864	0.0105864	
0.0104684	0.0104684	
0.0104105	0.0104105	
0.0103242	0.0103242	
0.0102507	0.0102507	
0.0102481	0.0102481	
0.0102078	0.0102078	
0.010103	0.010103	
0.0100217	0.0100217	
0.0100004	0.0100004	
0.010075	0.010075	
0.0101629	0.0101629	
0.0102264	0.0102264	
0.0102508	0.0102508	
0.0103501	0.0103501	
0.0105357	0.0105357	
0.0107356	0.0107356	
0.0108645	0.0108645	
0.011035	0.011035	
0.0113217	0.0113217	
0.0115676	0.0115676	
0.0117007	0.0117007	
0.0118786	0.0118786	
0.0120403	0.0120403	
0.0121986	0.0121986	
0.01237	0.01237	
0.0125602	0.0125602	
0.0127613	0.0127613	
0.0128396	0.0128396	
0.0128645	0.0128645	
0.0129099	0.0129099	
0.0129651	0.0129651	
0.0129536	0.0129536	
0.01296	0.01296	
0.0129941	0.0129941	
0.013038	0.013038	
0.0129811	0.0129811	
0.0128512	0.0128512	
0.0128056	0.0128056	
0.0127155	0.0127155	
0.0125407	0.0125407	
0.0123657	0.0123657	
0.0121689	0.0121689	
0.0119919	0.0119919	
0.0118199	0.0118199	
0.0115955	0.0115955	
0.0114704	0.0114704	
0.0113001	0.0113001	
0.0111457	0.0111457	
0.011012	0.011012	
0.0109261	0.0109261	
0.0109677	0.0109677	
0.0110067	0.0110067	
0.0110138	0.0110138	
0.0110933	0.0110933	
0.0111992	0.0111992	
0.0114457	0.0114457	
0.0116193	0.0116193	
0.0118102	0.0118102	
0.0120942	0.0120942	
0.0123548	0.0123548	
0.0125529	0.0125529	
0.0127594	0.0127594	
0.0129942	0.0129942	
0.0131947	0.0131947	
0.0133705	0.0133705	
0.0135977	0.0135977	
0.0138335	0.0138335	
0.0139886	0.0139886	
0.0141276	0.0141276	
0.0142611	0.0142611	
0.0143447	0.0143447	
0.0144139	0.0144139	
0.0146018	0.0146018	
0.0147268	0.0147268	
0.0148147	0.0148147	
0.0148445	0.0148445	
0.0148598	0.0148598	
0.0148454	0.0148454	
0.0148628	0.0148628	
0.0149072	0.0149072	
0.0149872	0.0149872	
0.0149997	0.0149997	
0.0149806	0.0149806	
0.0149289	0.0149289	
0.0148274	0.0148274	
0.0147391	0.0147391	
0.0147412	0.0147412	
0.0147335	0.0147335	
0.0146748	0.0146748	
0.0146003	0.0146003	
0.0145525	0.0145525	
0.0145233	0.0145233	
0.0144299	0.0144299	
0.0143601	0.0143601	
0.0143659	0.0143659	
0.0144183	0.0144183	
0.0143826	0.0143826	
0.014383	0.014383	
0.014427	0.014427	
0.0144614	0.0144614	
0.0144929	0.0144929	
0.0145003	0.0145003	
0.014532	0.014532	
0.0145318	0.0145318	
0.0144656	0.0144656	
0.0144164	0.0144164	
0.014425	0.014425	
0.014384	0.014384	
0.0143441	0.0143441	
0.0143959	0.0143959	
0.0143862	0.0143862	
0.0142681	0.0142681	
0.0141274	0.0141274	
0.0140757	0.0140757	
0.014015	0.014015	
0.0139035	0.0139035	
0.0137968	0.0137968	
0.0137591	0.0137591	
0.0137571	0.0137571	
0.0137833	0.0137833	
0.0137298	0.0137298	
0.0137243	0.0137243	
0.0137644	0.0137644	
0.01381	0.01381	
0.013909	0.013909	
0.0141196	0.0141196	
0.0142127	0.0142127	
0.0142633	0.0142633	
0.014358	0.014358	
0.0144625	0.0144625	
0.0145831	0.0145831	
0.0147805	0.0147805	
0.0149768	0.0149768	
0.0150892	0.0150892	
0.0152438	0.0152438	
0.0153022	0.0153022	
0.0153395	0.0153395	
0.0154629	0.0154629	
0.0155616	0.0155616	
0.0156302	0.0156302	
0.0158228	0.0158228	
0.0158609	0.0158609	
0.0160359	0.0160359	
0.0162353	0.0162353	
0.0163806	0.0163806	
0.0165709	0.0165709	
0.0166532	0.0166532	
0.0168057	0.0168057	
0.0170382	0.0170382	
0.0172509	0.0172509	
0.0174638	0.0174638	
0.0175676	0.0175676	
0.0176816	0.0176816	
0.0178004	0.0178004	
0.0178599	0.0178599	
0.0179069	0.0179069	
0.0179296	0.0179296	
0.0179475	0.0179475	
0.0181061	0.0181061	
0.0181129	0.0181129	
0.0181879	0.0181879	
0.0181893	0.0181893	
0.0181445	0.0181445	
0.0182443	0.0182443	
0.0183232	0.0183232	
0.018402	0.018402	
0.0185245	0.0185245	
0.0186135	0.0186135	
0.0188145	0.0188145	
0.0189452	0.0189452	
0.0191137	0.0191137	
0.0192573	0.0192573	
0.0194187	0.0194187	
0.0196071	0.0196071	
0.0197386	0.0197386	
0.0198089	0.0198089	
0.019867	0.019867	
0.0198497	0.0198497	
0.0199183	0.0199183	
0.0199251	0.0199251	
0.0198641	0.0198641	
0.0197761	0.0197761	
0.0195958	0.0195958	
0.0194475	0.0194475	
0.0193349	0.0193349	
0.0191533	0.0191533	
0.0189532	0.0189532	
0.018779	0.018779	
0.0185275	0.0185275	
0.0183037	0.0183037	
0.0181408	0.0181408	
0.017826	0.017826	
0.0176043	0.0176043	
0.0174669	0.0174669	
0.0173216	0.0173216	
0.0172816	0.0172816	
0.0172779	0.0172779	
0.0172649	0.0172649	
0.0173151	0.0173151	
0.0174436	0.0174436	
0.017608	0.017608	
0.0179363	0.0179363	
0.0182661	0.0182661	
0.0185505	0.0185505	
0.0188473	0.0188473	
0.0191082	0.0191082	
0.0194162	0.0194162	
0.0198137	0.0198137	
0.0201699	0.0201699	
0.0205384	0.0205384	
0.020848	0.020848	
0.0211433	0.0211433	
0.0215528	0.0215528	
0.021883	0.021883	
0.0222377	0.0222377	
0.0225496	0.0225496	
0.0228783	0.0228783	
0.0232462	0.0232462	
0.0235312	0.0235312	
0.0237064	0.0237064	
0.0237129	0.0237129	
0.0238086	0.0238086	
0.0239419	0.0239419	
0.0239477	0.0239477	
0.0239162	0.0239162	
0.0238087	0.0238087	
0.0236346	0.0236346	
0.0235281	0.0235281	
0.0233102	0.0233102	
0.0230627	0.0230627	
0.0228106	0.0228106	
0.0226268	0.0226268	
0.022458	0.022458	
0.0223716	0.0223716	
0.0221932	0.0221932	
0.022094	0.022094	
0.0220053	0.0220053	
0.0219135	0.0219135	
0.0219181	0.0219181	
0.0218599	0.0218599	
0.0218456	0.0218456	
0.0218246	0.0218246	
0.0217458	0.0217458	
0.0217228	0.0217228	
0.0216808	0.0216808	
0.0215648	0.0215648	
0.0215537	0.0215537	
0.0214244	0.0214244	
0.0214255	0.0214255	
0.0214091	0.0214091	
0.0213363	0.0213363	
0.0213109	0.0213109	
0.0212414	0.0212414	
0.0212467	0.0212467	
0.0213094	0.0213094	
0.0213378	0.0213378	
0.021404	0.021404	
0.0215249	0.0215249	
0.0217053	0.0217053	
0.0219215	0.0219215	
0.0220165	0.0220165	
0.0221546	0.0221546	
0.0222069	0.0222069	
0.022416	0.022416	
0.0225452	0.0225452	
0.0226681	0.0226681	
0.0227967	0.0227967	
0.0229083	0.0229083	
0.0230376	0.0230376	
0.0231053	0.0231053	
0.0231328	0.0231328	
0.0231182	0.0231182	
0.0231204	0.0231204	
0.0231939	0.0231939	
0.0231836	0.0231836	
0.0231349	0.0231349	
0.0230521	0.0230521	
0.0229893	0.0229893	
0.023058	0.023058	
0.0229477	0.0229477	
0.0228239	0.0228239	
0.022665	0.022665	
0.0225795	0.0225795	
0.0225328	0.0225328	
0.0224019	0.0224019	
0.0221915	0.0221915	
0.021861	0.021861	
0.0215348	0.0215348	
0.0213592	0.0213592	
0.0210897	0.0210897	
0.0207666	0.0207666	
0.0204397	0.0204397	
0.0201521	0.0201521	
0.0199985	0.0199985	
0.0197918	0.0197918	
0.0195575	0.0195575	
0.0194116	0.0194116	
0.0191848	0.0191848	
0.0190811	0.0190811	
0.0190254	0.0190254	
0.0189924	0.0189924	
0.0190096	0.0190096	
0.0190698	0.0190698	
0.0192968	0.0192968	
0.0194719	0.0194719	
0.0196759	0.0196759	
0.0198601	0.0198601	
0.0201542	0.0201542	
0.020489	0.020489	
0.0207878	0.0207878	
0.0210395	0.0210395	
0.0212374	0.0212374	
0.0215244	0.0215244	
0.0216968	0.0216968	
0.0219085	0.0219085	
0.0219744	0.0219744	
0.022087	0.022087	
0.0222808	0.0222808	
0.0223624	0.0223624	
0.0224413	0.0224413	
0.0223994	0.0223994	
0.0223466	0.0223466	
0.0223757	0.0223757	
0.0223605	0.0223605	
0.0223619	0.0223619	
0.0223069	0.0223069	
0.0221521	0.0221521	
0.0220028	0.0220028	
0.021865	0.021865	
0.021686	0.021686	
0.0214736	0.0214736	
0.0211976	0.0211976	
0.0209753	0.0209753	
0.0206694	0.0206694	
0.0203401	0.0203401	
0.0201052	0.0201052	
0.0198033	0.0198033	
0.019477	0.019477	
0.0191305	0.0191305	
0.0188434	0.0188434	
0.0185517	0.0185517	
0.0182796	0.0182796	
0.0180049	0.0180049	
0.0177864	0.0177864	
0.0175554	0.0175554	
0.0173348	0.0173348	
0.0170735	0.0170735	
0.0168139	0.0168139	
0.0166435	0.0166435	
0.0165472	0.0165472	
0.0164528	0.0164528	
0.016278	0.016278	
0.016028	0.016028	
0.0157831	0.0157831	
0.0155623	0.0155623	
0.0153296	0.0153296	
0.0151295	0.0151295	
0.0149378	0.0149378	
0.0147084	0.0147084	
0.0145078	0.0145078	
0.0142569	0.0142569	
0.0139776	0.0139776	
0.0137193	0.0137193	
0.0134904	0.0134904	
0.0132581	0.0132581	
0.0130133	0.0130133	
0.0127739	0.0127739	
0.0125482	0.0125482	
0.0123299	0.0123299	
0.0121254	0.0121254	
0.011934	0.011934	
0.0117663	0.0117663	
0.0115509	0.0115509	
0.0113415	0.0113415	
0.0111297	0.0111297	
0.0110001	0.0110001	
0.0108007	0.0108007	
0.0105888	0.0105888	
0.0104142	0.0104142	
0.0102214	0.0102214	
0.0100516	0.0100516	
0.00989341	0.00989341	
0.00973213	0.00973213	
0.00959946	0.00959946	
0.00948895	0.00948895	
0.00936682	0.00936682	
0.00926855	0.00926855	
0.00917002	0.00917002	
0.00905366	0.00905366	
0.00896966	0.00896966	
0.00888744	0.00888744	
0.00884256	0.00884256	
0.00880571	0.00880571	
0.00872095	0.00872095	
0.00867678	0.00867678	
0.00856958	0.00856958	
0.0084551	0.0084551	
0.00834708	0.00834708	
0.00823939	0.00823939	
0.00821429	0.00821429	
0.00812667	0.00812667	
0.00801743	0.00801743	
0.00791614	0.00791614	
0.00778595	0.00778595	
0.00768162	0.00768162	
0.0075768	0.0075768	
0.00743705	0.00743705	
0.00737364	0.00737364	
0.00728588	0.00728588	
0.00722596	0.00722596	
0.00717746	0.00717746	
0.00708928	0.00708928	
0.00698617	0.00698617	
0.0068896	0.0068896	
0.0068398	0.0068398	
0.00676786	0.00676786	
0.00666857	0.00666857	
0.00656491	0.00656491	
0.00649851	0.00649851	
0.00640122	0.00640122	
0.00634496	0.00634496	
0.00627957	0.00627957	
0.00620004	0.00620004	
0.00615772	0.00615772	
0.00610077	0.00610077	
0.00606772	0.00606772	
0.0060205	0.0060205	
0.00597751	0.00597751	
0.00598275	0.00598275	
0.0059798	0.0059798	
0.00603907	0.00603907	
0.00611339	0.00611339	
0.00618264	0.00618264	
0.0062804	0.0062804	
0.0063915	0.0063915	
0.00649489	0.00649489	
0.00660303	0.00660303	
0.00668148	0.00668148	
0.00682683	0.00682683	
0.00696313	0.00696313	
0.00712096	0.00712096	
0.00724256	0.00724256	
0.00731405	0.00731405	
0.0073958	0.0073958	
0.00753063	0.00753063	
0.00763561	0.00763561	
0.00775751	0.00775751	
0.00782722	0.00782722	
0.00786799	0.00786799	
0.00789192	0.00789192	
0.00794908	0.00794908	
0.00799372	0.00799372	
0.00805777	0.00805777	
0.00807935	0.00807935	
0.00809127	0.00809127	
0.00808278	0.00808278	
0.00801824	0.00801824	
0.00795719	0.00795719	
0.00788985	0.00788985	
0.00782108	0.00782108	
0.00770647	0.00770647	
0.0076321	0.0076321	
0.00757551	0.00757551	
0.00753209	0.00753209	
0.00752445	0.00752445	
0.00749373	0.00749373	
0.00740672	0.00740672	
0.00735186	0.00735186	
0.00734188	0.00734188	
0.00738594	0.00738594	
0.0074342	0.0074342	
0.00746674	0.00746674	
0.00743969	0.00743969	
0.00744647	0.00744647	
0.0074613	0.0074613	
0.00748995	0.00748995	
0.00756768	0.00756768	
0.00762931	0.00762931	
0.00770913	0.00770913	
0.00775044	0.00775044	
0.0077771	0.0077771	
0.0077813	0.0077813	
0.00781173	0.00781173	
0.00781452	0.00781452	
0.00782474	0.00782474	
0.00781586	0.00781586	
0.00777298	0.00777298	
0.0077468	0.0077468	
0.00770152	0.00770152	
0.00766525	0.00766525	
0.00762749	0.00762749	
0.00758478	0.00758478	
0.00751326	0.00751326	
0.00746521	0.00746521	
0.00742867	0.00742867	
0.00732834	0.00732834	
0.0072505	0.0072505	
0.00715762	0.00715762	
0.00709769	0.00709769	
0.00695615	0.00695615	
0.00687415	0.00687415	
0.00679279	0.00679279	
0.00666432	0.00666432	
0.00655892	0.00655892	
0.0064211	0.0064211	
0.00633525	0.00633525	
0.00625571	0.00625571	
0.00620466	0.00620466	
0.0061422	0.0061422	
0.00605089	0.00605089	
0.00598739	0.00598739	
0.00589679	0.00589679	
0.0058396	0.0058396	
0.00580755	0.00580755	
0.00577581	0.00577581	
0.00574492	0.00574492	
0.00574348	0.00574348	
0.00573144	0.00573144	
0.00569539	0.00569539	
0.00569929	0.00569929	
0.00567374	0.00567374	
0.00565079	0.00565079	
0.00565781	0.00565781	
0.00563362	0.00563362	
0.0055996	0.0055996	
0.00560959	0.00560959	
0.00559286	0.00559286	
0.00552692	0.00552692	
0.00550609	0.00550609	
0.00547053	0.00547053	
0.00544946	0.00544946	
0.00546539	0.00546539	
0.00547571	0.00547571	
0.00547535	0.00547535	
0.00546464	0.00546464	
0.00545613	0.00545613	
0.00540618	0.00540618	
0.00537845	0.00537845	
0.0053475	0.0053475	
0.00534521	0.00534521	
0.00534255	0.00534255	
0.00534848	0.00534848	
0.00539459	0.00539459	
0.00536861	0.00536861	
0.00534408	0.00534408	
0.00530095	0.00530095	
0.00532489	0.00532489	
0.00531887	0.00531887	
0.00534159	0.00534159	
0.0053903	0.0053903	
0.00542868	0.00542868	
0.00549987	0.00549987	
0.00554417	0.00554417	
0.00562628	0.00562628	
0.00572846	0.00572846	
0.00581843	0.00581843	
0.00589623	0.00589623	
0.00601612	0.00601612	
0.0060994	0.0060994	
0.00621185	0.00621185	
0.00628748	0.00628748	
0.0063926	0.0063926	
0.00650514	0.00650514	
0.00660209	0.00660209	
0.00668792	0.00668792	
0.00670828	0.00670828	
0.00671973	0.00671973	
0.00673849	0.00673849	
0.00677344	0.00677344	
0.00677442	0.00677442	
0.00674496	0.00674496	
0.00674679	0.00674679	
0.00669281	0.00669281	
0.00664011	0.00664011	
0.00656383	0.00656383	
0.00654013	0.00654013	
0.00647675	0.00647675	
0.0064051	0.0064051	
0.00633421	0.00633421	
0.00624936	0.00624936	
0.00610763	0.00610763	
0.00600628	0.00600628	
0.00587607	0.00587607	
0.00577118	0.00577118	
0.00567937	0.00567937	
0.00558654	0.00558654	
0.0054818	0.0054818	
0.00535998	0.00535998	
0.00526643	0.00526643	
0.00511844	0.00511844	
0.00496672	0.00496672	
0.00486334	0.00486334	
0.00473618	0.00473618	
0.00460602	0.00460602	
0.00453147	0.00453147	
0.0044388	0.0044388	
0.00434636	0.00434636	
0.00425459	0.00425459	
0.00418207	0.00418207	
0.00407405	0.00407405	
0.00402041	0.00402041	
0.0040097	0.0040097	
0.00399524	0.00399524	
0.00398107	0.00398107	
0.00396074	0.00396074	
0.00391329	0.00391329	
0.00387057	0.00387057	
0.00383975	0.00383975	
0.00383544	0.00383544	
0.00381983	0.00381983	
0.00376967	0.00376967	
0.0037597	0.0037597	
0.00371158	0.00371158	
0.00371025	0.00371025	
0.00366226	0.00366226	
0.00363039	0.00363039	
0.00358323	0.00358323	
0.00358235	0.00358235	
0.00357042	0.00357042	
0.00356575	0.00356575	
0.0035035	0.0035035	
0.00350969	0.00350969	
0.00350709	0.00350709	
0.00350029	0.00350029	
0.00349154	0.00349154	
0.00349143	0.00349143	
0.00348593	0.00348593	
0.00350998	0.00350998	
0.00350784	0.00350784	
0.00349706	0.00349706	
0.00347455	0.00347455	
0.00347273	0.00347273	
0.00344625	0.00344625	
0.00343992	0.00343992	
0.00342759	0.00342759	
0.00341235	0.00341235	
0.00341911	0.00341911	
0.00340621	0.00340621	
0.00335742	0.00335742	
0.00335713	0.00335713	
0.0033197	0.0033197	
0.00332234	0.00332234	
0.00332035	0.00332035	
0.00331218	0.00331218	
0.00329342	0.00329342	
0.00334035	0.00334035	
0.00338177	0.00338177	
0.00339847	0.00339847	
0.00344669	0.00344669	
0.00345511	0.00345511	
0.00351592	0.00351592	
0.00360218	0.00360218	
0.0036099	0.0036099	
0.00365105	0.00365105	
0.00369615	0.00369615	
0.00374616	0.00374616	
0.00374621	0.00374621	
0.00376826	0.00376826	
0.00380851	0.00380851	
0.00382809	0.00382809	
0.00383114	0.00383114	
0.00383185	0.00383185	
0.00379071	0.00379071	
0.00381089	0.00381089	
0.00383282	0.00383282	
0.00385151	0.00385151	
0.00385258	0.00385258	
0.00388965	0.00388965	
0.00386992	0.00386992	
0.00389864	0.00389864	
0.00386596	0.00386596	
0.00385296	0.00385296	
0.00384927	0.00384927	
0.00384444	0.00384444	
0.0038343	0.0038343	
0.00378704	0.00378704	
0.00373493	0.00373493	
0.00368285	0.00368285	
0.0036412	0.0036412	
0.00358951	0.00358951	
0.00348636	0.00348636	
0.00343443	0.00343443	
0.00336802	0.00336802	
0.0032762	0.0032762	
0.00322492	0.00322492	
0.00311729	0.00311729	
0.00297666	0.00297666	
0.00292502	0.00292502	
0.00283144	0.00283144	
0.00278001	0.00278001	
0.00269656	0.00269656	
0.00267352	0.00267352	
0.00260743	0.00260743	
0.0025855	0.0025855	
0.00253998	0.00253998	
0.00252148	0.00252148	
0.00248312	0.00248312	
0.00248413	0.00248413	
0.00246249	0.00246249	
0.0024193	0.0024193	
0.00243124	0.00243124	
0.00240892	0.00240892	
0.00238502	0.00238502	
0.00241175	0.00241175	
0.00237922	0.00237922	
0.00239316	0.00239316	
0.00240363	0.00240363	
0.00238431	0.00238431	
0.0023995	0.0023995	
0.00240772	0.00240772	
0.00241177	0.00241177	
0.00241514	0.00241514	
0.0024638	0.0024638	
0.00247566	0.00247566	
0.00250842	0.00250842	
0.00255097	0.00255097	
0.00255529	0.00255529	
0.00258271	0.00258271	
0.00258628	0.00258628	
0.00259646	0.00259646	
0.00263815	0.00263815	
0.00262129	0.00262129	
0.00262784	0.00262784	
0.00261431	0.00261431	
0.00261166	0.00261166	
0.00259888	0.00259888	
0.00257146	0.00257146	
0.00261336	0.00261336	
0.00259821	0.00259821	
0.00258777	0.00258777	
0.0025841	0.0025841	
0.00256999	0.00256999	
0.0025964	0.0025964	
0.00257988	0.00257988	
0.00257947	0.00257947	
0.00261263	0.00261263	
0.00262246	0.00262246	
0.00263074	0.00263074	
0.0026125	0.0026125	
0.0025926	0.0025926	
0.00259212	0.00259212	
0.00260259	0.00260259	
0.00259176	0.00259176	
0.00256692	0.00256692	
0.00255681	0.00255681	
0.00256625	0.00256625	
0.00254198	0.00254198	
0.00253314	0.00253314	
0.00256749	0.00256749	
0.00255859	0.00255859	
0.00258335	0.00258335	
0.00258382	0.00258382	
0.00257576	0.00257576	
0.0026085	0.0026085	
0.00263326	0.00263326	
0.00262784	0.00262784	
0.0026163	0.0026163	
0.00264303	0.00264303	
0.00268468	0.00268468	
0.00267686	0.00267686	
0.00267582	0.00267582	
0.00266615	0.00266615	
0.00268711	0.00268711	
0.00267451	0.00267451	
0.0026816	0.0026816	
0.00270156	0.00270156	
0.0027068	0.0027068	
0.00273564	0.00273564	
0.00269828	0.00269828	
0.0027053	0.0027053	
0.0027018	0.0027018	
0.00270808	0.00270808	
0.00271362	0.00271362	
0.00271611	0.00271611	
0.002686	0.002686	
0.00269126	0.00269126	
0.00269375	0.00269375	
0.00269868	0.00269868	
0.00265419	0.00265419	
0.00262546	0.00262546	
0.0026219	0.0026219	
0.00262078	0.00262078	
0.00262486	0.00262486	
0.00259613	0.00259613	
0.00259956	0.00259956	
0.00257926	0.00257926	
0.00254586	0.00254586	
0.00251835	0.00251835	
0.00252137	0.00252137	
0.00249078	0.00249078	
0.00250622	0.00250622	
0.00243639	0.00243639	
0.00239692	0.00239692	
0.00240957	0.00240957	
0.00234736	0.00234736	
0.00232714	0.00232714	
0.00232921	0.00232921	
0.00229038	0.00229038	
0.00227234	0.00227234	
0.00224868	0.00224868	
0.00222167	0.00222167	
0.00219636	0.00219636	
0.0021626	0.0021626	
0.00210755	0.00210755	
0.00212202	0.00212202	
0.0020638	0.0020638	
0.00203585	0.00203585	
0.0020171	0.0020171	
0.00200368	0.00200368	
0.00197343	0.00197343	
0.0019294	0.0019294	
0.0019104	0.0019104	
0.00186687	0.00186687	
0.00185689	0.00185689	
0.00179719	0.00179719	
0.00178751	0.00178751	
0.00178246	0.00178246	
0.0017588	0.0017588	
0.00171863	0.00171863	
0.00170189	0.00170189	
0.00166215	0.00166215	
0.00165767	0.00165767	
0.00166637	0.00166637	
0.00162572	0.00162572	
0.00162724	0.00162724	
0.00162409	0.00162409	
0.00158541	0.00158541	
0.00158813	0.00158813	
0.00159581	0.00159581	
0.001562	0.001562	
0.00155733	0.00155733	
0.00156099	0.00156099	
0.00152473	0.00152473	
0.00153843	0.00153843	
0.00153879	0.00153879	
0.00154141	0.00154141	
0.00154406	0.00154406	
0.00154466	0.00154466	
0.00154465	0.00154465	
0.00151922	0.00151922	
0.00152029	0.00152029	
0.00152583	0.00152583	
0.0015585	0.0015585	
0.00157097	0.00157097	
0.0015704	0.0015704	
0.00156937	0.00156937	
0.00157098	0.00157098	
0.00157869	0.00157869	
0.00158371	0.00158371	
0.00160659	0.00160659	
0.00159123	0.00159123	
0.00158307	0.00158307	
0.00162829	0.00162829	
0.00163774	0.00163774	
0.00159159	0.00159159	
0.00159242	0.00159242	
0.00158247	0.00158247	
0.00158131	0.00158131	
0.00162128	0.00162128	
0.00162896	0.00162896	
0.00163719	0.00163719	
0.00164159	0.00164159	
0.00165944	0.00165944	
0.0016484	0.0016484	
0.00166038	0.00166038	
0.00167045	0.00167045	
0.00167774	0.00167774	
0.001731	0.001731	
0.00173787	0.00173787	
0.00176621	0.00176621	
0.00178229	0.00178229	
0.00183556	0.00183556	
0.00182698	0.00182698	
0.00186328	0.00186328	
0.00184613	0.00184613	
0.00189136	0.00189136	
0.00196266	0.00196266	
0.00200234	0.00200234	
0.00201003	0.00201003	
0.00204198	0.00204198	
0.00207404	0.00207404	
0.0020589	0.0020589	
0.00205073	0.00205073	
0.00204909	0.00204909	
0.00204676	0.00204676	
0.00205628	0.00205628	
0.00209493	0.00209493	
0.00209065	0.00209065	
0.00210672	0.00210672	
0.0021434	0.0021434	
0.00215629	0.00215629	
0.00218067	0.00218067	
0.00222873	0.00222873	
0.00224844	0.00224844	
0.00225544	0.00225544	
0.00227512	0.00227512	
0.00232344	0.00232344	
0.00234984	0.00234984	
0.00235124	0.00235124	
0.00235151	0.00235151	
0.00238577	0.00238577	
0.00236526	0.00236526	
0.00235666	0.00235666	
0.00233579	0.00233579	
0.00230982	0.00230982	
0.00229812	0.00229812	
0.00226875	0.00226875	
0.00223214	0.00223214	
0.0022125	0.0022125	
0.00219062	0.00219062	
0.00216122	0.00216122	
0.00214722	0.00214722	
0.00212197	0.00212197	
0.00210377	0.00210377	
0.00205783	0.00205783	
0.00204328	0.00204328	
0.00203501	0.00203501	
0.00202864	0.00202864	
0.00200966	0.00200966	
0.00199319	0.00199319	
0.00194857	0.00194857	
0.0019208	0.0019208	
0.00189758	0.00189758	
0.00184307	0.00184307	
0.00182667	0.00182667	
0.0018159	0.0018159	
0.00179213	0.00179213	
0.00178641	0.00178641	
0.00177205	0.00177205	
0.00171841	0.00171841	
0.00171139	0.00171139	
0.00166989	0.00166989	
0.0016605	0.0016605	
0.00164685	0.00164685	
0.00162368	0.00162368	
0.00157411	0.00157411	
0.00158004	0.00158004	
0.00156946	0.00156946	
0.00152579	0.00152579	
0.00153297	0.00153297	
0.00148665	0.00148665	
0.00145802	0.00145802	
0.00146088	0.00146088	
0.00146924	0.00146924	
0.00148309	0.00148309	
0.00146645	0.00146645	
0.00147566	0.00147566	
0.00145497	0.00145497	
0.00148281	0.00148281	
0.00150565	0.00150565	
0.00148117	0.00148117	
0.00150445	0.00150445	
0.00152622	0.00152622	
0.00152879	0.00152879	
0.00151796	0.00151796	
0.00152522	0.00152522	
0.0015045	0.0015045	
0.0015142	0.0015142	
0.00153997	0.00153997	
0.00151422	0.00151422	
0.00153655	0.00153655	
0.00154977	0.00154977	
0.00152514	0.00152514	
0.0015137	0.0015137	
0.00152377	0.00152377	
0.00150482	0.00150482	
0.00151094	0.00151094	
0.00152777	0.00152777	
0.00150726	0.00150726	
0.00152363	0.00152363	
0.00150337	0.00150337	
0.00147563	0.00147563	
0.00149365	0.00149365	
0.00150692	0.00150692	
0.00147892	0.00147892	
0.00148091	0.00148091	
0.00145943	0.00145943	
0.00141979	0.00141979	
0.00143498	0.00143498	
0.00139819	0.00139819	
0.00137206	0.00137206	
0.00138713	0.00138713	
0.00135679	0.00135679	
0.00133452	0.00133452	
0.00130639	0.00130639	
0.00132772	0.00132772	
0.00132446	0.00132446	
0.00130102	0.00130102	
0.00127511	0.00127511	
0.00126856	0.00126856	
0.00128559	0.00128559	
0.00126928	0.00126928	
0.00129548	0.00129548	
0.00127919	0.00127919	
0.00126079	0.00126079	
0.00126464	0.00126464	
0.00125312	0.00125312	
0.00127882	0.00127882	
0.00125891	0.00125891	
0.00123567	0.00123567	
0.00124817	0.00124817	
0.00123408	0.00123408	
0.00124973	0.00124973	
0.00123676	0.00123676	
0.00122538	0.00122538	
0.0012524	0.0012524	
0.001237	0.001237	
0.00122468	0.00122468	
0.00123826	0.00123826	
0.00123179	0.00123179	
0.00121736	0.00121736	
0.00124402	0.00124402	
0.00123228	0.00123228	
0.00126434	0.00126434	
0.00125048	0.00125048	
0.00125047	0.00125047	
0.00126465	0.00126465	
0.00125226	0.00125226	
0.00123981	0.00123981	
0.00121586	0.00121586	
0.00121702	0.00121702	
0.00124079	0.00124079	
0.00123244	0.00123244	
0.00124182	0.00124182	
0.00122129	0.00122129	
0.00118735	0.00118735	
0.0011752	0.0011752	
0.0011747	0.0011747	
0.00118735	0.00118735	
0.00118672	0.00118672	
0.00119189	0.00119189	
0.00118937	0.00118937	
0.00119244	0.00119244	
0.00114987	0.00114987	
0.00116192	0.00116192	
0.00115253	0.00115253	
0.00115133	0.00115133	
0.00119199	0.00119199	
0.00120205	0.00120205	
0.0011927	0.0011927	
0.00119382	0.00119382	
0.00118175	0.00118175	
0.00118622	0.00118622	
0.00116341	0.00116341	
0.00116764	0.00116764	
0.00116546	0.00116546	
0.0011638	0.0011638	
0.00116472	0.00116472	
0.00116409	0.00116409	
0.00115657	0.00115657	
0.0011918	0.0011918	
0.00117108	0.00117108	
0.00116264	0.00116264	
0.00114489	0.00114489	
0.00112363	0.00112363	
0.00115398	0.00115398	
0.00113465	0.00113465	
0.00116687	0.00116687	
0.00115847	0.00115847	
0.00118632	0.00118632	
0.00122104	0.00122104	
0.00122077	0.00122077	
0.00121597	0.00121597	
0.00125206	0.00125206	
0.00124298	0.00124298	
0.00123858	0.00123858	
0.00126245	0.00126245	
0.00125717	0.00125717	
0.00128128	0.00128128	
0.00126729	0.00126729	
0.00125283	0.00125283	
0.0012426	0.0012426	
0.00126284	0.00126284	
0.00124327	0.00124327	
0.00124057	0.00124057	
0.00121592	0.00121592	
0.00120862	0.00120862	
0.00123246	0.00123246	
0.0012223	0.0012223	
0.00121117	0.00121117	
0.00122251	0.00122251	
0.00121078	0.00121078	
0.00125352	0.00125352	
0.00125276	0.00125276	
0.00123806	0.00123806	
0.00127403	0.00127403	
0.00126343	0.00126343	
0.00125981	0.00125981	
0.00128029	0.00128029	
0.00131377	0.00131377	
0.00130616	0.00130616	
0.00131842	0.00131842	
0.00130159	0.00130159	
0.00132102	0.00132102	
0.00129462	0.00129462	
0.00129185	0.00129185	
0.00130132	0.00130132	
0.00132351	0.00132351	
0.00131614	0.00131614	
0.00132444	0.00132444	
0.00130627	0.00130627	
0.00133348	0.00133348	
0.00131871	0.00131871	
0.00131094	0.00131094	
0.00131932	0.00131932	
0.00132131	0.00132131	
0.00130269	0.00130269	
0.00132133	0.00132133	
0.0013161	0.0013161	
0.00129991	0.00129991	
0.00129576	0.00129576	
0.00131416	0.00131416	
0.0013005	0.0013005	
0.00129516	0.00129516	
0.00128068	0.00128068	
0.00125144	0.00125144	
0.00125387	0.00125387	
0.00123082	0.00123082	
0.00121879	0.00121879	
0.0012068	0.0012068	
0.00119777	0.00119777	
0.00115238	0.00115238	
0.00114479	0.00114479	
0.00113284	0.00113284	
0.00113597	0.00113597	
0.00112957	0.00112957	
0.00112932	0.00112932	
0.00112763	0.00112763	
0.00107568	0.00107568	
0.00108114	0.00108114	
0.0010776	0.0010776	
0.00106801	0.00106801	
0.00107671	0.00107671	
0.00103602	0.00103602	
0.00103948	0.00103948	
0.00104501	0.00104501	
0.000996786	0.000996786	
0.0010012	0.0010012	
0.00100509	0.00100509	
0.000958929	0.000958929	
0.000957365	0.000957365	
0.000967349	0.000967349	
0.000921519	0.000921519	
0.00092139	0.00092139	
0.000930415	0.000930415	
0.000904451	0.000904451	
0.000905811	0.000905811	
0.000907326	0.000907326	
0.000883649	0.000883649	
0.00089209	0.00089209	
0.000895156	0.000895156	
0.000892782	0.000892782	
0.000869071	0.000869071	
0.000873291	0.000873291	
0.000848979	0.000848979	
0.000862206	0.000862206	
0.000864022	0.000864022	
0.000841084	0.000841084	
0.000855353	0.000855353	
0.000867999	0.000867999	
0.000835237	0.000835237	
0.000849738	0.000849738	
0.000848774	0.000848774	
0.000823786	0.000823786	
0.000847923	0.000847923	
0.000847581	0.000847581	
0.000829518	0.000829518	
0.000839941	0.000839941	
0.00082861	0.00082861	
0.000808352	0.000808352	
0.000809789	0.000809789	
0.00082528	0.00082528	
0.000839135	0.000839135	
0.000837104	0.000837104	
0.000848865	0.000848865	
0.000818586	0.000818586	
0.000867898	0.000867898	
0.00085714	0.00085714	
0.000835155	0.000835155	
0.000847445	0.000847445	
0.00085195	0.00085195	
0.000852024	0.000852024	
0.000819629	0.000819629	
0.000824147	0.000824147	
0.000833909	0.000833909	
0.000828428	0.000828428	
0.00084368	0.00084368	
0.000845656	0.000845656	
0.000844273	0.000844273	
0.000849717	0.000849717	
0.000861479	0.000861479	
0.000848601	0.000848601	
0.00085899	0.00085899	
0.000852693	0.000852693	
0.000899313	0.000899313	
0.000889385	0.000889385	
0.000901487	0.000901487	
0.000898	0.000898	
0.000885859	0.000885859	
0.000897525	0.000897525	
0.000876367	0.000876367	
0.000888129	0.000888129	
0.000880491	0.000880491	
0.000881847	0.000881847	
0.000880336	0.000880336	
0.000873083	0.000873083	
0.000880321	0.000880321	
0.000868933	0.000868933	
0.000870719	0.000870719	
0.000875556	0.000875556	
0.000831286	0.000831286	
0.000825909	0.000825909	
0.000836284	0.000836284	
0.000786905	0.000786905	
0.000801497	0.000801497	
0.000795368	0.000795368	
0.000756642	0.000756642	
0.000760503	0.000760503	
0.000747343	0.000747343	
0.000715268	0.000715268	
0.000699803	0.000699803	
0.000655672	0.000655672	
0.000682621	0.000682621	
0.000622346	0.000622346	
0.000634476	0.000634476	
0.000601465	0.000601465	
0.000600798	0.000600798	
0.000578444	0.000578444	
0.000582698	0.000582698	
0.000551678	0.000551678	
0.000540011	0.000540011	
0.000545838	0.000545838	
0.000516236	0.000516236	
0.000528672	0.000528672	
0.000497837	0.000497837	
0.000511656	0.000511656	
0.000493101	0.000493101	
0.00050073	0.00050073	
0.000481568	0.000481568	
0.000497958	0.000497958	
0.000470198	0.000470198	
0.000493657	0.000493657	
0.000466064	0.000466064	
0.000475105	0.000475105	
0.000465897	0.000465897	
0.000430102	0.000430102	
0.000440511	0.000440511	
0.000456233	0.000456233	
0.00043027	0.00043027	
0.000448911	0.000448911	
0.000422748	0.000422748	
0.00043755	0.00043755	
0.000412383	0.000412383	
0.00043029	0.00043029	
0.000448847	0.000448847	
0.000422979	0.000422979	
0.000442537	0.000442537	
0.000456643	0.000456643	
0.000469698	0.000469698	
0.000484161	0.000484161	
0.000456672	0.000456672	
0.000474539	0.000474539	
0.000488136	0.000488136	
0.000491325	0.000491325	
0.000509851	0.000509851	
0.000561001	0.000561001	
0.000570516	0.000570516	
0.000575114	0.000575114	
0.000597935	0.000597935	
0.000566436	0.000566436	
0.000602546	0.000602546	
0.000604196	0.000604196	
0.000616072	0.000616072	
0.000658364	0.000658364	
0.000659553	0.000659553	
0.000669567	0.000669567	
0.000677301	0.000677301	
0.000703239	0.000703239	
0.000716853	0.000716853	
0.000743045	0.000743045	
0.000749619	0.000749619	
0.000751817	0.000751817	
0.00074527	0.00074527	
0.000784462	0.000784462	
0.000789362	0.000789362	
0.000785827	0.000785827	
0.000832587	0.000832587	
0.00082702	0.00082702	
0.000817465	0.000817465	
0.000853911	0.000853911	
0.000856186	0.000856186	
0.000849625	0.000849625	
0.000848189	0.000848189	
0.000842003	0.000842003	
0.000866953	0.000866953	
0.000857891	0.000857891	
0.00086419	0.00086419	
0.000853345	0.000853345	
0.000811393	0.000811393	
0.000816769	0.000816769	
0.00080989	0.00080989	
0.000801059	0.000801059	
0.000770249	0.000770249	
0.000778517	0.000778517	
0.000779532	0.000779532	
0.00074955	0.00074955	
0.000743015	0.000743015	
0.000724686	0.000724686	
0.000723159	0.000723159	
0.000695345	0.000695345	
0.000703587	0.000703587	
0.000677531	0.000677531	
0.000682428	0.000682428	
0.000656181	0.000656181	
0.000622466	0.000622466	
0.000643217	0.000643217	
0.000618478	0.000618478	
0.000594691	0.000594691	
0.000563154	0.000563154	
0.000541494	0.000541494	
0.000564762	0.000564762	
0.000543041	0.000543041	
0.000512917	0.000512917	
0.00049319	0.00049319	
0.000506976	0.000506976	
0.000488012	0.000488012	
0.000469243	0.000469243	
0.00045148	0.00045148	
0.000434115	0.000434115	
0.000417419	0.000417419	
0.000392698	0.000392698	
0.000377594	0.000377594	
0.000407942	0.000407942	
0.000392252	0.000392252	
0.000377165	0.000377165	
0.000362659	0.000362659	
0.000348901	0.000348901	
0.000324738	0.000324738	
0.000345299	0.000345299	
0.000341119	0.000341119	
0.000327999	0.000327999	
0.000315384	0.000315384	
0.000303254	0.000303254	
0.000283017	0.000283017	
0.000304921	0.000304921	
0.000296523	0.000296523	
0.000283448	0.000283448	
0.00026517	0.00026517	
0.000281406	0.000281406	
0.000270774	0.000270774	
0.000295172	0.000295172	
0.000285958	0.000285958	
0.000274959	0.000274959	
0.000299478	0.000299478	
0.00028796	0.00028796	
0.000299114	0.000299114	
0.000295866	0.000295866	
0.00032172	0.00032172	
0.000298725	0.000298725	
0.000322318	0.000322318	
0.000309921	0.000309921	
0.00032743	0.00032743	
0.000314837	0.000314837	
0.000341831	0.000341831	
0.0003509	0.0003509	
0.000372566	0.000372566	
0.000394672	0.000394672	
0.000371117	0.000371117	
0.000387687	0.000387687	
0.000407624	0.000407624	
0.000383382	0.000383382	
0.000394936	0.000394936	
0.000393006	0.000393006	
0.000410984	0.000410984	
0.000425825	0.000425825	
0.00043583	0.00043583	
0.000449983	0.000449983	
0.000424115	0.000424115	
0.000442932	0.000442932	
0.000459951	0.000459951	
0.00047498	0.00047498	
0.000487613	0.000487613	
0.000471446	0.000471446	
0.000477985	0.000477985	
0.000485869	0.000485869	
0.000499888	0.000499888	
0.000505133	0.000505133	
0.00052301	0.00052301	
0.000502894	0.000502894	
0.000510092	0.000510092	
0.000512799	0.000512799	
0.00050205	0.00050205	
0.000515432	0.000515432	
0.000520067	0.000520067	
0.000540484	0.000540484	
0.000502523	0.000502523	
0.000529561	0.000529561	
0.000535552	0.000535552	
0.000515362	0.000515362	
0.000549741	0.000549741	
0.000561081	0.000561081	
0.000541095	0.000541095	
0.000584676	0.000584676	
0.000563588	0.000563588	
0.000592541	0.000592541	
0.000601374	0.000601374	
0.00056979	0.00056979	
0.000588579	0.000588579	
0.000555427	0.000555427	
0.000566884	0.000566884	
0.000546193	0.000546193	
0.000560052	0.000560052	
0.00053885	0.00053885	
0.000561894	0.000561894	
0.000534954	0.000534954	
0.000546509	0.000546509	
0.00052549	0.00052549	
0.000550896	0.000550896	
0.000529708	0.000529708	
0.000509938	0.000509938	
0.000531179	0.000531179	
0.000510749	0.000510749	
0.000501295	0.000501295	
0.000527638	0.000527638	
0.000489606	0.000489606	
0.000470775	0.000470775	
0.000493793	0.000493793	
0.000474801	0.000474801	
0.000456716	0.000456716	
0.000474005	0.000474005	
0.00044535	0.00044535	
0.000438228	0.000438228	
0.000421373	0.000421373	
0.000405166	0.000405166	
0.000436107	0.000436107	
0.000410791	0.000410791	
0.000402558	0.000402558	
0.000387075	0.000387075	
0.000364988	0.000364988	
0.000359906	0.000359906	
0.00036827	0.00036827	
0.000365124	0.000365124	
0.000358642	0.000358642	
0.000344848	0.000344848	
0.00034241	0.00034241	
0.000320697	0.000320697	
0.00031721	0.00031721	
0.000341924	0.000341924	
0.000337535	0.000337535	
0.000316011	0.000316011	
0.000313551	0.000313551	
0.000301491	0.000301491	
0.00027939	0.00027939	
0.000279537	0.000279537	
0.000268785	0.000268785	
0.000269256	0.000269256	
0.0002589	0.0002589	
0.000248942	0.000248942	
0.00027423	0.00027423	
0.000218301	0.000218301	
0.00025438	0.00025438	
0.000244596	0.000244596	
0.000235188	0.000235188	
0.000217175	0.000217175	
0.000208822	0.000208822	
0.000212159	0.000212159	
0.000198667	0.000198667	
0.000187814	0.000187814	
0.000175258	0.000175258	
0.000209283	0.000209283	
0.000201233	0.000201233	
0.000192128	0.000192128	
0.000194385	0.000194385	
0.000178881	0.000178881	
0.000213561	0.000213561	
0.000205347	0.000205347	
0.000197449	0.000197449	
0.000198773	0.000198773	
0.000182517	0.000182517	
0.00021036	0.00021036	
0.000202269	0.000202269	
0.00020409	0.00020409	
0.000231097	0.000231097	
0.000213667	0.000213667	
0.000205449	0.000205449	
0.000206462	0.000206462	
0.000220659	0.000220659	
0.000212172	0.000212172	
0.00019547	0.00019547	
0.000233596	0.000233596	
0.000224757	0.000224757	
0.000233375	0.000233375	
0.000224399	0.000224399	
0.000238149	0.000238149	
0.000238588	0.000238588	
0.000229411	0.000229411	
0.000246728	0.000246728	
0.000237661	0.000237661	
0.000250381	0.000250381	
0.000242008	0.000242008	
0.000267464	0.000267464	
0.000279454	0.000279454	
0.000268706	0.000268706	
0.000284657	0.000284657	
0.000273188	0.000273188	
0.000297499	0.000297499	
0.000304908	0.000304908	
0.000282766	0.000282766	
0.000306877	0.000306877	
0.000286302	0.000286302	
0.000297729	0.000297729	
0.000323525	0.000323525	
0.000300577	0.000300577	
0.000329858	0.000329858	
0.000343374	0.000343374	
0.00035634	0.00035634	
0.000364966	0.000364966	
0.000333373	0.000333373	
0.000359495	0.000359495	
0.000378175	0.000378175	
0.000355101	0.000355101	
0.000372125	0.000372125	
0.000373654	0.000373654	
0.000393991	0.000393991	
0.000401339	0.000401339	
0.000387617	0.000387617	
0.000407833	0.000407833	
0.000418383	0.000418383	
0.000393766	0.000393766	
0.000409311	0.000409311	
0.000428056	0.000428056	
0.000403067	0.000403067	
0.000420192	0.000420192	
0.000424218	0.000424218	
0.000439911	0.000439911	
0.000414376	0.000414376	
0.000398438	0.000398438	
0.000409276	0.000409276	
0.00041683	0.00041683	
0.000390398	0.000390398	
0.000410063	0.000410063	
0.000430993	0.000430993	
0.000436537	0.000436537	
0.000420114	0.000420114	
0.00043017	0.00043017	
0.000435769	0.000435769	
0.000410488	0.000410488	
0.000435535	0.000435535	
0.000410264	0.000410264	
0.000422909	0.000422909	
0.000439241	0.000439241	
0.00041186	0.00041186	
0.000441985	0.000441985	
0.000411465	0.000411465	
0.000435688	0.000435688	
0.000444255	0.000444255	
0.000427168	0.000427168	
0.000402221	0.000402221	
0.000431383	0.000431383	
0.000405845	0.000405845	
0.000420948	0.000420948	
0.000404758	0.000404758	
0.00038919	0.00038919	
0.000410808	0.000410808	
0.000403704	0.000403704	
0.000388176	0.000388176	
0.00041455	0.00041455	
0.000398606	0.000398606	
0.000392827	0.000392827	
0.000421286	0.000421286	
0.000405083	0.000405083	
0.000400238	0.000400238	
0.000384844	0.000384844	
0.000404745	0.000404745	
0.000399358	0.000399358	
0.000384075	0.000384075	
0.000363838	0.000363838	
0.000349984	0.000349984	
0.000336523	0.000336523	
0.000354147	0.000354147	
0.000340666	0.000340666	
0.000337652	0.000337652	
0.000315768	0.000315768	
0.000303623	0.000303623	
0.000291946	0.000291946	
0.000319423	0.000319423	
0.000307137	0.000307137	
0.000295324	0.000295324	
0.000283966	0.000283966	
0.000281902	0.000281902	
0.00030364	0.00030364	
0.000291961	0.000291961	
0.000280732	0.000280732	
0.000269935	0.000269935	
0.000290255	0.000290255	
0.000279091	0.000279091	
0.000278446	0.000278446	
0.000267737	0.000267737	
0.000257439	0.000257439	
0.000282173	0.000282173	
0.00027132	0.00027132	
0.000260885	0.000260885	
0.00025897	0.00025897	
0.000281491	0.000281491	
0.000261648	0.000261648	
0.000251585	0.000251585	
0.000286003	0.000286003	
0.000275003	0.000275003	
0.000273958	0.000273958	
0.000298045	0.000298045	
0.000306319	0.000306319	
0.000314981	0.000314981	
0.00034418	0.00034418	
0.000330504	0.000330504	
0.000352908	0.000352908	
0.000339112	0.000339112	
0.000326507	0.000326507	
0.000348714	0.000348714	
0.000344618	0.000344618	
0.000361882	0.000361882	
0.000339458	0.000339458	
0.000326402	0.000326402	
0.000339306	0.000339306	
0.000328281	0.000328281	
0.000348448	0.000348448	
0.000359084	0.000359084	
0.000345273	0.000345273	
0.000356212	0.000356212	
0.000344873	0.000344873	
0.000357762	0.000357762	
0.00037466	0.00037466	
0.000341278	0.000341278	
0.000362985	0.000362985	
0.000373049	0.000373049	
0.000348324	0.000348324	
0.000372738	0.000372738	
0.000388913	0.000388913	
0.000375383	0.000375383	
0.000407823	0.000407823	
0.000402451	0.000402451	
0.000438093	0.000438093	
0.000430693	0.000430693	
0.000468319	0.000468319	
0.00047668	0.00047668	
0.000458198	0.000458198	
0.000462709	0.000462709	
0.00048552	0.00048552	
0.00045829	0.00045829	
0.000467182	0.000467182	
0.000450057	0.000450057	
0.000457239	0.000457239	
0.000439652	0.000439652	
0.000444868	0.000444868	
0.000438379	0.000438379	
0.00044757	0.00044757	
0.000430356	0.000430356	
0.000448407	0.000448407	
0.00046308	0.00046308	
0.000445269	0.000445269	
0.000428143	0.000428143	
0.000439835	0.000439835	
0.000423137	0.000423137	
0.000424679	0.000424679	
0.000410468	0.000410468	
0.000403521	0.000403521	
0.000414193	0.000414193	
0.000398263	0.000398263	
0.000417535	0.000417535	
0.000392637	0.000392637	
0.000377536	0.000377536	
0.000385064	0.000385064	
0.000370254	0.000370254	
0.000390598	0.000390598	
0.000375575	0.000375575	
0.00036113	0.00036113	
0.000373332	0.000373332	
0.000358973	0.000358973	
0.00035505	0.00035505	
0.000371858	0.000371858	
0.000357685	0.000357685	
0.000343799	0.000343799	
0.000366656	0.000366656	
0.000347468	0.000347468	
0.00033926	0.00033926	
0.000351647	0.000351647	
0.000329097	0.000329097	
0.000327072	0.000327072	
0.000314492	0.000314492	
0.000332927	0.000332927	
0.000320122	0.000320122	
0.00030781	0.00030781	
0.000295971	0.000295971	
0.000284587	0.000284587	
0.000299638	0.000299638	
0.000298198	0.000298198	
0.000286729	0.000286729	
0.000275701	0.000275701	
0.00029967	0.00029967	
0.000288145	0.000288145	
0.000268574	0.000268574	
0.000258244	0.000258244	
0.000248312	0.000248312	
0.000269289	0.000269289	
0.000258931	0.000258931	
0.000240127	0.000240127	
0.000230891	0.000230891	
0.000213522	0.000213522	
0.000214801	0.000214801	
0.000241112	0.000241112	
0.000231838	0.000231838	
0.000222922	0.000222922	
0.000214348	0.000214348	
0.000240672	0.000240672	
0.000240682	0.000240682	
0.000222878	0.000222878	
0.000244886	0.000244886	
0.00023587	0.00023587	
0.000226798	0.000226798	
0.000244091	0.000244091	
0.000245238	0.000245238	
0.000235805	0.000235805	
0.000248825	0.000248825	
0.000239255	0.000239255	
0.000256123	0.000256123	
0.000246272	0.000246272	
0.0002368	0.0002368	
0.000249717	0.000249717	
0.000240113	0.000240113	
0.000222302	0.000222302	
0.000213752	0.000213752	
0.000240082	0.000240082	
0.000220583	0.000220583	
0.000212099	0.000212099	
0.000238431	0.000238431	
0.00023131	0.00023131	
0.000213576	0.000213576	
0.000236086	0.000236086	
0.00021836	0.00021836	
0.000243515	0.000243515	
0.000239373	0.000239373	
0.000221683	0.000221683	
0.000243622	0.000243622	
0.000225769	0.000225769	
0.000242453	0.000242453	
0.000238256	0.000238256	
0.000258439	0.000258439	
0.000239927	0.000239927	
0.000261249	0.000261249	
0.000251201	0.000251201	
0.000233058	0.000233058	
0.000258623	0.000258623	
0.000248676	0.000248676	
0.000283424	0.000283424	
0.00026379	0.00026379	
0.000253897	0.000253897	
0.000278653	0.000278653	
0.000257586	0.000257586	
0.000280028	0.000280028	
0.00029502	0.00029502	
0.000283673	0.000283673	
0.000294665	0.000294665	
0.000283332	0.000283332	
0.000294393	0.000294393	
0.00028307	0.00028307	
0.000306776	0.000306776	
0.0002865	0.0002865	
0.000309921	0.000309921	
0.000298133	0.000298133	
0.000321169	0.000321169	
0.000300341	0.000300341	
0.000321116	0.000321116	
0.000298422	0.000298422	
0.000287166	0.000287166	
0.000310554	0.000310554	
0.000290135	0.000290135	
0.000313463	0.000313463	
0.000329714	0.000329714	
0.000325966	0.000325966	
0.000304956	0.000304956	
0.00032765	0.00032765	
0.00031545	0.00031545	
0.000329322	0.000329322	
0.000307762	0.000307762	
0.000330398	0.000330398	
0.000309219	0.000309219	
0.000297326	0.000297326	
0.000307915	0.000307915	
0.000296072	0.000296072	
0.000319228	0.000319228	
0.00030695	0.00030695	
0.000286673	0.000286673	
0.000320585	0.000320585	
0.000308255	0.000308255	
0.000296399	0.000296399	
0.000307018	0.000307018	
0.00029521	0.00029521	
0.000283856	0.000283856	
0.000264468	0.000264468	
0.000284785	0.000284785	
0.000273832	0.000273832	
0.000272553	0.000272553	
0.000262507	0.000262507	
0.000251974	0.000251974	
0.000277181	0.000277181	
0.00026652	0.00026652	
0.000245932	0.000245932	
0.000236473	0.000236473	
0.000227378	0.000227378	
0.000211485	0.000211485	
0.000203351	0.000203351	
0.00019553	0.00019553	
0.00018801	0.00018801	
0.000223935	0.000223935	
0.000215322	0.000215322	
0.00020704	0.00020704	
0.000190607	0.000190607	
0.000183276	0.000183276	
0.000176227	0.000176227	
0.000169449	0.000169449	
0.000157843	0.000157843	
0.000151772	0.000151772	
0.000145935	0.000145935	
0.000140452	0.000140452	
0.00013505	0.00013505	
0.000129856	0.000129856	
0.000135473	0.000135473	
0.000130262	0.000130262	
0.000125252	0.000125252	
0.000120435	0.000120435	
0.000115803	0.000115803	
0.000111349	0.000111349	
0.000107066	0.000107066	
0.000102948	0.000102948	
9.89886e-05	9.89886e-05	
9.51813e-05	9.51813e-05	
9.15205e-05	9.15205e-05	
8.80005e-05	8.80005e-05	
8.46159e-05	8.46159e-05	
8.13614e-05	8.13614e-05	
0.000118104	0.000118104	
0.000113561	0.000113561	
0.000109194	0.000109194	
0.000104994	0.000104994	
0.000100956	0.000100956	
9.70727e-05	9.70727e-05	
9.33391e-05	9.33391e-05	
8.09222e-05	8.09222e-05	
7.78098e-05	7.78098e-05	
7.48171e-05	7.48171e-05	
7.19395e-05	7.19395e-05	
6.91726e-05	6.91726e-05	
6.65121e-05	6.65121e-05	
6.3954e-05	6.3954e-05	
6.14942e-05	6.14942e-05	
5.9129e-05	5.9129e-05	
5.68549e-05	5.68549e-05	
5.46681e-05	5.46681e-05	
5.25655e-05	5.25655e-05	
4.20714e-05	4.20714e-05	
4.06738e-05	4.06738e-05	
3.91094e-05	3.91094e-05	
3.73846e-05	3.73846e-05	
3.61673e-05	3.61673e-05	
3.47763e-05	3.47763e-05	
4.27245e-05	4.27245e-05	
7.55015e-05	7.55015e-05	
3.81771e-05	3.81771e-05	
7.11294e-05	7.11294e-05	
6.83936e-05	6.83936e-05	
5.72915e-05	5.72915e-05	
5.5088e-05	5.5088e-05	
5.29693e-05	5.29693e-05	
5.0932e-05	5.0932e-05	
4.89731e-05	4.89731e-05	
4.70895e-05	4.70895e-05	
7.97517e-05	7.97517e-05	
6.82135e-05	6.82135e-05	
6.55899e-05	6.55899e-05	
6.33779e-05	6.33779e-05	
8.44181e-05	8.44181e-05	
8.11713e-05	8.11713e-05	
6.77108e-05	6.77108e-05	
6.51065e-05	6.51065e-05	
6.26025e-05	6.26025e-05	
0.000108698	0.000108698	
0.000104518	0.000104518	
9.20282e-05	9.20282e-05	
8.84886e-05	8.84886e-05	
8.50852e-05	8.50852e-05	
0.000108309	0.000108309	
9.55445e-05	9.55445e-05	
9.19991e-05	9.19991e-05	
0.000122918	0.000122918	
7.85906e-05	7.85906e-05	
0.00011003	0.00011003	
9.73297e-05	9.73297e-05	
9.35862e-05	9.35862e-05	
0.000124388	0.000124388	
0.000119604	0.000119604	
0.000106535	0.000106535	
0.000132919	0.000132919	
0.000127807	0.000127807	
0.000133079	0.000133079	
0.000162353	0.000162353	
0.000156108	0.000156108	
0.00013968	0.00013968	
0.000134308	0.000134308	
0.000163841	0.000163841	
0.000157285	0.000157285	
0.00014437	0.00014437	
0.000138817	0.000138817	
0.000125012	0.000125012	
0.000154589	0.000154589	
0.000148643	0.000148643	
0.000142926	0.000142926	
0.00016806	0.00016806	
0.000161431	0.000161431	
0.000155387	0.000155387	
0.000171409	0.000171409	
0.0001756	0.0001756	
0.000168846	0.000168846	
0.000196781	0.000196781	
0.000189213	0.000189213	
0.000181935	0.000181935	
0.000164608	0.000164608	
0.000190544	0.000190544	
0.000183215	0.000183215	
0.000176168	0.000176168	
0.000204034	0.000204034	
0.000187414	0.000187414	
0.000180426	0.000180426	
0.000173487	0.000173487	
0.000166594	0.000166594	
0.000194771	0.000194771	
0.000187279	0.000187279	
0.000169749	0.000169749	
0.000195533	0.000195533	
0.000188013	0.000188013	
0.000180782	0.000180782	
0.000181744	0.000181744	
0.000174753	0.000174753	
0.000168032	0.000168032	
0.000187523	0.000187523	
0.000173211	0.000173211	
0.000166549	0.000166549	
0.000160143	0.000160143	
0.000153984	0.000153984	
0.000148061	0.000148061	
0.000132039	0.000132039	
0.000161374	0.000161374	
0.000155168	0.000155168	
0.0001492	0.0001492	
0.000143461	0.000143461	
0.000137943	0.000137943	
0.000132638	0.000132638	
0.000127536	0.000127536	
0.000122631	0.000122631	
0.000112857	0.000112857	
0.000113574	0.000113574	
0.000104148	0.000104148	
0.000100142	0.000100142	
9.62905e-05	9.62905e-05	
9.2587e-05	9.2587e-05	
8.9026e-05	8.9026e-05	
8.56019e-05	8.56019e-05	
8.23095e-05	8.23095e-05	
7.91438e-05	7.91438e-05	
0.00010827	0.00010827	
7.19352e-05	7.19352e-05	
0.000101339	0.000101339	
6.52705e-05	6.52705e-05	
9.52426e-05	9.52426e-05	
9.1268e-05	9.1268e-05	
8.80691e-05	8.80691e-05	
9.29604e-05	9.29604e-05	
8.91653e-05	8.91653e-05	
8.57359e-05	8.57359e-05	
8.2658e-05	8.2658e-05	
7.94789e-05	7.94789e-05	
7.6422e-05	7.6422e-05	
7.34827e-05	7.34827e-05	
7.04367e-05	7.04367e-05	
6.10286e-05	6.10286e-05	
6.56001e-05	6.56001e-05	
5.61581e-05	5.61581e-05	
5.18764e-05	5.18764e-05	
5.2003e-05	5.2003e-05	
5.00028e-05	5.00028e-05	
3.77512e-05	3.77512e-05	
3.62992e-05	3.62992e-05	
2.97472e-05	2.97472e-05	
2.86031e-05	2.86031e-05	
2.7503e-05	2.7503e-05	
2.64452e-05	2.64452e-05	
2.54281e-05	2.54281e-05	
2.44501e-05	2.44501e-05	
2.35097e-05	2.35097e-05	
5.49268e-05	5.49268e-05	
5.28142e-05	5.28142e-05	
5.07829e-05	5.07829e-05	
4.88297e-05	4.88297e-05	
4.69517e-05	4.69517e-05	
4.51458e-05	4.51458e-05	
3.49474e-05	3.49474e-05	
3.36033e-05	3.36033e-05	
6.48096e-05	6.48096e-05	
6.2317e-05	6.2317e-05	
5.99202e-05	5.99202e-05	
4.91541e-05	4.91541e-05	
4.72636e-05	4.72636e-05	
4.54458e-05	4.54458e-05	
7.60113e-05	7.60113e-05	
6.27613e-05	6.27613e-05	
6.2434e-05	6.2434e-05	
5.79461e-05	5.79461e-05	
5.7804e-05	5.7804e-05	
7.96118e-05	7.96118e-05	
8.68758e-05	8.68758e-05	
7.48058e-05	7.48058e-05	
7.21846e-05	7.21846e-05	
6.06918e-05	6.06918e-05	
9.30227e-05	9.30227e-05	
8.91887e-05	8.91887e-05	
8.60146e-05	8.60146e-05	
0.000104684	0.000104684	
0.000100658	0.000100658	
9.67863e-05	9.67863e-05	
0.000131429	0.000131429	
0.000126374	0.000126374	
0.000107952	0.000107952	
0.000134232	0.000134232	
0.000129069	0.000129069	
0.000154532	0.000154532	
0.000140132	0.000140132	
0.000134727	0.000134727	
0.000121013	0.000121013	
0.000150786	0.000150786	
0.000145026	0.000145026	
0.000130952	0.000130952	
0.000160433	0.000160433	
0.000154262	0.000154262	
0.000178601	0.000178601	
0.000171732	0.000171732	
0.000156672	0.000156672	
0.000185024	0.000185024	
0.000177908	0.000177908	
0.000205438	0.000205438	
0.000197537	0.000197537	
0.000211837	0.000211837	
0.000203689	0.000203689	
0.000240814	0.000240814	
0.000231552	0.000231552	
0.000253042	0.000253042	
0.00024331	0.00024331	
0.00022541	0.00022541	
0.000251043	0.000251043	
0.000232659	0.000232659	
0.000223711	0.000223711	
0.000249458	0.000249458	
0.000239864	0.000239864	
0.000261025	0.000261025	
0.000242482	0.000242482	
0.000233156	0.000233156	
0.000258533	0.000258533	
0.00024859	0.00024859	
0.000239029	0.000239029	
0.000264176	0.000264176	
0.000245567	0.000245567	
0.000236123	0.000236123	
0.000261379	0.000261379	
0.000251326	0.000251326	
0.000251075	0.000251075	
0.000232971	0.000232971	
0.000224011	0.000224011	
0.000215395	0.000215395	
0.00020711	0.00020711	
0.000199145	0.000199145	
0.000191485	0.000191485	
0.000214759	0.000214759	
0.00017586	0.00017586	
0.000199424	0.000199424	
0.000191754	0.000191754	
0.000179621	0.000179621	
0.000172712	0.000172712	
0.00016607	0.00016607	
0.000159334	0.000159334	
0.000153554	0.000153554	
0.000147648	0.000147648	
0.000141969	0.000141969	
0.000136509	0.000136509	
0.000131259	0.000131259	
0.00012621	0.00012621	
0.000121356	0.000121356	
0.000127278	0.000127278	
0.000122382	0.000122382	
0.000126305	0.000126305	
0.000121447	0.000121447	
0.000107475	0.000107475	
0.000112642	0.000112642	
9.94104e-05	9.94104e-05	
9.55869e-05	9.55869e-05	
9.19105e-05	9.19105e-05	
8.83755e-05	8.83755e-05	
8.49764e-05	8.49764e-05	
8.17081e-05	8.17081e-05	
7.01153e-05	7.01153e-05	
6.23911e-05	6.23911e-05	
6.50189e-05	6.50189e-05	
5.74906e-05	5.74906e-05	
5.52794e-05	5.52794e-05	
5.31533e-05	5.31533e-05	
5.11089e-05	5.11089e-05	
4.91432e-05	4.91432e-05	
4.72531e-05	4.72531e-05	
4.54357e-05	4.54357e-05	
4.36881e-05	4.36881e-05	
4.20078e-05	4.20078e-05	
4.03921e-05	4.03921e-05	
3.88386e-05	3.88386e-05	
3.73448e-05	3.73448e-05	
3.59085e-05	3.59085e-05	
3.45274e-05	3.45274e-05	
6.53147e-05	6.53147e-05	
3.06871e-05	3.06871e-05	
6.16224e-05	6.16224e-05	
5.92523e-05	5.92523e-05	
5.69734e-05	5.69734e-05	
5.47821e-05	5.47821e-05	
5.26751e-05	5.26751e-05	
8.50932e-05	8.50932e-05	
8.18204e-05	8.18204e-05	
7.86734e-05	7.86734e-05	
7.56475e-05	7.56475e-05	
7.15627e-05	7.15627e-05	
6.88103e-05	6.88103e-05	
9.65519e-05	9.65519e-05	
9.28384e-05	9.28384e-05	
8.92677e-05	8.92677e-05	
7.73857e-05	7.73857e-05	
6.55431e-05	6.55431e-05	
9.7589e-05	9.7589e-05	
9.36145e-05	9.36145e-05	
9.0235e-05	9.0235e-05	
0.000112694	0.000112694	
0.000108192	0.000108192	
0.000104199	0.000104199	
0.000100023	0.000100023	
9.61764e-05	9.61764e-05	
0.000124793	0.000124793	
0.000109463	0.000109463	
0.000100405	0.000100405	
0.000132742	0.000132742	
0.000117328	0.000117328	
0.000112816	0.000112816	
0.000108477	0.000108477	
9.58578e-05	9.58578e-05	
0.000126505	0.000126505	
0.00012164	0.00012164	
0.000116961	0.000116961	
0.000130285	0.000130285	
0.000125274	0.000125274	
0.000120455	0.000120455	
0.000115822	0.000115822	
0.000111368	0.000111368	
0.000132966	0.000132966	
0.000127852	0.000127852	
0.000122935	0.000122935	
0.000152619	0.000152619	
0.00014346	0.00014346	
0.000137942	0.000137942	
0.00012233	0.00012233	
0.00014799	0.00014799	
0.000142298	0.000142298	
0.000136825	0.000136825	
0.000131563	0.000131563	
0.000126503	0.000126503	
0.000157818	0.000157818	
0.00014293	0.00014293	
0.000127075	0.000127075	
0.000122187	0.000122187	
0.000117488	0.000117488	
0.000112969	0.000112969	
0.000145024	0.000145024	
0.000137362	0.000137362	
0.000134163	0.000134163	
0.000129003	0.000129003	
0.000121958	0.000121958	
0.000119351	0.000119351	
0.000144893	0.000144893	
0.000134486	0.000134486	
0.000129091	0.000129091	
0.000124126	0.000124126	
0.000111131	0.000111131	
0.000106857	0.000106857	
0.000102747	0.000102747	
9.87955e-05	9.87955e-05	
0.000104448	0.000104448	
0.00013874	0.00013874	
0.000133404	0.000133404	
0.000128014	0.000128014	
0.00012335	0.00012335	
0.000118605	0.000118605	
0.000114044	0.000114044	
0.000109657	0.000109657	
0.00010544	0.00010544	
0.000101384	0.000101384	
9.23852e-05	9.23852e-05	
8.88319e-05	8.88319e-05	
9.05151e-05	9.05151e-05	
8.19338e-05	8.19338e-05	
7.87825e-05	7.87825e-05	
7.57524e-05	7.57524e-05	
7.28389e-05	7.28389e-05	
7.00374e-05	7.00374e-05	
6.73436e-05	6.73436e-05	
6.47535e-05	6.47535e-05	
6.2263e-05	6.2263e-05	
5.98682e-05	5.98682e-05	
5.75656e-05	5.75656e-05	
5.53516e-05	5.53516e-05	
4.44979e-05	4.44979e-05	
5.15111e-05	5.15111e-05	
4.08052e-05	4.08052e-05	
3.92358e-05	3.92358e-05	
3.77267e-05	3.77267e-05	
6.45409e-05	6.45409e-05	
6.20586e-05	6.20586e-05	
5.96717e-05	5.96717e-05	
5.73767e-05	5.73767e-05	
5.51699e-05	5.51699e-05	
5.30479e-05	5.30479e-05	
5.10076e-05	5.10076e-05	
4.90458e-05	4.90458e-05	
4.20561e-05	4.20561e-05	
4.04385e-05	4.04385e-05	
3.88832e-05	3.88832e-05	
3.73877e-05	3.73877e-05	
3.59497e-05	3.59497e-05	
3.4567e-05	3.4567e-05	
3.32375e-05	3.32375e-05	
3.19592e-05	3.19592e-05	
6.50493e-05	6.50493e-05	
6.25474e-05	6.25474e-05	
6.01417e-05	6.01417e-05	
5.78286e-05	5.78286e-05	
5.56044e-05	5.56044e-05	
5.34658e-05	5.34658e-05	
5.14094e-05	5.14094e-05	
8.38362e-05	8.38362e-05	
7.20798e-05	7.20798e-05	
6.93075e-05	6.93075e-05	
6.66418e-05	6.66418e-05	
9.43777e-05	9.43777e-05	
6.04485e-05	6.04485e-05	
8.8423e-05	8.8423e-05	
8.50221e-05	8.50221e-05	
8.17521e-05	8.17521e-05	
7.86078e-05	7.86078e-05	
7.55844e-05	7.55844e-05	
0.000106982	0.000106982	
0.000102867	0.000102867	
9.89106e-05	9.89106e-05	
0.000120966	0.000120966	
8.20133e-05	8.20133e-05	
0.000113159	0.000113159	
0.000108807	0.000108807	
0.000104622	0.000104622	
9.16357e-05	9.16357e-05	
0.000113968	0.000113968	
0.000109585	0.000109585	
0.00010537	0.00010537	
0.000101317	0.000101317	
0.000128019	0.000128019	
0.000114304	0.000114304	
0.00011026	0.00011026	
0.000106019	0.000106019	
0.000123433	0.000123433	
0.000119091	0.000119091	
0.000124467	0.000124467	
0.000119367	0.000119367	
0.000109989	0.000109989	
0.00013126	0.00013126	
0.000126472	0.000126472	
0.000121608	0.000121608	
0.000116931	0.000116931	
0.000112433	0.000112433	
0.000130004	0.000130004	
0.000125004	0.000125004	
0.000120196	0.000120196	
0.000115574	0.000115574	
0.000149455	0.000149455	
0.000143707	0.000143707	
0.000127831	0.000127831	
0.000122914	0.000122914	
0.000150282	0.000150282	
0.000144502	0.000144502	
0.000138944	0.000138944	
0.00015758	0.00015758	
0.000151519	0.000151519	
0.000145691	0.000145691	
0.000174358	0.000174358	
0.000167651	0.000167651	
0.000161203	0.000161203	
0.000155003	0.000155003	
0.000172729	0.000172729	
0.000166086	0.000166086	
0.000159698	0.000159698	
0.000183867	0.000183867	
0.000185249	0.000185249	
0.000178124	0.000178124	
0.000198616	0.000198616	
0.000182545	0.000182545	
0.000175524	0.000175524	
0.000168773	0.000168773	
0.000162282	0.000162282	
0.000186254	0.000186254	
0.000179091	0.000179091	
0.000172203	0.000172203	
0.000165579	0.000165579	
0.000193554	0.000193554	
0.000186109	0.000186109	
0.000178951	0.000178951	
0.000172068	0.000172068	
0.00016545	0.00016545	
0.000159087	0.000159087	
0.000152968	0.000152968	
0.000147085	0.000147085	
0.000141428	0.000141428	
0.000135988	0.000135988	
0.000164958	0.000164958	
0.000158613	0.000158613	
0.000147592	0.000147592	
0.000141915	0.000141915	
0.000136457	0.000136457	
0.000131209	0.000131209	
0.000126162	0.000126162	
0.00012131	0.00012131	
0.000116644	0.000116644	
0.000112158	0.000112158	
0.000107844	0.000107844	
0.000103696	0.000103696	
0.000130012	0.000130012	
0.000125011	0.000125011	
0.000120203	0.000120203	
0.00011558	0.00011558	
0.000111135	0.000111135	
0.00010686	0.00010686	
0.00010275	0.00010275	
9.03666e-05	9.03666e-05	
8.6891e-05	8.6891e-05	
8.3549e-05	8.3549e-05	
0.000114537	0.000114537	
7.59299e-05	7.59299e-05	
0.000107212	0.000107212	
0.000103088	0.000103088	
9.91657e-05	9.91657e-05	
9.53092e-05	9.53092e-05	
9.16435e-05	9.16435e-05	
8.81187e-05	8.81187e-05	
7.77703e-05	7.77703e-05	
0.00010717	0.00010717	
0.000113275	0.000113275	
9.86913e-05	9.86913e-05	
0.000105123	0.000105123	
0.00010108	0.00010108	
9.71827e-05	9.71827e-05	
9.34542e-05	9.34542e-05	
8.47431e-05	8.47431e-05	
0.000103435	0.000103435	
9.94565e-05	9.94565e-05	
9.56313e-05	9.56313e-05	
9.19532e-05	9.19532e-05	
8.84165e-05	8.84165e-05	
8.50159e-05	8.50159e-05	
7.32249e-05	7.32249e-05	
7.04086e-05	7.04086e-05	
9.79993e-05	9.79993e-05	
9.41875e-05	9.41875e-05	
9.06075e-05	9.06075e-05	
7.86924e-05	7.86924e-05	
7.56658e-05	7.56658e-05	
0.000106949	0.000106949	
0.000102844	0.000102844	
9.88799e-05	9.88799e-05	
9.50768e-05	9.50768e-05	
8.29905e-05	8.29905e-05	
0.00011404	0.00011404	
0.000109653	0.000109653	
0.000105436	0.000105436	
0.000101381	0.000101381	
0.000119341	0.000119341	
0.000114751	0.000114751	
0.000110337	0.000110337	
0.000131847	0.000131847	
0.000126776	0.000126776	
0.000113472	0.000113472	
0.000109108	0.000109108	
0.000139141	0.000139141	
0.000123414	0.000123414	
0.000118667	0.000118667	
0.000146239	0.000146239	
0.000132187	0.000132187	
0.000122093	0.000122093	
0.000107113	0.000107113	
0.000137221	0.000137221	
0.000131943	0.000131943	
0.000118442	0.000118442	
0.000113886	0.000113886	
0.000131357	0.000131357	
0.000117788	0.000117788	
0.000113257	0.000113257	
9.16043e-05	9.16043e-05	
0.000122395	0.000122395	
0.000117687	0.000117687	
0.000104735	0.000104735	
0.000100706	0.000100706	
0.000122627	0.000122627	
0.00011791	0.00011791	
0.000104949	0.000104949	
0.000131042	0.000131042	
0.000126317	0.000126317	
0.000112718	0.000112718	
0.000142595	0.000142595	
0.000137427	0.000137427	
0.000121543	0.000121543	
0.00015311	0.00015311	
0.000147221	0.000147221	
0.000131368	0.000131368	
0.000126315	0.000126315	
0.000155663	0.000155663	
0.000141162	0.000141162	
0.000135732	0.000135732	
0.000130512	0.000130512	
0.000117068	0.000117068	
0.000142775	0.000142775	
0.000137283	0.000137283	
0.000123579	0.000123579	
0.000118826	0.000118826	
0.000144513	0.000144513	
0.000138955	0.000138955	
0.000125187	0.000125187	
0.000120372	0.000120372	
0.000115743	0.000115743	
0.000155619	0.000155619	
0.000139862	0.000139862	
0.000144254	0.000144254	
0.000138706	0.000138706	
0.000133371	0.000133371	
0.000128242	0.000128242	
0.000123309	0.000123309	
0.000110143	0.000110143	
0.000105907	0.000105907	
0.000101834	0.000101834	
0.000128081	0.000128081	
9.29904e-05	9.29904e-05	
0.000119579	0.000119579	
0.000106022	0.000106022	
0.000101944	0.000101944	
9.80233e-05	9.80233e-05	
9.42532e-05	9.42532e-05	
9.0628e-05	9.0628e-05	
8.71423e-05	8.71423e-05	
7.88486e-05	7.88486e-05	
7.5816e-05	7.5816e-05	
7.29e-05	7.29e-05	
7.00962e-05	7.00962e-05	
6.74002e-05	6.74002e-05	
6.48078e-05	6.48078e-05	
6.23152e-05	6.23152e-05	
5.99185e-05	5.99185e-05	
5.7614e-05	5.7614e-05	
5.5398e-05	5.5398e-05	
5.32673e-05	5.32673e-05	
5.61619e-05	5.61619e-05	
4.90583e-05	4.90583e-05	
4.71715e-05	4.71715e-05	
4.53572e-05	4.53572e-05	
4.36127e-05	4.36127e-05	
4.19353e-05	4.19353e-05	
4.03224e-05	4.03224e-05	
3.87715e-05	3.87715e-05	
7.14859e-05	7.14859e-05	
3.45306e-05	3.45306e-05	
6.74084e-05	6.74084e-05	
6.48158e-05	6.48158e-05	
6.23229e-05	6.23229e-05	
5.99259e-05	5.99259e-05	
5.7621e-05	5.7621e-05	
5.54048e-05	5.54048e-05	
5.32739e-05	5.32739e-05	
5.12249e-05	5.12249e-05	
4.92547e-05	4.92547e-05	
4.73603e-05	4.73603e-05	
4.57133e-05	4.57133e-05	
4.37805e-05	4.37805e-05	
4.22713e-05	4.22713e-05	
4.06454e-05	4.06454e-05	
7.32842e-05	7.32842e-05	
7.04655e-05	7.04655e-05	
6.77553e-05	6.77553e-05	
6.0205e-05	6.0205e-05	
5.78894e-05	5.78894e-05	
5.56629e-05	5.56629e-05	
5.3522e-05	5.3522e-05	
5.14635e-05	5.14635e-05	
4.94841e-05	4.94841e-05	
4.75809e-05	4.75809e-05	
4.57508e-05	4.57508e-05	
7.81418e-05	7.81418e-05	
4.09855e-05	4.09855e-05	
7.35601e-05	7.35601e-05	
7.07308e-05	7.07308e-05	
6.10469e-05	6.10469e-05	
5.8699e-05	5.8699e-05	
5.14943e-05	5.14943e-05	
4.95138e-05	4.95138e-05	
7.78647e-05	7.78647e-05	
7.48699e-05	7.48699e-05	
7.19903e-05	7.19903e-05	
6.92215e-05	6.92215e-05	
6.65591e-05	6.65591e-05	
9.83692e-05	9.83692e-05	
9.44101e-05	9.44101e-05	
9.0779e-05	9.0779e-05	
8.72875e-05	8.72875e-05	
8.39303e-05	8.39303e-05	
8.07022e-05	8.07022e-05	
7.77738e-05	7.77738e-05	
0.000106659	0.000106659	
0.000102783	0.000102783	
9.86033e-05	9.86033e-05	
0.000125228	0.000125228	
0.000120412	0.000120412	
0.000115781	0.000115781	
0.000111327	0.000111327	
0.000141225	0.000141225	
0.000135794	0.000135794	
0.000130571	0.000130571	
0.000125549	0.000125549	
0.00012072	0.00012072	
0.000145269	0.000145269	
0.000139681	0.000139681	
0.000134309	0.000134309	
0.000129143	0.000129143	
0.000154409	0.000154409	
0.000139963	0.000139963	
0.00013458	0.00013458	
0.000129404	0.000129404	
0.000124426	0.000124426	
0.000153762	0.000153762	
0.000147848	0.000147848	
0.000142162	0.000142162	
0.000136694	0.000136694	
0.000165603	0.000165603	
0.000159234	0.000159234	
0.000153109	0.000153109	
0.000181472	0.000181472	
0.00017476	0.00017476	
0.000168038	0.000168038	
0.000161575	0.000161575	
0.000155361	0.000155361	
0.00017716	0.00017716	
0.000170704	0.000170704	
0.000164138	0.000164138	
0.000157825	0.000157825	
0.000151755	0.000151755	
0.000145919	0.000145919	
0.000174461	0.000174461	
0.000167751	0.000167751	
0.000152886	0.000152886	
0.000147006	0.000147006	
0.000132481	0.000132481	
0.000127385	0.000127385	
0.000122486	0.000122486	
0.000151928	0.000151928	
0.000146085	0.000146085	
0.000140466	0.000140466	
0.000135064	0.000135064	
0.000129869	0.000129869	
0.000119951	0.000119951	
0.000120261	0.000120261	
0.000110712	0.000110712	
0.000106454	0.000106454	
0.000102359	0.000102359	
9.84226e-05	9.84226e-05	
9.46371e-05	9.46371e-05	
9.09972e-05	9.09972e-05	
8.74973e-05	8.74973e-05	
8.4132e-05	8.4132e-05	
8.08962e-05	8.08962e-05	
7.77848e-05	7.77848e-05	
7.47931e-05	7.47931e-05	
7.19164e-05	7.19164e-05	
6.91504e-05	6.91504e-05	
9.66598e-05	9.66598e-05	
6.27728e-05	6.27728e-05	
6.03585e-05	6.03585e-05	
8.82067e-05	8.82067e-05	
8.48141e-05	8.48141e-05	
8.1552e-05	8.1552e-05	
7.84154e-05	7.84154e-05	
7.53994e-05	7.53994e-05	
7.24995e-05	7.24995e-05	
6.9711e-05	6.9711e-05	
6.70298e-05	6.70298e-05	
6.44518e-05	6.44518e-05	
6.19729e-05	6.19729e-05	
5.95893e-05	5.95893e-05	
5.23681e-05	5.23681e-05	
5.0354e-05	5.0354e-05	
4.84173e-05	4.84173e-05	
5.14843e-05	5.14843e-05	
4.45748e-05	4.45748e-05	
4.28604e-05	4.28604e-05	
4.12119e-05	4.12119e-05	
3.96269e-05	3.96269e-05	
3.81028e-05	3.81028e-05	
7.07985e-05	7.07985e-05	
6.80755e-05	6.80755e-05	
6.54572e-05	6.54572e-05	
6.29396e-05	6.29396e-05	
6.05189e-05	6.05189e-05	
5.81912e-05	5.81912e-05	
5.59531e-05	5.59531e-05	
5.38011e-05	5.38011e-05	
5.17318e-05	5.17318e-05	
4.97421e-05	4.97421e-05	
8.39262e-05	8.39262e-05	
7.8757e-05	7.8757e-05	
7.57279e-05	7.57279e-05	
7.28153e-05	7.28153e-05	
7.00147e-05	7.00147e-05	
6.92631e-05	6.92631e-05	
6.46579e-05	6.46579e-05	
6.2171e-05	6.2171e-05	
5.97799e-05	5.97799e-05	
5.74806e-05	5.74806e-05	
8.25397e-05	8.25397e-05	
7.93651e-05	7.93651e-05	
7.62657e-05	7.62657e-05	
7.33793e-05	7.33793e-05	
7.0557e-05	7.0557e-05	
6.78433e-05	6.78433e-05	
7.41517e-05	7.41517e-05	
6.23819e-05	6.23819e-05	
9.5991e-05	9.5991e-05	
8.38873e-05	8.38873e-05	
8.06608e-05	8.06608e-05	
7.78758e-05	7.78758e-05	
0.00010871	0.00010871	
0.000104796	0.000104796	
0.000100766	0.000100766	
9.66224e-05	9.66224e-05	
9.31739e-05	9.31739e-05	
8.95903e-05	8.95903e-05	
8.61446e-05	8.61446e-05	
7.25657e-05	7.25657e-05	
6.97747e-05	6.97747e-05	
9.91507e-05	9.91507e-05	
9.53372e-05	9.53372e-05	
9.16704e-05	9.16704e-05	
8.81446e-05	8.81446e-05	
7.44893e-05	7.44893e-05	
0.000105765	0.000105765	
0.000101697	0.000101697	
9.77854e-05	9.77854e-05	
9.40244e-05	9.40244e-05	
8.19975e-05	8.19975e-05	
7.88438e-05	7.88438e-05	
0.000110126	0.000110126	
0.000105663	0.000105663	
0.000101599	0.000101599	
8.95087e-05	8.95087e-05	
8.58389e-05	8.58389e-05	
0.000112911	0.000112911	
0.00010839	0.00010839	
0.000104222	0.000104222	
0.000100391	0.000100391	
9.653e-05	9.653e-05	
9.28173e-05	9.28173e-05	
8.92474e-05	8.92474e-05	
8.58148e-05	8.58148e-05	
8.25143e-05	8.25143e-05	
7.93407e-05	7.93407e-05	
0.00011042	0.00011042	
0.000106173	0.000106173	
8.86277e-05	8.86277e-05	
9.02716e-05	9.02716e-05	
8.17467e-05	8.17467e-05	
7.86026e-05	7.86026e-05	
7.55795e-05	7.55795e-05	
7.26726e-05	7.26726e-05	
6.98775e-05	6.98775e-05	
6.71899e-05	6.71899e-05	
6.46057e-05	6.46057e-05	
9.6253e-05	9.6253e-05	
9.25509e-05	9.25509e-05	
8.89913e-05	8.89913e-05	
8.55686e-05	8.55686e-05	
8.22775e-05	8.22775e-05	
7.91129e-05	7.91129e-05	
7.60701e-05	7.60701e-05	
7.31444e-05	7.31444e-05	
7.03311e-05	7.03311e-05	
6.76261e-05	6.76261e-05	
5.61129e-05	5.61129e-05	
6.28668e-05	6.28668e-05	
6.04489e-05	6.04489e-05	
5.81239e-05	5.81239e-05	
5.58884e-05	5.58884e-05	
4.48267e-05	4.48267e-05	
4.31026e-05	4.31026e-05	
4.14448e-05	4.14448e-05	
3.98508e-05	3.98508e-05	
3.8318e-05	3.8318e-05	
3.68443e-05	3.68443e-05	
3.54272e-05	3.54272e-05	
3.40646e-05	3.40646e-05	
3.27544e-05	3.27544e-05	
3.14947e-05	3.14947e-05	
3.02833e-05	3.02833e-05	
2.91186e-05	2.91186e-05	
2.79986e-05	2.79986e-05	
2.69218e-05	2.69218e-05	
2.09679e-05	2.09679e-05	
2.50798e-05	2.50798e-05	
1.91968e-05	1.91968e-05	
1.84584e-05	1.84584e-05	
1.77485e-05	1.77485e-05	
1.70659e-05	1.70659e-05	
1.64095e-05	1.64095e-05	
1.57783e-05	1.57783e-05	
1.51715e-05	1.51715e-05	
1.4588e-05	1.4588e-05	
1.40269e-05	1.40269e-05	
1.34874e-05	1.34874e-05	
1.29686e-05	1.29686e-05	
1.24699e-05	1.24699e-05	
1.19902e-05	1.19902e-05	
1.15291e-05	1.15291e-05	
1.10857e-05	1.10857e-05	
1.08374e-05	1.08374e-05	
1.02425e-05	1.02425e-05	
1.00267e-05	1.00267e-05	
9.46288e-06	9.46288e-06	
9.09893e-06	9.09893e-06	
8.9271e-06	8.9271e-06	
8.40562e-06	8.40562e-06	
8.26045e-06	8.26045e-06	
7.94274e-06	7.94274e-06	
7.63725e-06	7.63725e-06	
3.93959e-05	3.93959e-05	
3.78806e-05	3.78806e-05	
3.64237e-05	3.64237e-05	
3.50228e-05	3.50228e-05	
3.36757e-05	3.36757e-05	
3.23805e-05	3.23805e-05	
3.11351e-05	3.11351e-05	
2.99376e-05	2.99376e-05	
2.37256e-05	2.37256e-05	
2.78735e-05	2.78735e-05	
2.1741e-05	2.1741e-05	
2.09048e-05	2.09048e-05	
2.01008e-05	2.01008e-05	
4.95255e-05	4.95255e-05	
1.74227e-05	1.74227e-05	
4.69506e-05	4.69506e-05	
4.51448e-05	4.51448e-05	
4.34084e-05	4.34084e-05	
4.17389e-05	4.17389e-05	
4.04517e-05	4.04517e-05	
3.85777e-05	3.85777e-05	
3.74122e-05	3.74122e-05	
4.5518e-05	4.5518e-05	
3.42224e-05	3.42224e-05	
6.83505e-05	6.83505e-05	
2.15499e-05	2.15499e-05	
5.51211e-05	5.51211e-05	
6.27728e-05	6.27728e-05	
6.03585e-05	6.03585e-05	
5.8037e-05	5.8037e-05	
5.58048e-05	5.58048e-05	
5.36585e-05	5.36585e-05	
5.15947e-05	5.15947e-05	
4.96103e-05	4.96103e-05	
8.18275e-05	8.18275e-05	
7.86803e-05	7.86803e-05	
7.56541e-05	7.56541e-05	
7.27444e-05	7.27444e-05	
6.99465e-05	6.99465e-05	
6.72563e-05	6.72563e-05	
6.46695e-05	6.46695e-05	
5.35443e-05	5.35443e-05	
5.14849e-05	5.14849e-05	
4.95048e-05	4.95048e-05	
4.76007e-05	4.76007e-05	
7.59061e-05	7.59061e-05	
4.28502e-05	4.28502e-05	
7.13387e-05	7.13387e-05	
6.01882e-05	6.01882e-05	
5.78733e-05	5.78733e-05	
5.56474e-05	5.56474e-05	
5.35071e-05	5.35071e-05	
5.14492e-05	5.14492e-05	
4.94704e-05	4.94704e-05	
4.75677e-05	4.75677e-05	
4.57381e-05	4.57381e-05	
4.3979e-05	4.3979e-05	
4.22875e-05	4.22875e-05	
4.0661e-05	4.0661e-05	
3.90972e-05	3.90972e-05	
