0	0	0	250	
3.22133e-13	3.22133e-13	6.71726e-11	250	
2.47609e-12	2.47609e-12	1.19206e-10	250	
8.02935e-12	8.02935e-12	1.5876e-10	250	
2.34275e-10	2.34275e-10	2.96952e-10	250	
4.3964e-10	4.3964e-10	4.02638e-10	250	
7.2993e-10	7.2993e-10	4.81785e-10	250	
1.77364e-09	1.77364e-09	9.24787e-10	250	
3.28211e-09	3.28211e-09	1.10174e-09	250	
5.77386e-09	5.77386e-09	1.69788e-09	250	
8.88977e-09	8.88977e-09	1.9808e-09	250	
1.58368e-08	1.58368e-08	2.62327e-09	250	
2.58272e-08	2.58272e-08	4.06838e-09	250	
3.9616e-08	3.9616e-08	5.35412e-09	250	
5.67308e-08	5.67308e-08	7.54193e-09	250	
7.72621e-08	7.72621e-08	9.51582e-09	250	
1.11618e-07	1.11618e-07	1.30416e-08	250	
1.41144e-07	1.41144e-07	1.59927e-08	250	
1.91581e-07	1.91581e-07	2.07477e-08	250	
2.50272e-07	2.50272e-07	2.62992e-08	250	
3.19838e-07	3.19838e-07	3.26153e-08	250	
3.99817e-07	3.99817e-07	3.97968e-08	250	
5.05824e-07	5.05824e-07	4.73949e-08	250	
6.18927e-07	6.18927e-07	5.69849e-08	250	
7.39114e-07	7.39114e-07	6.58176e-08	250	
8.81739e-07	8.81739e-07	7.64544e-08	250	
1.06685e-06	1.06685e-06	8.88498e-08	250	
1.24116e-06	1.24116e-06	1.0143e-07	250	
1.472e-06	1.472e-06	1.15549e-07	250	
1.68668e-06	1.68668e-06	1.29663e-07	250	
1.92168e-06	1.92168e-06	1.43652e-07	250	
2.2342e-06	2.2342e-06	1.59502e-07	250	
2.56217e-06	2.56217e-06	1.76424e-07	250	
2.87494e-06	2.87494e-06	1.93174e-07	250	
3.26799e-06	3.26799e-06	2.11135e-07	250	
3.63377e-06	3.63377e-06	2.2877e-07	250	
4.08461e-06	4.08461e-06	2.45797e-07	250	
4.59407e-06	4.59407e-06	2.66184e-07	250	
5.03943e-06	5.03943e-06	2.84044e-07	250	
5.6148e-06	5.6148e-06	3.0514e-07	250	
6.18066e-06	6.18066e-06	3.25871e-07	250	
6.68575e-06	6.68575e-06	3.4336e-07	250	
7.28689e-06	7.28689e-06	3.62681e-07	250	
7.99704e-06	7.99704e-06	3.81508e-07	250	
8.65702e-06	8.65702e-06	4.01854e-07	250	
9.33773e-06	9.33773e-06	4.21703e-07	250	
9.87109e-06	9.87109e-06	4.36561e-07	250	
1.06167e-05	1.06167e-05	4.53744e-07	250	
1.12264e-05	1.12264e-05	4.68778e-07	250	
1.20226e-05	1.20226e-05	4.84066e-07	250	
1.2661e-05	1.2661e-05	4.97279e-07	250	
1.32795e-05	1.32795e-05	5.06574e-07	250	
1.4243e-05	1.4243e-05	5.19867e-07	250	
1.4743e-05	1.4743e-05	5.2943e-07	250	
1.56397e-05	1.56397e-05	5.38037e-07	250	
1.64683e-05	1.64683e-05	5.48754e-07	250	
1.69458e-05	1.69458e-05	5.54101e-07	250	
1.77981e-05	1.77981e-05	5.61758e-07	250	
1.85879e-05	1.85879e-05	5.68923e-07	250	
1.90523e-05	1.90523e-05	5.71582e-07	250	
1.96843e-05	1.96843e-05	5.75008e-07	250	
2.05028e-05	2.05028e-05	5.77312e-07	250	
2.116e-05	2.116e-05	5.80563e-07	250	
2.17143e-05	2.17143e-05	5.82512e-07	250	
2.21945e-05	2.21945e-05	5.81285e-07	250	
2.27188e-05	2.27188e-05	5.79563e-07	250	
2.34238e-05	2.34238e-05	5.79782e-07	250	
2.39127e-05	2.39127e-05	5.77876e-07	250	
2.45967e-05	2.45967e-05	5.7786e-07	250	
2.46905e-05	2.46905e-05	5.75208e-07	250	
2.53454e-05	2.53454e-05	5.7305e-07	250	
2.58478e-05	2.58478e-05	5.69494e-07	250	
2.65817e-05	2.65817e-05	5.68378e-07	250	
2.70932e-05	2.70932e-05	5.65904e-07	250	
2.72388e-05	2.72388e-05	5.63426e-07	250	
2.78884e-05	2.78884e-05	5.61639e-07	250	
2.85488e-05	2.85488e-05	5.60663e-07	250	
2.90819e-05	2.90819e-05	5.58626e-07	250	
3.01973e-05	3.01973e-05	5.60121e-07	250	
3.01438e-05	3.01438e-05	5.59406e-07	250	
3.09297e-05	3.09297e-05	5.59789e-07	250	
3.16505e-05	3.16505e-05	5.60991e-07	250	
3.22179e-05	3.22179e-05	5.61249e-07	250	
3.31386e-05	3.31386e-05	5.64141e-07	250	
3.26458e-05	3.26458e-05	5.64094e-07	250	
3.31491e-05	3.31491e-05	5.63365e-07	250	
3.41382e-05	3.41382e-05	5.65486e-07	250	
3.52486e-05	3.52486e-05	5.6793e-07	250	
3.48421e-05	3.48421e-05	5.69104e-07	250	
3.59044e-05	3.59044e-05	5.70934e-07	250	
3.70978e-05	3.70978e-05	5.7577e-07	250	
3.7411e-05	3.7411e-05	5.8021e-07	250	
3.71423e-05	3.71423e-05	5.8224e-07	250	
3.81903e-05	3.81903e-05	5.85852e-07	250	
3.97578e-05	3.97578e-05	5.91821e-07	250	
3.9817e-05	3.9817e-05	5.95786e-07	250	
4.09333e-05	4.09333e-05	6.02219e-07	250	
4.17998e-05	4.17998e-05	6.08261e-07	250	
4.32444e-05	4.32444e-05	6.17302e-07	250	
4.3849e-05	4.3849e-05	6.24976e-07	250	
4.53592e-05	4.53592e-05	6.35422e-07	250	
4.61311e-05	4.61311e-05	6.44711e-07	250	
4.91306e-05	4.91306e-05	6.60357e-07	250	
4.97459e-05	4.97459e-05	6.73626e-07	250	
5.13763e-05	5.13763e-05	6.89069e-07	250	
5.42418e-05	5.42418e-05	7.08746e-07	250	
5.59197e-05	5.59197e-05	7.27658e-07	250	
5.74434e-05	5.74434e-05	7.47678e-07	250	
5.99303e-05	5.99303e-05	7.69226e-07	250	
6.32255e-05	6.32255e-05	7.94903e-07	250	
6.47982e-05	6.47982e-05	8.20678e-07	250	
7.02447e-05	7.02447e-05	8.55288e-07	250	
7.30711e-05	7.30711e-05	8.89822e-07	250	
7.63669e-05	7.63669e-05	9.264e-07	250	
7.99308e-05	7.99308e-05	9.65488e-07	250	
8.4668e-05	8.4668e-05	1.01011e-06	250	
8.7631e-05	8.7631e-05	1.05326e-06	249.999	
9.15795e-05	9.15795e-05	1.0997e-06	249.999	
9.48591e-05	9.48591e-05	1.14522e-06	249.999	
0.000101158	0.000101158	1.19819e-06	249.999	
0.000107786	0.000107786	1.25947e-06	249.999	
0.000111372	0.000111372	1.31932e-06	249.999	
0.00012007	0.00012007	1.38906e-06	249.999	
0.000124221	0.000124221	1.45851e-06	249.999	
0.000132059	0.000132059	1.53513e-06	249.999	
0.000135122	0.000135122	1.60503e-06	249.999	
0.000142616	0.000142616	1.68265e-06	249.999	
0.000154684	0.000154684	1.77295e-06	249.999	
0.000162259	0.000162259	1.86811e-06	249.999	
0.000169914	0.000169914	1.96578e-06	249.999	
0.000179568	0.000179568	2.0696e-06	249.999	
0.000187015	0.000187015	2.17589e-06	249.999	
0.000194204	0.000194204	2.28225e-06	249.999	
0.000204545	0.000204545	2.3962e-06	249.999	
0.000212878	0.000212878	2.51136e-06	249.999	
0.000219862	0.000219862	2.62261e-06	249.999	
0.000230928	0.000230928	2.74407e-06	249.999	
0.000242833	0.000242833	2.87234e-06	249.999	
0.000258628	0.000258628	3.02003e-06	249.999	
0.000269087	0.000269087	3.16708e-06	249.998	
0.000284785	0.000284785	3.33054e-06	249.998	
0.00029775	0.00029775	3.49824e-06	249.998	
0.000313285	0.000313285	3.67674e-06	249.998	
0.000324276	0.000324276	3.85276e-06	249.998	
0.00034009	0.00034009	4.03881e-06	249.998	
0.000352053	0.000352053	4.22059e-06	249.998	
0.000368133	0.000368133	4.41229e-06	249.998	
0.000387047	0.000387047	4.62067e-06	249.998	
0.000401868	0.000401868	4.82865e-06	249.998	
0.000416304	0.000416304	5.03965e-06	249.998	
0.00044489	0.00044489	5.27972e-06	249.997	
0.000468125	0.000468125	5.53744e-06	249.997	
0.000485411	0.000485411	5.79848e-06	249.997	
0.000502808	0.000502808	6.05589e-06	249.997	
0.000529697	0.000529697	6.33787e-06	249.997	
0.000548162	0.000548162	6.61883e-06	249.997	
0.000569437	0.000569437	6.90667e-06	249.997	
0.000588052	0.000588052	7.1919e-06	249.997	
0.000610704	0.000610704	7.48618e-06	249.996	
0.000634598	0.000634598	7.79044e-06	249.996	
0.000656833	0.000656833	8.09945e-06	249.996	
0.000687478	0.000687478	8.43264e-06	249.996	
0.000715776	0.000715776	8.78148e-06	249.996	
0.000758928	0.000758928	9.17379e-06	249.996	
0.000795211	0.000795211	9.59193e-06	249.995	
0.000823911	0.000823911	1.00135e-05	249.995	
0.000858533	0.000858533	1.04528e-05	249.995	
0.000906419	0.000906419	1.09341e-05	249.995	
0.000954977	0.000954977	1.14566e-05	249.995	
0.000983776	0.000983776	1.19615e-05	249.994	
0.00103072	0.00103072	1.24962e-05	249.994	
0.0010678	0.0010678	1.30361e-05	249.994	
0.00111213	0.00111213	1.35987e-05	249.994	
0.0011689	0.0011689	1.42057e-05	249.993	
0.00121303	0.00121303	1.48245e-05	249.993	
0.0012723	0.0012723	1.54836e-05	249.993	
0.00131236	0.00131236	1.61377e-05	249.992	
0.00136578	0.00136578	1.68105e-05	249.992	
0.00141759	0.00141759	1.75042e-05	249.992	
0.00147907	0.00147907	1.82358e-05	249.991	
0.00154869	0.00154869	1.90155e-05	249.991	
0.00162568	0.00162568	1.98549e-05	249.991	
0.00171181	0.00171181	2.07648e-05	249.99	
0.00179002	0.00179002	2.17175e-05	249.99	
0.00187941	0.00187941	2.27287e-05	249.989	
0.00196771	0.00196771	2.3788e-05	249.989	
0.00204775	0.00204775	2.48659e-05	249.988	
0.00212858	0.00212858	2.59604e-05	249.988	
0.00223427	0.00223427	2.71269e-05	249.987	
0.00233493	0.00233493	2.83481e-05	249.987	
0.00244772	0.00244772	2.96404e-05	249.986	
0.00259207	0.00259207	3.10672e-05	249.985	
0.00270731	0.00270731	3.25399e-05	249.985	
0.00284215	0.00284215	3.40941e-05	249.984	
0.00296329	0.00296329	3.56928e-05	249.983	
0.00311484	0.00311484	3.73997e-05	249.982	
0.00327721	0.00327721	3.92187e-05	249.982	
0.00341876	0.00341876	4.1086e-05	249.981	
0.0035898	0.0035898	4.30641e-05	249.98	
0.00378178	0.00378178	4.51857e-05	249.979	
0.00395951	0.00395951	4.74011e-05	249.978	
0.0041767	0.0041767	4.97842e-05	249.977	
0.00440175	0.00440175	5.23292e-05	249.975	
0.00458527	0.00458527	5.49136e-05	249.974	
0.00479711	0.00479711	5.76058e-05	249.973	
0.00504218	0.00504218	6.0464e-05	249.972	
0.00525945	0.00525945	6.33989e-05	249.97	
0.00553883	0.00553883	6.65498e-05	249.969	
0.00580653	0.00580653	6.98616e-05	249.967	
0.00611267	0.00611267	7.3401e-05	249.965	
0.00639782	0.00639782	7.70784e-05	249.964	
0.00669404	0.00669404	8.09077e-05	249.962	
0.00702615	0.00702615	8.4952e-05	249.96	
0.00730469	0.00730469	8.90456e-05	249.958	
0.00762042	0.00762042	9.32735e-05	249.956	
0.00795581	0.00795581	9.76695e-05	249.954	
0.00835351	0.00835351	0.000102356	249.952	
0.00874002	0.00874002	0.000107262	249.949	
0.00915481	0.00915481	0.00011243	249.947	
0.00963209	0.00963209	0.000117989	249.944	
0.0100263	0.0100263	0.000123648	249.942	
0.01051	0.01051	0.000129626	249.939	
0.0109868	0.0109868	0.000135866	249.936	
0.0114871	0.0114871	0.000142393	249.933	
0.0120064	0.0120064	0.000149212	249.93	
0.0125093	0.0125093	0.000156242	249.926	
0.0130677	0.0130677	0.000163595	249.923	
0.0136326	0.0136326	0.000171237	249.919	
0.0142745	0.0142745	0.000179331	249.915	
0.0149594	0.0149594	0.000187936	249.911	
0.0156172	0.0156172	0.000196879	249.907	
0.0163024	0.0163024	0.000206203	249.903	
0.0169585	0.0169585	0.00021576	249.898	
0.0177449	0.0177449	0.000225887	249.894	
0.0186236	0.0186236	0.000236758	249.889	
0.0193951	0.0193951	0.000247966	249.883	
0.020202	0.020202	0.000259557	249.878	
0.0209772	0.0209772	0.000271393	249.872	
0.0218665	0.0218665	0.000283769	249.866	
0.0228184	0.0228184	0.000296747	249.86	
0.0237155	0.0237155	0.000310089	249.854	
0.0247091	0.0247091	0.000324015	249.847	
0.0257499	0.0257499	0.000338607	249.84	
0.0267807	0.0267807	0.000353716	249.833	
0.027877	0.027877	0.000369444	249.826	
0.0290078	0.0290078	0.000385838	249.818	
0.0300251	0.0300251	0.000402428	249.81	
0.0311393	0.0311393	0.000419476	249.802	
0.0323803	0.0323803	0.00043729	249.793	
0.0334949	0.0334949	0.000455381	249.785	
0.0346574	0.0346574	0.000473881	249.776	
0.0359595	0.0359595	0.00049313	249.767	
0.0371263	0.0371263	0.000512559	249.757	
0.0383938	0.0383938	0.000532492	249.748	
0.039751	0.039751	0.000553125	249.738	
0.0410188	0.0410188	0.000574062	249.728	
0.0424644	0.0424644	0.000595835	249.717	
0.0437822	0.0437822	0.000617873	249.707	
0.0451941	0.0451941	0.000640454	249.696	
0.0466952	0.0466952	0.000663808	249.685	
0.0482135	0.0482135	0.000687818	249.673	
0.0498612	0.0498612	0.000712866	249.662	
0.0512834	0.0512834	0.000738005	249.649	
0.0528566	0.0528566	0.000763729	249.637	
0.0545491	0.0545491	0.000790343	249.624	
0.0562004	0.0562004	0.000817598	249.611	
0.0578505	0.0578505	0.000845385	249.598	
0.0594529	0.0594529	0.000873384	249.584	
0.0611406	0.0611406	0.0009019	249.57	
0.0629087	0.0629087	0.000931082	249.556	
0.0647792	0.0647792	0.000961172	249.542	
0.066554	0.066554	0.000991622	249.527	
0.0684032	0.0684032	0.00102268	249.512	
0.0703134	0.0703134	0.0010544	249.497	
0.07233	0.07233	0.00108703	249.482	
0.0741065	0.0741065	0.00111957	249.466	
0.0761464	0.0761464	0.00115292	249.45	
0.0781058	0.0781058	0.00118667	249.433	
0.0802516	0.0802516	0.00122138	249.417	
0.082094	0.082094	0.00125589	249.4	
0.0843768	0.0843768	0.00129165	249.383	
0.0865934	0.0865934	0.00132831	249.365	
0.0887851	0.0887851	0.0013657	249.347	
0.0908659	0.0908659	0.0014032	249.329	
0.0930214	0.0930214	0.00144114	249.31	
0.0951745	0.0951745	0.00147956	249.292	
0.0973705	0.0973705	0.00151836	249.273	
0.0995702	0.0995702	0.00155766	249.254	
0.101787	0.101787	0.00159738	249.234	
0.103827	0.103827	0.00163686	249.215	
0.105953	0.105953	0.00167642	249.195	
0.107894	0.107894	0.00171549	249.176	
0.110108	0.110108	0.00175496	249.157	
0.112201	0.112201	0.00179446	249.137	
0.114629	0.114629	0.00183513	249.118	
0.117035	0.117035	0.00187676	249.098	
0.119553	0.119553	0.00191958	249.077	
0.121909	0.121909	0.00196295	249.056	
0.124279	0.124279	0.00200669	249.035	
0.126814	0.126814	0.00205144	249.013	
0.129526	0.129526	0.00209773	248.991	
0.132212	0.132212	0.00214519	248.969	
0.134883	0.134883	0.00219349	248.945	
0.137275	0.137275	0.00224136	248.921	
0.139747	0.139747	0.00228929	248.898	
0.142551	0.142551	0.00233847	248.874	
0.145175	0.145175	0.00238803	248.85	
0.14813	0.14813	0.00243909	248.826	
0.150732	0.150732	0.00248998	248.8	
0.15349	0.15349	0.00254142	248.775	
0.156242	0.156242	0.00259307	248.75	
0.159065	0.159065	0.00264509	248.725	
0.161916	0.161916	0.00269753	248.699	
0.164819	0.164819	0.00275035	248.673	
0.168061	0.168061	0.00280478	248.647	
0.171266	0.171266	0.00286024	248.62	
0.174602	0.174602	0.002917	248.593	
0.177997	0.177997	0.00297514	248.565	
0.181835	0.181835	0.00303598	248.537	
0.185753	0.185753	0.00309946	248.507	
0.189917	0.189917	0.00316583	248.476	
0.193881	0.193881	0.00323407	248.443	
0.198107	0.198107	0.00330486	248.41	
0.202428	0.202428	0.0033781	248.375	
0.206677	0.206677	0.00345317	248.339	
0.211221	0.211221	0.00353064	248.302	
0.216057	0.216057	0.00361135	248.265	
0.220908	0.220908	0.00369487	248.225	
0.225854	0.225854	0.0037811	248.184	
0.230715	0.230715	0.00386931	248.142	
0.235857	0.235857	0.00396026	248.099	
0.240762	0.240762	0.00405263	248.054	
0.245799	0.245799	0.0041465	248.009	
0.25067	0.25067	0.00424123	247.963	
0.255964	0.255964	0.00433827	247.916	
0.261414	0.261414	0.00443796	247.869	
0.266694	0.266694	0.00453908	247.82	
0.272146	0.272146	0.00464253	247.77	
0.277912	0.277912	0.00474936	247.719	
0.283253	0.283253	0.00485745	247.667	
0.289219	0.289219	0.00496927	247.614	
0.295533	0.295533	0.00508558	247.559	
0.301563	0.301563	0.0052047	247.502	
0.308154	0.308154	0.00532839	247.444	
0.314645	0.314645	0.0054555	247.383	
0.321388	0.321388	0.00558666	247.321	
0.328128	0.328128	0.00572073	247.257	
0.334872	0.334872	0.00585772	247.191	
0.34172	0.34172	0.00599784	247.124	
0.348538	0.348538	0.00614044	247.055	
0.355199	0.355199	0.00628471	246.985	
0.361872	0.361872	0.00642999	246.915	
0.368409	0.368409	0.00657583	246.843	
0.375433	0.375433	0.00672409	246.772	
0.382524	0.382524	0.00687486	246.699	
0.389933	0.389933	0.00702948	246.625	
0.397583	0.397583	0.00718807	246.549	
0.405216	0.405216	0.00735032	246.472	
0.413068	0.413068	0.00751682	246.392	
0.421282	0.421282	0.0076882	246.311	
0.429576	0.429576	0.0078646	246.227	
0.437551	0.437551	0.00804381	246.141	
0.445868	0.445868	0.00822699	246.053	
0.454192	0.454192	0.00841372	245.963	
0.462537	0.462537	0.00860367	245.871	
0.470902	0.470902	0.00879575	245.778	
0.479666	0.479666	0.00899167	245.684	
0.48843	0.48843	0.00919059	245.588	
0.497843	0.497843	0.00939532	245.491	
0.507296	0.507296	0.00960511	245.391	
0.51653	0.51653	0.00981905	245.288	
0.525811	0.525811	0.0100372	245.183	
0.534943	0.534943	0.0102587	245.076	
0.544283	0.544283	0.0104836	244.967	
0.553433	0.553433	0.0107107	244.857	
0.56271	0.56271	0.0109406	244.745	
0.572253	0.572253	0.0111742	244.632	
0.581926	0.581926	0.0114118	244.518	
0.591476	0.591476	0.0116525	244.401	
0.601583	0.601583	0.011898	244.283	
0.612191	0.612191	0.0121507	244.163	
0.623007	0.623007	0.0124105	244.039	
0.634252	0.634252	0.0126775	243.912	
0.645801	0.645801	0.0129522	243.782	
0.657235	0.657235	0.0132327	243.647	
0.668729	0.668729	0.0135172	243.509	
0.680682	0.680682	0.013808	243.37	
0.69241	0.69241	0.0141039	243.228	
0.704676	0.704676	0.0144063	243.083	
0.717464	0.717464	0.0147167	242.935	
0.731223	0.731223	0.0150386	242.783	
0.745575	0.745575	0.0153706	242.626	
0.760426	0.760426	0.0157131	242.464	
0.775846	0.775846	0.0160655	242.296	
0.791651	0.791651	0.0164273	242.124	
0.80836	0.80836	0.0168002	241.947	
0.825796	0.825796	0.0171851	241.765	
0.843993	0.843993	0.017582	241.578	
0.863469	0.863469	0.017996	241.384	
0.882658	0.882658	0.0184226	241.182	
0.901978	0.901978	0.018861	240.974	
0.921992	0.921992	0.0193118	240.761	
0.941588	0.941588	0.0197708	240.54	
0.962226	0.962226	0.020241	240.317	
0.98296	0.98296	0.0207232	240.087	
1.00424	1.00424	0.0212195	239.852	
1.02494	1.02494	0.0217262	239.61	
1.04546	1.04546	0.0222428	239.363	
1.06507	1.06507	0.0227636	239.11	
1.08474	1.08474	0.0232876	238.855	
1.10439	1.10439	0.023817	238.599	
1.12421	1.12421	0.0243519	238.34	
1.14444	1.14444	0.0248946	238.078	
1.16476	1.16476	0.0254461	237.813	
1.18481	1.18481	0.0260068	237.543	
1.20407	1.20407	0.0265718	237.269	
1.22307	1.22307	0.027144	236.992	
1.24307	1.24307	0.0277279	236.712	
1.26579	1.26579	0.0283329	236.428	
1.28971	1.28971	0.0289589	236.133	
1.31391	1.31391	0.0296023	235.828	
1.33761	1.33761	0.0302552	235.514	
1.36141	1.36141	0.0309215	235.195	
1.38602	1.38602	0.0316042	234.869	
1.41245	1.41245	0.0323121	234.537	
1.43954	1.43954	0.0330438	234.192	
1.46749	1.46749	0.033801	233.836	
1.4963	1.4963	0.0345808	233.467	
1.52504	1.52504	0.0353836	233.087	
1.55446	1.55446	0.0362087	232.695	
1.58448	1.58448	0.0370526	232.293	
1.61618	1.61618	0.0379173	231.882	
1.6489	1.6489	0.0388018	231.461	
1.68381	1.68381	0.0397081	231.031	
1.7194	1.7194	0.040641	230.59	
1.75581	1.75581	0.0416034	230.137	
1.79257	1.79257	0.0425948	229.669	
1.82895	1.82895	0.043611	229.187	
1.86545	1.86545	0.0446509	228.692	
1.90209	1.90209	0.045706	228.186	
1.93798	1.93798	0.0467714	227.672	
1.97451	1.97451	0.0478489	227.152	
2.01013	2.01013	0.0489322	226.627	
2.04665	2.04665	0.0500296	226.099	
2.0824	2.0824	0.0511375	225.563	
2.11721	2.11721	0.0522439	225.022	
2.15312	2.15312	0.0533652	224.483	
2.18974	2.18974	0.0545014	223.936	
2.22732	2.22732	0.0556517	223.382	
2.26455	2.26455	0.0568086	222.821	
2.30253	2.30253	0.0579747	222.257	
2.33969	2.33969	0.059139	221.688	
2.37718	2.37718	0.0603184	221.12	
2.41301	2.41301	0.0615054	220.544	
2.44805	2.44805	0.0627	219.963	
2.48136	2.48136	0.0638955	219.378	
2.51359	2.51359	0.0650838	218.792	
2.54776	2.54776	0.0662625	218.21	
2.5837	2.5837	0.0674498	217.634	
2.62028	2.62028	0.0686514	217.054	
2.65735	2.65735	0.0698723	216.467	
2.6926	2.6926	0.0711055	215.87	
2.7284	2.7284	0.0723576	215.268	
2.765	2.765	0.0736155	214.656	
2.80381	2.80381	0.0748997	214.043	
2.8453	2.8453	0.0762161	213.417	
2.88878	2.88878	0.0775727	212.777	
2.93166	2.93166	0.0789642	212.117	
2.97437	2.97437	0.0803899	211.439	
3.01778	3.01778	0.0818367	210.745	
3.06332	3.06332	0.0833295	210.041	
3.11097	3.11097	0.0848701	209.316	
3.16206	3.16206	0.0864694	208.569	
3.2153	3.2153	0.0881315	207.794	
3.26893	3.26893	0.0898522	206.988	
3.32235	3.32235	0.091607	206.153	
3.37412	3.37412	0.0934016	205.3	
3.42457	3.42457	0.0952177	204.426	
3.47525	3.47525	0.0970484	203.541	
3.52649	3.52649	0.098891	202.649	
3.57828	3.57828	0.100745	201.751	
3.63006	3.63006	0.102583	200.848	
3.68167	3.68167	0.10443	199.953	
3.7327	3.7327	0.106277	199.052	
3.78479	3.78479	0.108133	198.153	
3.83575	3.83575	0.109995	197.248	
3.8863	3.8863	0.111864	196.34	
3.93766	3.93766	0.113712	195.429	
3.98946	3.98946	0.11557	194.528	
4.04119	4.04119	0.117436	193.623	
4.09141	4.09141	0.119308	192.712	
4.14083	4.14083	0.121187	191.798	
4.19161	4.19161	0.123086	190.882	
4.24599	4.24599	0.124992	189.958	
4.30331	4.30331	0.126951	189.032	
4.3625	4.3625	0.128966	188.082	
4.4226	4.4226	0.131046	187.105	
4.48221	4.48221	0.133181	186.096	
4.54356	4.54356	0.135377	185.06	
4.60499	4.60499	0.137588	183.994	
4.66644	4.66644	0.139853	182.92	
4.72853	4.72853	0.14218	181.821	
4.79149	4.79149	0.144572	180.692	
4.85675	4.85675	0.147041	179.531	
4.92158	4.92158	0.149573	178.333	
4.9865	4.9865	0.15211	177.103	
5.0509	5.0509	0.154693	175.87	
5.11676	5.11676	0.157329	174.615	
5.17971	5.17971	0.159992	173.332	
5.23929	5.23929	0.162657	172.032	
5.29812	5.29812	0.165316	170.731	
5.35649	5.35649	0.167911	169.432	
5.41369	5.41369	0.170492	168.164	
5.46853	5.46853	0.173046	166.902	
5.52004	5.52004	0.175551	165.65	
5.57384	5.57384	0.178029	164.424	
5.63	5.63	0.180497	163.213	
5.68724	5.68724	0.182902	162.007	
5.74619	5.74619	0.18533	160.835	
5.81045	5.81045	0.187812	159.656	
5.87996	5.87996	0.190375	158.453	
5.95069	5.95069	0.193022	157.211	
6.0222	6.0222	0.195757	155.929	
6.09569	6.09569	0.198511	154.604	
6.17489	6.17489	0.201398	153.274	
6.25727	6.25727	0.204423	151.881	
6.34073	6.34073	0.20757	150.421	
6.4229	6.4229	0.210815	148.898	
6.50328	6.50328	0.214133	147.326	
6.58254	6.58254	0.217424	145.715	
6.65875	6.65875	0.220752	144.116	
6.7313	6.7313	0.224082	142.496	
6.80091	6.80091	0.227398	140.872	
6.86802	6.86802	0.230691	139.254	
6.93231	6.93231	0.233936	137.644	
6.99568	6.99568	0.23703	136.058	
7.05542	7.05542	0.24007	134.544	
7.11569	7.11569	0.243072	133.058	
7.17684	7.17684	0.246049	131.591	
7.24222	7.24222	0.249036	130.141	
7.31151	7.31151	0.252073	128.69	
7.38302	7.38302	0.255063	127.216	
7.45793	7.45793	0.258161	125.769	
7.53665	7.53665	0.261385	124.272	
7.62239	7.62239	0.264774	122.718	
7.70796	7.70796	0.268309	121.082	
7.78996	7.78996	0.271955	119.37	
7.86661	7.86661	0.275531	117.599	
7.94058	7.94058	0.279167	115.859	
8.01077	8.01077	0.282825	114.087	
8.07791	8.07791	0.286485	112.301	
8.14399	8.14399	0.290131	110.513	
8.20807	8.20807	0.293737	108.731	
8.26809	8.26809	0.297123	106.965	
8.32811	8.32811	0.300474	105.309	
8.38878	8.38878	0.303786	103.672	
8.44843	8.44843	0.307065	102.054	
8.50848	8.50848	0.310321	100.453	
8.57293	8.57293	0.313605	98.8668	
8.64173	8.64173	0.316782	97.2716	
8.71697	8.71697	0.320085	95.736	
8.79891	8.79891	0.323558	94.1447	
8.88393	8.88393	0.327208	92.471	
8.96689	8.96689	0.331005	90.7069	
9.04619	9.04619	0.334913	88.8658	
9.12121	9.12121	0.338703	86.9641	
9.19181	9.19181	0.342556	85.116	
9.259	9.259	0.346434	83.2337	
9.32432	9.32432	0.350321	81.3369	
9.39085	9.39085	0.354213	79.4371	
9.45868	9.45868	0.358105	77.5361	
9.52679	9.52679	0.361777	75.637	
9.59372	9.59372	0.365465	73.8473	
9.66363	9.66363	0.369183	72.0526	
9.7375	9.7375	0.372961	70.2478	
9.8178	9.8178	0.376839	68.4198	
9.90371	9.90371	0.380843	66.5488	
9.98852	9.98852	0.384704	64.6147	
10.0705	10.0705	0.388665	62.7493	
10.1477	10.1477	0.392691	60.8279	
10.2215	10.2215	0.396758	58.871	
10.2902	10.2902	0.400828	56.8875	
10.3556	10.3556	0.404878	54.9003	
10.4186	10.4186	0.408631	52.9201	
10.4855	10.4855	0.412419	51.0937	
10.5534	10.5534	0.416245	49.2521	
10.6215	10.6215	0.420106	47.3929	
10.6904	10.6904	0.424016	45.5172	
10.7635	10.7635	0.428017	43.623	
10.8402	10.8402	0.431838	41.6879	
10.9213	10.9213	0.435842	39.8489	
11.0049	11.0049	0.440021	37.9224	
11.0839	11.0839	0.444319	35.9034	
11.1556	11.1556	0.448673	33.8174	
11.219	11.219	0.453006	31.6933	
11.2731	11.2731	0.456936	29.5685	
11.3197	11.3197	0.460792	27.6364	
11.3643	11.3643	0.464566	25.7394	
11.41	11.41	0.468281	23.8849	
11.4597	11.4597	0.471985	22.0655	
11.5137	11.5137	0.475725	20.2574	
11.5759	11.5759	0.47922	18.4411	
11.6456	11.6456	0.482931	16.7567	
11.7233	11.7233	0.48689	14.9748	
11.8042	11.8042	0.491097	13.0732	
11.8828	11.8828	0.495504	11.0459	
11.9551	11.9551	0.50004	8.91047	
12.0173	12.0173	0.504221	6.69831	
12.0709	12.0709	0.508411	4.6526	
12.117	12.117	0.51254	2.59352	
12.1583	12.1583	0.516558	0.559941	
12.2008	12.2008	0.520491	-1.41572	
12.2462	12.2462	0.524366	-3.34483	
12.2973	12.2973	0.527825	-5.23723	
12.3572	12.3572	0.531429	-6.90948	
12.4276	12.4276	0.535252	-8.64009	
12.5086	12.5086	0.539354	-10.4658	
12.5929	12.5929	0.543734	-12.4255	
12.6724	12.6724	0.548313	-14.5292	
12.742	12.742	0.552514	-16.7451	
12.7981	12.7981	0.556729	-18.7882	
12.8437	12.8437	0.560863	-20.8513	
12.8807	12.8807	0.564848	-22.8846	
12.9126	12.9126	0.568668	-24.85	
12.9455	12.9455	0.57236	-26.7298	
12.9862	12.9862	0.575535	-28.5352	
13.0389	13.0389	0.578879	-30.0652	
13.1046	13.1046	0.58251	-31.6622	
13.1817	13.1817	0.58649	-33.3856	
13.2618	13.2618	0.590799	-35.2782	
13.333	13.333	0.595317	-37.3452	
13.3887	13.3887	0.599363	-39.537	
13.426	13.426	0.60338	-41.5184	
13.4483	13.4483	0.607235	-43.505	
13.4623	13.4623	0.610888	-45.4212	
13.4736	13.4736	0.614338	-47.2396	
13.4893	13.4893	0.61766	-48.9488	
13.5158	13.5158	0.620434	-50.5789	
13.5556	13.5556	0.623447	-51.9173	
13.6104	13.6104	0.626833	-53.3543	
13.6733	13.6733	0.630616	-54.9655	
13.7361	13.7361	0.634738	-56.7744	
13.7884	13.7884	0.639041	-58.7663	
13.8246	13.8246	0.642735	-60.8696	
13.8468	13.8468	0.646376	-62.6878	
13.8549	13.8549	0.649833	-64.4989	
13.8547	13.8547	0.653063	-66.2294	
13.8564	13.8564	0.656108	-67.8431	
13.8716	13.8716	0.659143	-69.3442	
13.9072	13.9072	0.661734	-70.8105	
13.9573	13.9573	0.664722	-72.0327	
14.0145	14.0145	0.668118	-73.4418	
14.0696	14.0696	0.671841	-75.056	
14.1155	14.1155	0.675745	-76.8459	
14.1467	14.1467	0.679645	-78.7451	
14.1602	14.1602	0.682692	-80.6674	
14.1582	14.1582	0.685516	-82.1842	
14.1491	14.1491	0.688095	-83.6001	
14.1434	14.1434	0.690518	-84.8882	
14.1553	14.1553	0.69301	-86.0722	
14.1872	14.1872	0.69577	-87.26	
14.2322	14.2322	0.698197	-88.5608	
14.2799	14.2799	0.701082	-89.6902	
14.3176	14.3176	0.704255	-91.0625	
14.3413	14.3413	0.707542	-92.5989	
14.3499	14.3499	0.710775	-94.2147	
14.3462	14.3462	0.713836	-95.8205	
14.3351	14.3351	0.71595	-97.3507	
14.3252	14.3252	0.718016	-98.4051	
14.3289	14.3289	0.720203	-99.4149	
14.3466	14.3466	0.722669	-100.464	
14.3732	14.3732	0.725479	-101.64	
14.4029	14.4029	0.728624	-102.982	
14.4249	14.4249	0.73119	-104.502	
14.4351	14.4351	0.733905	-105.749	
14.432	14.432	0.736596	-107.089	
14.4169	14.4169	0.739131	-108.434	
14.3946	14.3946	0.741456	-109.711	
14.3763	14.3763	0.743666	-110.877	
14.3729	14.3729	0.745134	-111.961	
14.386	14.386	0.746969	-112.646	
14.4076	14.4076	0.749203	-113.5	
14.4252	14.4252	0.751731	-114.559	
14.4328	14.4328	0.754401	-115.779	
14.4261	14.4261	0.757038	-117.091	
14.396	14.396	0.758528	-118.424	
14.3759	14.3759	0.760059	-119.167	
14.3342	14.3342	0.761301	-119.963	
14.3236	14.3236	0.762751	-120.563	
14.3079	14.3079	0.764226	-121.275	
14.3139	14.3139	0.76602	-121.962	
14.3217	14.3217	0.767297	-122.806	
14.3344	14.3344	0.769072	-123.382	
14.3139	14.3139	0.77081	-124.261	
14.2901	14.2901	0.772536	-125.126	
14.2538	14.2538	0.774101	-126.005	
14.2242	14.2242	0.775663	-126.793	
14.1793	14.1793	0.77613	-127.603	
14.1581	14.1581	0.776855	-127.827	
14.1601	14.1601	0.778129	-128.142	
14.1531	14.1531	0.779721	-128.746	
14.1295	14.1295	0.781342	-129.536	
14.1076	14.1076	0.783064	-130.336	
14.0758	14.0758	0.783883	-131.202	
14.0343	14.0343	0.78468	-131.632	
13.9907	13.9907	0.78544	-132.053	
13.9557	13.9557	0.786278	-132.442	
13.933	13.933	0.787334	-132.846	
13.9204	13.9204	0.788691	-133.341	
13.9113	13.9113	0.789449	-133.978	
13.8948	13.8948	0.790483	-134.327	
13.8671	13.8671	0.791607	-134.832	
13.8278	13.8278	0.792677	-135.403	
13.7781	13.7781	0.793564	-135.964	
13.7283	13.7283	0.794285	-136.432	
13.6952	13.6952	0.794237	-136.787	
13.6656	13.6656	0.794421	-136.749	
13.6344	13.6344	0.794729	-136.829	
13.6141	13.6141	0.795317	-136.95	
13.5861	13.5861	0.796048	-137.223	
13.5484	13.5484	0.796787	-137.584	
13.5007	13.5007	0.796539	-137.968	
13.4471	13.4471	0.796251	-137.868	
13.3964	13.3964	0.795989	-137.743	
13.3555	13.3555	0.7959	-137.612	
13.3229	13.3229	0.796073	-137.551	
13.2948	13.2948	0.796538	-137.611	
13.2622	13.2622	0.796327	-137.825	
13.2204	13.2204	0.796305	-137.718	
13.1687	13.1687	0.796335	-137.725	
13.1076	13.1076	0.796295	-137.776	
13.0461	13.0461	0.796196	-137.793	
12.9913	12.9913	0.796143	-137.767	
12.9462	12.9462	0.795405	-137.744	
12.9083	12.9083	0.795057	-137.363	
12.869	12.869	0.795018	-137.178	
12.822	12.822	0.79512	-137.161	
12.7652	12.7652	0.795206	-137.234	
12.7006	12.7006	0.795171	-137.314	
12.6345	12.6345	0.794159	-137.335	
12.5741	12.5741	0.793261	-136.856	
12.5224	12.5224	0.792565	-136.416	
12.4757	12.4757	0.792098	-136.065	
12.4302	12.4302	0.791844	-135.825	
12.3794	12.3794	0.791701	-135.7	
12.3204	12.3204	0.790688	-135.646	
12.2541	12.2541	0.789652	-135.171	
12.1835	12.1835	0.788528	-134.695	
12.1152	12.1152	0.787367	-134.169	
12.0546	12.0546	0.786294	-133.609	
12.0021	12.0021	0.785419	-133.075	
11.9535	11.9535	0.78398	-132.63	
11.9	11.9	0.782756	-131.913	
11.8392	11.8392	0.781615	-131.317	
11.7719	11.7719	0.780457	-130.777	
11.7008	11.7008	0.779232	-130.237	
11.6312	11.6312	0.777972	-129.66	
11.5691	11.5691	0.776064	-129.048	
11.5132	11.5132	0.774437	-128.098	
11.4603	11.4603	0.773103	-127.281	
11.4059	11.4059	0.772008	-126.615	
11.3446	11.3446	0.77102	-126.082	
11.278	11.278	0.770052	-125.614	
11.2058	11.2058	0.768268	-125.167	
11.1325	11.1325	0.766501	-124.316	
11.0637	11.0637	0.764818	-123.462	
11.0042	11.0042	0.763368	-122.627	
10.9497	10.9497	0.762203	-121.897	
10.8938	10.8938	0.761254	-121.31	
10.8315	10.8315	0.759656	-120.845	
10.7703	10.7703	0.758279	-120.053	
10.6885	10.6885	0.756655	-119.419	
10.613	10.613	0.754969	-118.645	
10.5418	10.5418	0.7533	-117.83	
10.477	10.477	0.751745	-117.007	
10.416	10.416	0.749695	-116.232	
10.3629	10.3629	0.74807	-115.189	
10.2895	10.2895	0.746367	-114.406	
10.2178	10.2178	0.744659	-113.578	
10.1398	10.1398	0.742828	-112.763	
10.0588	10.0588	0.740836	-111.893	
9.98008	9.98008	0.738168	-110.937	
9.9077	9.9077	0.735629	-109.628	
9.84308	9.84308	0.733343	-108.364	
9.78005	9.78005	0.7313	-107.221	
9.71257	9.71257	0.729379	-106.208	
9.63807	9.63807	0.727446	-105.274	
9.55802	9.55802	0.724873	-104.347	
9.47452	9.47452	0.72223	-103.111	
9.3919	9.3919	0.719539	-101.838	
9.31576	9.31576	0.716931	-100.525	
9.24634	9.24634	0.714524	-99.2348	
9.18028	9.18028	0.712354	-98.0348	
9.11222	9.11222	0.709856	-96.9568	
9.03755	9.03755	0.707445	-95.7314	
8.95776	8.95776	0.705009	-94.5639	
8.87195	8.87195	0.702441	-93.4009	
8.78512	8.78512	0.699748	-92.1753	
8.70204	8.70204	0.697031	-90.8772	
8.62613	8.62613	0.693975	-89.5473	
8.55659	8.55659	0.691211	-88.029	
8.48794	8.48794	0.688705	-86.6527	
8.41408	8.41408	0.686305	-85.4195	
8.3338	8.3338	0.683862	-84.2565	
8.24827	8.24827	0.681275	-83.0877	
8.16016	8.16016	0.678096	-81.8549	
8.07398	8.07398	0.67485	-80.3217	
7.99333	7.99333	0.671673	-78.7386	
7.91806	7.91806	0.668666	-77.1729	
7.84605	7.84605	0.665873	-75.6812	
7.77221	7.77221	0.663218	-74.3007	
7.69314	7.69314	0.660209	-73.0053	
7.60907	7.60907	0.65714	-71.5497	
7.52076	7.52076	0.653924	-70.0785	
7.43142	7.43142	0.650553	-68.5377	
7.34539	7.34539	0.64713	-66.9095	
7.26482	7.26482	0.643777	-65.2374	
7.18938	7.18938	0.640306	-63.5834	
7.11539	7.11539	0.637055	-61.8639	
7.03822	7.03822	0.633912	-60.2657	
6.95542	6.95542	0.630718	-58.7405	
6.86869	6.86869	0.627388	-57.2049	
6.77969	6.77969	0.623882	-55.6105	
6.69186	6.69186	0.619996	-53.9257	
6.60828	6.60828	0.61614	-52.0359	
6.52972	6.52972	0.612434	-50.1436	
6.45409	6.45409	0.608926	-48.3155	
6.37883	6.37883	0.605594	-46.5851	
6.30031	6.30031	0.60232	-44.9541	
6.21711	6.21711	0.598758	-43.3713	
6.13115	6.13115	0.595075	-41.6559	
6.04306	6.04306	0.591217	-39.8902	
5.9569	5.9569	0.587248	-38.0318	
5.87495	5.87495	0.583293	-36.102	
5.79823	5.79823	0.579485	-34.1595	
5.72498	5.72498	0.575735	-32.2759	
5.65124	5.65124	0.572173	-30.4231	
5.57366	5.57366	0.56865	-28.6806	
5.49189	5.49189	0.565032	-26.9763	
5.40745	5.40745	0.561247	-25.2382	
5.32188	5.32188	0.557275	-23.4239	
5.23813	5.23813	0.553056	-21.5107	
5.15804	5.15804	0.548864	-19.4591	
5.08217	5.08217	0.544824	-17.4037	
5.00877	5.00877	0.540984	-15.4135	
4.93591	4.93591	0.53733	-13.5206	
4.86056	4.86056	0.533751	-11.7333	
4.78179	4.78179	0.529999	-10.0018	
4.70066	4.70066	0.526118	-8.19738	
4.61829	4.61829	0.522068	-6.33864	
4.53712	4.53712	0.517892	-4.39248	
4.45907	4.45907	0.5137	-2.36993	
4.38489	4.38489	0.509616	-0.322052	
4.31401	4.31401	0.505625	1.68832	
4.24453	4.24453	0.501858	3.65984	
4.1734	4.1734	0.498204	5.50915	
4.09911	4.09911	0.494505	7.28241	
4.02227	4.02227	0.490647	9.0602	
3.9443	3.9443	0.486578	10.9066	
3.86655	3.86655	0.482213	12.8552	
3.79098	3.79098	0.477742	14.96	
3.71886	3.71886	0.473307	17.1351	
3.64985	3.64985	0.469019	19.3097	
3.58292	3.58292	0.46493	21.423	
3.51652	3.51652	0.461026	23.4387	
3.44882	3.44882	0.45713	25.3522	
3.37893	3.37893	0.453189	27.2428	
3.30754	3.30754	0.449111	29.1407	
3.23572	3.23572	0.444858	31.0986	
3.16408	3.16408	0.440421	33.1383	
3.09437	3.09437	0.435892	35.2786	
3.02724	3.02724	0.431328	37.4793	
2.96293	2.96293	0.426921	39.7165	
2.90066	2.90066	0.422747	41.8901	
2.83878	2.83878	0.418776	43.9489	
2.77608	2.77608	0.414912	45.8972	
2.71204	2.71204	0.411025	47.775	
2.64692	2.64692	0.40695	49.6468	
2.58166	2.58166	0.402701	51.6028	
2.51707	2.51707	0.398286	53.6435	
2.45392	2.45392	0.393773	55.7728	
2.39286	2.39286	0.389284	57.9658	
2.33382	2.33382	0.384928	60.1642	
2.27623	2.27623	0.380724	62.3088	
2.21946	2.21946	0.376736	64.385	
2.16263	2.16263	0.372906	66.3494	
2.10529	2.10529	0.369125	68.2224	
2.04748	2.04748	0.365283	70.055	
1.98967	1.98967	0.361302	71.9051	
1.93225	1.93225	0.357101	73.8154	
1.87576	1.87576	0.352753	75.8351	
1.82049	1.82049	0.34833	77.9347	
1.76667	1.76667	0.343946	80.0866	
1.71414	1.71414	0.33971	82.2355	
1.66249	1.66249	0.335681	84.3228	
1.6114	1.6114	0.331855	86.3154	
1.56041	1.56041	0.328203	88.204	
1.50947	1.50947	0.324627	89.9935	
1.4588	1.4588	0.321004	91.7285	
1.40869	1.40869	0.317245	93.4733	
1.35945	1.35945	0.313317	95.2772	
1.31123	1.31123	0.309223	97.1643	
1.26396	1.26396	0.305043	99.14	
1.21754	1.21754	0.300879	101.171	
1.17172	1.17172	0.29684	103.21	
1.1262	1.1262	0.293002	105.2	
1.08084	1.08084	0.289386	107.1	
1.03562	1.03562	0.285953	108.891	
0.990795	0.990795	0.282645	110.584	
0.946743	0.946743	0.279367	112.201	
0.903752	0.903752	0.276025	113.791	
0.862022	0.862022	0.272559	115.403	
0.821426	0.821426	0.268949	117.07	
0.781762	0.781762	0.265211	118.809	
0.742826	0.742826	0.261407	120.617	
0.704265	0.704265	0.257603	122.465	
0.665702	0.665702	0.253877	124.324	
0.626806	0.626806	0.250292	126.156	
0.587768	0.587768	0.246873	127.926	
0.548839	0.548839	0.243605	129.615	
0.510542	0.510542	0.240446	131.224	
0.473393	0.473393	0.237334	132.771	
0.437777	0.437777	0.234199	134.285	
0.40392	0.40392	0.230978	135.801	
0.371564	0.371564	0.227653	137.354	
0.340324	0.340324	0.224231	138.957	
0.30969	0.30969	0.220745	140.611	
0.279101	0.279101	0.217252	142.304	
0.24844	0.24844	0.213798	144.007	
0.21739	0.21739	0.210426	145.699	
0.185724	0.185724	0.207176	147.357	
0.153806	0.153806	0.20406	148.959	
0.122371	0.122371	0.201051	150.492	
0.0918163	0.0918163	0.198114	151.969	
0.0625674	0.0625674	0.195208	153.406	
0.0346809	0.0346809	0.192298	154.821	
0.00824421	0.00824421	0.18936	156.235	
-0.0169422	-0.0169422	0.186391	157.659	
-0.0411771	-0.0411771	0.18338	159.099	
-0.0645058	-0.0645058	0.180333	160.559	
-0.0870069	-0.0870069	0.177253	162.037	
-0.109174	-0.109174	0.174161	163.533	
-0.131224	-0.131224	0.171079	165.038	
-0.153325	-0.153325	0.168041	166.543	
-0.17554	-0.17554	0.165051	168.028	
-0.197507	-0.197507	0.162108	169.491	
-0.219233	-0.219233	0.159216	170.931	
-0.240355	-0.240355	0.156369	172.346	
-0.260749	-0.260749	0.153559	173.738	
-0.280256	-0.280256	0.150786	175.11	
-0.29921	-0.29921	0.14804	176.463	
-0.317961	-0.317961	0.145333	177.805	
-0.335918	-0.335918	0.142657	179.126	
-0.352827	-0.352827	0.140002	180.431	
-0.368981	-0.368981	0.137366	181.725	
-0.384001	-0.384001	0.134754	183.007	
-0.398336	-0.398336	0.132149	184.277	
-0.411922	-0.411922	0.129548	185.544	
-0.424972	-0.424972	0.126955	186.809	
-0.437808	-0.437808	0.124379	188.072	
-0.450184	-0.450184	0.121822	189.326	
-0.462029	-0.462029	0.119295	190.572	
-0.473599	-0.473599	0.116791	191.804	
-0.484773	-0.484773	0.114309	193.025	
-0.495516	-0.495516	0.111851	194.235	
-0.505851	-0.505851	0.10942	195.434	
-0.515919	-0.515919	0.107019	196.621	
-0.525536	-0.525536	0.10466	197.793	
-0.535104	-0.535104	0.102337	198.946	
-0.544634	-0.544634	0.100055	200.081	
-0.554148	-0.554148	0.0978203	201.198	
-0.563983	-0.563983	0.0956406	202.293	
-0.57328	-0.57328	0.0935088	203.36	
-0.581976	-0.581976	0.09143	204.403	
-0.58996	-0.58996	0.089383	205.42	
-0.596888	-0.596888	0.0873586	206.419	
-0.603041	-0.603041	0.0853534	207.406	
-0.608113	-0.608113	0.083358	208.383	
-0.612157	-0.612157	0.0813667	209.354	
-0.614865	-0.614865	0.0793812	210.321	
-0.616833	-0.616833	0.0773909	211.285	
-0.618097	-0.618097	0.0753996	212.252	
-0.619038	-0.619038	0.0734126	213.22	
-0.619334	-0.619334	0.0714321	214.186	
-0.619161	-0.619161	0.0694627	215.15	
-0.618918	-0.618918	0.0675205	216.109	
-0.618822	-0.618822	0.0656056	217.055	
-0.618455	-0.618455	0.0637214	217.989	
-0.617948	-0.617948	0.0618699	218.908	
-0.61718	-0.61718	0.0600538	219.811	
-0.617226	-0.617226	0.0582851	220.699	
-0.617404	-0.617404	0.056573	221.564	
-0.618252	-0.618252	0.0549156	222.402	
-0.619297	-0.619297	0.0533129	223.214	
-0.620237	-0.620237	0.0517615	223.999	
-0.620702	-0.620702	0.0502536	224.759	
-0.621002	-0.621002	0.0487865	225.497	
-0.620877	-0.620877	0.0473604	226.215	
-0.62003	-0.62003	0.0459632	226.911	
-0.618329	-0.618329	0.0445886	227.593	
-0.616146	-0.616146	0.0432348	228.264	
-0.612658	-0.612658	0.0418936	228.923	
-0.607669	-0.607669	0.0405569	229.574	
-0.60143	-0.60143	0.039223	230.223	
-0.594597	-0.594597	0.037892	230.87	
-0.587449	-0.587449	0.0365678	231.516	
-0.579822	-0.579822	0.0352518	232.16	
-0.57201	-0.57201	0.033949	232.799	
-0.563866	-0.563866	0.0326624	233.432	
-0.555304	-0.555304	0.0313957	234.058	
-0.546128	-0.546128	0.0301464	234.674	
-0.536411	-0.536411	0.0289149	235.281	
-0.526728	-0.526728	0.0277056	235.88	
-0.517805	-0.517805	0.0265261	236.469	
-0.50946	-0.50946	0.0253816	237.045	
-0.501362	-0.501362	0.0242744	237.604	
-0.493057	-0.493057	0.0232011	238.145	
-0.484457	-0.484457	0.0221597	238.668	
-0.475619	-0.475619	0.0211486	239.177	
-0.466757	-0.466757	0.0201684	239.67	
-0.45793	-0.45793	0.0192193	240.148	
-0.448641	-0.448641	0.0182986	240.611	
-0.438861	-0.438861	0.0174032	241.06	
-0.428442	-0.428442	0.0165304	241.496	
-0.417831	-0.417831	0.0156802	241.921	
-0.407289	-0.407289	0.0148537	242.336	
-0.396926	-0.396926	0.0140524	242.739	
-0.386751	-0.386751	0.0132778	243.13	
-0.376153	-0.376153	0.0125283	243.508	
-0.365796	-0.365796	0.0118052	243.874	
-0.355222	-0.355222	0.011108	244.227	
-0.344651	-0.344651	0.0104361	244.567	
-0.333871	-0.333871	0.00978887	244.895	
-0.32325	-0.32325	0.00916655	245.211	
-0.312782	-0.312782	0.00856906	245.515	
-0.302094	-0.302094	0.00799544	245.807	
-0.291585	-0.291585	0.00744615	246.087	
-0.281027	-0.281027	0.00692087	246.355	
-0.270325	-0.270325	0.00641848	246.612	
-0.259667	-0.259667	0.00593904	246.857	
-0.249036	-0.249036	0.00548223	247.091	
-0.23831	-0.23831	0.00504768	247.314	
-0.227291	-0.227291	0.00463426	247.527	
-0.216346	-0.216346	0.00424231	247.729	
-0.205175	-0.205175	0.00387106	247.92	
-0.19387	-0.19387	0.00352039	248.101	
-0.182715	-0.182715	0.00319039	248.272	
-0.171699	-0.171699	0.00288103	248.434	
-0.160956	-0.160956	0.00259244	248.585	
-0.150472	-0.150472	0.00232458	248.726	
-0.140188	-0.140188	0.00207712	248.857	
-0.130161	-0.130161	0.00184962	248.978	
-0.120054	-0.120054	0.00164135	249.089	
-0.109872	-0.109872	0.00145169	249.191	
-0.100081	-0.100081	0.00128007	249.284	
-0.0904679	-0.0904679	0.00112572	249.368	
-0.0809104	-0.0809104	0.000987797	249.444	
-0.0715154	-0.0715154	0.000865574	249.511	
-0.0620319	-0.0620319	0.000758443	249.571	
-0.0528543	-0.0528543	0.000665794	249.624	
-0.0435947	-0.0435947	0.000587196	249.669	
-0.0344073	-0.0344073	0.000522099	249.708	
-0.0254026	-0.0254026	0.000469983	249.74	
-0.0164534	-0.0164534	0.000430462	249.765	
-0.00795068	-0.00795068	0.000402694	249.785	
0.000517355	0.000517355	0.000386233	249.799	
0.00875208	0.00875208	0.000380488	249.807	
0.0165827	0.0165827	0.000384581	249.81	
0.0239703	0.0239703	0.000397568	249.808	
0.0311036	0.0311036	0.000418772	249.802	
0.0379301	0.0379301	0.000447476	249.792	
0.0441175	0.0441175	0.000482331	249.778	
0.0502143	0.0502143	0.000523088	249.761	
0.0558867	0.0558867	0.00056877	249.742	
0.0612633	0.0612633	0.000618727	249.719	
0.0661805	0.0661805	0.000671951	249.695	
0.070953	0.070953	0.000728226	249.669	
0.0755691	0.0755691	0.000787311	249.642	
0.0797786	0.0797786	0.000848299	249.613	
0.0838359	0.0838359	0.000911013	249.583	
0.0878534	0.0878534	0.000975561	249.552	
0.0916911	0.0916911	0.0010416	249.521	
0.0953659	0.0953659	0.00110891	249.488	
0.0991031	0.0991031	0.00117789	249.456	
0.102271	0.102271	0.00124699	249.422	
0.105417	0.105417	0.00131644	249.388	
0.10826	0.10826	0.00138557	249.354	
0.110907	0.110907	0.00145402	249.32	
0.113554	0.113554	0.00152219	249.286	
0.116012	0.116012	0.00158965	249.253	
0.118568	0.118568	0.00165703	249.22	
0.120852	0.120852	0.00172365	249.187	
0.122951	0.122951	0.00178908	249.154	
0.125027	0.125027	0.0018537	249.122	
0.12711	0.12711	0.00191779	249.09	
0.128881	0.128881	0.00198051	249.059	
0.1303	0.1303	0.00204095	249.028	
0.131596	0.131596	0.00209921	248.998	
0.132551	0.132551	0.00215438	248.97	
0.133597	0.133597	0.00220743	248.942	
0.134397	0.134397	0.00225782	248.916	
0.135508	0.135508	0.00230724	248.891	
0.136501	0.136501	0.00235549	248.867	
0.137261	0.137261	0.00240183	248.843	
0.137989	0.137989	0.00244658	248.82	
0.138419	0.138419	0.00248874	248.798	
0.138969	0.138969	0.00252926	248.777	
0.139606	0.139606	0.00256882	248.757	
0.140093	0.140093	0.0026069	248.738	
0.140749	0.140749	0.00264454	248.719	
0.141316	0.141316	0.00268138	248.701	
0.141999	0.141999	0.00271812	248.683	
0.142756	0.142756	0.00275513	248.665	
0.143496	0.143496	0.00279243	248.646	
0.144196	0.144196	0.00282973	248.628	
0.144746	0.144746	0.00286633	248.61	
0.145352	0.145352	0.00290266	248.592	
0.145864	0.145864	0.00293838	248.574	
0.146447	0.146447	0.00297385	248.556	
0.146721	0.146721	0.00300761	248.539	
0.146862	0.146862	0.00303924	248.522	
0.147043	0.147043	0.00306921	248.507	
0.14723	0.14723	0.00309787	248.492	
0.147413	0.147413	0.00312532	248.478	
0.14758	0.14758	0.00315161	248.464	
0.147854	0.147854	0.00317756	248.451	
0.148114	0.148114	0.00320308	248.438	
0.148483	0.148483	0.00322889	248.426	
0.148773	0.148773	0.00325448	248.413	
0.148977	0.148977	0.00327955	248.401	
0.149248	0.149248	0.00330449	248.388	
0.149392	0.149392	0.00332869	248.376	
0.149549	0.149549	0.00335237	248.364	
0.14964	0.14964	0.00337522	248.353	
0.149844	0.149844	0.00339797	248.341	
0.14992	0.14992	0.00341991	248.33	
0.150027	0.150027	0.00344133	248.32	
0.150055	0.150055	0.0034619	248.309	
0.150097	0.150097	0.00348186	248.299	
0.150167	0.150167	0.00350147	248.289	
0.150221	0.150221	0.00352074	248.28	
0.150347	0.150347	0.00354006	248.27	
0.150352	0.150352	0.00355881	248.261	
0.150228	0.150228	0.00357638	248.251	
0.149855	0.149855	0.00359146	248.243	
0.149579	0.149579	0.00360495	248.235	
0.1492	0.1492	0.00361641	248.228	
0.148831	0.148831	0.0036261	248.223	
0.148403	0.148403	0.00363397	248.218	
0.147946	0.147946	0.0036401	248.214	
0.147568	0.147568	0.00364512	248.211	
0.147107	0.147107	0.00364871	248.208	
0.146783	0.146783	0.00365199	248.207	
0.146487	0.146487	0.00365513	248.205	
0.146191	0.146191	0.00365812	248.204	
0.145842	0.145842	0.00366065	248.202	
0.145621	0.145621	0.00366359	248.201	
0.145344	0.145344	0.0036666	248.2	
0.144923	0.144923	0.00366881	248.198	
0.144362	0.144362	0.00366945	248.197	
0.143716	0.143716	0.00366824	248.197	
0.142979	0.142979	0.00366491	248.197	
0.142358	0.142358	0.00366033	248.199	
0.141758	0.141758	0.00365503	248.201	
0.141096	0.141096	0.00364854	248.203	
0.140261	0.140261	0.00364007	248.206	
0.139482	0.139482	0.00363017	248.21	
0.138588	0.138588	0.00361833	248.215	
0.137756	0.137756	0.00360521	248.221	
0.136859	0.136859	0.00359064	248.227	
0.135903	0.135903	0.00357434	248.234	
0.134834	0.134834	0.00355597	248.242	
0.133847	0.133847	0.0035362	248.251	
0.132713	0.132713	0.00351441	248.261	
0.131603	0.131603	0.00349098	248.271	
0.130532	0.130532	0.00346636	248.283	
0.129196	0.129196	0.00343913	248.294	
0.127945	0.127945	0.00341014	248.308	
0.126784	0.126784	0.00338014	248.322	
0.125605	0.125605	0.00334921	248.336	
0.124464	0.124464	0.00331771	248.352	
0.123527	0.123527	0.00328695	248.367	
0.122449	0.122449	0.00325602	248.382	
0.12136	0.12136	0.00322479	248.397	
0.120304	0.120304	0.00319358	248.413	
0.119239	0.119239	0.00316223	248.428	
0.11808	0.11808	0.00313028	248.443	
0.117033	0.117033	0.0030985	248.459	
0.115816	0.115816	0.00306583	248.474	
0.114674	0.114674	0.00303285	248.49	
0.113524	0.113524	0.00299958	248.506	
0.112205	0.112205	0.00296504	248.523	
0.110937	0.110937	0.00292971	248.539	
0.109702	0.109702	0.00289393	248.557	
0.10853	0.10853	0.00285805	248.574	
0.107223	0.107223	0.00282133	248.592	
0.106034	0.106034	0.00278463	248.61	
0.104779	0.104779	0.00274756	248.628	
0.103564	0.103564	0.00271036	248.646	
0.102267	0.102267	0.00267259	248.664	
0.101107	0.101107	0.00263507	248.683	
0.0999705	0.0999705	0.00259796	248.701	
0.0989702	0.0989702	0.00256184	248.719	
0.0979243	0.0979243	0.00252636	248.737	
0.097056	0.097056	0.0024924	248.754	
0.0961452	0.0961452	0.00245955	248.771	
0.0953034	0.0953034	0.00242793	248.787	
0.094364	0.094364	0.00239684	248.803	
0.093459	0.093459	0.00236645	248.818	
0.0926208	0.0926208	0.00233695	248.833	
0.0916902	0.0916902	0.0023077	248.848	
0.0907873	0.0907873	0.00227884	248.862	
0.0899157	0.0899157	0.00225047	248.876	
0.0890022	0.0890022	0.00222232	248.89	
0.087988	0.087988	0.0021938	248.904	
0.0868299	0.0868299	0.00216431	248.918	
0.0857388	0.0857388	0.00213424	248.932	
0.0845618	0.0845618	0.00210335	248.947	
0.0834664	0.0834664	0.00207212	248.962	
0.0822374	0.0822374	0.00203999	248.977	
0.0809094	0.0809094	0.00200663	248.993	
0.0797874	0.0797874	0.00197322	249.009	
0.0785808	0.0785808	0.00193941	249.026	
0.0773588	0.0773588	0.00190518	249.042	
0.0762917	0.0762917	0.00187137	249.059	
0.075148	0.075148	0.00183755	249.076	
0.0739213	0.0739213	0.00180341	249.092	
0.0728995	0.0728995	0.00176997	249.109	
0.0717983	0.0717983	0.00173679	249.125	
0.0706537	0.0706537	0.00170363	249.142	
0.069635	0.069635	0.00167113	249.158	
0.068573	0.068573	0.00163897	249.174	
0.0675397	0.0675397	0.00160728	249.19	
0.0665577	0.0665577	0.00157625	249.205	
0.0656177	0.0656177	0.00154594	249.221	
0.0646662	0.0646662	0.00151627	249.235	
0.063659	0.063659	0.00148693	249.25	
0.0627825	0.0627825	0.00145845	249.265	
0.0617745	0.0617745	0.00143014	249.279	
0.0607155	0.0607155	0.00140184	249.292	
0.0597502	0.0597502	0.00137394	249.306	
0.058828	0.058828	0.00134653	249.32	
0.0577713	0.0577713	0.00131904	249.334	
0.0567057	0.0567057	0.00129147	249.347	
0.0555774	0.0555774	0.00126359	249.361	
0.0546029	0.0546029	0.00123609	249.374	
0.0535701	0.0535701	0.0012087	249.388	
0.0525278	0.0525278	0.00118137	249.401	
0.0515457	0.0515457	0.00115436	249.415	
0.0504817	0.0504817	0.00112738	249.428	
0.0496266	0.0496266	0.00110124	249.441	
0.0487164	0.0487164	0.0010756	249.454	
0.0477164	0.0477164	0.00105012	249.467	
0.0467898	0.0467898	0.00102509	249.479	
0.0459047	0.0459047	0.00100058	249.492	
0.0450122	0.0450122	0.000976531	249.504	
0.0442776	0.0442776	0.000953455	249.516	
0.0434045	0.0434045	0.000930722	249.527	
0.0424853	0.0424853	0.000908163	249.538	
0.0416834	0.0416834	0.000886172	249.549	
0.0407886	0.0407886	0.000864357	249.56	
0.0398518	0.0398518	0.000842588	249.571	
0.0390236	0.0390236	0.000821253	249.582	
0.0381889	0.0381889	0.000800311	249.592	
0.0372517	0.0372517	0.000779393	249.603	
0.036195	0.036195	0.000758109	249.613	
0.0351773	0.0351773	0.000736685	249.623	
0.0341559	0.0341559	0.000715142	249.634	
0.0331396	0.0331396	0.000693564	249.645	
0.0321112	0.0321112	0.000671967	249.655	
0.031089	0.031089	0.000650403	249.666	
0.0300097	0.0300097	0.000628741	249.677	
0.0289755	0.0289755	0.000607173	249.687	
0.0279347	0.0279347	0.000585703	249.698	
0.0269003	0.0269003	0.000564366	249.709	
0.0259387	0.0259387	0.000543387	249.719	
0.0249694	0.0249694	0.000522744	249.73	
0.0239944	0.0239944	0.000502404	249.74	
0.0231032	0.0231032	0.000482571	249.75	
0.0222079	0.0222079	0.000463199	249.76	
0.0213142	0.0213142	0.000444281	249.769	
0.0204851	0.0204851	0.000425925	249.779	
0.01964	0.01964	0.000408034	249.788	
0.0188202	0.0188202	0.000390635	249.797	
0.0179878	0.0179878	0.000373647	249.805	
0.01723	0.01723	0.000357226	249.814	
0.0164626	0.0164626	0.000341279	249.822	
0.0157191	0.0157191	0.000325831	249.83	
0.0150016	0.0150016	0.000310882	249.838	
0.0143138	0.0143138	0.000296459	249.845	
0.0136509	0.0136509	0.00028256	249.852	
0.0130121	0.0130121	0.00026918	249.859	
0.012364	0.012364	0.000256235	249.866	
0.0117733	0.0117733	0.000243809	249.872	
0.0112496	0.0112496	0.000231996	249.878	
0.0106555	0.0106555	0.000220552	249.884	
0.0101733	0.0101733	0.000209689	249.89	
0.00974938	0.00974938	0.000199458	249.895	
0.00929863	0.00929863	0.000189715	249.9	
0.0089095	0.0089095	0.000180528	249.905	
0.00854062	0.00854062	0.000171865	249.91	
0.00822047	0.00822047	0.00016376	249.914	
0.0078693	0.0078693	0.000156069	249.918	
0.00756375	0.00756375	0.000148835	249.922	
0.00724721	0.00724721	0.000141968	249.926	
0.00696323	0.00696323	0.000135491	249.929	
0.00670213	0.00670213	0.000129396	249.932	
0.00646307	0.00646307	0.000123674	249.935	
0.00620841	0.00620841	0.000118244	249.938	
0.00598786	0.00598786	0.000113135	249.941	
0.00570868	0.00570868	0.000108179	249.943	
0.00549456	0.00549456	0.000103494	249.946	
0.00530928	0.00530928	9.90989e-05	249.948	
0.00509777	0.00509777	9.49016e-05	249.95	
0.00490653	0.00490653	9.09158e-05	249.953	
0.00472244	0.00472244	8.71268e-05	249.955	
0.00454526	0.00454526	8.35214e-05	249.956	
0.00434273	0.00434273	8.00198e-05	249.958	
0.00416855	0.00416855	7.66695e-05	249.96	
0.00401212	0.00401212	7.3485e-05	249.962	
0.00385881	0.00385881	7.04499e-05	249.963	
0.00371398	0.00371398	6.756e-05	249.965	
0.0035403	0.0035403	6.47343e-05	249.966	
0.00340741	0.00340741	6.20495e-05	249.968	
0.0032795	0.0032795	5.94957e-05	249.969	
0.00315639	0.00315639	5.70641e-05	249.97	
0.00303789	0.00303789	5.47467e-05	249.971	
0.00292171	0.00292171	5.25322e-05	249.973	
0.00276936	0.00276936	5.03313e-05	249.974	
0.00266537	0.00266537	4.8242e-05	249.975	
0.00256529	0.00256529	4.62562e-05	249.976	
0.00246895	0.00246895	4.43665e-05	249.977	
0.00238707	0.00238707	4.2588e-05	249.978	
0.00229419	0.00229419	4.08828e-05	249.979	
0.00220802	0.00220802	3.9254e-05	249.98	
0.00212508	0.00212508	3.76969e-05	249.98	
0.00204525	0.00204525	3.62077e-05	249.981	
0.00201704	0.00201704	3.4883e-05	249.982	
0.00194126	0.00194126	3.35999e-05	249.983	
0.00186832	0.00186832	3.23584e-05	249.983	
0.00184294	0.00184294	3.12504e-05	249.984	
0.00177369	0.00177369	3.01656e-05	249.984	
0.00166322	0.00166322	2.90171e-05	249.985	
0.00164747	0.00164747	2.80083e-05	249.985	
0.00158555	0.00158555	2.70233e-05	249.986	
0.00152757	0.00152757	2.60665e-05	249.986	
0.00151527	0.00151527	2.5228e-05	249.987	
0.00145832	0.00145832	2.43983e-05	249.987	
0.0014035	0.0014035	2.35805e-05	249.988	
0.00135074	0.00135074	2.27773e-05	249.988	
0.00129996	0.00129996	2.19905e-05	249.989	
0.00126117	0.00126117	2.12419e-05	249.989	
0.00121375	0.00121375	2.05086e-05	249.989	
0.00116528	0.00116528	1.97867e-05	249.99	
0.00112146	0.00112146	1.90837e-05	249.99	
0.00107929	0.00107929	1.84001e-05	249.99	
0.0010387	0.0010387	1.77364e-05	249.991	
0.000999636	0.000999636	1.70926e-05	249.991	
0.000962037	0.000962037	1.64689e-05	249.991	
0.000925851	0.000925851	1.58652e-05	249.992	
0.000891024	0.000891024	1.52812e-05	249.992	
0.000764264	0.000764264	1.45284e-05	249.992	
0.000784187	0.000784187	1.39287e-05	249.993	
0.000754684	0.000754684	1.33591e-05	249.993	
0.000734703	0.000734703	1.28342e-05	249.993	
0.000707058	0.000707058	1.2332e-05	249.994	
0.000631602	0.000631602	1.17526e-05	249.994	
0.000656728	0.000656728	1.13108e-05	249.994	
0.000632013	0.000632013	1.08852e-05	249.994	
0.000608227	0.000608227	1.04753e-05	249.995	
0.000585335	0.000585335	1.00807e-05	249.995	
0.000563303	0.000563303	9.70076e-06	249.995	
0.000542099	0.000542099	9.33497e-06	249.995	
0.000521692	0.000521692	8.98285e-06	249.995	
0.000500397	0.000500397	8.64078e-06	249.995	
0.000483215	0.000483215	8.31514e-06	249.996	
0.000465021	0.000465021	8.00165e-06	249.996	
0.000445853	0.000445853	7.69673e-06	249.996	
0.000429064	0.000429064	7.4037e-06	249.996	
0.000412907	0.000412907	7.12206e-06	249.996	
0.000397357	0.000397357	6.85133e-06	249.996	
0.000382393	0.000382393	6.59106e-06	249.997	
0.000280989	0.000280989	6.16605e-06	249.997	
0.000311429	0.000311429	5.86603e-06	249.997	
0.000258641	0.000258641	5.50482e-06	249.997	
0.00029856	0.00029856	5.27796e-06	249.997	
0.000237609	0.000237609	4.96268e-06	249.997	
0.000228658	0.000228658	4.67669e-06	249.998	
0.000220043	0.000220043	4.4163e-06	249.998	
0.000211752	0.000211752	4.1783e-06	249.998	
0.000203773	0.000203773	3.95997e-06	249.998	
0.000196095	0.000196095	3.75898e-06	249.998	
0.000188705	0.000188705	3.57329e-06	249.998	
0.000181594	0.000181594	3.40117e-06	249.998	
0.00017475	0.00017475	3.24113e-06	249.998	
0.000176805	0.000176805	3.10916e-06	249.998	
0.000170141	0.000170141	2.98361e-06	249.998	
0.000163728	0.000163728	2.86402e-06	249.998	
0.000157556	0.000157556	2.74999e-06	249.999	
0.000151616	0.000151616	2.64115e-06	249.999	
0.000145901	0.000145901	2.53718e-06	249.999	
0.0001404	0.0001404	2.43776e-06	249.999	
0.000135106	0.000135106	2.34265e-06	249.999	
0.000140564	0.000140564	2.27269e-06	249.999	
7.90103e-05	7.90103e-05	2.09002e-06	249.999	
8.47425e-05	8.47425e-05	1.94619e-06	249.999	
8.15466e-05	8.15466e-05	1.81754e-06	249.999	
7.84711e-05	7.84711e-05	1.70201e-06	249.999	
7.55115e-05	7.55115e-05	1.59789e-06	249.999	
7.26633e-05	7.26633e-05	1.50367e-06	249.999	
6.99224e-05	6.99224e-05	1.4181e-06	249.999	
7.49334e-05	7.49334e-05	1.35548e-06	249.999	
5.05669e-05	5.05669e-05	1.25354e-06	249.999	
7.02151e-05	7.02151e-05	1.20614e-06	249.999	
6.7566e-05	6.7566e-05	1.16053e-06	249.999	
5.27913e-05	5.27913e-05	1.09223e-06	249.999	
6.30338e-05	6.30338e-05	1.05462e-06	249.999	
4.84116e-05	4.84116e-05	9.93422e-07	249.999	
5.88374e-05	5.88374e-05	9.62217e-07	249.999	
5.66169e-05	5.66169e-05	9.31241e-07	250	
5.44801e-05	5.44801e-05	9.0063e-07	250	
5.24239e-05	5.24239e-05	8.70488e-07	250	
5.04452e-05	5.04452e-05	8.40903e-07	250	
4.8541e-05	4.8541e-05	8.1194e-07	250	
5.49585e-05	5.49585e-05	8.00149e-07	250	
5.28838e-05	5.28838e-05	7.85972e-07	250	
5.08873e-05	5.08873e-05	7.69922e-07	250	
0.00010029	0.00010029	8.55172e-07	250	
9.65034e-05	9.65034e-05	9.20049e-07	250	
9.28595e-05	9.28595e-05	9.67896e-07	250	
0.000139012	0.000139012	1.101e-06	250	
0.000133762	0.000133762	1.20362e-06	249.999	
0.000180212	0.000180212	1.38392e-06	249.999	
0.000223042	0.000223042	1.62306e-06	249.999	
0.000212889	0.000212889	1.80609e-06	249.999	
0.000255265	0.000255265	2.04666e-06	249.999	
0.000297851	0.000297851	2.3366e-06	249.999	
0.000336957	0.000336957	2.66158e-06	249.999	
0.000375333	0.000375333	3.0149e-06	249.999	
0.000412289	0.000412289	3.38949e-06	249.998	
0.00044788	0.00044788	3.77945e-06	249.998	
0.000480845	0.000480845	4.17723e-06	249.998	
0.000514503	0.000514503	4.58308e-06	249.998	
0.000547515	0.000547515	4.99451e-06	249.998	
0.000577523	0.000577523	5.40465e-06	249.997	
0.000605707	0.000605707	5.81007e-06	249.997	
0.00063477	0.00063477	6.21324e-06	249.997	
0.000660972	0.000660972	6.60875e-06	249.997	
0.000740616	0.000740616	7.10561e-06	249.997	
0.000815383	0.000815383	7.67894e-06	249.996	
0.000895882	0.000895882	8.32873e-06	249.996	
0.00101401	0.00101401	9.12031e-06	249.996	
0.00108345	0.00108345	9.93362e-06	249.995	
0.00119283	0.00119283	1.0847e-05	249.995	
0.00135382	0.00135382	1.19505e-05	249.995	
0.00145543	0.00145543	1.30951e-05	249.994	
0.00160664	0.00160664	1.43763e-05	249.993	
0.00175279	0.00175279	1.57637e-05	249.993	
0.00189167	0.00189167	1.7227e-05	249.992	
0.00202656	0.00202656	1.87471e-05	249.991	
0.00215641	0.00215641	2.03057e-05	249.991	
0.00227901	0.00227901	2.18824e-05	249.99	
0.00234909	0.00234909	2.33666e-05	249.989	
0.00246694	0.00246694	2.48709e-05	249.988	
0.00257921	0.00257921	2.63811e-05	249.988	
0.00268909	0.00268909	2.78915e-05	249.987	
0.00279367	0.00279367	2.93917e-05	249.986	
0.00289556	0.00289556	3.08777e-05	249.985	
0.00304364	0.00304364	3.24477e-05	249.985	
0.00313557	0.00313557	3.39731e-05	249.984	
0.00322349	0.00322349	3.54523e-05	249.983	
0.00330875	0.00330875	3.6887e-05	249.982	
0.00344016	0.00344016	3.83801e-05	249.982	
0.00356918	0.00356918	3.99184e-05	249.981	
0.00364211	0.00364211	4.13781e-05	249.98	
0.00376363	0.00376363	4.28729e-05	249.979	
0.00388	0.00388	4.4387e-05	249.979	
0.00399262	0.00399262	4.591e-05	249.978	
0.00410224	0.00410224	4.74345e-05	249.977	
0.00420402	0.00420402	4.89443e-05	249.976	
0.00425139	0.00425139	5.03271e-05	249.976	
0.00429824	0.00429824	5.16009e-05	249.975	
0.00434218	0.00434218	5.27761e-05	249.974	
0.00438767	0.00438767	5.38704e-05	249.974	
0.00442701	0.00442701	5.48835e-05	249.973	
0.00441555	0.00441555	5.57201e-05	249.973	
0.00445775	0.00445775	5.652e-05	249.972	
0.0044433	0.0044433	5.71693e-05	249.972	
0.00443067	0.00443067	5.76945e-05	249.971	
0.00442053	0.00442053	5.81191e-05	249.971	
0.00446165	0.00446165	5.85666e-05	249.971	
0.0043957	0.0043957	5.88079e-05	249.971	
0.00438768	0.00438768	5.89957e-05	249.971	
0.00437626	0.00437626	5.91311e-05	249.971	
0.00436654	0.00436654	5.92256e-05	249.97	
0.00430631	0.00430631	5.91789e-05	249.97	
0.00429938	0.00429938	5.91244e-05	249.97	
0.00429278	0.00429278	5.9064e-05	249.97	
0.00428526	0.00428526	5.89968e-05	249.97	
0.00427437	0.00427437	5.89172e-05	249.971	
0.00427519	0.00427519	5.88503e-05	249.971	
0.00426344	0.00426344	5.87695e-05	249.971	
0.00425246	0.00425246	5.8678e-05	249.971	
0.00420352	0.00420352	5.84966e-05	249.971	
0.00418741	0.00418741	5.83097e-05	249.971	
0.00415487	0.00415487	5.80799e-05	249.971	
0.00409299	0.00409299	5.77555e-05	249.971	
0.00403187	0.00403187	5.73525e-05	249.971	
0.00401199	0.00401199	5.6965e-05	249.971	
0.00394906	0.00394906	5.65054e-05	249.972	
0.00392325	0.00392325	5.60588e-05	249.972	
0.00382461	0.00382461	5.54727e-05	249.972	
0.00372233	0.00372233	5.47615e-05	249.972	
0.00368975	0.00368975	5.40886e-05	249.973	
0.00359943	0.00359943	5.33282e-05	249.973	
0.00351759	0.00351759	5.25112e-05	249.973	
0.0034873	0.0034873	5.17535e-05	249.974	
0.00340853	0.00340853	5.09454e-05	249.974	
0.00337125	0.00337125	5.0182e-05	249.975	
0.0033623	0.0033623	4.95132e-05	249.975	
0.00328895	0.00328895	4.8792e-05	249.975	
0.00332177	0.00332177	4.82471e-05	249.976	
0.00330176	0.00330176	4.77422e-05	249.976	
0.00328118	0.00328118	4.72703e-05	249.976	
0.00331831	0.00331831	4.69461e-05	249.976	
0.00329718	0.00329718	4.66266e-05	249.977	
0.00332936	0.00332936	4.64218e-05	249.977	
0.00337408	0.00337408	4.63397e-05	249.977	
0.00339233	0.00339233	4.6309e-05	249.977	
0.00337098	0.00337098	4.62381e-05	249.977	
0.00341121	0.00341121	4.62609e-05	249.977	
0.00343004	0.00343004	4.63201e-05	249.977	
0.00341802	0.00341802	4.63445e-05	249.977	
0.00339152	0.00339152	4.631e-05	249.977	
0.00336853	0.00336853	4.62328e-05	249.977	
0.00334908	0.00334908	4.61268e-05	249.977	
0.00337984	0.00337984	4.61005e-05	249.977	
0.0033594	0.0033594	4.60354e-05	249.977	
0.00338988	0.00338988	4.60435e-05	249.977	
0.00347568	0.00347568	4.62288e-05	249.977	
0.00350243	0.00350243	4.64419e-05	249.977	
0.00353083	0.00353083	4.66819e-05	249.977	
0.00355496	0.00355496	4.69362e-05	249.977	
0.00363285	0.00363285	4.73145e-05	249.977	
0.0036538	0.0036538	4.76797e-05	249.976	
0.00372928	0.00372928	4.81476e-05	249.976	
0.00380132	0.00380132	4.86955e-05	249.976	
0.00392348	0.00392348	4.94164e-05	249.976	
0.0039882	0.0039882	5.01644e-05	249.975	
0.00404987	0.00404987	5.09293e-05	249.975	
0.00410924	0.00410924	5.17036e-05	249.975	
0.00416638	0.00416638	5.24819e-05	249.974	
0.00432888	0.00432888	5.3484e-05	249.974	
0.00437585	0.00437585	5.44345e-05	249.973	
0.0044777	0.0044777	5.54562e-05	249.973	
0.00451969	0.00451969	5.64134e-05	249.972	
0.00461552	0.00461552	5.74287e-05	249.972	
0.00470961	0.00470961	5.84894e-05	249.971	
0.004795	0.004795	5.95716e-05	249.971	
0.00488106	0.00488106	6.06731e-05	249.97	
0.00501618	0.00501618	6.18948e-05	249.97	
0.00514476	0.00514476	6.32055e-05	249.969	
0.00527171	0.00527171	6.45886e-05	249.968	
0.00539057	0.00539057	6.60166e-05	249.968	
0.00545337	0.00545337	6.73637e-05	249.967	
0.00562015	0.00562015	6.88636e-05	249.966	
0.00572777	0.00572777	7.03676e-05	249.966	
0.00588221	0.00588221	7.19755e-05	249.965	
0.006088	0.006088	7.37821e-05	249.964	
0.00628401	0.00628401	7.57377e-05	249.963	
0.00646876	0.00646876	7.77966e-05	249.962	
0.0066526	0.0066526	7.99422e-05	249.961	
0.00677215	0.00677215	8.20234e-05	249.96	
0.00699596	0.00699596	8.42757e-05	249.959	
0.00715702	0.00715702	8.65384e-05	249.958	
0.00736535	0.00736535	8.89133e-05	249.957	
0.00756561	0.00756561	9.13669e-05	249.956	
0.00775672	0.00775672	9.38686e-05	249.954	
0.00799586	0.00799586	9.65168e-05	249.953	
0.00816905	0.00816905	9.91468e-05	249.952	
0.00833939	0.00833939	0.000101755	249.951	
0.00850127	0.00850127	0.000104328	249.949	
0.00871208	0.00871208	0.000106978	249.948	
0.00896476	0.00896476	0.000109788	249.947	
0.00921003	0.00921003	0.000112719	249.945	
0.00938931	0.00938931	0.000115608	249.944	
0.00951094	0.00951094	0.000118333	249.942	
0.00962783	0.00962783	0.000120909	249.941	
0.0097414	0.0097414	0.000123351	249.94	
0.00990238	0.00990238	0.000125787	249.938	
0.010109	0.010109	0.000128318	249.937	
0.010257	0.010257	0.0001308	249.936	
0.0103396	0.0103396	0.000133097	249.935	
0.010481	0.010481	0.000135365	249.934	
0.0105548	0.0105548	0.00013746	249.932	
0.0106872	0.0106872	0.000139537	249.931	
0.0108085	0.0108085	0.000141576	249.93	
0.0109814	0.0109814	0.0001437	249.929	
0.0110924	0.0110924	0.000145756	249.928	
0.011201	0.011201	0.000147749	249.927	
0.0112515	0.0112515	0.000149557	249.926	
0.0112988	0.0112988	0.000151202	249.925	
0.0113972	0.0113972	0.000152824	249.925	
0.0114931	0.0114931	0.000154419	249.924	
0.0116392	0.0116392	0.000156108	249.923	
0.0116712	0.0116712	0.000157616	249.922	
0.011703	0.011703	0.00015897	249.921	
0.0117324	0.0117324	0.000160189	249.921	
0.0118676	0.0118676	0.000161533	249.92	
0.0119956	0.0119956	0.000162967	249.919	
0.0121184	0.0121184	0.000164469	249.919	
0.0121325	0.0121325	0.000165777	249.918	
0.0121473	0.0121473	0.000166923	249.917	
0.0121575	0.0121575	0.000167922	249.917	
0.0122234	0.0122234	0.000168921	249.916	
0.0122864	0.0122864	0.000169915	249.916	
0.0123973	0.0123973	0.000171015	249.915	
0.012505	0.012505	0.000172197	249.915	
0.0125562	0.0125562	0.00017332	249.914	
0.0126052	0.0126052	0.000174388	249.914	
0.012653	0.012653	0.000175405	249.913	
0.0127482	0.0127482	0.000176491	249.913	
0.0128403	0.0128403	0.000177626	249.912	
0.0130339	0.0130339	0.000179039	249.911	
0.0131164	0.0131164	0.000180431	249.911	
0.0131956	0.0131956	0.000181797	249.91	
0.0132181	0.0132181	0.000183012	249.909	
0.0132917	0.0132917	0.000184216	249.909	
0.0133646	0.0133646	0.000185409	249.908	
0.0134848	0.0134848	0.000186702	249.908	
0.0136012	0.0136012	0.000188073	249.907	
0.0136592	0.0136592	0.000189374	249.906	
0.0137152	0.0137152	0.000190611	249.906	
0.0138746	0.0138746	0.000192034	249.905	
0.0140793	0.0140793	0.000193723	249.904	
0.0142743	0.0142743	0.000195616	249.903	
0.0144104	0.0144104	0.000197545	249.902	
0.0145407	0.0145407	0.000199492	249.902	
0.0147175	0.0147175	0.000201564	249.901	
0.0148894	0.0148894	0.000203731	249.9	
0.0149996	0.0149996	0.000205835	249.898	
0.0151051	0.0151051	0.000207874	249.897	
0.015154	0.015154	0.000209725	249.896	
0.0153063	0.0153063	0.00021166	249.895	
0.0154003	0.0154003	0.000213529	249.894	
0.0154895	0.0154895	0.000215332	249.894	
0.0155217	0.0155217	0.000216943	249.893	
0.0155523	0.0155523	0.000218388	249.892	
0.0156329	0.0156329	0.000219809	249.891	
0.0157138	0.0157138	0.000221212	249.89	
0.0157887	0.0157887	0.000222585	249.89	
0.0158085	0.0158085	0.000223801	249.889	
0.015931	0.015931	0.00022513	249.888	
0.0160483	0.0160483	0.000226541	249.888	
0.0161621	0.0161621	0.000228016	249.887	
0.0161659	0.0161659	0.00022928	249.886	
0.0161181	0.0161181	0.000230244	249.886	
0.0161769	0.0161769	0.000231205	249.885	
0.0162835	0.0162835	0.00023228	249.885	
0.0163314	0.0163314	0.000233312	249.884	
0.0163802	0.0163802	0.000234309	249.884	
0.0163751	0.0163751	0.000235146	249.883	
0.0164202	0.0164202	0.000235969	249.883	
0.016464	0.016464	0.000236776	249.882	
0.0165055	0.0165055	0.000237565	249.882	
0.016442	0.016442	0.000238086	249.882	
0.0163279	0.0163279	0.000238257	249.881	
0.0162185	0.0162185	0.000238143	249.881	
0.0161649	0.0161649	0.000237921	249.881	
0.0161132	0.0161132	0.00023761	249.881	
0.0160632	0.0160632	0.000237229	249.882	
0.0159652	0.0159652	0.000236672	249.882	
0.0158188	0.0158188	0.000235851	249.882	
0.0157809	0.0157809	0.000235065	249.882	
0.0157424	0.0157424	0.000234307	249.883	
0.0157063	0.0157063	0.000233579	249.883	
0.0156732	0.0156732	0.000232884	249.884	
0.0155346	0.0155346	0.000231965	249.884	
0.015457	0.015457	0.000231	249.884	
0.0153271	0.0153271	0.000229873	249.885	
0.0152547	0.0152547	0.000228745	249.885	
0.0152369	0.0152369	0.000227747	249.886	
0.0151657	0.0151657	0.000226731	249.886	
0.0150483	0.0150483	0.00022559	249.887	
0.0149351	0.0149351	0.000224355	249.888	
0.0148258	0.0148258	0.000223047	249.888	
0.0146721	0.0146721	0.000221573	249.889	
0.0146214	0.0146214	0.000220203	249.89	
0.0145242	0.0145242	0.000218811	249.89	
0.0143799	0.0143799	0.000217289	249.891	
0.0142394	0.0142394	0.000215665	249.892	
0.014106	0.014106	0.000213973	249.892	
0.013928	0.013928	0.000212125	249.893	
0.0138058	0.0138058	0.000210269	249.894	
0.013683	0.013683	0.0002084	249.895	
0.0135733	0.0135733	0.000206561	249.896	
0.01351	0.01351	0.000204846	249.897	
0.0132907	0.0132907	0.000202888	249.898	
0.0132071	0.0132071	0.000201026	249.899	
0.0131084	0.0131084	0.000199207	249.9	
0.0129139	0.0129139	0.000197211	249.901	
0.0127807	0.0127807	0.000195205	249.902	
0.0126468	0.0126468	0.000193192	249.903	
0.0124749	0.0124749	0.000191091	249.904	
0.0123559	0.0123559	0.00018903	249.905	
0.0121894	0.0121894	0.000186896	249.906	
0.012032	0.012032	0.000184719	249.907	
0.0118779	0.0118779	0.000182516	249.908	
0.0117321	0.0117321	0.000180309	249.909	
0.0115408	0.0115408	0.000177996	249.91	
0.0114041	0.0114041	0.000175719	249.911	
0.0112767	0.0112767	0.000173492	249.912	
0.0110996	0.0110996	0.000171196	249.913	
0.0109818	0.0109818	0.000168978	249.915	
0.0108168	0.0108168	0.000166717	249.916	
0.0106597	0.0106597	0.000164439	249.917	
0.0105088	0.0105088	0.000162162	249.918	
0.0103129	0.0103129	0.000159784	249.919	
0.0101733	0.0101733	0.000157448	249.92	
0.00999021	0.00999021	0.000155051	249.921	
0.00981182	0.00981182	0.000152612	249.923	
0.00964145	0.00964145	0.000150157	249.924	
0.0094794	0.0094794	0.000147708	249.925	
0.00926917	0.00926917	0.000145157	249.926	
0.00912083	0.00912083	0.000142658	249.928	
0.00892494	0.00892494	0.000140098	249.929	
0.00873835	0.00873835	0.000137508	249.93	
0.00855656	0.00855656	0.000134903	249.931	
0.00833461	0.00833461	0.000132199	249.933	
0.00816632	0.00816632	0.00012953	249.934	
0.00795615	0.00795615	0.000126798	249.935	
0.0078056	0.0078056	0.000124146	249.937	
0.00761126	0.00761126	0.000121466	249.938	
0.00742238	0.00742238	0.000118774	249.939	
0.00718937	0.00718937	0.000115978	249.941	
0.00701729	0.00701729	0.000113227	249.942	
0.00684942	0.00684942	0.000110523	249.943	
0.0066912	0.0066912	0.000107882	249.945	
0.00654024	0.00654024	0.00010531	249.946	
0.00639187	0.00639187	0.000102804	249.947	
0.00624861	0.00624861	0.000100364	249.949	
0.00606235	0.00606235	9.78896e-05	249.95	
0.00593434	0.00593434	9.55109e-05	249.951	
0.00575692	0.00575692	9.31085e-05	249.952	
0.0055889	0.0055889	9.07066e-05	249.953	
0.00542733	0.00542733	8.83196e-05	249.955	
0.00526994	0.00526994	8.59551e-05	249.956	
0.00512118	0.00512118	8.36286e-05	249.957	
0.00497635	0.00497635	8.13432e-05	249.958	
0.00483625	0.00483625	7.91034e-05	249.959	
0.00470353	0.00470353	7.69184e-05	249.96	
0.00452345	0.00452345	7.46803e-05	249.962	
0.0043989	0.0043989	7.25154e-05	249.963	
0.00423047	0.00423047	7.03203e-05	249.964	
0.00413057	0.00413057	6.82431e-05	249.965	
0.00396141	0.00396141	6.61235e-05	249.966	
0.00382071	0.00382071	6.40257e-05	249.967	
0.00372674	0.00372674	6.20459e-05	249.968	
0.00357384	0.00357384	6.00446e-05	249.969	
0.00344716	0.00344716	5.8078e-05	249.97	
0.00336655	0.00336655	5.62384e-05	249.971	
0.00322742	0.00322742	5.43861e-05	249.972	
0.003114	0.003114	5.2575e-05	249.973	
0.00304798	0.00304798	5.08985e-05	249.974	
0.00293123	0.00293123	4.92314e-05	249.975	
0.00281896	0.00281896	4.75819e-05	249.975	
0.00276186	0.00276186	4.60617e-05	249.976	
0.00265607	0.00265607	4.45508e-05	249.977	
0.00260236	0.00260236	4.31561e-05	249.978	
0.00250267	0.00250267	4.1765e-05	249.978	
0.00246013	0.00246013	4.04948e-05	249.979	
0.00236588	0.00236588	3.9221e-05	249.98	
0.00232799	0.00232799	3.80603e-05	249.98	
0.0022388	0.0022388	3.68903e-05	249.981	
0.00215302	0.00215302	3.57196e-05	249.982	
0.00212009	0.00212009	3.4657e-05	249.982	
0.00203886	0.00203886	3.35871e-05	249.983	
0.00196073	0.00196073	3.25176e-05	249.983	
0.00193962	0.00193962	3.15653e-05	249.984	
0.00186529	0.00186529	3.06037e-05	249.984	
0.00184485	0.00184485	2.97445e-05	249.985	
0.00182497	0.00182497	2.89736e-05	249.985	
0.00175503	0.00175503	2.81753e-05	249.986	
0.00174123	0.00174123	2.74686e-05	249.986	
0.00172676	0.00172676	2.68382e-05	249.986	
0.00171345	0.00171345	2.62753e-05	249.987	
0.00169862	0.00169862	2.57665e-05	249.987	
0.00166817	0.00166817	2.52729e-05	249.987	
0.00167414	0.00167414	2.48644e-05	249.987	
0.00165146	0.00165146	2.44716e-05	249.988	
0.00164899	0.00164899	2.41323e-05	249.988	
0.00162871	0.00162871	2.38028e-05	249.988	
0.00162772	0.00162772	2.35203e-05	249.988	
0.00166993	0.00166993	2.33663e-05	249.988	
0.00164824	0.00164824	2.31915e-05	249.988	
0.00164591	0.00164591	2.30378e-05	249.988	
0.00163451	0.00163451	2.28839e-05	249.988	
0.00166891	0.00166891	2.28235e-05	249.989	
0.00166518	0.00166518	2.27643e-05	249.989	
0.00164428	0.00164428	2.26716e-05	249.989	
0.00168647	0.00168647	2.26789e-05	249.989	
0.00167412	0.00167412	2.26599e-05	249.989	
0.00171435	0.00171435	2.27258e-05	249.989	
0.0017618	0.0017618	2.28784e-05	249.989	
0.00178889	0.00178889	2.30638e-05	249.989	
0.00182203	0.00182203	2.32895e-05	249.988	
0.00191499	0.00191499	2.3671e-05	249.988	
0.00194062	0.00194062	2.40481e-05	249.988	
0.002029	0.002029	2.45494e-05	249.988	
0.00210843	0.00210843	2.51382e-05	249.988	
0.00222669	0.00222669	2.5882e-05	249.987	
0.00230641	0.00230641	2.66776e-05	249.987	
0.00241758	0.00241758	2.75831e-05	249.987	
0.00253479	0.00253479	2.85943e-05	249.986	
0.00275043	0.00275043	2.98991e-05	249.986	
0.00289981	0.00289981	3.13177e-05	249.985	
0.00299972	0.00299972	3.27302e-05	249.984	
0.00308984	0.00308984	3.41181e-05	249.984	
0.00307541	0.00307541	3.52679e-05	249.983	
0.00312244	0.00312244	3.63421e-05	249.982	
0.00314973	0.00314973	3.73125e-05	249.982	
0.0031857	0.0031857	3.82121e-05	249.981	
0.00321907	0.00321907	3.90461e-05	249.981	
0.00325113	0.00325113	3.98216e-05	249.98	
0.00328134	0.00328134	4.05437e-05	249.98	
0.00331217	0.00331217	4.12217e-05	249.98	
0.0033909	0.0033909	4.19618e-05	249.979	
0.00347014	0.00347014	4.27561e-05	249.979	
0.0035451	0.0035451	4.35876e-05	249.979	
0.00361652	0.00361652	4.44435e-05	249.978	
0.00368635	0.00368635	4.53169e-05	249.978	
0.00374963	0.00374963	4.61918e-05	249.977	
0.00381425	0.00381425	4.70707e-05	249.977	
0.00387454	0.00387454	4.79441e-05	249.976	
0.00393426	0.00393426	4.88116e-05	249.976	
0.00404219	0.00404219	4.97756e-05	249.976	
0.00409356	0.00409356	5.0703e-05	249.975	
0.00419546	0.00419546	5.17053e-05	249.975	
0.00424261	0.00424261	5.26565e-05	249.974	
0.00428528	0.00428528	5.35551e-05	249.974	
0.00432829	0.00432829	5.44095e-05	249.973	
0.00441945	0.00441945	5.53283e-05	249.973	
0.00455952	0.00455952	5.64051e-05	249.972	
0.00469407	0.00469407	5.7605e-05	249.972	
0.00477351	0.00477351	5.8793e-05	249.971	
0.00479477	0.00479477	5.98482e-05	249.971	
0.00487019	0.00487019	6.09049e-05	249.97	
0.00488965	0.00488965	6.18443e-05	249.97	
0.00485533	0.00485533	6.25702e-05	249.969	
0.00487767	0.00487767	6.32346e-05	249.969	
0.00479317	0.00479317	6.36203e-05	249.968	
0.0047625	0.0047625	6.38833e-05	249.968	
0.00473479	0.00473479	6.40482e-05	249.968	
0.00470693	0.00470693	6.41294e-05	249.968	
0.00473308	0.00473308	6.42538e-05	249.968	
0.00475817	0.00475817	6.44128e-05	249.968	
0.00478166	0.00478166	6.45977e-05	249.968	
0.0048054	0.0048054	6.48052e-05	249.968	
0.00487727	0.00487727	6.51342e-05	249.968	
0.00489721	0.00489721	6.54562e-05	249.967	
0.00491246	0.00491246	6.57628e-05	249.967	
0.00493036	0.00493036	6.60614e-05	249.967	
0.00494903	0.00494903	6.63544e-05	249.967	
0.00491227	0.00491227	6.6526e-05	249.967	
0.00487721	0.00487721	6.65976e-05	249.967	
0.00489633	0.00489633	6.6699e-05	249.967	
0.00486183	0.00486183	6.67121e-05	249.967	
0.00477759	0.00477759	6.65447e-05	249.967	
0.00480047	0.00480047	6.6451e-05	249.967	
0.00477138	0.00477138	6.63097e-05	249.967	
0.00468962	0.00468962	6.60163e-05	249.967	
0.00461195	0.00461195	6.56028e-05	249.967	
0.00453928	0.00453928	6.50977e-05	249.967	
0.00441456	0.00441456	6.4405e-05	249.967	
0.00434948	0.00434948	6.36789e-05	249.968	
0.00422939	0.00422939	6.28092e-05	249.968	
0.00412038	0.00412038	6.18405e-05	249.969	
0.00401234	0.00401234	6.07902e-05	249.969	
0.00396214	0.00396214	5.9792e-05	249.97	
0.003859	0.003859	5.87273e-05	249.97	
0.00376362	0.00376362	5.76223e-05	249.971	
0.00372417	0.00372417	5.66004e-05	249.971	
0.00363017	0.00363017	5.55353e-05	249.972	
0.00359466	0.00359466	5.45557e-05	249.972	
0.00355968	0.00355968	5.365e-05	249.973	
0.00352426	0.00352426	5.28062e-05	249.973	
0.00349399	0.00349399	5.20257e-05	249.974	
0.00346167	0.00346167	5.12949e-05	249.974	
0.00338035	0.00338035	5.0504e-05	249.974	
0.00335299	0.00335299	4.97749e-05	249.975	
0.00332809	0.00332809	4.91032e-05	249.975	
0.00330332	0.00330332	4.84807e-05	249.975	
0.00322747	0.00322747	4.77936e-05	249.976	
0.00320798	0.00320798	4.71691e-05	249.976	
0.00313436	0.00313436	4.64852e-05	249.976	
0.00311845	0.00311845	4.58707e-05	249.977	
0.00304827	0.00304827	4.52027e-05	249.977	
0.00303625	0.00303625	4.461e-05	249.977	
0.00296863	0.00296863	4.39659e-05	249.978	
0.00290682	0.00290682	4.32903e-05	249.978	
0.00284678	0.00284678	4.25916e-05	249.978	
0.00278494	0.00278494	4.187e-05	249.979	
0.00273078	0.00273078	4.11446e-05	249.979	
0.00262583	0.00262583	4.0311e-05	249.979	
0.0025766	0.0025766	3.95008e-05	249.98	
0.00252986	0.00252986	3.87156e-05	249.98	
0.00243263	0.00243263	3.78477e-05	249.981	
0.00239	0.00239	3.70222e-05	249.981	
0.00229815	0.00229815	3.61313e-05	249.981	
0.00226093	0.00226093	3.52975e-05	249.982	
0.00222574	0.00222574	3.45164e-05	249.982	
0.00219106	0.00219106	3.37813e-05	249.983	
0.00215974	0.00215974	3.30921e-05	249.983	
0.00207673	0.00207673	3.23358e-05	249.983	
0.00204743	0.00204743	3.16328e-05	249.984	
0.00197229	0.00197229	3.08822e-05	249.984	
0.00199611	0.00199611	3.02919e-05	249.985	
0.00192116	0.00192116	2.96376e-05	249.985	
0.00194694	0.00194694	2.91333e-05	249.985	
0.0018721	0.0018721	2.85514e-05	249.985	
0.00180571	0.00180571	2.79218e-05	249.986	
0.00183475	0.00183475	2.74451e-05	249.986	
0.0017163	0.0017163	2.67986e-05	249.986	
0.00165032	0.00165032	2.61143e-05	249.987	
0.00163897	0.00163897	2.55094e-05	249.987	
0.00157596	0.00157596	2.48667e-05	249.987	
0.00151538	0.00151538	2.41968e-05	249.988	
0.00145712	0.00145712	2.35086e-05	249.988	
0.00139841	0.00139841	2.28044e-05	249.988	
0.00134465	0.00134465	2.20964e-05	249.989	
0.00127867	0.00127867	2.13609e-05	249.989	
0.0012438	0.0012438	2.06643e-05	249.989	
0.00119598	0.00119598	1.9975e-05	249.99	
0.00115	0.00115	1.92958e-05	249.99	
0.00110578	0.00110578	1.86287e-05	249.99	
0.00106327	0.00106327	1.79755e-05	249.991	
0.00103073	0.00103073	1.73541e-05	249.991	
0.00098276	0.00098276	1.6729e-05	249.991	
0.000953319	0.000953319	1.61377e-05	249.992	
0.00090832	0.00090832	1.55444e-05	249.992	
0.000873396	0.000873396	1.49693e-05	249.992	
0.00084816	0.00084816	1.44293e-05	249.993	
0.000815549	0.000815549	1.39044e-05	249.993	
0.000775844	0.000775844	1.33782e-05	249.993	
0.000754359	0.000754359	1.28874e-05	249.993	
0.000717006	0.000717006	1.23949e-05	249.994	
0.000697784	0.000697784	1.19374e-05	249.994	
0.000668874	0.000668874	1.14903e-05	249.994	
0.000634806	0.000634806	1.10418e-05	249.994	
0.000610396	0.000610396	1.06113e-05	249.994	
0.000586924	0.000586924	1.01981e-05	249.995	
0.000564355	0.000564355	9.80132e-06	249.995	
0.000551004	0.000551004	9.43705e-06	249.995	
0.000521466	0.000521466	9.06807e-06	249.995	
0.000456753	0.000456753	8.62407e-06	249.995	
0.000492201	0.000492201	8.31799e-06	249.996	
0.00042026	0.00042026	7.9131e-06	249.996	
0.000404099	0.000404099	7.53646e-06	249.996	
0.000388559	0.000388559	7.18507e-06	249.996	
0.000373617	0.000373617	6.85636e-06	249.996	
0.000310035	0.000310035	6.44923e-06	249.997	
0.000298112	0.000298112	6.07923e-06	249.997	
0.000286648	0.000286648	5.74172e-06	249.997	
0.000275624	0.000275624	5.43271e-06	249.997	
0.000210796	0.000210796	5.04e-06	249.997	
0.000200586	0.000200586	4.68587e-06	249.997	
0.000194975	0.000194975	4.37345e-06	249.998	
0.000185374	0.000185374	4.08879e-06	249.998	
0.000178245	0.000178245	3.83252e-06	249.998	
0.00017139	0.00017139	3.60094e-06	249.998	
0.000164798	0.000164798	3.39087e-06	249.998	
0.000106605	0.000106605	3.09572e-06	249.998	
0.000102505	0.000102505	2.83662e-06	249.998	
9.85631e-05	9.85631e-05	2.60848e-06	249.999	
9.47725e-05	9.47725e-05	2.40697e-06	249.999	
9.11276e-05	9.11276e-05	2.22837e-06	249.999	
8.76229e-05	8.76229e-05	2.06955e-06	249.999	
3.29854e-05	3.29854e-05	1.82518e-06	249.999	
3.17168e-05	3.17168e-05	1.61492e-06	249.999	
3.0497e-05	3.0497e-05	1.43375e-06	249.999	
2.93241e-05	2.93241e-05	1.27741e-06	249.999	
2.81963e-05	2.81963e-05	1.14226e-06	249.999	
2.71118e-05	2.71118e-05	1.0252e-06	249.999	
2.60691e-05	2.60691e-05	9.23617e-07	249.999	
2.50665e-05	2.50665e-05	8.3526e-07	250	
2.41024e-05	2.41024e-05	7.58224e-07	250	
-3.13791e-05	-3.13791e-05	5.81926e-07	250	
2.16993e-05	2.16993e-05	5.38215e-07	250	
-3.10069e-05	-3.10069e-05	3.95635e-07	250	
2.20572e-05	2.20572e-05	3.80559e-07	250	
-3.06628e-05	-3.06628e-05	2.62293e-07	250	
2.23882e-05	2.23882e-05	2.67859e-07	250	
-3.03446e-05	-3.03446e-05	1.67115e-07	250	
2.26941e-05	2.26941e-05	1.87551e-07	250	
-3.00505e-05	-3.00505e-05	9.94248e-08	250	
2.2977e-05	2.2977e-05	1.30565e-07	250	
2.20933e-05	2.20933e-05	1.55259e-07	250	
2.12435e-05	2.12435e-05	1.74543e-07	250	
2.04265e-05	2.04265e-05	1.89293e-07	250	
1.96409e-05	1.96409e-05	2.00254e-07	250	
1.88854e-05	1.88854e-05	2.08054e-07	250	
6.94284e-05	6.94284e-05	3.15823e-07	250	
6.67581e-05	6.67581e-05	4.02077e-07	250	
6.41904e-05	6.41904e-05	4.7025e-07	250	
6.17216e-05	6.17216e-05	5.23251e-07	250	
0.000110376	0.000110376	6.65715e-07	250	
0.000106131	0.000106131	7.78304e-07	250	
0.000102049	0.000102049	8.65827e-07	250	
9.81237e-05	9.81237e-05	9.32359e-07	250	
0.000147993	0.000147993	1.0888e-06	250	
0.000142301	0.000142301	1.21037e-06	249.999	
0.000136828	0.000136828	1.30274e-06	249.999	
0.000182222	0.000182222	1.47221e-06	249.999	
0.000175213	0.000175213	1.60222e-06	249.999	
0.000168474	0.000168474	1.69921e-06	249.999	
0.000161994	0.000161994	1.76867e-06	249.999	
0.000205263	0.000205263	1.91457e-06	249.999	
0.000197368	0.000197368	2.02275e-06	249.999	
0.000189777	0.000189777	2.09947e-06	249.999	
0.000233721	0.000233721	2.2528e-06	249.999	
0.000224732	0.000224732	2.36509e-06	249.999	
0.000266731	0.000266731	2.54478e-06	249.999	
0.000240732	0.000240732	2.64547e-06	249.999	
0.000300829	0.000300829	2.85153e-06	249.999	
0.000289259	0.000289259	3.00344e-06	249.999	
0.00032853	0.00032853	3.21142e-06	249.998	
0.000315894	0.000315894	3.36282e-06	249.998	
0.000356159	0.000356159	3.57237e-06	249.998	
0.00034246	0.00034246	3.72297e-06	249.998	
0.000381698	0.000381698	3.92979e-06	249.998	
0.000367018	0.000367018	4.07609e-06	249.998	
0.000402688	0.000402688	4.27214e-06	249.998	
0.0003872	0.0003872	4.40764e-06	249.998	
0.000372308	0.000372308	4.49289e-06	249.998	
0.000409794	0.000409794	4.64069e-06	249.998	
0.000394033	0.000394033	4.73464e-06	249.998	
0.000431275	0.000431275	4.88935e-06	249.998	
0.000414687	0.000414687	4.9875e-06	249.998	
0.000398738	0.000398738	5.03886e-06	249.997	
0.00043639	0.00043639	5.15822e-06	249.997	
0.000419606	0.000419606	5.22593e-06	249.997	
0.000403467	0.000403467	5.25103e-06	249.997	
0.000387949	0.000387949	5.24118e-06	249.997	
0.000422206	0.000422206	5.30167e-06	249.997	
0.000405967	0.000405967	5.32044e-06	249.997	
0.000388231	0.000388231	5.30086e-06	249.997	
0.000375421	0.000375421	5.25835e-06	249.997	
0.000358859	0.000358859	5.18905e-06	249.997	
0.000345057	0.000345057	5.10242e-06	249.997	
0.000331786	0.000331786	5.00211e-06	249.997	
0.000319025	0.000319025	4.89122e-06	249.997	
0.000306755	0.000306755	4.77231e-06	249.998	
0.000294956	0.000294956	4.64755e-06	249.998	
0.000283612	0.000283612	4.51873e-06	249.998	
0.000272704	0.000272704	4.38733e-06	249.998	
0.000262215	0.000262215	4.25459e-06	249.998	
0.00025213	0.00025213	4.12152e-06	249.998	
0.000242433	0.000242433	3.98895e-06	249.998	
0.000233108	0.000233108	3.85755e-06	249.998	
0.000224143	0.000224143	3.72788e-06	249.998	
0.000215522	0.000215522	3.60037e-06	249.998	
0.000207233	0.000207233	3.47536e-06	249.998	
0.000199262	0.000199262	3.35312e-06	249.998	
0.000191598	0.000191598	3.23384e-06	249.998	
0.000184229	0.000184229	3.11768e-06	249.998	
0.000177143	0.000177143	3.00474e-06	249.998	
0.00017033	0.00017033	2.89508e-06	249.998	
0.000161097	0.000161097	2.78351e-06	249.999	
0.000154901	0.000154901	2.67624e-06	249.999	
0.000148943	0.000148943	2.57312e-06	249.999	
0.000143215	0.000143215	2.47397e-06	249.999	
0.000137707	0.000137707	2.37865e-06	249.999	
0.00013241	0.00013241	2.28701e-06	249.999	
0.000127318	0.000127318	2.1989e-06	249.999	
0.000122421	0.000122421	2.1142e-06	249.999	
6.70892e-05	6.70892e-05	1.93139e-06	249.999	
0.000115132	0.000115132	1.8722e-06	249.999	
6.00805e-05	6.00805e-05	1.71165e-06	249.999	
5.77697e-05	5.77697e-05	1.57055e-06	249.999	
5.55478e-05	5.55478e-05	1.44617e-06	249.999	
5.34113e-05	5.34113e-05	1.33616e-06	249.999	
5.1357e-05	5.1357e-05	1.23854e-06	249.999	
4.93818e-05	4.93818e-05	1.15161e-06	249.999	
4.74825e-05	4.74825e-05	1.0739e-06	249.999	
4.56562e-05	4.56562e-05	1.0042e-06	249.999	
4.39002e-05	4.39002e-05	9.41437e-07	249.999	
4.22117e-05	4.22117e-05	8.84704e-07	250	
4.05882e-05	4.05882e-05	8.33231e-07	250	
3.90271e-05	3.90271e-05	7.86351e-07	250	
3.75261e-05	3.75261e-05	7.43498e-07	250	
3.60828e-05	3.60828e-05	7.04183e-07	250	
-1.83195e-05	-1.83195e-05	5.61943e-07	250	
3.53995e-05	3.53995e-05	5.4849e-07	250	
-1.89765e-05	-1.89765e-05	4.28287e-07	250	
-1.82466e-05	-1.82466e-05	3.27573e-07	250	
-1.75448e-05	-1.75448e-05	2.43367e-07	250	
-6.4898e-05	-6.4898e-05	7.71085e-08	250	
-6.45304e-05	-6.45304e-05	-6.33728e-08	250	
-6.20484e-05	-6.20484e-05	-1.77829e-07	250	
-5.9662e-05	-5.9662e-05	-2.70354e-07	250	
-9.34006e-06	-9.34006e-06	-2.48384e-07	250	
-5.7008e-05	-5.7008e-05	-3.25035e-07	250	
-5.48154e-05	-5.48154e-05	-3.85811e-07	250	
-5.27071e-05	-5.27071e-05	-4.33262e-07	250	
-4.17317e-05	-4.17317e-05	-4.5165e-07	250	
-4.90748e-05	-4.90748e-05	-4.81973e-07	250	
-4.71874e-05	-4.71874e-05	-5.03979e-07	250	
-4.53725e-05	-4.53725e-05	-5.1906e-07	250	
-4.36274e-05	-4.36274e-05	-5.28394e-07	250	
1.10697e-05	1.10697e-05	-4.26938e-07	250	
1.06439e-05	1.06439e-05	-3.41556e-07	250	
1.02345e-05	1.02345e-05	-2.69805e-07	250	
9.8409e-06	9.8409e-06	-2.09607e-07	250	
9.46241e-06	9.46241e-06	-1.59199e-07	250	
9.09847e-06	9.09847e-06	-1.17084e-07	250	
1.76955e-05	1.76955e-05	-6.4095e-08	250	
8.06792e-06	8.06792e-06	-3.83117e-08	250	
5.69596e-05	5.69596e-05	8.14403e-08	250	
5.26662e-05	5.26662e-05	1.74765e-07	250	
5.06406e-05	5.06406e-05	2.50025e-07	250	
5.76385e-05	5.76385e-05	3.27974e-07	250	
4.64759e-05	4.64759e-05	3.71895e-07	250	
4.46884e-05	4.46884e-05	4.0564e-07	250	
9.5381e-05	9.5381e-05	5.35804e-07	250	
0.000100657	0.000100657	6.56972e-07	250	
8.7841e-05	8.7841e-05	7.3432e-07	250	
9.34072e-05	9.34072e-05	8.11178e-07	250	
8.08699e-05	8.08699e-05	8.51423e-07	250	
8.67043e-05	8.67043e-05	8.97282e-07	250	
0.000125999	0.000125999	1.01499e-06	250	
0.000131524	0.000131524	1.12606e-06	249.999	
0.000116094	0.000116094	1.1896e-06	249.999	
0.000171781	0.000171781	1.35514e-06	249.999	
0.000156231	0.000156231	1.46473e-06	249.999	
0.000210368	0.000210368	1.66634e-06	249.999	
0.00019274	0.00019274	1.80242e-06	249.999	
0.000248443	0.000248443	2.02974e-06	249.999	
0.000238887	0.000238887	2.20379e-06	249.999	
0.000229699	0.000229699	2.3333e-06	249.999	
0.000261095	0.000261095	2.50644e-06	249.999	
0.000259993	0.000259993	2.65133e-06	249.999	
0.000302967	0.000302967	2.86073e-06	249.999	
0.000291314	0.000291314	3.01532e-06	249.999	
0.00028011	0.00028011	3.12423e-06	249.998	
0.000269336	0.000269336	3.19519e-06	249.998	
0.000302413	0.000302413	3.32197e-06	249.998	
0.00029972	0.00029972	3.42424e-06	249.998	
0.000288193	0.000288193	3.48803e-06	249.998	
0.000277108	0.000277108	3.52001e-06	249.998	
0.000315608	0.000315608	3.62448e-06	249.998	
0.00030347	0.00030347	3.68891e-06	249.998	
0.000291798	0.000291798	3.72024e-06	249.998	
0.000280575	0.000280575	3.72434e-06	249.998	
0.000269783	0.000269783	3.70617e-06	249.998	
0.000259407	0.000259407	3.66991e-06	249.998	
0.00024943	0.00024943	3.61907e-06	249.998	
0.000292206	0.000292206	3.66169e-06	249.998	
0.000278842	0.000278842	3.6712e-06	249.998	
0.000261305	0.000261305	3.64406e-06	249.998	
0.000258067	0.000258067	3.61451e-06	249.998	
0.000250266	0.000250266	3.57365e-06	249.998	
0.000229579	0.000229579	3.49757e-06	249.998	
0.000231811	0.000231811	3.43722e-06	249.998	
0.000211833	0.000211833	3.346e-06	249.998	
0.000212623	0.000212623	3.26998e-06	249.998	
0.000206569	0.000206569	3.19315e-06	249.998	
0.000196501	0.000196501	3.10772e-06	249.998	
0.000188943	0.000188943	3.01996e-06	249.998	
0.000181676	0.000181676	2.93078e-06	249.998	
0.000174688	0.000174688	2.84098e-06	249.999	
0.000167969	0.000167969	2.75117e-06	249.999	
0.000152571	0.000152571	2.64401e-06	249.999	
0.000155641	0.000155641	2.55903e-06	249.999	
0.000140716	0.000140716	2.45693e-06	249.999	
0.000144243	0.000144243	2.37717e-06	249.999	
0.000138695	0.000138695	2.29826e-06	249.999	
8.09815e-05	8.09815e-05	2.11559e-06	249.999	
0.000130246	0.000130246	2.05898e-06	249.999	
7.2857e-05	7.2857e-05	1.89594e-06	249.999	
7.00548e-05	7.00548e-05	1.75174e-06	249.999	
6.73604e-05	6.73604e-05	1.62378e-06	249.999	
6.47696e-05	6.47696e-05	1.50982e-06	249.999	
6.22785e-05	6.22785e-05	1.40797e-06	249.999	
5.98832e-05	5.98832e-05	1.3166e-06	249.999	
5.758e-05	5.758e-05	1.23433e-06	249.999	
5.53654e-05	5.53654e-05	1.15996e-06	249.999	
5.32359e-05	5.32359e-05	1.09249e-06	249.999	
5.11884e-05	5.11884e-05	1.03104e-06	249.999	
4.92196e-05	4.92196e-05	9.74861e-07	249.999	
4.73265e-05	4.73265e-05	9.23323e-07	249.999	
4.55063e-05	4.55063e-05	8.75872e-07	250	
4.37561e-05	4.37561e-05	8.32036e-07	250	
4.20731e-05	4.20731e-05	7.91407e-07	250	
4.04549e-05	4.04549e-05	7.53633e-07	250	
3.8899e-05	3.8899e-05	7.18412e-07	250	
3.74029e-05	3.74029e-05	6.8548e-07	250	
-1.32106e-05	-1.32106e-05	5.56245e-07	250	
-1.27025e-05	-1.27025e-05	4.47411e-07	250	
-1.22139e-05	-1.22139e-05	3.55879e-07	250	
-1.17441e-05	-1.17441e-05	2.79016e-07	250	
-1.12924e-05	-1.12924e-05	2.14584e-07	250	
-1.08581e-05	-1.08581e-05	1.60686e-07	250	
-1.04405e-05	-1.04405e-05	1.15708e-07	250	
-1.00389e-05	-1.00389e-05	7.82786e-08	250	
-2.53897e-05	-2.53897e-05	1.57771e-08	250	
-8.67646e-06	-8.67646e-06	-3.9383e-09	250	
-8.34275e-06	-8.34275e-06	-2.00292e-08	250	
-8.02188e-06	-8.02188e-06	-3.30651e-08	250	
-7.71334e-06	-7.71334e-06	-4.35287e-08	250	
-7.41668e-06	-7.41668e-06	-5.18298e-08	250	
-7.13142e-06	-7.13142e-06	-5.83154e-08	250	
-6.85713e-06	-6.85713e-06	-6.32797e-08	250	
-6.5934e-06	-6.5934e-06	-6.69722e-08	250	
-6.33981e-06	-6.33981e-06	-6.96038e-08	250	
-6.09597e-06	-6.09597e-06	-7.13531e-08	250	
-5.86151e-06	-5.86151e-06	-7.23713e-08	250	
-9.76687e-06	-9.76687e-06	-8.09752e-08	250	
-5.26057e-06	-5.26057e-06	-7.9349e-08	250	
-9.18888e-06	-9.18888e-06	-8.57564e-08	250	
-8.83546e-06	-8.83546e-06	-9.0501e-08	250	
-8.49564e-06	-8.49564e-06	-9.3859e-08	250	
-8.16888e-06	-8.16888e-06	-9.60641e-08	250	
4.27471e-05	4.27471e-05	3.91471e-09	250	
4.1103e-05	4.1103e-05	8.56028e-08	250	
3.95221e-05	3.95221e-05	1.51871e-07	250	
3.80021e-05	3.80021e-05	2.05153e-07	250	
3.65404e-05	3.65404e-05	2.47516e-07	250	
3.5135e-05	3.5135e-05	2.80709e-07	250	
3.37837e-05	3.37837e-05	3.06217e-07	250	
8.54619e-05	8.54619e-05	4.3133e-07	250	
6.64354e-05	6.64354e-05	4.99637e-07	250	
7.96195e-05	7.96195e-05	5.84034e-07	250	
7.65572e-05	7.65572e-05	6.4964e-07	250	
7.36127e-05	7.36127e-05	6.99508e-07	250	
7.07815e-05	7.07815e-05	7.36227e-07	250	
0.000118413	0.000118413	8.62816e-07	250	
0.000113859	0.000113859	9.61293e-07	250	
0.00010948	0.00010948	1.03623e-06	250	
9.09575e-05	9.09575e-05	1.06288e-06	249.999	
0.000152952	0.000152952	1.20966e-06	249.999	
0.000147069	0.000147069	1.32263e-06	249.999	
0.000141412	0.000141412	1.40732e-06	249.999	
0.000188935	0.000188935	1.57455e-06	249.999	
0.000181668	0.000181668	1.70213e-06	249.999	
0.000227041	0.000227041	1.90154e-06	249.999	
0.000218309	0.000218309	2.05353e-06	249.999	
0.000194174	0.000194174	2.13442e-06	249.999	
0.000252777	0.000252777	2.32062e-06	249.999	
0.000292084	0.000292084	2.55787e-06	249.999	
0.000283575	0.000283575	2.74235e-06	249.999	
0.000320266	0.000320266	2.97292e-06	249.999	
0.000307948	0.000307948	3.14417e-06	249.999	
0.000347848	0.000347848	3.36985e-06	249.998	
0.00033447	0.00033447	3.5348e-06	249.998	
0.000376665	0.000376665	3.75968e-06	249.998	
0.000359453	0.000359453	3.91633e-06	249.998	
0.000399147	0.000399147	4.12924e-06	249.998	
0.000383795	0.000383795	4.27936e-06	249.998	
0.000418743	0.000418743	4.47721e-06	249.998	
0.000402638	0.000402638	4.613e-06	249.998	
0.000438283	0.000438283	4.80008e-06	249.998	
0.000421426	0.000421426	4.92519e-06	249.998	
0.000458129	0.000458129	5.10535e-06	249.998	
0.000440508	0.000440508	5.22304e-06	249.997	
0.000473262	0.000473262	5.38897e-06	249.997	
0.00045506	0.00045506	5.4934e-06	249.997	
0.000488677	0.000488677	5.64978e-06	249.997	
0.000469881	0.000469881	5.74488e-06	249.997	
0.000451809	0.000451809	5.78936e-06	249.997	
0.00048852	0.00048852	5.90102e-06	249.997	
0.00046973	0.00046973	5.95812e-06	249.997	
0.000500755	0.000500755	6.06909e-06	249.997	
0.000481495	0.000481495	6.12465e-06	249.997	
0.000462976	0.000462976	6.13462e-06	249.997	
0.000445169	0.000445169	6.10728e-06	249.997	
0.000481535	0.000481535	6.15719e-06	249.997	
0.000463014	0.000463014	6.16235e-06	249.997	
0.000445206	0.000445206	6.13092e-06	249.997	
0.000428083	0.000428083	6.06976e-06	249.997	
0.000408889	0.000408889	5.97932e-06	249.997	
0.000395891	0.000395891	5.87618e-06	249.997	
0.000377936	0.000377936	5.75255e-06	249.997	
0.000366129	0.000366129	5.62362e-06	249.997	
0.000349318	0.000349318	5.48036e-06	249.997	
0.000335883	0.000335883	5.33159e-06	249.997	
0.000325693	0.000325693	5.18457e-06	249.997	
0.000310438	0.000310438	5.02907e-06	249.997	
0.000298498	0.000298498	4.87291e-06	249.997	
0.000287017	0.000287017	4.71713e-06	249.998	
0.000275978	0.000275978	4.56255e-06	249.998	
0.000265364	0.000265364	4.40985e-06	249.998	
0.000255157	0.000255157	4.25957e-06	249.998	
0.000245344	0.000245344	4.11214e-06	249.998	
0.000235907	0.000235907	3.96789e-06	249.998	
0.000226834	0.000226834	3.82707e-06	249.998	
0.00021811	0.00021811	3.68987e-06	249.998	
0.000209721	0.000209721	3.55643e-06	249.998	
0.000201655	0.000201655	3.42683e-06	249.998	
0.000193899	0.000193899	3.30111e-06	249.998	
0.000186441	0.000186441	3.1793e-06	249.998	
0.00017927	0.00017927	3.06138e-06	249.998	
0.000172375	0.000172375	2.94733e-06	249.998	
0.000165745	0.000165745	2.83709e-06	249.999	
0.000159371	0.000159371	2.73061e-06	249.999	
0.000153241	0.000153241	2.62782e-06	249.999	
0.000147347	0.000147347	2.52864e-06	249.999	
0.00014168	0.00014168	2.43297e-06	249.999	
0.000136231	0.000136231	2.34074e-06	249.999	
0.000130991	0.000130991	2.25184e-06	249.999	
0.000125953	0.000125953	2.16619e-06	249.999	
0.000121109	0.000121109	2.08368e-06	249.999	
0.000116451	0.000116451	2.00421e-06	249.999	
0.000111972	0.000111972	1.92769e-06	249.999	
0.000107665	0.000107665	1.85403e-06	249.999	
0.000103524	0.000103524	1.78312e-06	249.999	
5.16101e-05	5.16101e-05	1.61894e-06	249.999	
4.96251e-05	4.96251e-05	1.47542e-06	249.999	
4.77164e-05	4.77164e-05	1.34961e-06	249.999	
9.38139e-05	9.38139e-05	1.33491e-06	249.999	
4.22727e-05	4.22727e-05	1.21927e-06	249.999	
4.06468e-05	4.06468e-05	1.11773e-06	249.999	
3.90835e-05	3.90835e-05	1.02828e-06	249.999	
3.75803e-05	3.75803e-05	9.49242e-07	249.999	
3.61349e-05	3.61349e-05	8.79165e-07	250	
3.47451e-05	3.47451e-05	8.16817e-07	250	
3.34088e-05	3.34088e-05	7.61146e-07	250	
3.21238e-05	3.21238e-05	7.11253e-07	250	
3.08883e-05	3.08883e-05	6.66371e-07	250	
2.97003e-05	2.97003e-05	6.25843e-07	250	
2.85579e-05	2.85579e-05	5.89107e-07	250	
2.74596e-05	2.74596e-05	5.55683e-07	250	
2.64034e-05	2.64034e-05	5.25159e-07	250	
2.53879e-05	2.53879e-05	4.97181e-07	250	
2.44115e-05	2.44115e-05	4.71445e-07	250	
2.13451e-05	2.13451e-05	4.43505e-07	250	
2.26514e-05	2.26514e-05	4.22297e-07	250	
1.96529e-05	1.96529e-05	3.98336e-07	250	
2.10242e-05	2.10242e-05	3.80647e-07	250	
2.02156e-05	2.02156e-05	3.63992e-07	250	
1.73109e-05	1.73109e-05	3.44085e-07	250	
6.84807e-05	6.84807e-05	4.29508e-07	250	
6.58468e-05	6.58468e-05	4.96843e-07	250	
6.33143e-05	6.33143e-05	5.49009e-07	250	
5.81575e-05	5.81575e-05	5.83086e-07	250	
0.000107645	0.000107645	7.11136e-07	250	
0.000103505	0.000103505	8.11682e-07	250	
0.000154557	0.000154557	9.99365e-07	250	
0.000145892	0.000145892	1.14159e-06	249.999	
0.000140281	0.000140281	1.25122e-06	249.999	
0.000134885	0.000134885	1.3336e-06	249.999	
0.000181173	0.000181173	1.49639e-06	249.999	
0.000177757	0.000177757	1.62786e-06	249.999	
0.000167368	0.000167368	1.71883e-06	249.999	
0.000212044	0.000212044	1.88573e-06	249.999	
0.000203889	0.000203889	2.01123e-06	249.999	
0.000196047	0.000196047	2.10217e-06	249.999	
0.000240804	0.000240804	2.26924e-06	249.999	
0.000231542	0.000231542	2.39267e-06	249.999	
0.000222637	0.000222637	2.47971e-06	249.999	
0.000264346	0.000264346	2.63739e-06	249.999	
0.000254179	0.000254179	2.751e-06	249.999	
0.000244402	0.000244402	2.82796e-06	249.999	
0.000285508	0.000285508	2.97586e-06	249.999	
0.000274527	0.000274527	3.07953e-06	249.999	
0.000263968	0.000263968	3.14645e-06	249.998	
0.000253815	0.000253815	3.18296e-06	249.998	
0.000297526	0.000297526	3.30173e-06	249.998	
0.000286082	0.000286082	3.3797e-06	249.998	
0.000275079	0.000275079	3.42389e-06	249.998	
0.000317373	0.000317373	3.54634e-06	249.998	
0.000305166	0.000305166	3.62592e-06	249.998	
0.000293429	0.000293429	3.66999e-06	249.998	
0.000282143	0.000282143	3.6848e-06	249.998	
0.000271292	0.000271292	3.67561e-06	249.998	
0.000311114	0.000311114	3.74774e-06	249.998	
0.000299148	0.000299148	3.78503e-06	249.998	
0.000287642	0.000287642	3.79363e-06	249.998	
0.000276579	0.000276579	3.77873e-06	249.998	
0.000265941	0.000265941	3.74471e-06	249.998	
0.000255713	0.000255713	3.69527e-06	249.998	
0.000245878	0.000245878	3.63352e-06	249.998	
0.000288102	0.000288102	3.66575e-06	249.998	
0.000277021	0.000277021	3.67091e-06	249.998	
0.000266366	0.000266366	3.65391e-06	249.998	
0.000256121	0.000256121	3.6189e-06	249.998	
0.000246271	0.000246271	3.56938e-06	249.998	
0.000236799	0.000236799	3.50829e-06	249.998	
0.000227691	0.000227691	3.43809e-06	249.998	
0.000218934	0.000218934	3.36085e-06	249.998	
0.000210513	0.000210513	3.27832e-06	249.998	
0.000202416	0.000202416	3.19192e-06	249.998	
0.000194631	0.000194631	3.10288e-06	249.998	
0.000187145	0.000187145	3.01219e-06	249.998	
0.000231629	0.000231629	3.0243e-06	249.998	
0.00022272	0.00022272	3.01672e-06	249.998	
0.000214154	0.000214154	2.9931e-06	249.998	
0.000205917	0.000205917	2.95651e-06	249.998	
0.000247654	0.000247654	3.00912e-06	249.999	
0.000238129	0.000238129	3.03474e-06	249.998	
0.000280642	0.000280642	3.14181e-06	249.998	
0.000319757	0.000319757	3.31146e-06	249.998	
0.000360637	0.000360637	3.53766e-06	249.998	
0.000400202	0.000400202	3.80944e-06	249.998	
0.000482783	0.000482783	4.20663e-06	249.998	
0.000570781	0.000570781	4.72131e-06	249.998	
0.000701929	0.000701929	5.42329e-06	249.998	
0.000878476	0.000878476	6.37662e-06	249.997	
0.0010531	0.0010531	7.54028e-06	249.997	
0.00121621	0.00121621	8.86046e-06	249.996	
0.00137353	0.00137353	1.03024e-05	249.996	
0.0014744	0.0014744	1.17334e-05	249.995	
0.00152045	0.00152045	1.30436e-05	249.994	
0.00156554	0.00156554	1.42492e-05	249.993	
0.00160745	0.00160745	1.53595e-05	249.993	
0.00164857	0.00164857	1.63871e-05	249.992	
0.0016352	0.0016352	1.72333e-05	249.992	
0.001677	0.001677	1.80379e-05	249.991	
0.00171457	0.00171457	1.87986e-05	249.991	
0.0017489	0.0017489	1.95154e-05	249.991	
0.00183651	0.00183651	2.03038e-05	249.99	
0.00186788	0.00186788	2.10381e-05	249.99	
0.00195001	0.00195001	2.18306e-05	249.989	
0.00197839	0.00197839	2.25624e-05	249.989	
0.00205621	0.00205621	2.33439e-05	249.989	
0.00212981	0.00212981	2.41595e-05	249.988	
0.00220112	0.00220112	2.49992e-05	249.988	
0.00227083	0.00227083	2.58564e-05	249.988	
0.00233664	0.00233664	2.67204e-05	249.987	
0.00239988	0.00239988	2.75852e-05	249.987	
0.00246064	0.00246064	2.84456e-05	249.986	
0.00257148	0.00257148	2.94056e-05	249.986	
0.00262555	0.00262555	3.03334e-05	249.985	
0.00262649	0.00262649	3.1124e-05	249.985	
0.00262655	0.00262655	3.17961e-05	249.984	
0.00257639	0.00257639	3.2264e-05	249.984	
0.00257934	0.00257934	3.26676e-05	249.984	
0.00252981	0.00252981	3.29087e-05	249.984	
0.00253474	0.00253474	3.31237e-05	249.984	
0.00248848	0.00248848	3.32111e-05	249.983	
0.00234153	0.00234153	3.29824e-05	249.983	
0.00230272	0.00230272	3.2708e-05	249.984	
0.00221415	0.00221415	3.22926e-05	249.984	
0.00212899	0.00212899	3.17645e-05	249.984	
0.00209777	0.00209777	3.12514e-05	249.984	
0.00206692	0.00206692	3.0752e-05	249.984	
0.00204201	0.00204201	3.02762e-05	249.985	
0.00206298	0.00206298	2.9915e-05	249.985	
0.00203488	0.00203488	2.95503e-05	249.985	
0.00200844	0.00200844	2.9186e-05	249.985	
0.00203166	0.00203166	2.89241e-05	249.985	
0.00205597	0.00205597	2.87513e-05	249.986	
0.00202905	0.00202905	2.85492e-05	249.986	
0.00205286	0.00205286	2.84263e-05	249.986	
0.00197391	0.00197391	2.81598e-05	249.986	
0.00194778	0.00194778	2.78798e-05	249.986	
