0	0	
1.61069e-12	1.61069e-12	
1.23806e-11	1.23806e-11	
1.31335e-10	1.31335e-10	
4.84245e-10	4.84245e-10	
1.24997e-09	1.24997e-09	
2.76849e-09	2.76849e-09	
5.15894e-09	5.15894e-09	
9.94195e-09	9.94195e-09	
1.78024e-08	1.78024e-08	
3.0662e-08	3.0662e-08	
4.94241e-08	4.94241e-08	
7.40714e-08	7.40714e-08	
1.10821e-07	1.10821e-07	
1.57057e-07	1.57057e-07	
2.1088e-07	2.1088e-07	
2.88293e-07	2.88293e-07	
3.768e-07	3.768e-07	
4.90943e-07	4.90943e-07	
6.24504e-07	6.24504e-07	
7.95081e-07	7.95081e-07	
9.95959e-07	9.95959e-07	
1.22343e-06	1.22343e-06	
1.50502e-06	1.50502e-06	
1.80702e-06	1.80702e-06	
2.14767e-06	2.14767e-06	
2.55161e-06	2.55161e-06	
2.97853e-06	2.97853e-06	
3.45138e-06	3.45138e-06	
3.96869e-06	3.96869e-06	
4.58279e-06	4.58279e-06	
5.20992e-06	5.20992e-06	
5.84084e-06	5.84084e-06	
6.62892e-06	6.62892e-06	
7.42243e-06	7.42243e-06	
8.21662e-06	8.21662e-06	
9.21235e-06	9.21235e-06	
1.01252e-05	1.01252e-05	
1.12085e-05	1.12085e-05	
1.22449e-05	1.22449e-05	
1.33433e-05	1.33433e-05	
1.44087e-05	1.44087e-05	
1.56331e-05	1.56331e-05	
1.67139e-05	1.67139e-05	
1.79352e-05	1.79352e-05	
1.92282e-05	1.92282e-05	
2.04453e-05	2.04453e-05	
2.17114e-05	2.17114e-05	
2.30275e-05	2.30275e-05	
2.41939e-05	2.41939e-05	
2.54345e-05	2.54345e-05	
2.66937e-05	2.66937e-05	
2.80783e-05	2.80783e-05	
2.9186e-05	2.9186e-05	
3.03653e-05	3.03653e-05	
3.13143e-05	3.13143e-05	
3.24897e-05	3.24897e-05	
3.34612e-05	3.34612e-05	
3.44428e-05	3.44428e-05	
3.54033e-05	3.54033e-05	
3.60737e-05	3.60737e-05	
3.70847e-05	3.70847e-05	
3.77784e-05	3.77784e-05	
3.84278e-05	3.84278e-05	
3.90696e-05	3.90696e-05	
3.97462e-05	3.97462e-05	
4.03743e-05	4.03743e-05	
4.09959e-05	4.09959e-05	
4.16118e-05	4.16118e-05	
4.17705e-05	4.17705e-05	
4.25844e-05	4.25844e-05	
4.31852e-05	4.31852e-05	
4.32703e-05	4.32703e-05	
4.39231e-05	4.39231e-05	
4.45145e-05	4.45145e-05	
4.45269e-05	4.45269e-05	
4.51828e-05	4.51828e-05	
4.51477e-05	4.51477e-05	
4.5666e-05	4.5666e-05	
4.5585e-05	4.5585e-05	
4.62581e-05	4.62581e-05	
4.61322e-05	4.61322e-05	
4.67364e-05	4.67364e-05	
4.65671e-05	4.65671e-05	
4.63782e-05	4.63782e-05	
4.70974e-05	4.70974e-05	
4.68669e-05	4.68669e-05	
4.75118e-05	4.75118e-05	
4.72413e-05	4.72413e-05	
4.79089e-05	4.79089e-05	
4.75997e-05	4.75997e-05	
4.84072e-05	4.84072e-05	
4.80595e-05	4.80595e-05	
4.8904e-05	4.8904e-05	
4.95146e-05	4.95146e-05	
4.91078e-05	4.91078e-05	
4.98798e-05	4.98798e-05	
5.08023e-05	5.08023e-05	
5.03357e-05	5.03357e-05	
5.13065e-05	5.13065e-05	
5.19973e-05	5.19973e-05	
5.30083e-05	5.30083e-05	
5.40386e-05	5.40386e-05	
5.4763e-05	5.4763e-05	
5.58362e-05	5.58362e-05	
5.67577e-05	5.67577e-05	
5.78739e-05	5.78739e-05	
5.88291e-05	5.88291e-05	
5.98029e-05	5.98029e-05	
6.29062e-05	6.29062e-05	
6.36945e-05	6.36945e-05	
6.49043e-05	6.49043e-05	
6.80053e-05	6.80053e-05	
6.88092e-05	6.88092e-05	
7.22545e-05	7.22545e-05	
7.53008e-05	7.53008e-05	
7.86216e-05	7.86216e-05	
7.96312e-05	7.96312e-05	
8.30795e-05	8.30795e-05	
8.65747e-05	8.65747e-05	
9.2147e-05	9.2147e-05	
9.57051e-05	9.57051e-05	
0.000102506	0.000102506	
0.00010829	0.00010829	
0.000114698	0.000114698	
0.000121173	0.000121173	
0.000129765	0.000129765	
0.000136344	0.000136344	
0.000145135	0.000145135	
0.000154633	0.000154633	
0.000163895	0.000163895	
0.000173567	0.000173567	
0.000182988	0.000182988	
0.000192833	0.000192833	
0.000202412	0.000202412	
0.000212429	0.000212429	
0.000225081	0.000225081	
0.000238943	0.000238943	
0.000248714	0.000248714	
0.000269843	0.000269843	
0.000283538	0.000283538	
0.000297326	0.000297326	
0.000310793	0.000310793	
0.000328991	0.000328991	
0.000343418	0.000343418	
0.000362326	0.000362326	
0.000384465	0.000384465	
0.000402138	0.000402138	
0.000416186	0.000416186	
0.000438876	0.000438876	
0.000457792	0.000457792	
0.000480752	0.000480752	
0.000503808	0.000503808	
0.00052389	0.00052389	
0.000547202	0.000547202	
0.000566357	0.000566357	
0.000596995	0.000596995	
0.000620539	0.000620539	
0.000649802	0.000649802	
0.000684319	0.000684319	
0.000709572	0.000709572	
0.000733147	0.000733147	
0.000774963	0.000774963	
0.000804515	0.000804515	
0.000846064	0.000846064	
0.000883827	0.000883827	
0.000931388	0.000931388	
0.000965788	0.000965788	
0.00100834	0.00100834	
0.00107005	0.00107005	
0.00111714	0.00111714	
0.00116638	0.00116638	
0.00123289	0.00123289	
0.00128838	0.00128838	
0.00135798	0.00135798	
0.00141618	0.00141618	
0.00149203	0.00149203	
0.00156156	0.00156156	
0.00163735	0.00163735	
0.00171951	0.00171951	
0.00180478	0.00180478	
0.00192312	0.00192312	
0.0020301	0.0020301	
0.00211885	0.00211885	
0.00222663	0.00222663	
0.00234651	0.00234651	
0.00248754	0.00248754	
0.002608	0.002608	
0.00274757	0.00274757	
0.00288571	0.00288571	
0.00303962	0.00303962	
0.00318811	0.00318811	
0.00335375	0.00335375	
0.0035068	0.0035068	
0.00365933	0.00365933	
0.0038124	0.0038124	
0.0040014	0.0040014	
0.00418327	0.00418327	
0.00434944	0.00434944	
0.00454334	0.00454334	
0.00471876	0.00471876	
0.00494165	0.00494165	
0.00514648	0.00514648	
0.00537693	0.00537693	
0.00560867	0.00560867	
0.0058369	0.0058369	
0.00607366	0.00607366	
0.00632276	0.00632276	
0.00658299	0.00658299	
0.00687808	0.00687808	
0.00720567	0.00720567	
0.00750944	0.00750944	
0.00778425	0.00778425	
0.0081012	0.0081012	
0.00840972	0.00840972	
0.00872072	0.00872072	
0.00904788	0.00904788	
0.009358	0.009358	
0.00972979	0.00972979	
0.0100923	0.0100923	
0.0105493	0.0105493	
0.0109884	0.0109884	
0.0113772	0.0113772	
0.0117862	0.0117862	
0.0123232	0.0123232	
0.0128577	0.0128577	
0.0133289	0.0133289	
0.0138663	0.0138663	
0.0144779	0.0144779	
0.0150507	0.0150507	
0.0156272	0.0156272	
0.0161483	0.0161483	
0.0167781	0.0167781	
0.017503	0.017503	
0.0181891	0.0181891	
0.0188472	0.0188472	
0.0196548	0.0196548	
0.0204232	0.0204232	
0.0211203	0.0211203	
0.0220013	0.0220013	
0.0228745	0.0228745	
0.0237753	0.0237753	
0.0245776	0.0245776	
0.0255069	0.0255069	
0.0263353	0.0263353	
0.0272452	0.0272452	
0.0282379	0.0282379	
0.0291639	0.0291639	
0.0301004	0.0301004	
0.0312718	0.0312718	
0.0322771	0.0322771	
0.0333032	0.0333032	
0.0344176	0.0344176	
0.0355154	0.0355154	
0.0367845	0.0367845	
0.0379259	0.0379259	
0.0390024	0.0390024	
0.0403373	0.0403373	
0.0416927	0.0416927	
0.0429874	0.0429874	
0.044245	0.044245	
0.0454522	0.0454522	
0.046844	0.046844	
0.0483059	0.0483059	
0.049943	0.049943	
0.0512095	0.0512095	
0.0527254	0.0527254	
0.0542514	0.0542514	
0.0558506	0.0558506	
0.0571998	0.0571998	
0.0587933	0.0587933	
0.060305	0.060305	
0.0620894	0.0620894	
0.0636431	0.0636431	
0.0653532	0.0653532	
0.0671972	0.0671972	
0.0691338	0.0691338	
0.0709986	0.0709986	
0.0729389	0.0729389	
0.0749658	0.0749658	
0.0769495	0.0769495	
0.0789132	0.0789132	
0.0809583	0.0809583	
0.0830268	0.0830268	
0.0849955	0.0849955	
0.0870053	0.0870053	
0.0889011	0.0889011	
0.0910428	0.0910428	
0.0930357	0.0930357	
0.0952602	0.0952602	
0.0974998	0.0974998	
0.0996368	0.0996368	
0.101896	0.101896	
0.104281	0.104281	
0.106314	0.106314	
0.108778	0.108778	
0.111251	0.111251	
0.113617	0.113617	
0.115997	0.115997	
0.11823	0.11823	
0.120585	0.120585	
0.122966	0.122966	
0.125336	0.125336	
0.12754	0.12754	
0.130065	0.130065	
0.132486	0.132486	
0.135086	0.135086	
0.137685	0.137685	
0.140117	0.140117	
0.142879	0.142879	
0.145582	0.145582	
0.148545	0.148545	
0.151263	0.151263	
0.154348	0.154348	
0.157295	0.157295	
0.160697	0.160697	
0.163995	0.163995	
0.167474	0.167474	
0.170938	0.170938	
0.174457	0.174457	
0.178119	0.178119	
0.181814	0.181814	
0.185565	0.185565	
0.189738	0.189738	
0.193981	0.193981	
0.198339	0.198339	
0.202584	0.202584	
0.207138	0.207138	
0.211243	0.211243	
0.215714	0.215714	
0.220329	0.220329	
0.225041	0.225041	
0.229873	0.229873	
0.234766	0.234766	
0.239977	0.239977	
0.245175	0.245175	
0.250614	0.250614	
0.256343	0.256343	
0.262325	0.262325	
0.268117	0.268117	
0.274326	0.274326	
0.280336	0.280336	
0.28635	0.28635	
0.292651	0.292651	
0.2987	0.2987	
0.305219	0.305219	
0.311714	0.311714	
0.318088	0.318088	
0.324921	0.324921	
0.331248	0.331248	
0.338114	0.338114	
0.345259	0.345259	
0.352547	0.352547	
0.35989	0.35989	
0.367487	0.367487	
0.375197	0.375197	
0.382918	0.382918	
0.391149	0.391149	
0.399021	0.399021	
0.407215	0.407215	
0.415244	0.415244	
0.423533	0.423533	
0.431709	0.431709	
0.439844	0.439844	
0.44803	0.44803	
0.456665	0.456665	
0.46583	0.46583	
0.475126	0.475126	
0.484366	0.484366	
0.494079	0.494079	
0.50338	0.50338	
0.512634	0.512634	
0.521801	0.521801	
0.53117	0.53117	
0.540737	0.540737	
0.550396	0.550396	
0.560596	0.560596	
0.571092	0.571092	
0.581874	0.581874	
0.593007	0.593007	
0.603646	0.603646	
0.61392	0.61392	
0.624432	0.624432	
0.635109	0.635109	
0.646131	0.646131	
0.657773	0.657773	
0.669933	0.669933	
0.682339	0.682339	
0.695401	0.695401	
0.708159	0.708159	
0.721252	0.721252	
0.734268	0.734268	
0.748108	0.748108	
0.762584	0.762584	
0.778175	0.778175	
0.7947	0.7947	
0.811886	0.811886	
0.829643	0.829643	
0.847408	0.847408	
0.8655	0.8655	
0.883894	0.883894	
0.902183	0.902183	
0.921597	0.921597	
0.940974	0.940974	
0.960809	0.960809	
0.980251	0.980251	
0.999817	0.999817	
1.01875	1.01875	
1.0383	1.0383	
1.058	1.058	
1.07784	1.07784	
1.09807	1.09807	
1.11912	1.11912	
1.14014	1.14014	
1.16106	1.16106	
1.18216	1.18216	
1.20397	1.20397	
1.22522	1.22522	
1.24675	1.24675	
1.2693	1.2693	
1.29357	1.29357	
1.31905	1.31905	
1.34619	1.34619	
1.37337	1.37337	
1.40045	1.40045	
1.42743	1.42743	
1.45524	1.45524	
1.48344	1.48344	
1.51167	1.51167	
1.54099	1.54099	
1.57109	1.57109	
1.60251	1.60251	
1.63546	1.63546	
1.66969	1.66969	
1.70472	1.70472	
1.74055	1.74055	
1.77756	1.77756	
1.81355	1.81355	
1.84826	1.84826	
1.88212	1.88212	
1.91519	1.91519	
1.94965	1.94965	
1.98472	1.98472	
2.01993	2.01993	
2.05644	2.05644	
2.09333	2.09333	
2.12912	2.12912	
2.16387	2.16387	
2.19863	2.19863	
2.23395	2.23395	
2.27054	2.27054	
2.30722	2.30722	
2.34433	2.34433	
2.38037	2.38037	
2.41615	2.41615	
2.45124	2.45124	
2.48541	2.48541	
2.52066	2.52066	
2.55832	2.55832	
2.59687	2.59687	
2.63637	2.63637	
2.67621	2.67621	
2.71472	2.71472	
2.75368	2.75368	
2.79372	2.79372	
2.83505	2.83505	
2.87806	2.87806	
2.92406	2.92406	
2.97119	2.97119	
3.01864	3.01864	
3.06671	3.06671	
3.11569	3.11569	
3.16652	3.16652	
3.22111	3.22111	
3.27604	3.27604	
3.32809	3.32809	
3.37706	3.37706	
3.42442	3.42442	
3.47248	3.47248	
3.52297	3.52297	
3.57438	3.57438	
3.62466	3.62466	
3.67395	3.67395	
3.72399	3.72399	
3.77464	3.77464	
3.82657	3.82657	
3.87644	3.87644	
3.92457	3.92457	
3.97403	3.97403	
4.02554	4.02554	
4.08022	4.08022	
4.13575	4.13575	
4.19013	4.19013	
4.24538	4.24538	
4.30504	4.30504	
4.36717	4.36717	
4.43003	4.43003	
4.49106	4.49106	
4.55173	4.55173	
4.61621	4.61621	
4.6837	4.6837	
4.75255	4.75255	
4.81849	4.81849	
4.8816	4.8816	
4.94371	4.94371	
5.00716	5.00716	
5.06908	5.06908	
5.1288	5.1288	
5.18758	5.18758	
5.24636	5.24636	
5.30388	5.30388	
5.3576	5.3576	
5.41015	5.41015	
5.46369	5.46369	
5.51962	5.51962	
5.57613	5.57613	
5.63442	5.63442	
5.69552	5.69552	
5.76031	5.76031	
5.83031	5.83031	
5.90278	5.90278	
5.97948	5.97948	
6.05834	6.05834	
6.13887	6.13887	
6.22011	6.22011	
6.30147	6.30147	
6.38134	6.38134	
6.45939	6.45939	
6.53509	6.53509	
6.6098	6.6098	
6.68159	6.68159	
6.74972	6.74972	
6.81442	6.81442	
6.87617	6.87617	
6.93628	6.93628	
6.9967	6.9967	
7.0594	7.0594	
7.12479	7.12479	
7.19521	7.19521	
7.26978	7.26978	
7.3465	7.3465	
7.42713	7.42713	
7.51168	7.51168	
7.59763	7.59763	
7.68296	7.68296	
7.76596	7.76596	
7.84616	7.84616	
7.922	7.922	
7.99483	7.99483	
8.06426	8.06426	
8.1293	8.1293	
8.18919	8.18919	
8.24801	8.24801	
8.30529	8.30529	
8.36411	8.36411	
8.42683	8.42683	
8.49297	8.49297	
8.56062	8.56062	
8.63402	8.63402	
8.71288	8.71288	
8.79619	8.79619	
8.88053	8.88053	
8.96535	8.96535	
9.04506	9.04506	
9.12132	9.12132	
9.19359	9.19359	
9.26245	9.26245	
9.32817	9.32817	
9.39381	9.39381	
9.45984	9.45984	
9.52771	9.52771	
9.59898	9.59898	
9.67247	9.67247	
9.74703	9.74703	
9.82539	9.82539	
9.90558	9.90558	
9.98638	9.98638	
10.0652	10.0652	
10.1409	10.1409	
10.2116	10.2116	
10.2785	10.2785	
10.3417	10.3417	
10.4043	10.4043	
10.4703	10.4703	
10.539	10.539	
10.6119	10.6119	
10.6883	10.6883	
10.7665	10.7665	
10.845	10.845	
10.9256	10.9256	
11.004	11.004	
11.0776	11.0776	
11.1434	11.1434	
11.2019	11.2019	
11.2536	11.2536	
11.3015	11.3015	
11.3486	11.3486	
11.3995	11.3995	
11.4558	11.4558	
11.5203	11.5203	
11.5915	11.5915	
11.6685	11.6685	
11.7488	11.7488	
11.8287	11.8287	
11.9001	11.9001	
11.9629	11.9629	
12.0175	12.0175	
12.0639	12.0639	
12.1056	12.1056	
12.1474	12.1474	
12.1929	12.1929	
12.2472	12.2472	
12.3109	12.3109	
12.3825	12.3825	
12.4602	12.4602	
12.5421	12.5421	
12.6193	12.6193	
12.6881	12.6881	
12.7434	12.7434	
12.7875	12.7875	
12.8239	12.8239	
12.8569	12.8569	
12.8922	12.8922	
12.9359	12.9359	
12.9931	12.9931	
13.0619	13.0619	
13.1386	13.1386	
13.2171	13.2171	
13.2914	13.2914	
13.3538	13.3538	
13.3993	13.3993	
13.4271	13.4271	
13.4448	13.4448	
13.4574	13.4574	
13.4773	13.4773	
13.5103	13.5103	
13.5587	13.5587	
13.619	13.619	
13.6853	13.6853	
13.7469	13.7469	
13.7986	13.7986	
13.8356	13.8356	
13.8546	13.8546	
13.8622	13.8622	
13.8635	13.8635	
13.8702	13.8702	
13.8921	13.8921	
13.9318	13.9318	
13.984	13.984	
14.0419	14.0419	
14.0942	14.0942	
14.1351	14.1351	
14.1622	14.1622	
14.1764	14.1764	
14.1794	14.1794	
14.1776	14.1776	
14.1822	14.1822	
14.2011	14.2011	
14.2376	14.2376	
14.2853	14.2853	
14.3318	14.3318	
14.3692	14.3692	
14.3896	14.3896	
14.3932	14.3932	
14.3852	14.3852	
14.3742	14.3742	
14.3719	14.3719	
14.3841	14.3841	
14.4106	14.4106	
14.4437	14.4437	
14.4761	14.4761	
14.4994	14.4994	
14.5087	14.5087	
14.5035	14.5035	
14.4875	14.4875	
14.4677	14.4677	
14.4551	14.4551	
14.4571	14.4571	
14.4754	14.4754	
14.4985	14.4985	
14.5176	14.5176	
14.5242	14.5242	
14.5156	14.5156	
14.4915	14.4915	
14.4579	14.4579	
14.4278	14.4278	
14.4099	14.4099	
14.4087	14.4087	
14.4179	14.4179	
14.4266	14.4266	
14.4274	14.4274	
14.4144	14.4144	
14.3891	14.3891	
14.3561	14.3561	
14.323	14.323	
14.2996	14.2996	
14.2894	14.2894	
14.2869	14.2869	
14.2824	14.2824	
14.2682	14.2682	
14.2436	14.2436	
14.2086	14.2086	
14.1679	14.1679	
14.129	14.129	
14.0978	14.0978	
14.0781	14.0781	
14.0647	14.0647	
14.0523	14.0523	
14.0329	14.0329	
14.0015	14.0015	
13.9591	13.9591	
13.9091	13.9091	
13.8626	13.8626	
13.8258	13.8258	
13.8011	13.8011	
13.7811	13.7811	
13.7548	13.7548	
13.719	13.719	
13.6738	13.6738	
13.6195	13.6195	
13.5639	13.5639	
13.5169	13.5169	
13.4813	13.4813	
13.4532	13.4532	
13.4253	13.4253	
13.3886	13.3886	
13.3408	13.3408	
13.2821	13.2821	
13.2201	13.2201	
13.1614	13.1614	
13.1118	13.1118	
13.0732	13.0732	
13.0377	13.0377	
12.9964	12.9964	
12.9454	12.9454	
12.8852	12.8852	
12.8202	12.8202	
12.7574	12.7574	
12.703	12.703	
12.6556	12.6556	
12.6125	12.6125	
12.5666	12.5666	
12.5128	12.5128	
12.451	12.451	
12.3824	12.3824	
12.3137	12.3137	
12.25	12.25	
12.1964	12.1964	
12.1492	12.1492	
12.0995	12.0995	
12.0406	12.0406	
11.975	11.975	
11.9039	11.9039	
11.8331	11.8331	
11.7688	11.7688	
11.7117	11.7117	
11.659	11.659	
11.6066	11.6066	
11.5482	11.5482	
11.4821	11.4821	
11.4105	11.4105	
11.3363	11.3363	
11.2664	11.2664	
11.2039	11.2039	
11.148	11.148	
11.0919	11.0919	
11.0301	11.0301	
10.9616	10.9616	
10.8874	10.8874	
10.8106	10.8106	
10.7361	10.7361	
10.6687	10.6687	
10.6064	10.6064	
10.5455	10.5455	
10.4796	10.4796	
10.4075	10.4075	
10.3296	10.3296	
10.2473	10.2473	
10.1676	10.1676	
10.0941	10.0941	
10.0276	10.0276	
9.96434	9.96434	
9.89749	9.89749	
9.82408	9.82408	
9.74524	9.74524	
9.66235	9.66235	
9.58051	9.58051	
9.50418	9.50418	
9.43403	9.43403	
9.36733	9.36733	
9.2995	9.2995	
9.22664	9.22664	
9.14767	9.14767	
9.06372	9.06372	
8.97882	8.97882	
8.89822	8.89822	
8.82358	8.82358	
8.75426	8.75426	
8.68477	8.68477	
8.61047	8.61047	
8.53067	8.53067	
8.44603	8.44603	
8.35923	8.35923	
8.27502	8.27502	
8.19665	8.19665	
8.12307	8.12307	
8.05089	8.05089	
7.9762	7.9762	
7.89613	7.89613	
7.81115	7.81115	
7.72252	7.72252	
7.63344	7.63344	
7.54874	7.54874	
7.4697	7.4697	
7.39533	7.39533	
7.32083	7.32083	
7.24169	7.24169	
7.15694	7.15694	
7.06819	7.06819	
6.97765	6.97765	
6.88879	6.88879	
6.80434	6.80434	
6.72527	6.72527	
6.64905	6.64905	
6.57174	6.57174	
6.49003	6.49003	
6.40352	6.40352	
6.31402	6.31402	
6.22316	6.22316	
6.13461	6.13461	
6.05079	6.05079	
5.97158	5.97158	
5.89463	5.89463	
5.81667	5.81667	
5.7348	5.7348	
5.64847	5.64847	
5.55918	5.55918	
5.46976	5.46976	
5.38269	5.38269	
5.30039	5.30039	
5.22225	5.22225	
5.14632	5.14632	
5.07018	5.07018	
4.99096	4.99096	
4.90832	4.90832	
4.82371	4.82371	
4.73798	4.73798	
4.65394	4.65394	
4.57322	4.57322	
4.49646	4.49646	
4.42251	4.42251	
4.3491	4.3491	
4.2741	4.2741	
4.19598	4.19598	
4.11553	4.11553	
4.03407	4.03407	
3.95343	3.95343	
3.87559	3.87559	
3.80133	3.80133	
3.72986	3.72986	
3.66011	3.66011	
3.59033	3.59033	
3.51903	3.51903	
3.44585	3.44585	
3.37145	3.37145	
3.29675	3.29675	
3.22298	3.22298	
3.15177	3.15177	
3.08331	3.08331	
3.01735	3.01735	
2.95281	2.95281	
2.88809	2.88809	
2.82214	2.82214	
2.75472	2.75472	
2.68662	2.68662	
2.61879	2.61879	
2.55208	2.55208	
2.48719	2.48719	
2.42437	2.42437	
2.36353	2.36353	
2.30373	2.30373	
2.24422	2.24422	
2.1845	2.1845	
2.12421	2.12421	
2.0638	2.0638	
2.00368	2.00368	
1.94433	1.94433	
1.88613	1.88613	
1.82936	1.82936	
1.77396	1.77396	
1.71952	1.71952	
1.66563	1.66563	
1.61192	1.61192	
1.55828	1.55828	
1.50486	1.50486	
1.45204	1.45204	
1.40011	1.40011	
1.34918	1.34918	
1.29926	1.29926	
1.25017	1.25017	
1.20167	1.20167	
1.15347	1.15347	
1.10541	1.10541	
1.05746	1.05746	
1.00995	1.00995	
0.963254	0.963254	
0.917717	0.917717	
0.873557	0.873557	
0.830613	0.830613	
0.788612	0.788612	
0.747182	0.747182	
0.70609	0.70609	
0.664842	0.664842	
0.623301	0.623301	
0.581709	0.581709	
0.540309	0.540309	
0.499587	0.499587	
0.460011	0.460011	
0.42198	0.42198	
0.3857	0.3857	
0.351104	0.351104	
0.317656	0.317656	
0.28469	0.28469	
0.251675	0.251675	
0.218251	0.218251	
0.184289	0.184289	
0.149997	0.149997	
0.115836	0.115836	
0.0824865	0.0824865	
0.0502066	0.0502066	
0.0193058	0.0193058	
-0.010206	-0.010206	
-0.0385491	-0.0385491	
-0.0657519	-0.0657519	
-0.0920492	-0.0920492	
-0.117334	-0.117334	
-0.141937	-0.141937	
-0.166159	-0.166159	
-0.190382	-0.190382	
-0.214478	-0.214478	
-0.238264	-0.238264	
-0.261484	-0.261484	
-0.284274	-0.284274	
-0.306316	-0.306316	
-0.327436	-0.327436	
-0.347832	-0.347832	
-0.367635	-0.367635	
-0.387421	-0.387421	
-0.406472	-0.406472	
-0.4245	-0.4245	
-0.441731	-0.441731	
-0.458098	-0.458098	
-0.473299	-0.473299	
-0.487576	-0.487576	
-0.501201	-0.501201	
-0.514425	-0.514425	
-0.52735	-0.52735	
-0.539894	-0.539894	
-0.551791	-0.551791	
-0.562956	-0.562956	
-0.573546	-0.573546	
-0.583621	-0.583621	
-0.593376	-0.593376	
-0.60263	-0.60263	
-0.611735	-0.611735	
-0.62084	-0.62084	
-0.630104	-0.630104	
-0.639588	-0.639588	
-0.648434	-0.648434	
-0.65635	-0.65635	
-0.66364	-0.66364	
-0.669654	-0.669654	
-0.674892	-0.674892	
-0.679151	-0.679151	
-0.682046	-0.682046	
-0.684014	-0.684014	
-0.685275	-0.685275	
-0.686084	-0.686084	
-0.686435	-0.686435	
-0.685634	-0.685634	
-0.684345	-0.684345	
-0.682811	-0.682811	
-0.680924	-0.680924	
-0.67886	-0.67886	
-0.676985	-0.676985	
-0.675516	-0.675516	
-0.674775	-0.674775	
-0.674825	-0.674825	
-0.674965	-0.674965	
-0.675139	-0.675139	
-0.675005	-0.675005	
-0.67462	-0.67462	
-0.674121	-0.674121	
-0.673052	-0.673052	
-0.671681	-0.671681	
-0.669383	-0.669383	
-0.66649	-0.66649	
-0.662766	-0.662766	
-0.657303	-0.657303	
-0.650539	-0.650539	
-0.642842	-0.642842	
-0.634763	-0.634763	
-0.625938	-0.625938	
-0.616743	-0.616743	
-0.607297	-0.607297	
-0.597975	-0.597975	
-0.588312	-0.588312	
-0.578235	-0.578235	
-0.56787	-0.56787	
-0.557469	-0.557469	
-0.547707	-0.547707	
-0.538713	-0.538713	
-0.530015	-0.530015	
-0.521027	-0.521027	
-0.511607	-0.511607	
-0.501987	-0.501987	
-0.492267	-0.492267	
-0.482584	-0.482584	
-0.473078	-0.473078	
-0.463164	-0.463164	
-0.452554	-0.452554	
-0.441715	-0.441715	
-0.43036	-0.43036	
-0.418368	-0.418368	
-0.40656	-0.40656	
-0.394582	-0.394582	
-0.382496	-0.382496	
-0.37053	-0.37053	
-0.358378	-0.358378	
-0.346579	-0.346579	
-0.334899	-0.334899	
-0.323107	-0.323107	
-0.311287	-0.311287	
-0.299524	-0.299524	
-0.28744	-0.28744	
-0.275091	-0.275091	
-0.26277	-0.26277	
-0.250304	-0.250304	
-0.237877	-0.237877	
-0.225561	-0.225561	
-0.213332	-0.213332	
-0.201144	-0.201144	
-0.189281	-0.189281	
-0.177506	-0.177506	
-0.165922	-0.165922	
-0.154569	-0.154569	
-0.143179	-0.143179	
-0.131816	-0.131816	
-0.120765	-0.120765	
-0.109882	-0.109882	
-0.0991351	-0.0991351	
-0.0886059	-0.0886059	
-0.0781611	-0.0781611	
-0.0680421	-0.0680421	
-0.0580169	-0.0580169	
-0.0479789	-0.0479789	
-0.0381498	-0.0381498	
-0.0283897	-0.0283897	
-0.0191625	-0.0191625	
-0.00979174	-0.00979174	
-0.000859828	-0.000859828	
0.007883	0.007883	
0.0161952	0.0161952	
0.0240294	0.0240294	
0.031605	0.031605	
0.0384259	0.0384259	
0.0448632	0.0448632	
0.0509139	0.0509139	
0.0564882	0.0564882	
0.061472	0.061472	
0.0661894	0.0661894	
0.0705961	0.0705961	
0.0747476	0.0747476	
0.078966	0.078966	
0.0831409	0.0831409	
0.0870067	0.0870067	
0.0907792	0.0907792	
0.0945675	0.0945675	
0.0981401	0.0981401	
0.101502	0.101502	
0.105179	0.105179	
0.108705	0.108705	
0.112186	0.112186	
0.115459	0.115459	
0.11835	0.11835	
0.121128	0.121128	
0.123658	0.123658	
0.126017	0.126017	
0.127944	0.127944	
0.129779	0.129779	
0.131022	0.131022	
0.132	0.132	
0.132651	0.132651	
0.133213	0.133213	
0.133874	0.133874	
0.134274	0.134274	
0.134771	0.134771	
0.135366	0.135366	
0.135926	0.135926	
0.136686	0.136686	
0.137721	0.137721	
0.13862	0.13862	
0.139626	0.139626	
0.14059	0.14059	
0.141596	0.141596	
0.142557	0.142557	
0.143569	0.143569	
0.144365	0.144365	
0.144837	0.144837	
0.145324	0.145324	
0.145554	0.145554	
0.145932	0.145932	
0.146283	0.146283	
0.14649	0.14649	
0.146678	0.146678	
0.146748	0.146748	
0.146961	0.146961	
0.147094	0.147094	
0.147005	0.147005	
0.146952	0.146952	
0.146779	0.146779	
0.146818	0.146818	
0.146844	0.146844	
0.146857	0.146857	
0.1468	0.1468	
0.146779	0.146779	
0.146808	0.146808	
0.146974	0.146974	
0.147071	0.147071	
0.147201	0.147201	
0.147204	0.147204	
0.147344	0.147344	
0.147431	0.147431	
0.147387	0.147387	
0.147427	0.147427	
0.147086	0.147086	
0.146801	0.146801	
0.146521	0.146521	
0.14618	0.14618	
0.145891	0.145891	
0.145439	0.145439	
0.144944	0.144944	
0.144517	0.144517	
0.14383	0.14383	
0.143364	0.143364	
0.142852	0.142852	
0.142201	0.142201	
0.14161	0.14161	
0.141134	0.141134	
0.140512	0.140512	
0.139908	0.139908	
0.139362	0.139362	
0.138628	0.138628	
0.137963	0.137963	
0.13711	0.13711	
0.136383	0.136383	
0.135764	0.135764	
0.134968	0.134968	
0.134353	0.134353	
0.133647	0.133647	
0.13267	0.13267	
0.131722	0.131722	
0.13086	0.13086	
0.129821	0.129821	
0.128823	0.128823	
0.127794	0.127794	
0.126853	0.126853	
0.125887	0.125887	
0.1248	0.1248	
0.123842	0.123842	
0.122726	0.122726	
0.121886	0.121886	
0.121023	0.121023	
0.120092	0.120092	
0.119042	0.119042	
0.117931	0.117931	
0.116957	0.116957	
0.115823	0.115823	
0.11487	0.11487	
0.113906	0.113906	
0.113116	0.113116	
0.112106	0.112106	
0.111274	0.111274	
0.110276	0.110276	
0.109362	0.109362	
0.108192	0.108192	
0.107213	0.107213	
0.106109	0.106109	
0.105153	0.105153	
0.10399	0.10399	
0.102912	0.102912	
0.101823	0.101823	
0.100726	0.100726	
0.0994749	0.0994749	
0.0980815	0.0980815	
0.0970295	0.0970295	
0.0958227	0.0958227	
0.0948025	0.0948025	
0.0935816	0.0935816	
0.09245	0.09245	
0.0914589	0.0914589	
0.0904095	0.0904095	
0.0894895	0.0894895	
0.0885653	0.0885653	
0.0876166	0.0876166	
0.0869442	0.0869442	
0.0862974	0.0862974	
0.0857729	0.0857729	
0.0850764	0.0850764	
0.0844674	0.0844674	
0.083912	0.083912	
0.08328	0.08328	
0.0827627	0.0827627	
0.0820718	0.0820718	
0.0813094	0.0813094	
0.0806578	0.0806578	
0.0798457	0.0798457	
0.079201	0.079201	
0.0784343	0.0784343	
0.0776514	0.0776514	
0.0770396	0.0770396	
0.0763493	0.0763493	
0.0755999	0.0755999	
0.0749626	0.0749626	
0.0742109	0.0742109	
0.0735781	0.0735781	
0.0729296	0.0729296	
0.0722949	0.0722949	
0.0717389	0.0717389	
0.0711678	0.0711678	
0.0705234	0.0705234	
0.0700058	0.0700058	
0.0694577	0.0694577	
0.0688344	0.0688344	
0.0682819	0.0682819	
0.0675571	0.0675571	
0.0668174	0.0668174	
0.0659069	0.0659069	
0.0652063	0.0652063	
0.064353	0.064353	
0.0634333	0.0634333	
0.0625878	0.0625878	
0.0617794	0.0617794	
0.0608606	0.0608606	
0.0600089	0.0600089	
0.0592479	0.0592479	
0.0586591	0.0586591	
0.0578515	0.0578515	
0.0571793	0.0571793	
0.0564762	0.0564762	
0.0560006	0.0560006	
0.0553106	0.0553106	
0.0547386	0.0547386	
0.0540986	0.0540986	
0.0535267	0.0535267	
0.0529341	0.0529341	
0.0522647	0.0522647	
0.0514741	0.0514741	
0.0507133	0.0507133	
0.0500172	0.0500172	
0.049208	0.049208	
0.0484744	0.0484744	
0.0477123	0.0477123	
0.0468025	0.0468025	
0.0460558	0.0460558	
0.04534	0.04534	
0.0444612	0.0444612	
0.0437105	0.0437105	
0.0429984	0.0429984	
0.0423009	0.0423009	
0.0415515	0.0415515	
0.0409574	0.0409574	
0.0403491	0.0403491	
0.0395727	0.0395727	
0.038834	0.038834	
0.0381644	0.0381644	
0.0374779	0.0374779	
0.0366721	0.0366721	
0.0359234	0.0359234	
0.0352219	0.0352219	
0.0344406	0.0344406	
0.0335946	0.0335946	
0.0327756	0.0327756	
0.0318891	0.0318891	
0.0311382	0.0311382	
0.0303221	0.0303221	
0.0296304	0.0296304	
0.0288689	0.0288689	
0.0281316	0.0281316	
0.0274725	0.0274725	
0.0267878	0.0267878	
0.0260857	0.0260857	
0.0255036	0.0255036	
0.0249405	0.0249405	
0.0244015	0.0244015	
0.0238331	0.0238331	
0.0232881	0.0232881	
0.022709	0.022709	
0.0221107	0.0221107	
0.021532	0.021532	
0.0209731	0.0209731	
0.0204881	0.0204881	
0.019875	0.019875	
0.019329	0.019329	
0.0188049	0.0188049	
0.0182968	0.0182968	
0.0177623	0.0177623	
0.0172558	0.0172558	
0.0167565	0.0167565	
0.0163324	0.0163324	
0.0159232	0.0159232	
0.0155272	0.0155272	
0.0151985	0.0151985	
0.0148312	0.0148312	
0.0144774	0.0144774	
0.0142002	0.0142002	
0.0138758	0.0138758	
0.0135571	0.0135571	
0.0133176	0.0133176	
0.0130305	0.0130305	
0.0127464	0.0127464	
0.0124854	0.0124854	
0.0122204	0.0122204	
0.0119769	0.0119769	
0.0116846	0.0116846	
0.0114636	0.0114636	
0.011237	0.011237	
0.0109728	0.0109728	
0.010669	0.010669	
0.0104778	0.0104778	
0.0102456	0.0102456	
0.0100663	0.0100663	
0.00984684	0.00984684	
0.0096951	0.0096951	
0.00953702	0.00953702	
0.00945513	0.00945513	
0.00936972	0.00936972	
0.00928771	0.00928771	
0.0092108	0.0092108	
0.00914681	0.00914681	
0.00908659	0.00908659	
0.00896408	0.00896408	
0.0088579	0.0088579	
0.0087033	0.0087033	
0.00859556	0.00859556	
0.00845672	0.00845672	
0.00835923	0.00835923	
0.00816558	0.00816558	
0.00801543	0.00801543	
0.00788523	0.00788523	
0.00774856	0.00774856	
0.0076262	0.0076262	
0.00754678	0.00754678	
0.00742683	0.00742683	
0.00736946	0.00736946	
0.00730328	0.00730328	
0.00725148	0.00725148	
0.00720115	0.00720115	
0.00716349	0.00716349	
0.00717071	0.00717071	
0.00712642	0.00712642	
0.00713292	0.00713292	
0.00710019	0.00710019	
0.00700661	0.00700661	
0.00696781	0.00696781	
0.00687508	0.00687508	
0.00684147	0.00684147	
0.00679676	0.00679676	
0.0067021	0.0067021	
0.00662111	0.00662111	
0.00647888	0.00647888	
0.00639918	0.00639918	
0.00631475	0.00631475	
0.00629221	0.00629221	
0.00621593	0.00621593	
0.00624999	0.00624999	
0.00622949	0.00622949	
0.00620867	0.00620867	
0.0061938	0.0061938	
0.00622868	0.00622868	
0.0062636	0.0062636	
0.00624324	0.00624324	
0.0062218	0.0062218	
0.00619868	0.00619868	
0.00618173	0.00618173	
0.00617441	0.00617441	
0.00615611	0.00615611	
0.00614243	0.00614243	
0.0061243	0.0061243	
0.00605569	0.00605569	
0.00598849	0.00598849	
0.00592778	0.00592778	
0.0058656	0.0058656	
0.00579506	0.00579506	
0.00581016	0.00581016	
0.00580469	0.00580469	
0.00580692	0.00580692	
0.00580385	0.00580385	
0.00585778	0.00585778	
0.00590916	0.00590916	
0.0059013	0.0059013	
0.00600552	0.00600552	
0.00605169	0.00605169	
0.00615051	0.00615051	
0.00619079	0.00619079	
0.00628463	0.00628463	
0.0063717	0.0063717	
0.00641311	0.00641311	
0.00643927	0.00643927	
0.00652428	0.00652428	
0.00661999	0.00661999	
0.0066412	0.0066412	
0.00677622	0.00677622	
0.0068503	0.0068503	
0.00698538	0.00698538	
0.00710694	0.00710694	
0.00716688	0.00716688	
0.00727733	0.00727733	
0.00745091	0.00745091	
0.00755485	0.00755485	
0.00776471	0.00776471	
0.00797584	0.00797584	
0.00822456	0.00822456	
0.0084743	0.0084743	
0.00870094	0.00870094	
0.00887755	0.00887755	
0.00910206	0.00910206	
0.00931952	0.00931952	
0.00958211	0.00958211	
0.00989129	0.00989129	
0.0100794	0.0100794	
0.0102553	0.0102553	
0.0104298	0.0104298	
0.0105993	0.0105993	
0.0108142	0.0108142	
0.0110755	0.0110755	
0.0113296	0.0113296	
0.0115154	0.0115154	
0.0116948	0.0116948	
0.0119761	0.0119761	
0.0123038	0.0123038	
0.0125512	0.0125512	
0.0128009	0.0128009	
0.0130436	0.0130436	
0.0133214	0.0133214	
0.0137003	0.0137003	
0.0140736	0.0140736	
0.014382	0.014382	
0.0147846	0.0147846	
0.0152293	0.0152293	
0.0156638	0.0156638	
0.0159653	0.0159653	
0.0162623	0.0162623	
0.0166478	0.0166478	
0.0169723	0.0169723	
0.017267	0.017267	
0.0176758	0.0176758	
0.018104	0.018104	
0.0184671	0.0184671	
0.0188688	0.0188688	
0.0193595	0.0193595	
0.0197797	0.0197797	
0.0202225	0.0202225	
0.0208112	0.0208112	
0.0212251	0.0212251	
0.0215554	0.0215554	
0.0218783	0.0218783	
0.0220182	0.0220182	
0.0222755	0.0222755	
0.0226184	0.0226184	
0.0227858	0.0227858	
0.0229046	0.0229046	
0.023113	0.023113	
0.0233267	0.0233267	
0.0234636	0.0234636	
0.0237591	0.0237591	
0.0239949	0.0239949	
0.0240535	0.0240535	
0.0241609	0.0241609	
0.0242637	0.0242637	
0.0243093	0.0243093	
0.0244075	0.0244075	
0.0245484	0.0245484	
0.0245817	0.0245817	
0.0245189	0.0245189	
0.0246054	0.0246054	
0.024638	0.024638	
0.0245042	0.0245042	
0.0244426	0.0244426	
0.0244255	0.0244255	
0.02435	0.02435	
0.0241872	0.0241872	
0.0239138	0.0239138	
0.0238087	0.0238087	
0.0237024	0.0237024	
0.0234447	0.0234447	
0.0232501	0.0232501	
0.0230642	0.0230642	
0.0229366	0.0229366	
0.0228125	0.0228125	
0.0227482	0.0227482	
0.0225797	0.0225797	
0.0224727	0.0224727	
0.0223683	0.0223683	
0.022219	0.022219	
0.0219595	0.0219595	
0.0217676	0.0217676	
0.0216374	0.0216374	
0.0215146	0.0215146	
0.0213351	0.0213351	
0.0211828	0.0211828	
0.0209652	0.0209652	
0.0208269	0.0208269	
0.0207801	0.0207801	
0.0207003	0.0207003	
0.0205194	0.0205194	
0.0204066	0.0204066	
0.0203929	0.0203929	
0.0203449	0.0203449	
0.0203257	0.0203257	
0.0202101	0.0202101	
0.0200994	0.0200994	
0.0200274	0.0200274	
0.0200307	0.0200307	
0.0200311	0.0200311	
0.0199223	0.0199223	
0.0198208	0.0198208	
0.0198282	0.0198282	
0.0198903	0.0198903	
0.0198822	0.0198822	
0.019779	0.019779	
0.0197385	0.0197385	
0.0197018	0.0197018	
0.0197708	0.0197708	
0.019792	0.019792	
0.0197563	0.0197563	
0.0197244	0.0197244	
0.0197456	0.0197456	
0.0198147	0.0198147	
0.0197799	0.0197799	
0.0197044	0.0197044	
0.0196736	0.0196736	
0.0197604	0.0197604	
0.0197677	0.0197677	
0.0197856	0.0197856	
0.0197514	0.0197514	
0.0197571	0.0197571	
0.0198276	0.0198276	
0.0198325	0.0198325	
0.0197957	0.0197957	
0.0197607	0.0197607	
0.0197656	0.0197656	
0.0197816	0.0197816	
0.0197976	0.0197976	
0.019761	0.019761	
0.019776	0.019776	
0.0198971	0.0198971	
0.0199608	0.0199608	
0.0199151	0.0199151	
0.0198715	0.0198715	
0.0198686	0.0198686	
0.0198803	0.0198803	
0.0198231	0.0198231	
0.0197295	0.0197295	
0.0196679	0.0196679	
0.0196313	0.0196313	
0.0196381	0.0196381	
0.0195261	0.0195261	
0.0193109	0.0193109	
0.0191716	0.0191716	
0.0190772	0.0190772	
0.0189967	0.0189967	
0.0189099	0.0189099	
0.0187718	0.0187718	
0.0185434	0.0185434	
0.018369	0.018369	
0.0182099	0.0182099	
0.0180451	0.0180451	
0.0179009	0.0179009	
0.0176424	0.0176424	
0.0174069	0.0174069	
0.017114	0.017114	
0.0169001	0.0169001	
0.0166787	0.0166787	
0.0164755	0.0164755	
0.0162776	0.0162776	
0.0160207	0.0160207	
0.0157346	0.0157346	
0.0154549	0.0154549	
0.0151304	0.0151304	
0.0148204	0.0148204	
0.0145222	0.0145222	
0.0142309	0.0142309	
0.0139051	0.0139051	
0.0136374	0.0136374	
0.013282	0.013282	
0.0129846	0.0129846	
0.0127092	0.0127092	
0.0123927	0.0123927	
0.012079	0.012079	
0.0118272	0.0118272	
0.0114885	0.0114885	
0.0112068	0.0112068	
0.0108906	0.0108906	
0.0106363	0.0106363	
0.0103386	0.0103386	
0.00999693	0.00999693	
0.00973684	0.00973684	
0.00947476	0.00947476	
0.0091667	0.0091667	
0.00892322	0.00892322	
0.008705	0.008705	
0.00848236	0.00848236	
0.00821088	0.00821088	
0.00801053	0.00801053	
0.00776709	0.00776709	
0.00752947	0.00752947	
0.00729228	0.00729228	
0.00708549	0.00708549	
0.00687531	0.00687531	
0.00667444	0.00667444	
0.00648053	0.00648053	
0.00629269	0.00629269	
0.00611474	0.00611474	
0.00594092	0.00594092	
0.00577583	0.00577583	
0.0056156	0.0056156	
0.00551678	0.00551678	
0.00531893	0.00531893	
0.00518093	0.00518093	
0.00509276	0.00509276	
0.00499958	0.00499958	
0.00488216	0.00488216	
0.00480612	0.00480612	
0.0047278	0.0047278	
0.00465834	0.00465834	
0.00464174	0.00464174	
0.00459113	0.00459113	
0.00459121	0.00459121	
0.00452379	0.00452379	
0.00452853	0.00452853	
0.0044661	0.0044661	
0.00447118	0.00447118	
0.00447599	0.00447599	
0.00442653	0.00442653	
0.0044331	0.0044331	
0.0044387	0.0044387	
0.00439134	0.00439134	
0.00438655	0.00438655	
0.00432907	0.00432907	
0.00433956	0.00433956	
0.0043375	0.0043375	
0.00433555	0.00433555	
0.00433368	0.00433368	
0.00433122	0.00433122	
0.00432956	0.00432956	
0.00432798	0.00432798	
0.00432514	0.00432514	
0.00432441	0.00432441	
0.00432307	0.00432307	
0.00433395	0.00433395	
0.00438596	0.00438596	
0.00438231	0.00438231	
0.00437748	0.00437748	
0.00431979	0.00431979	
0.00431873	0.00431873	
0.00431708	0.00431708	
0.00431808	0.00431808	
0.00427285	0.00427285	
0.00427237	0.00427237	
0.00421876	0.00421876	
0.00416722	0.00416722	
0.00417214	0.00417214	
0.00412241	0.00412241	
0.00407201	0.00407201	
0.00402678	0.00402678	
0.00398266	0.00398266	
0.0039533	0.0039533	
0.0039175	0.0039175	
0.00381631	0.00381631	
0.00378574	0.00378574	
0.00368905	0.00368905	
0.00365449	0.00365449	
0.00357297	0.00357297	
0.00348826	0.00348826	
0.00340897	0.00340897	
0.00339152	0.00339152	
0.00331377	0.00331377	
0.00324666	0.00324666	
0.00312997	0.00312997	
0.00306507	0.00306507	
0.00300399	0.00300399	
0.00294262	0.00294262	
0.0028856	0.0028856	
0.00277534	0.00277534	
0.00272408	0.00272408	
0.00267902	0.00267902	
0.00257172	0.00257172	
0.00252893	0.00252893	
0.0024372	0.0024372	
0.00240766	0.00240766	
0.00232115	0.00232115	
0.00223243	0.00223243	
0.00221363	0.00221363	
0.00212902	0.00212902	
0.00206069	0.00206069	
0.00197697	0.00197697	
0.00197623	0.00197623	
0.00189584	0.00189584	
0.0018282	0.0018282	
0.0018222	0.0018222	
0.00175672	0.00175672	
0.00174327	0.00174327	
0.00168472	0.00168472	
0.0016245	0.0016245	
0.00161944	0.00161944	
0.00155751	0.00155751	
0.00155373	0.00155373	
0.00149431	0.00149431	
0.00149031	0.00149031	
0.00149044	0.00149044	
0.00143343	0.00143343	
0.00143244	0.00143244	
0.00144453	0.00144453	
0.00144575	0.00144575	
0.00144631	0.00144631	
0.00144686	0.00144686	
0.00145981	0.00145981	
0.00151374	0.00151374	
0.00152407	0.00152407	
0.00157687	0.00157687	
0.00164266	0.00164266	
0.00168629	0.00168629	
0.00173425	0.00173425	
0.00179268	0.00179268	
0.001847	0.001847	
0.0018855	0.0018855	
0.00194081	0.00194081	
0.00197993	0.00197993	
0.00208348	0.00208348	
0.00211357	0.00211357	
0.00214383	0.00214383	
0.00224337	0.00224337	
0.002268	0.002268	
0.00234695	0.00234695	
0.00242216	0.00242216	
0.00249518	0.00249518	
0.00263351	0.00263351	
0.00269971	0.00269971	
0.00281527	0.00281527	
0.00294544	0.00294544	
0.00305283	0.00305283	
0.00315803	0.00315803	
0.00327158	0.00327158	
0.0033794	0.0033794	
0.00352585	0.00352585	
0.00355764	0.00355764	
0.00370961	0.00370961	
0.00384457	0.00384457	
0.00392279	0.00392279	
0.00405825	0.00405825	
0.00412684	0.00412684	
0.00419861	0.00419861	
0.00431326	0.00431326	
0.00436901	0.00436901	
0.00449213	0.00449213	
0.00459666	0.00459666	
0.00469647	0.00469647	
0.00474843	0.00474843	
0.00484788	0.00484788	
0.00493298	0.00493298	
0.00503336	0.00503336	
0.00511548	0.00511548	
0.00525835	0.00525835	
0.00534538	0.00534538	
0.00541527	0.00541527	
0.00549627	0.00549627	
0.00556457	0.00556457	
0.00563599	0.00563599	
0.00569584	0.00569584	
0.00569714	0.00569714	
0.00576629	0.00576629	
0.00576546	0.00576546	
0.00576333	0.00576333	
0.00576391	0.00576391	
0.00576309	0.00576309	
0.00577478	0.00577478	
0.00577419	0.00577419	
0.00571673	0.00571673	
0.00571833	0.00571833	
0.00566363	0.00566363	
0.00567759	0.00567759	
0.00562508	0.00562508	
0.00551847	0.00551847	
0.00552828	0.00552828	
0.00542732	0.00542732	
0.00539763	0.00539763	
0.00535453	0.00535453	
0.00532621	0.00532621	
0.0052455	0.0052455	
0.00515473	0.00515473	
0.00512231	0.00512231	
0.00505497	0.00505497	
0.00490895	0.00490895	
0.00483616	0.00483616	
0.00475604	0.00475604	
0.00468716	0.00468716	
0.00455921	0.00455921	
0.0044979	0.0044979	
0.00437721	0.00437721	
0.00433805	0.00433805	
0.0042279	0.0042279	
0.00417226	0.00417226	
0.00406848	0.00406848	
0.00396933	0.00396933	
0.00387068	0.00387068	
0.00383208	0.00383208	
0.00373941	0.00373941	
0.00365088	0.00365088	
0.0035627	0.0035627	
0.00347901	0.00347901	
0.00340822	0.00340822	
0.0033261	0.0033261	
0.00331418	0.00331418	
0.00323691	0.00323691	
0.00324081	0.00324081	
0.00321475	0.00321475	
0.00315676	0.00315676	
0.00314627	0.00314627	
0.00308122	0.00308122	
0.00302062	0.00302062	
0.00301211	0.00301211	
0.00295215	0.00295215	
0.00294952	0.00294952	
0.00290525	0.00290525	
0.00290312	0.00290312	
0.00290042	0.00290042	
0.00290108	0.00290108	
0.0028998	0.0028998	
0.00291228	0.00291228	
0.00296482	0.00296482	
0.0029067	0.0029067	
0.00290382	0.00290382	
0.00290431	0.00290431	
0.00290346	0.00290346	
0.00290004	0.00290004	
0.00290136	0.00290136	
0.00295361	0.00295361	
0.00295083	0.00295083	
0.00294886	0.00294886	
0.00299989	0.00299989	
0.00300854	0.00300854	
0.00305925	0.00305925	
0.00310734	0.00310734	
0.00315911	0.00315911	
0.00319638	0.00319638	
0.00324107	0.00324107	
0.00327939	0.00327939	
0.00337382	0.00337382	
0.00340763	0.00340763	
0.00349963	0.00349963	
0.00352788	0.00352788	
0.00357147	0.00357147	
0.00359893	0.00359893	
0.00368076	0.00368076	
0.00370525	0.00370525	
0.00368651	0.00368651	
0.0036498	0.0036498	
0.00367407	0.00367407	
0.00370993	0.00370993	
0.00367707	0.00367707	
0.00370354	0.00370354	
0.00373	0.00373	
0.00369205	0.00369205	
0.00371263	0.00371263	
0.00369772	0.00369772	
0.00371507	0.00371507	
0.00374229	0.00374229	
0.00370574	0.00370574	
0.00367791	0.00367791	
0.003694	0.003694	
0.00366225	0.00366225	
0.00363107	0.00363107	
0.00360801	0.00360801	
0.00357261	0.00357261	
0.00349902	0.00349902	
0.00346521	0.00346521	
0.00338744	0.00338744	
0.00332728	0.00332728	
0.00319944	0.00319944	
0.00313131	0.00313131	
0.00306444	0.00306444	
0.00294669	0.00294669	
0.00285226	0.00285226	
0.00274266	0.00274266	
0.00263097	0.00263097	
0.00253617	0.00253617	
0.00243872	0.00243872	
0.002345	0.002345	
0.00219574	0.00219574	
0.00213015	0.00213015	
0.00204829	0.00204829	
0.00196327	0.00196327	
0.00183429	0.00183429	
0.00176873	0.00176873	
0.00169582	0.00169582	
0.00158073	0.00158073	
0.00151302	0.00151302	
0.00147432	0.00147432	
0.00141135	0.00141135	
0.00135489	0.00135489	
0.00130503	0.00130503	
0.00126117	0.00126117	
0.00120639	0.00120639	
0.00117882	0.00117882	
0.0011272	0.0011272	
0.00109018	0.00109018	
0.00104196	0.00104196	
0.00100822	0.00100822	
0.000969469	0.000969469	
0.000932203	0.000932203	
0.000896369	0.000896369	
0.000917482	0.000917482	
0.000882212	0.000882212	
0.000848298	0.000848298	
0.000815688	0.000815688	
0.00078433	0.00078433	
0.000809168	0.000809168	
0.000784236	0.000784236	
0.000761054	0.000761054	
0.000786137	0.000786137	
0.00081149	0.00081149	
0.000780291	0.000780291	
0.000804628	0.000804628	
0.000773693	0.000773693	
0.000797568	0.000797568	
0.000823838	0.000823838	
0.000845126	0.000845126	
0.000869559	0.000869559	
0.000893048	0.000893048	
0.000858711	0.000858711	
0.000879299	0.000879299	
0.000900456	0.000900456	
0.000921382	0.000921382	
0.000885954	0.000885954	
0.000905548	0.000905548	
0.000926923	0.000926923	
0.000945584	0.000945584	
0.000966775	0.000966775	
0.00103546	0.00103546	
0.00105253	0.00105253	
0.0011225	0.0011225	
0.00113361	0.00113361	
0.00119978	0.00119978	
0.00126404	0.00126404	
0.00132582	0.00132582	
0.00139846	0.00139846	
0.00150859	0.00150859	
0.00154758	0.00154758	
0.00160355	0.00160355	
0.00165993	0.00165993	
0.00170125	0.00170125	
0.00174857	0.00174857	
0.00184255	0.00184255	
0.00182429	0.00182429	
0.00192126	0.00192126	
0.00196069	0.00196069	
0.00199163	0.00199163	
0.00201977	0.00201977	
0.00210457	0.00210457	
0.0020907	0.0020907	
0.00216921	0.00216921	
0.00225056	0.00225056	
0.00227144	0.00227144	
0.00229409	0.00229409	
0.00237184	0.00237184	
0.00239059	0.00239059	
0.00240795	0.00240795	
0.00242851	0.00242851	
0.00250026	0.00250026	
0.00250889	0.00250889	
0.00252738	0.00252738	
0.00242831	0.00242831	
0.00244414	0.00244414	
0.00251075	0.00251075	
0.00252912	0.00252912	
0.00242933	0.00242933	
0.00245006	0.00245006	
0.00240806	0.00240806	
0.0023687	0.0023687	
0.00240068	0.00240068	
0.00236231	0.00236231	
0.0023806	0.0023806	
0.00235056	0.00235056	
0.002311	0.002311	
0.00227607	0.00227607	
0.00224177	0.00224177	
0.00221577	0.00221577	
0.00212622	0.00212622	
0.00210337	0.00210337	
0.00207332	0.00207332	
0.00199791	0.00199791	
0.00191673	0.00191673	
0.00190195	0.00190195	
0.00182447	0.00182447	
0.0017543	0.0017543	
0.00173943	0.00173943	
0.00167686	0.00167686	
0.00160803	0.00160803	
0.00155052	0.00155052	
0.00148655	0.00148655	
0.00143371	0.00143371	
0.00137857	0.00137857	
0.00132121	0.00132121	
0.00127473	0.00127473	
0.00122137	0.00122137	
0.00117439	0.00117439	
0.00112922	0.00112922	
0.00108579	0.00108579	
0.00104403	0.00104403	
0.00100388	0.00100388	
0.000965265	0.000965265	
0.000932473	0.000932473	
0.000949517	0.000949517	
0.00091733	0.00091733	
0.000877715	0.000877715	
0.000843957	0.000843957	
0.000811497	0.000811497	
0.000784618	0.000784618	
0.000802113	0.000802113	
0.000790104	0.000790104	
0.000754018	0.000754018	
0.000730715	0.000730715	
0.00075222	0.00075222	
0.000727625	0.000727625	
0.000754944	0.000754944	
0.00072021	0.00072021	
0.00075344	0.00075344	
0.000774775	0.000774775	
0.0008002	0.0008002	
0.000828399	0.000828399	
0.000901399	0.000901399	
0.000923294	0.000923294	
0.000999992	0.000999992	
0.00100386	0.00100386	
0.00103207	0.00103207	
0.00104064	0.00104064	
0.00116337	0.00116337	
0.00129015	0.00129015	
0.00140607	0.00140607	
0.0015142	0.0015142	
0.00156559	0.00156559	
0.00161067	0.00161067	
0.00165943	0.00165943	
0.00171059	0.00171059	
0.00174439	0.00174439	
0.00179754	0.00179754	
0.00184502	0.00184502	
0.00193996	0.00193996	
0.00201955	0.00201955	
0.00205841	0.00205841	
0.00214245	0.00214245	
0.00221872	0.00221872	
0.00230159	0.00230159	
0.00236494	0.00236494	
0.00244824	0.00244824	
0.002458	0.002458	
0.00253239	0.00253239	
0.00264098	0.00264098	
0.0027023	0.0027023	
0.00275985	0.00275985	
0.00288055	0.00288055	
0.00298734	0.00298734	
0.00304828	0.00304828	
0.00309874	0.00309874	
0.00319192	0.00319192	
0.00323229	0.00323229	
0.00332398	0.00332398	
0.00337367	0.00337367	
0.00334963	0.00334963	
0.0034393	0.0034393	
0.00348129	0.00348129	
0.00356898	0.00356898	
0.00370078	0.00370078	
0.00372002	0.00372002	
0.00379986	0.00379986	
0.00387885	0.00387885	
0.00394444	0.00394444	
0.00400871	0.00400871	
0.00407672	0.00407672	
0.00408423	0.00408423	
0.00413559	0.00413559	
0.0041515	0.0041515	
0.00414529	0.00414529	
0.00415722	0.00415722	
0.00415573	0.00415573	
0.00410197	0.00410197	
0.00411022	0.00411022	
0.00406001	0.00406001	
0.00406608	0.00406608	
0.00401245	0.00401245	
0.00401978	0.00401978	
0.0039729	0.0039729	
0.00393408	0.00393408	
0.00383741	0.00383741	
0.00374991	0.00374991	
0.00365395	0.00365395	
0.00356787	0.00356787	
0.00343065	0.00343065	
0.00329169	0.00329169	
0.00322538	0.00322538	
0.00314689	0.00314689	
0.0030887	0.0030887	
0.00302183	0.00302183	
0.00295507	0.00295507	
0.00289661	0.00289661	
0.00284478	0.00284478	
0.00278865	0.00278865	
0.00272951	0.00272951	
0.00263016	0.00263016	
0.00258367	0.00258367	
0.00253677	0.00253677	
0.00244122	0.00244122	
0.00240062	0.00240062	
0.00235322	0.00235322	
0.0023262	0.0023262	
0.00223535	0.00223535	
0.00219569	0.00219569	
0.00217017	0.00217017	
0.00208171	0.00208171	
0.00206113	0.00206113	
0.00197623	0.00197623	
0.0019617	0.0019617	
0.00193456	0.00193456	
0.00187279	0.00187279	
0.00184963	0.00184963	
0.00183041	0.00183041	
0.00188294	0.00188294	
0.00186635	0.00186635	
0.00183873	0.00183873	
0.00183162	0.00183162	
0.0018131	0.0018131	
0.00178951	0.00178951	
0.00172068	0.00172068	
0.0016545	0.0016545	
0.00164535	0.00164535	
0.00158783	0.00158783	
0.00157492	0.00157492	
0.00156628	0.00156628	
0.00150604	0.00150604	
0.00155977	0.00155977	
0.00150483	0.00150483	
0.00154639	0.00154639	
0.00154273	0.00154273	
0.00153666	0.00153666	
0.00153202	0.00153202	
0.00152954	0.00152954	
0.00147711	0.00147711	
0.00146581	0.00146581	
0.00146909	0.00146909	
0.00146128	0.00146128	
0.00146472	0.00146472	
0.00145452	0.00145452	
0.00146013	0.00146013	
0.00150398	0.00150398	
0.00150831	0.00150831	
0.00149578	0.00149578	
0.00149494	0.00149494	
0.00148695	0.00148695	
0.00148925	0.00148925	
0.00147884	0.00147884	
0.00154222	0.00154222	
0.00152539	0.00152539	
0.00151984	0.00151984	
0.0015235	0.0015235	
0.00151102	0.00151102	
0.00156184	0.00156184	
0.0015536	0.0015536	
0.00154958	0.00154958	
0.00154244	0.00154244	
0.00148312	0.00148312	
0.0014818	0.0014818	
0.00148227	0.00148227	
0.00143351	0.00143351	
0.00137838	0.00137838	
0.00132536	0.00132536	
0.00132757	0.00132757	
0.00127651	0.00127651	
0.00123241	0.00123241	
0.00119173	0.00119173	
0.0011523	0.0011523	
0.00115795	0.00115795	
0.00111846	0.00111846	
0.00107039	0.00107039	
0.00103428	0.00103428	
0.000989445	0.000989445	
0.00095644	0.00095644	
0.000922368	0.000922368	
0.000884178	0.000884178	
0.000845121	0.000845121	
0.000872781	0.000872781	
0.000833447	0.000833447	
0.000814793	0.000814793	
0.000829659	0.000829659	
0.000791985	0.000791985	
0.000774764	0.000774764	
0.000744965	0.000744965	
0.000703072	0.000703072	
0.000694234	0.000694234	
0.000667532	0.000667532	
0.000641858	0.000641858	
0.00062281	0.00062281	
0.000593217	0.000593217	
0.000570401	0.000570401	
0.000554101	0.000554101	
0.000580367	0.000580367	
0.000558045	0.000558045	
0.000536582	0.000536582	
0.000515944	0.000515944	
0.000553601	0.000553601	
0.000527307	0.000527307	
0.000512028	0.000512028	
0.000487333	0.000487333	
0.000468589	0.000468589	
0.000513455	0.000513455	
0.000485941	0.000485941	
0.000467251	0.000467251	
0.00044928	0.00044928	
0.000432	0.000432	
0.000415385	0.000415385	
0.000451907	0.000451907	
0.000434526	0.000434526	
0.000417814	0.000417814	
0.000457499	0.000457499	
0.000445539	0.000445539	
0.000422767	0.000422767	
0.000406507	0.000406507	
0.000449001	0.000449001	
0.000440685	0.000440685	
0.000423736	0.000423736	
0.000413078	0.000413078	
0.000443405	0.000443405	
0.00043199	0.00043199	
0.000409736	0.000409736	
0.000455999	0.000455999	
0.000432821	0.000432821	
0.000473023	0.000473023	
0.000505564	0.000505564	
0.000491122	0.000491122	
0.000519067	0.000519067	
0.000504741	0.000504741	
0.000535418	0.000535418	
0.000576821	0.000576821	
0.000555993	0.000555993	
0.000579437	0.000579437	
0.000615244	0.000615244	
0.000587294	0.000587294	
0.000619065	0.000619065	
0.000600256	0.000600256	
0.000624695	0.000624695	
0.000604955	0.000604955	
0.000632388	0.000632388	
0.000613703	0.000613703	
0.000590099	0.000590099	
0.000620559	0.000620559	
0.000649129	0.000649129	
0.000624163	0.000624163	
0.000668322	0.000668322	
0.000642617	0.000642617	
0.000670332	0.000670332	
0.000638909	0.000638909	
0.000673118	0.000673118	
0.000697903	0.000697903	
0.000674716	0.000674716	
0.00070444	0.00070444	
0.000677346	0.000677346	
0.00064629	0.00064629	
0.00067393	0.00067393	
0.000653649	0.000653649	
0.000628508	0.000628508	
0.000651111	0.000651111	
0.000631708	0.000631708	
0.000601772	0.000601772	
0.000639935	0.000639935	
0.000615322	0.000615322	
0.000591656	0.000591656	
0.0005689	0.0005689	
0.000547019	0.000547019	
0.000585382	0.000585382	
0.000555879	0.000555879	
0.000534499	0.000534499	
0.000513941	0.000513941	
0.000494174	0.000494174	
0.000475168	0.000475168	
0.000452128	0.000452128	
0.000434738	0.000434738	
0.000471705	0.000471705	
0.000448557	0.000448557	
0.000450181	0.000450181	
0.000432867	0.000432867	
0.000416218	0.000416218	
0.000395916	0.000395916	
0.000384982	0.000384982	
0.000370175	0.000370175	
0.000355938	0.000355938	
0.000342248	0.000342248	
0.000329084	0.000329084	
0.000372738	0.000372738	
0.000358402	0.000358402	
0.000344618	0.000344618	
0.000331363	0.000331363	
0.000318618	0.000318618	
0.000306364	0.000306364	
0.000294581	0.000294581	
0.000283251	0.000283251	
0.000272356	0.000272356	
0.000261881	0.000261881	
0.000251809	0.000251809	
0.000242124	0.000242124	
0.000285947	0.000285947	
0.000274949	0.000274949	
0.000264374	0.000264374	
0.000254206	0.000254206	
0.000244429	0.000244429	
0.000235028	0.000235028	
0.000225988	0.000225988	
0.000217296	0.000217296	
0.000208939	0.000208939	
0.000200903	0.000200903	
0.000193176	0.000193176	
0.000185746	0.000185746	
0.000178602	0.000178602	
0.000171732	0.000171732	
0.000216914	0.000216914	
0.000208571	0.000208571	
0.000200549	0.000200549	
0.000206704	0.000206704	
0.000198753	0.000198753	
0.000191109	0.000191109	
0.000183759	0.000183759	
0.000176691	0.000176691	
0.000176885	0.000176885	
0.000218767	0.000218767	
0.000210353	0.000210353	
0.000202263	0.000202263	
0.000194483	0.000194483	
0.000187003	0.000187003	
0.0001868	0.0001868	
0.000172626	0.000172626	
0.000165987	0.000165987	
0.000164606	0.000164606	
0.000205053	0.000205053	
0.000197166	0.000197166	
0.000189583	0.000189583	
0.000182291	0.000182291	
0.000229042	0.000229042	
0.000220232	0.000220232	
0.000211762	0.000211762	
0.000207906	0.000207906	
0.000249299	0.000249299	
0.000239711	0.000239711	
0.000284243	0.000284243	
0.000327613	0.000327613	
0.000368753	0.000368753	
0.000406321	0.000406321	
0.000446329	0.000446329	
0.000497891	0.000497891	
0.000529842	0.000529842	
0.000565716	0.000565716	
0.000650021	0.000650021	
0.000787283	0.000787283	
0.000870551	0.000870551	
0.000991625	0.000991625	
0.00106634	0.00106634	
0.00112499	0.00112499	
0.00119342	0.00119342	
0.00125404	0.00125404	
0.00125807	0.00125807	
0.00131745	0.00131745	
0.00139199	0.00139199	
0.00142943	0.00142943	
0.00149638	0.00149638	
0.00154222	0.00154222	
0.00159184	0.00159184	
0.00163637	0.00163637	
0.00163316	0.00163316	
0.00167369	0.00167369	
0.00171805	0.00171805	
0.00175527	0.00175527	
0.00179971	0.00179971	
0.00183241	0.00183241	
0.00186947	0.00186947	
0.00190509	0.00190509	
0.00188656	0.00188656	
0.0019215	0.0019215	
0.00189972	0.00189972	
0.00189196	0.00189196	
0.00186272	0.00186272	
0.00185502	0.00185502	
0.00183579	0.00183579	
0.00182054	0.00182054	
0.00180335	0.00180335	
0.00173399	0.00173399	
0.0017325	0.0017325	
0.00171995	0.00171995	
0.0016538	0.0016538	
0.00164618	0.00164618	
0.00163434	0.00163434	
0.00162746	0.00162746	
0.00163208	0.00163208	
0.00162275	0.00162275	
0.00161181	0.00161181	
0.00160515	0.00160515	
0.00160872	0.00160872	
0.00160028	0.00160028	
0.00153873	0.00153873	
0.00153488	0.00153488	
0.0015273	0.0015273	
0.00146856	0.00146856	
0.00146551	0.00146551	
0.0013581	0.0013581	
0.00136057	0.00136057	
0.00130824	0.00130824	
0.0013197	0.0013197	
0.00126124	0.00126124	
0.00121273	0.00121273	
0.00121944	0.00121944	
0.00117254	0.00117254	
0.00118278	0.00118278	
0.00113729	0.00113729	
0.001102	0.001102	
0.00111171	0.00111171	
0.00106895	0.00106895	
0.00102784	0.00102784	
0.00104041	0.00104041	
0.00100039	0.00100039	
0.000961913	0.000961913	
0.000924917	0.000924917	
0.000944683	0.000944683	
0.000908349	0.000908349	
0.000873412	0.000873412	
0.000893265	0.000893265	
0.000858909	0.000858909	
0.000838315	0.000838315	
0.000806073	0.000806073	
0.000829064	0.000829064	
0.000797177	0.000797177	
0.000766516	0.000766516	
0.000737035	0.000737035	
0.000762135	0.000762135	
0.000732822	0.000732822	
0.000758628	0.000758628	
0.00072945	0.00072945	
0.000754204	0.000754204	
0.000725196	0.000725196	
0.000697304	0.000697304	
0.000722578	0.000722578	
0.000694787	0.000694787	
0.000668064	0.000668064	
0.000642369	0.000642369	
0.000672996	0.000672996	
0.000647111	0.000647111	
0.000678697	0.000678697	
0.000647577	0.000647577	
0.000683643	0.000683643	
0.000652334	0.000652334	
0.000683711	0.000683711	
0.000653114	0.000653114	
0.000688245	0.000688245	
0.000708917	0.000708917	
0.000739368	0.000739368	
0.000705284	0.000705284	
0.000733464	0.000733464	
0.000758578	0.000758578	
0.000783437	0.000783437	
0.000753304	0.000753304	
0.000778363	0.000778363	
0.000801107	0.000801107	
0.000823057	0.000823057	
0.000791401	0.000791401	
0.000815528	0.000815528	
0.000836916	0.000836916	
0.000817169	0.000817169	
0.000827225	0.000827225	
0.000861229	0.000861229	
0.000880133	0.000880133	
0.000846282	0.000846282	
0.000868364	0.000868364	
0.000886356	0.000886356	
0.000908149	0.000908149	
0.000924602	0.000924602	
0.000944915	0.000944915	
0.000908572	0.000908572	
0.000926348	0.000926348	
0.000890719	0.000890719	
0.000907835	0.000907835	
0.000928153	0.000928153	
0.000892455	0.000892455	
0.000912017	0.000912017	
0.000930278	0.000930278	
0.000894498	0.000894498	
0.000860094	0.000860094	
0.000894681	0.000894681	
0.000860271	0.000860271	
0.000879174	0.000879174	
0.00084536	0.00084536	
0.000864204	0.000864204	
0.000830966	0.000830966	
0.000854855	0.000854855	
0.000821976	0.000821976	
0.00084306	0.00084306	
0.000810635	0.000810635	
0.000830808	0.000830808	
0.000798853	0.000798853	
0.000768128	0.000768128	
0.000793799	0.000793799	
0.000763268	0.000763268	
0.000787777	0.000787777	
0.000757478	0.000757478	
0.000781663	0.000781663	
0.000751599	0.000751599	
0.000722692	0.000722692	
0.000746239	0.000746239	
0.000725227	0.000725227	
0.000689644	0.000689644	
0.000718954	0.000718954	
0.000691302	0.000691302	
0.000715422	0.000715422	
0.000687906	0.000687906	
0.000661448	0.000661448	
0.000691837	0.000691837	
0.000665228	0.000665228	
0.000639643	0.000639643	
0.000615041	0.000615041	
0.000646585	0.000646585	
0.000634784	0.000634784	
0.000610369	0.000610369	
0.000637598	0.000637598	
0.000613075	0.000613075	
0.000589495	0.000589495	
0.000620129	0.000620129	
0.000596278	0.000596278	
0.000573344	0.000573344	
0.00060514	0.00060514	
0.000581866	0.000581866	
0.000559486	0.000559486	
0.000591269	0.000591269	
0.000568528	0.000568528	
0.000546662	0.000546662	
0.00058198	0.00058198	
0.000554577	0.000554577	
0.000533248	0.000533248	
0.000512738	0.000512738	
0.000493017	0.000493017	
0.000529242	0.000529242	
0.000514534	0.000514534	
0.000489097	0.000489097	
0.000521608	0.000521608	
0.000501546	0.000501546	
0.000536177	0.000536177	
0.000515555	0.000515555	
0.000550272	0.000550272	
0.000581676	0.000581676	
0.000559304	0.000559304	
0.000605527	0.000605527	
0.000582238	0.000582238	
0.000613663	0.000613663	
0.000541903	0.000541903	
0.00062249	0.00062249	
0.000593219	0.000593219	
0.000575426	0.000575426	
0.000603428	0.000603428	
0.000580219	0.000580219	
0.000609196	0.000609196	
0.000537483	0.000537483	
0.000569449	0.000569449	
0.000565632	0.000565632	
0.000594003	0.000594003	
0.000576182	0.000576182	
0.000602169	0.000602169	
0.000584663	0.000584663	
0.00060915	0.00060915	
0.000591374	0.000591374	
0.00063373	0.00063373	
0.000621646	0.000621646	
0.00066529	0.00066529	
0.000692946	0.000692946	
0.00066063	0.00066063	
0.000692782	0.000692782	
0.000666137	0.000666137	
0.000695011	0.000695011	
0.00066828	0.00066828	
0.000694467	0.000694467	
0.000722871	0.000722871	
0.000708874	0.000708874	
0.00068161	0.00068161	
0.000706649	0.000706649	
0.00067947	0.00067947	
0.000653337	0.000653337	
0.000681434	0.000681434	
0.000655225	0.000655225	
0.000643826	0.000643826	
0.000674172	0.000674172	
0.000660648	0.000660648	
0.000649028	0.000649028	
0.00063646	0.00063646	
0.000691861	0.000691861	
0.000691387	0.000691387	
0.000677161	0.000677161	
0.000651117	0.000651117	
0.000679923	0.000679923	
0.000653772	0.000653772	
0.000628627	0.000628627	
0.000616684	0.000616684	
0.00064547	0.00064547	
0.000620644	0.000620644	
0.000596773	0.000596773	
0.00057382	0.00057382	
0.00055175	0.00055175	
0.000545041	0.000545041	
0.000524078	0.000524078	
0.000503921	0.000503921	
0.00048454	0.00048454	
0.000478851	0.000478851	
0.000460434	0.000460434	
0.000456471	0.000456471	
0.000438914	0.000438914	
0.000434387	0.000434387	
0.00041768	0.00041768	
0.000415352	0.000415352	
0.000399377	0.000399377	
0.00039712	0.00039712	
0.000381846	0.000381846	
0.00038013	0.00038013	
0.00036551	0.00036551	
0.000351452	0.000351452	
0.000337934	0.000337934	
0.000324937	0.000324937	
0.000312439	0.000312439	
0.000312006	0.000312006	
0.000353868	0.000353868	
0.000340258	0.000340258	
0.000327171	0.000327171	
0.000328313	0.000328313	
0.000315686	0.000315686	
0.000303544	0.000303544	
0.000291869	0.000291869	
0.000280644	0.000280644	
0.00026985	0.00026985	
0.00027181	0.00027181	
0.000265765	0.000265765	
0.000251134	0.000251134	
0.000241475	0.000241475	
0.000232188	0.000232188	
0.000236352	0.000236352	
0.000231673	0.000231673	
0.000222762	0.000222762	
0.000209784	0.000209784	
0.000220435	0.000220435	
0.0002062	0.0002062	
0.000204026	0.000204026	
0.000202752	0.000202752	
0.000249447	0.000249447	
0.000244267	0.000244267	
0.000230458	0.000230458	
0.00023455	0.00023455	
0.000278131	0.000278131	
0.000280384	0.000280384	
0.0002696	0.0002696	
0.000259231	0.000259231	
0.00026158	0.00026158	
0.000309167	0.000309167	
0.000291511	0.000291511	
0.000286064	0.000286064	
0.000288767	0.000288767	
0.000331423	0.000331423	
0.000318676	0.000318676	
0.000306419	0.000306419	
0.000294634	0.000294634	
0.00029772	0.00029772	
0.000286269	0.000286269	
0.000275259	0.000275259	
0.000316547	0.000316547	
0.000304372	0.000304372	
0.000304981	0.000304981	
0.000293251	0.000293251	
0.000337071	0.000337071	
0.000324107	0.000324107	
0.000311641	0.000311641	
0.00035152	0.00035152	
0.000350314	0.000350314	
0.000389417	0.000389417	
0.000374439	0.000374439	
0.000360038	0.000360038	
0.000400559	0.000400559	
0.000385153	0.000385153	
0.000422907	0.000422907	
0.000418954	0.000418954	
0.00040284	0.00040284	
0.000387346	0.000387346	
0.000441217	0.000441217	
0.000424247	0.000424247	
0.00040793	0.00040793	
0.000445969	0.000445969	
0.000428816	0.000428816	
0.000425972	0.000425972	
0.000409588	0.000409588	
0.000393835	0.000393835	
0.000430529	0.000430529	
0.000427028	0.000427028	
0.000410604	0.000410604	
0.000407736	0.000407736	
0.000445237	0.000445237	
0.000428112	0.000428112	
0.000411646	0.000411646	
0.000395814	0.000395814	
0.00038059	0.00038059	
0.000365952	0.000365952	
0.000351877	0.000351877	
0.000338343	0.000338343	
0.000337627	0.000337627	
0.000378364	0.000378364	
0.000363812	0.000363812	
0.000355594	0.000355594	
0.000336143	0.000336143	
0.000328989	0.000328989	
0.000310561	0.000310561	
0.00030439	0.00030439	
0.000301931	0.000301931	
0.000294753	0.000294753	
0.000278982	0.000278982	
0.000272685	0.000272685	
0.000257764	0.000257764	
0.000252283	0.000252283	
0.00025044	0.00025044	
0.000245243	0.000245243	
0.000231375	0.000231375	
0.000226912	0.000226912	
0.000213749	0.000213749	
0.000209963	0.000209963	
0.000197453	0.000197453	
0.000194293	0.000194293	
0.000199114	0.000199114	
0.000187018	0.000187018	
0.000184262	0.000184262	
0.000172738	0.000172738	
0.000170531	0.000170531	
0.000163972	0.000163972	
0.000157666	0.000157666	
0.000147165	0.000147165	
0.00015886	0.00015886	
0.000148311	0.000148311	
0.000147046	0.000147046	
0.000136951	0.000136951	
0.000136123	0.000136123	
0.000126449	0.000126449	
0.000126023	0.000126023	
0.000116739	0.000116739	
0.000128975	0.000128975	
0.000119573	0.000119573	
0.000119415	0.000119415	
0.000114822	0.000114822	
0.000110406	0.000110406	
0.00010172	0.00010172	
0.000111169	0.000111169	
9.35314e-05	9.35314e-05	
0.000109386	0.000109386	
9.86376e-05	9.86376e-05	
0.000101385	0.000101385	
9.13954e-05	9.13954e-05	
8.78802e-05	8.78802e-05	
8.45002e-05	8.45002e-05	
8.12502e-05	8.12502e-05	
7.81252e-05	7.81252e-05	
8.74032e-05	8.74032e-05	
8.40416e-05	8.40416e-05	
8.08092e-05	8.08092e-05	
7.77012e-05	7.77012e-05	
7.47127e-05	7.47127e-05	
0.000125032	0.000125032	
6.703e-05	6.703e-05	
0.000117645	0.000117645	
0.000126028	0.000126028	
0.000121181	0.000121181	
0.00011652	0.00011652	
0.000112038	0.000112038	
0.000107729	0.000107729	
0.000103586	0.000103586	
9.38113e-05	9.38113e-05	
9.59932e-05	9.59932e-05	
4.35911e-05	4.35911e-05	
9.06246e-05	9.06246e-05	
5.07063e-05	5.07063e-05	
9.82207e-05	9.82207e-05	
4.49782e-05	4.49782e-05	
4.32483e-05	4.32483e-05	
8.66012e-05	8.66012e-05	
8.77186e-05	8.77186e-05	
8.43448e-05	8.43448e-05	
8.11008e-05	8.11008e-05	
7.79815e-05	7.79815e-05	
7.49822e-05	7.49822e-05	
2.26328e-05	2.26328e-05	
2.17623e-05	2.17623e-05	
2.09253e-05	2.09253e-05	
6.9586e-05	6.9586e-05	
6.69096e-05	6.69096e-05	
1.48705e-05	1.48705e-05	
2.79574e-05	2.79574e-05	
1.32229e-05	1.32229e-05	
2.63737e-05	2.63737e-05	
2.53594e-05	2.53594e-05	
2.4384e-05	2.4384e-05	
2.34462e-05	2.34462e-05	
2.25444e-05	2.25444e-05	
2.16773e-05	2.16773e-05	
2.08435e-05	2.08435e-05	
2.00419e-05	2.00419e-05	
1.9271e-05	1.9271e-05	
1.85298e-05	1.85298e-05	
3.00903e-05	3.00903e-05	
2.8933e-05	2.8933e-05	
2.78202e-05	2.78202e-05	
2.67502e-05	2.67502e-05	
8.07999e-05	8.07999e-05	
7.76922e-05	7.76922e-05	
7.47041e-05	7.47041e-05	
7.18308e-05	7.18308e-05	
6.90681e-05	6.90681e-05	
6.64117e-05	6.64117e-05	
6.38574e-05	6.38574e-05	
6.14013e-05	6.14013e-05	
7.20641e-05	7.20641e-05	
5.62677e-05	5.62677e-05	
6.71285e-05	6.71285e-05	
6.45466e-05	6.45466e-05	
6.2064e-05	6.2064e-05	
5.9677e-05	5.9677e-05	
5.73817e-05	5.73817e-05	
5.51747e-05	5.51747e-05	
6.59467e-05	6.59467e-05	
5.05158e-05	5.05158e-05	
6.14676e-05	6.14676e-05	
5.91035e-05	5.91035e-05	
5.68302e-05	5.68302e-05	
5.46445e-05	5.46445e-05	
5.25428e-05	5.25428e-05	
5.6276e-05	5.6276e-05	
4.83575e-05	4.83575e-05	
5.22515e-05	5.22515e-05	
4.4488e-05	4.4488e-05	
4.85305e-05	4.85305e-05	
4.09104e-05	4.09104e-05	
3.93369e-05	3.93369e-05	
3.78239e-05	3.78239e-05	
