0	0	
0	0	
0	0	
-1.44747e-12	-1.44747e-12	
-1.13711e-11	-1.13711e-11	
-2.78562e-11	-2.78562e-11	
-5.77691e-11	-5.77691e-11	
-1.10659e-10	-1.10659e-10	
-1.98841e-10	-1.98841e-10	
-3.55167e-10	-3.55167e-10	
-5.81343e-10	-5.81343e-10	
-8.97309e-10	-8.97309e-10	
-1.33138e-09	-1.33138e-09	
-1.90519e-09	-1.90519e-09	
-2.64784e-09	-2.64784e-09	
-3.55992e-09	-3.55992e-09	
-4.70378e-09	-4.70378e-09	
-6.13296e-09	-6.13296e-09	
-7.8753e-09	-7.8753e-09	
-9.99669e-09	-9.99669e-09	
-1.24258e-08	-1.24258e-08	
-1.53326e-08	-1.53326e-08	
-1.87442e-08	-1.87442e-08	
-2.27548e-08	-2.27548e-08	
-2.73887e-08	-2.73887e-08	
-3.2902e-08	-3.2902e-08	
-3.93957e-08	-3.93957e-08	
-4.69757e-08	-4.69757e-08	
-5.57527e-08	-5.57527e-08	
-6.61444e-08	-6.61444e-08	
-7.79823e-08	-7.79823e-08	
-9.13908e-08	-9.13908e-08	
-1.06903e-07	-1.06903e-07	
-1.24262e-07	-1.24262e-07	
-1.43602e-07	-1.43602e-07	
-1.65064e-07	-1.65064e-07	
-1.89367e-07	-1.89367e-07	
-2.16096e-07	-2.16096e-07	
-2.454e-07	-2.454e-07	
-2.77432e-07	-2.77432e-07	
-3.12348e-07	-3.12348e-07	
-3.49671e-07	-3.49671e-07	
-3.9087e-07	-3.9087e-07	
-4.34704e-07	-4.34704e-07	
-4.82062e-07	-4.82062e-07	
-5.3423e-07	-5.3423e-07	
-5.90269e-07	-5.90269e-07	
-6.50351e-07	-6.50351e-07	
-7.16001e-07	-7.16001e-07	
-7.84611e-07	-7.84611e-07	
-8.5779e-07	-8.5779e-07	
-9.34102e-07	-9.34102e-07	
-1.01534e-06	-1.01534e-06	
-1.10215e-06	-1.10215e-06	
-1.19234e-06	-1.19234e-06	
-1.28599e-06	-1.28599e-06	
-1.38533e-06	-1.38533e-06	
-1.48886e-06	-1.48886e-06	
-1.5961e-06	-1.5961e-06	
-1.70715e-06	-1.70715e-06	
-1.82274e-06	-1.82274e-06	
-1.94025e-06	-1.94025e-06	
-2.06185e-06	-2.06185e-06	
-2.18764e-06	-2.18764e-06	
-2.33428e-06	-2.33428e-06	
-2.48591e-06	-2.48591e-06	
-2.64179e-06	-2.64179e-06	
-2.802e-06	-2.802e-06	
-2.96758e-06	-2.96758e-06	
-3.13767e-06	-3.13767e-06	
-3.31237e-06	-3.31237e-06	
-3.49284e-06	-3.49284e-06	
-3.67362e-06	-3.67362e-06	
-3.86052e-06	-3.86052e-06	
-4.04883e-06	-4.04883e-06	
-4.23731e-06	-4.23731e-06	
-4.42728e-06	-4.42728e-06	
-4.61876e-06	-4.61876e-06	
-4.8118e-06	-4.8118e-06	
-5.00497e-06	-5.00497e-06	
-5.19981e-06	-5.19981e-06	
-5.39002e-06	-5.39002e-06	
-5.55104e-06	-5.55104e-06	
-5.71474e-06	-5.71474e-06	
-5.87941e-06	-5.87941e-06	
-6.0469e-06	-6.0469e-06	
-6.21727e-06	-6.21727e-06	
-6.38864e-06	-6.38864e-06	
-6.57112e-06	-6.57112e-06	
-6.75442e-06	-6.75442e-06	
-6.94073e-06	-6.94073e-06	
-7.13904e-06	-7.13904e-06	
-7.31502e-06	-7.31502e-06	
-7.51834e-06	-7.51834e-06	
-7.69786e-06	-7.69786e-06	
-7.87118e-06	-7.87118e-06	
-8.04875e-06	-8.04875e-06	
-8.22795e-06	-8.22795e-06	
-8.41161e-06	-8.41161e-06	
-8.5884e-06	-8.5884e-06	
-8.79939e-06	-8.79939e-06	
-8.97226e-06	-8.97226e-06	
-9.1475e-06	-9.1475e-06	
-9.31555e-06	-9.31555e-06	
-9.47651e-06	-9.47651e-06	
-9.64399e-06	-9.64399e-06	
-9.8423e-06	-9.8423e-06	
-1.00072e-05	-1.00072e-05	
-1.01757e-05	-1.01757e-05	
-1.03363e-05	-1.03363e-05	
-1.05048e-05	-1.05048e-05	
-1.06652e-05	-1.06652e-05	
-1.08341e-05	-1.08341e-05	
-1.09947e-05	-1.09947e-05	
-1.11643e-05	-1.11643e-05	
-1.13252e-05	-1.13252e-05	
-1.1383e-05	-1.1383e-05	
-1.14356e-05	-1.14356e-05	
-1.14833e-05	-1.14833e-05	
-1.15455e-05	-1.15455e-05	
-1.14927e-05	-1.14927e-05	
-1.14382e-05	-1.14382e-05	
-1.1398e-05	-1.1398e-05	
-1.14466e-05	-1.14466e-05	
-1.13805e-05	-1.13805e-05	
-1.13132e-05	-1.13132e-05	
-1.11873e-05	-1.11873e-05	
-1.11211e-05	-1.11211e-05	
-1.09935e-05	-1.09935e-05	
-1.0867e-05	-1.0867e-05	
-1.07415e-05	-1.07415e-05	
-1.05912e-05	-1.05912e-05	
-1.04428e-05	-1.04428e-05	
-1.03232e-05	-1.03232e-05	
-1.00741e-05	-1.00741e-05	
-9.80267e-06	-9.80267e-06	
-9.45905e-06	-9.45905e-06	
-9.11752e-06	-9.11752e-06	
-8.793e-06	-8.793e-06	
-8.4775e-06	-8.4775e-06	
-8.07732e-06	-8.07732e-06	
-7.6893e-06	-7.6893e-06	
-7.21582e-06	-7.21582e-06	
-6.60038e-06	-6.60038e-06	
-6.00598e-06	-6.00598e-06	
-5.4321e-06	-5.4321e-06	
-4.87823e-06	-4.87823e-06	
-4.34387e-06	-4.34387e-06	
-3.82854e-06	-3.82854e-06	
-3.16397e-06	-3.16397e-06	
-2.52407e-06	-2.52407e-06	
-1.9082e-06	-1.9082e-06	
-1.21702e-06	-1.21702e-06	
-6.53162e-07	-6.53162e-07	
1.85967e-07	1.85967e-07	
9.91798e-07	9.91798e-07	
1.76523e-06	1.76523e-06	
2.50714e-06	2.50714e-06	
3.21839e-06	3.21839e-06	
4.10209e-06	4.10209e-06	
5.06304e-06	5.06304e-06	
5.86667e-06	5.86667e-06	
6.9438e-06	6.9438e-06	
8.14323e-06	8.14323e-06	
9.46255e-06	9.46255e-06	
1.07241e-05	1.07241e-05	
1.21586e-05	1.21586e-05	
1.35291e-05	1.35291e-05	
1.48375e-05	1.48375e-05	
1.63267e-05	1.63267e-05	
1.78972e-05	1.78972e-05	
1.93949e-05	1.93949e-05	
2.13571e-05	2.13571e-05	
2.32284e-05	2.32284e-05	
2.52735e-05	2.52735e-05	
2.74292e-05	2.74292e-05	
2.9708e-05	2.9708e-05	
3.23671e-05	3.23671e-05	
3.51176e-05	3.51176e-05	
3.83043e-05	3.83043e-05	
4.22053e-05	4.22053e-05	
4.60361e-05	4.60361e-05	
5.02959e-05	5.02959e-05	
5.54613e-05	5.54613e-05	
6.12008e-05	6.12008e-05	
6.73785e-05	6.73785e-05	
7.45287e-05	7.45287e-05	
8.25361e-05	8.25361e-05	
9.15595e-05	9.15595e-05	
0.000101756	0.000101756	
0.000113149	0.000113149	
0.000125687	0.000125687	
0.000140015	0.000140015	
0.000155944	0.000155944	
0.000174622	0.000174622	
0.000195426	0.000195426	
0.000219421	0.000219421	
0.000245831	0.000245831	
0.00027446	0.00027446	
0.000306719	0.000306719	
0.000342501	0.000342501	
0.000382846	0.000382846	
0.000427775	0.000427775	
0.000477086	0.000477086	
0.000531769	0.000531769	
0.000592085	0.000592085	
0.000657581	0.000657581	
0.000729415	0.000729415	
0.000808048	0.000808048	
0.000892884	0.000892884	
0.000984677	0.000984677	
0.00108327	0.00108327	
0.00118931	0.00118931	
0.00130194	0.00130194	
0.00142244	0.00142244	
0.0015507	0.0015507	
0.00168826	0.00168826	
0.00183505	0.00183505	
0.0019908	0.0019908	
0.00215584	0.00215584	
0.00233094	0.00233094	
0.00251675	0.00251675	
0.0027126	0.0027126	
0.00291822	0.00291822	
0.00313495	0.00313495	
0.00336328	0.00336328	
0.00360303	0.00360303	
0.00385463	0.00385463	
0.00411828	0.00411828	
0.00439525	0.00439525	
0.00468631	0.00468631	
0.00499013	0.00499013	
0.00530508	0.00530508	
0.00563142	0.00563142	
0.00597025	0.00597025	
0.00632192	0.00632192	
0.00668693	0.00668693	
0.00706686	0.00706686	
0.00746092	0.00746092	
0.00786708	0.00786708	
0.00828796	0.00828796	
0.00872372	0.00872372	
0.0091712	0.0091712	
0.00963375	0.00963375	
0.0101131	0.0101131	
0.0106078	0.0106078	
0.0111174	0.0111174	
0.0116448	0.0116448	
0.0121862	0.0121862	
0.0127424	0.0127424	
0.0133172	0.0133172	
0.0139096	0.0139096	
0.0145194	0.0145194	
0.0151491	0.0151491	
0.0157917	0.0157917	
0.0164517	0.0164517	
0.0171292	0.0171292	
0.0178238	0.0178238	
0.018537	0.018537	
0.0192653	0.0192653	
0.020011	0.020011	
0.0207734	0.0207734	
0.0215544	0.0215544	
0.0223541	0.0223541	
0.0231707	0.0231707	
0.0240056	0.0240056	
0.0248615	0.0248615	
0.0257376	0.0257376	
0.0266339	0.0266339	
0.0275503	0.0275503	
0.0284883	0.0284883	
0.0294489	0.0294489	
0.0304329	0.0304329	
0.0314418	0.0314418	
0.0324784	0.0324784	
0.0335409	0.0335409	
0.0346268	0.0346268	
0.0357414	0.0357414	
0.0368866	0.0368866	
0.0380597	0.0380597	
0.0392603	0.0392603	
0.0404894	0.0404894	
0.0417477	0.0417477	
0.0430327	0.0430327	
0.0443439	0.0443439	
0.0456841	0.0456841	
0.0470538	0.0470538	
0.0484554	0.0484554	
0.0498924	0.0498924	
0.0513659	0.0513659	
0.0528706	0.0528706	
0.0544091	0.0544091	
0.0559844	0.0559844	
0.0575901	0.0575901	
0.059232	0.059232	
0.0609119	0.0609119	
0.0626215	0.0626215	
0.0643675	0.0643675	
0.0661499	0.0661499	
0.0679664	0.0679664	
0.0698245	0.0698245	
0.0717287	0.0717287	
0.0736745	0.0736745	
0.0756622	0.0756622	
0.0776937	0.0776937	
0.0797687	0.0797687	
0.081887	0.081887	
0.0840462	0.0840462	
0.0862489	0.0862489	
0.0884962	0.0884962	
0.0907806	0.0907806	
0.0931139	0.0931139	
0.0954904	0.0954904	
0.0979067	0.0979067	
0.100364	0.100364	
0.102863	0.102863	
0.105405	0.105405	
0.107991	0.107991	
0.110613	0.110613	
0.113272	0.113272	
0.115972	0.115972	
0.118716	0.118716	
0.121501	0.121501	
0.12433	0.12433	
0.127204	0.127204	
0.130126	0.130126	
0.133091	0.133091	
0.136104	0.136104	
0.139163	0.139163	
0.142258	0.142258	
0.145389	0.145389	
0.148562	0.148562	
0.151785	0.151785	
0.155053	0.155053	
0.158367	0.158367	
0.161733	0.161733	
0.165149	0.165149	
0.168624	0.168624	
0.172164	0.172164	
0.175771	0.175771	
0.179445	0.179445	
0.183188	0.183188	
0.187003	0.187003	
0.190892	0.190892	
0.194864	0.194864	
0.198927	0.198927	
0.203092	0.203092	
0.207359	0.207359	
0.211729	0.211729	
0.216201	0.216201	
0.220767	0.220767	
0.225425	0.225425	
0.230182	0.230182	
0.235033	0.235033	
0.239984	0.239984	
0.245034	0.245034	
0.25019	0.25019	
0.255461	0.255461	
0.260849	0.260849	
0.266353	0.266353	
0.271967	0.271967	
0.277699	0.277699	
0.283551	0.283551	
0.28953	0.28953	
0.295633	0.295633	
0.301858	0.301858	
0.308198	0.308198	
0.31465	0.31465	
0.321204	0.321204	
0.327861	0.327861	
0.334618	0.334618	
0.341478	0.341478	
0.348448	0.348448	
0.355532	0.355532	
0.362721	0.362721	
0.370004	0.370004	
0.377391	0.377391	
0.384866	0.384866	
0.392451	0.392451	
0.400146	0.400146	
0.407954	0.407954	
0.415886	0.415886	
0.423947	0.423947	
0.432141	0.432141	
0.440484	0.440484	
0.44898	0.44898	
0.457639	0.457639	
0.466458	0.466458	
0.475438	0.475438	
0.484571	0.484571	
0.493855	0.493855	
0.503288	0.503288	
0.512873	0.512873	
0.522606	0.522606	
0.532497	0.532497	
0.542549	0.542549	
0.552769	0.552769	
0.563161	0.563161	
0.57373	0.57373	
0.584486	0.584486	
0.595414	0.595414	
0.606525	0.606525	
0.617809	0.617809	
0.629263	0.629263	
0.640887	0.640887	
0.652669	0.652669	
0.664626	0.664626	
0.676761	0.676761	
0.689062	0.689062	
0.701527	0.701527	
0.714155	0.714155	
0.726956	0.726956	
0.73994	0.73994	
0.753092	0.753092	
0.766411	0.766411	
0.779879	0.779879	
0.793503	0.793503	
0.807281	0.807281	
0.821226	0.821226	
0.835339	0.835339	
0.849619	0.849619	
0.864059	0.864059	
0.878687	0.878687	
0.893518	0.893518	
0.908558	0.908558	
0.923811	0.923811	
0.939279	0.939279	
0.954971	0.954971	
0.970912	0.970912	
0.987114	0.987114	
1.00358	1.00358	
1.02026	1.02026	
1.03718	1.03718	
1.05436	1.05436	
1.07185	1.07185	
1.08966	1.08966	
1.10782	1.10782	
1.12629	1.12629	
1.14506	1.14506	
1.16412	1.16412	
1.18344	1.18344	
1.20304	1.20304	
1.22293	1.22293	
1.24314	1.24314	
1.26365	1.26365	
1.28447	1.28447	
1.3056	1.3056	
1.32707	1.32707	
1.34887	1.34887	
1.371	1.371	
1.39343	1.39343	
1.41612	1.41612	
1.43906	1.43906	
1.46227	1.46227	
1.48571	1.48571	
1.50938	1.50938	
1.53321	1.53321	
1.55718	1.55718	
1.58128	1.58128	
1.6055	1.6055	
1.62988	1.62988	
1.65443	1.65443	
1.67912	1.67912	
1.70394	1.70394	
1.72887	1.72887	
1.75386	1.75386	
1.77891	1.77891	
1.804	1.804	
1.82915	1.82915	
1.85442	1.85442	
1.87987	1.87987	
1.90553	1.90553	
1.93145	1.93145	
1.9577	1.9577	
1.98431	1.98431	
2.01128	2.01128	
2.03863	2.03863	
2.06638	2.06638	
2.09458	2.09458	
2.12328	2.12328	
2.15256	2.15256	
2.18245	2.17904	
2.21294	2.20454	
2.244	2.22967	
2.27558	2.25446	
2.30761	2.27889	
2.34011	2.30299	
2.3731	2.32675	
2.40655	2.35017	
2.44041	2.37327	
2.47463	2.39605	
2.50916	2.4185	
2.54393	2.44064	
2.57889	2.46247	
2.61395	2.484	
2.64913	2.50522	
2.68444	2.52615	
2.71984	2.54678	
2.75531	2.56713	
2.79075	2.58719	
2.82608	2.60697	
2.86132	2.62647	
2.89654	2.6457	
2.93184	2.66466	
2.96731	2.68335	
3.00295	2.70179	
3.03881	2.71996	
3.07492	2.73788	
3.11131	2.75555	
3.14801	2.77297	
3.18502	2.79015	
3.22235	2.80709	
3.25996	2.82379	
3.29782	2.84026	
3.33585	2.8565	
3.37397	2.8725	
3.41222	2.88829	
3.45066	2.90385	
3.48931	2.9192	
3.52815	2.93433	
3.56711	2.94925	
3.60613	2.96396	
3.6452	2.97846	
3.68434	2.99277	
3.72361	3.00687	
3.76305	3.02077	
3.8027	3.03448	
3.84252	3.048	
3.88254	3.06133	
3.9228	3.07447	
3.96339	3.08742	
4.00432	3.1002	
4.0455	3.1128	
4.08679	3.12522	
4.12814	3.13747	
4.16948	3.14954	
4.21082	3.16145	
4.25211	3.17319	
4.29336	3.18476	
4.33451	3.19618	
4.37552	3.20743	
4.41633	3.21853	
4.45689	3.22947	
4.49714	3.24025	
4.53703	3.25089	
4.57649	3.26138	
4.61549	3.27172	
4.65413	3.28191	
4.69256	3.29197	
4.73086	3.30188	
4.769	3.31165	
4.80706	3.32129	
4.84516	3.33079	
4.88336	3.34016	
4.92167	3.3494	
4.96003	3.35851	
4.99837	3.36749	
5.03673	3.37634	
5.07509	3.38507	
5.11344	3.39368	
5.15181	3.40217	
5.19008	3.41054	
5.22818	3.41879	
5.26605	3.42693	
5.30375	3.43495	
5.34133	3.44286	
5.37874	3.45066	
5.416	3.45836	
5.45324	3.46594	
5.49065	3.47342	
5.52838	3.48079	
5.56647	3.48806	
5.60488	3.49522	
5.64361	3.50229	
5.68266	3.50926	
5.72203	3.51613	
5.76168	3.5229	
5.80147	3.52958	
5.84127	3.53617	
5.88096	3.54266	
5.92048	3.54906	
5.95979	3.55538	
5.99875	3.5616	
6.03727	3.56774	
6.07532	3.57379	
6.11287	3.57976	
6.1499	3.58564	
6.18633	3.59144	
6.22214	3.59716	
6.25743	3.6028	
6.29223	3.60836	
6.32662	3.61385	
6.36071	3.61925	
6.39464	3.62458	
6.42849	3.62984	
6.4623	3.63502	
6.49607	3.64013	
6.52977	3.64517	
6.56332	3.65014	
6.59663	3.65503	
6.62973	3.65986	
6.6626	3.66463	
6.69533	3.66932	
6.72792	3.67395	
6.76035	3.67852	
6.79263	3.68302	
6.82471	3.68745	
6.85664	3.69183	
6.88844	3.69614	
6.9201	3.7004	
6.95161	3.70459	
6.983	3.70873	
7.0144	3.71281	
7.04587	3.71683	
7.07738	3.72079	
7.1088	3.7247	
7.14004	3.72855	
7.17111	3.73235	
7.2021	3.7361	
7.23303	3.7398	
7.26385	3.74344	
7.29448	3.74703	
7.32492	3.75057	
7.35518	3.75406	
7.3853	3.75751	
7.4152	3.7609	
7.44476	3.76425	
7.47387	3.76755	
7.50253	3.7708	
7.5308	3.77401	
7.55871	3.77718	
7.58628	3.7803	
7.61359	3.78337	
7.64077	3.78641	
7.66795	3.7894	
7.69515	3.79234	
7.72234	3.79525	
7.7494	3.79812	
7.77623	3.80094	
7.80275	3.80373	
7.82891	3.80648	
7.85479	3.80919	
7.88036	3.81186	
7.90552	3.81449	
7.93025	3.81709	
7.95454	3.81965	
7.97844	3.82218	
8.00194	3.82467	
8.02503	3.82712	
8.04779	3.82954	
8.07029	3.83193	
8.0926	3.83428	
8.1147	3.8366	
8.13659	3.83889	
8.15831	3.84114	
8.17995	3.84337	
8.20153	3.84556	
8.22303	3.84772	
8.24444	3.84985	
8.26569	3.85196	
8.28677	3.85403	
8.3077	3.85607	
8.32854	3.85809	
8.34938	3.86007	
8.37019	3.86203	
8.39089	3.86396	
8.41147	3.86587	
8.43199	3.86775	
8.45241	3.8696	
8.47262	3.87142	
8.49249	3.87322	
8.51198	3.875	
8.53112	3.87675	
8.54994	3.87847	
8.56848	3.88018	
8.5867	3.88185	
8.6046	3.88351	
8.62214	3.88514	
8.63934	3.88675	
8.65634	3.88833	
8.67317	3.8899	
8.68984	3.89144	
8.70629	3.89296	
8.72249	3.89446	
8.73849	3.89593	
8.7543	3.89739	
8.76982	3.89883	
8.78502	3.90024	
8.79993	3.90164	
8.8145	3.90302	
8.82877	3.90437	
8.84279	3.90571	
8.85677	3.90703	
8.87077	3.90833	
8.88492	3.90962	
8.8992	3.91088	
8.91365	3.91213	
8.92834	3.91336	
8.94333	3.91457	
8.95851	3.91577	
8.97381	3.91695	
8.9891	3.91811	
9.00437	3.91926	
9.01953	3.92039	
9.03449	3.9215	
9.04924	3.9226	
9.06374	3.92369	
9.07796	3.92475	
9.09181	3.92581	
9.10529	3.92685	
9.11837	3.92787	
9.13103	3.92888	
9.1432	3.92988	
9.15479	3.93086	
9.16576	3.93183	
9.17612	3.93278	
9.18601	3.93372	
9.19557	3.93465	
9.20494	3.93556	
9.21425	3.93647	
9.22365	3.93736	
9.23332	3.93823	
9.24328	3.9391	
9.25356	3.93995	
9.26404	3.94079	
9.27464	3.94162	
9.2852	3.94244	
9.29562	3.94324	
9.30584	3.94404	
9.31587	3.94482	
9.32567	3.94559	
9.33517	3.94636	
9.34435	3.94711	
9.35317	3.94785	
9.36156	3.94858	
9.36954	3.9493	
9.3771	3.95001	
9.38437	3.95071	
9.39144	3.9514	
9.3984	3.95208	
9.40527	3.95275	
9.41206	3.95341	
9.41894	3.95406	
9.426	3.9547	
9.43335	3.95534	
9.44105	3.95596	
9.44908	3.95658	
9.45732	3.95719	
9.46571	3.95779	
9.47407	3.95838	
9.48238	3.95896	
9.49057	3.95954	
9.49861	3.9601	
9.50641	3.96066	
9.51384	3.96121	
9.52083	3.96176	
9.52744	3.96229	
9.53368	3.96282	
9.5396	3.96334	
9.54521	3.96385	
9.55049	3.96436	
9.55535	3.96486	
9.55979	3.96535	
9.56387	3.96583	
9.56764	3.96631	
9.57131	3.96678	
9.57502	3.96725	
9.57888	3.96771	
9.5829	3.96816	
9.58704	3.96861	
9.59118	3.96905	
9.59528	3.96948	
9.59923	3.96991	
9.60293	3.97033	
9.60631	3.97074	
9.60934	3.97115	
9.61195	3.97156	
9.61412	3.97195	
9.61582	3.97235	
9.61718	3.97273	
9.61832	3.97312	
9.6193	3.97012	
9.62007	3.96599	
9.62056	3.9612	
9.62074	3.95577	
9.62074	3.94971	
9.6207	3.94305	
9.62084	3.9358	
9.62134	3.92799	
9.62233	3.91962	
9.62389	3.91072	
9.62593	3.9013	
9.62842	3.89138	
9.6313	3.88098	
9.63453	3.87011	
9.63799	3.85878	
9.64144	3.84701	
9.64462	3.83482	
9.64735	3.82222	
9.64955	3.80922	
9.65128	3.79584	
9.65255	3.78209	
9.6533	3.76799	
9.65356	3.75354	
9.65332	3.73876	
9.65251	3.72366	
9.65094	3.70825	
9.64854	3.69255	
9.6455	3.67656	
9.64202	3.66031	
9.6383	3.64378	
9.63454	3.62701	
9.63078	3.61	
9.62706	3.59275	
9.62342	3.57529	
9.61982	3.55761	
9.61633	3.53973	
9.61301	3.52165	
9.60979	3.5034	
9.60666	3.48496	
9.6034	3.46636	
9.5999	3.4476	
9.59616	3.42869	
9.59223	3.40964	
9.5881	3.39046	
9.58366	3.37114	
9.57881	3.35171	
9.57341	3.33216	
9.56733	3.31251	
9.56053	3.29276	
9.55294	3.27291	
9.54467	3.25298	
9.53599	3.23297	
9.52711	3.21289	
9.51818	3.19274	
9.50928	3.17253	
9.50032	3.15226	
9.49121	3.13194	
9.48193	3.11158	
9.47246	3.09118	
9.46276	3.07074	
9.45286	3.05027	
9.44278	3.02978	
9.43256	3.00927	
9.42214	2.98874	
9.41143	2.96821	
9.40028	2.94766	
9.38863	2.92711	
9.37644	2.90657	
9.36362	2.88603	
9.35014	2.8655	
9.33595	2.84498	
9.32101	2.82448	
9.30529	2.804	
9.28873	2.78354	
9.27136	2.76311	
9.25325	2.74272	
9.23457	2.72235	
9.21555	2.70202	
9.1964	2.68173	
9.17726	2.66149	
9.1582	2.64129	
9.13925	2.62113	
9.12045	2.60103	
9.10186	2.58098	
9.08352	2.56099	
9.06536	2.54105	
9.04731	2.52117	
9.02933	2.50136	
9.01139	2.48161	
8.99347	2.46193	
8.97552	2.44231	
8.95748	2.42277	
8.93921	2.4033	
8.92062	2.3839	
8.90163	2.36458	
8.88212	2.34534	
8.86197	2.32617	
8.84108	2.30709	
8.81937	2.28809	
8.79685	2.26917	
8.77357	2.25034	
8.7496	2.23159	
8.72504	2.21293	
8.6999	2.19436	
8.67429	2.17588	
8.64831	2.15749	
8.62205	2.13919	
8.59559	2.12099	
8.56894	2.10288	
8.54203	2.08486	
8.5149	2.06694	
8.48753	2.04912	
8.46	2.03139	
8.43233	2.01377	
8.40456	1.99624	
8.37668	1.97881	
8.34864	1.96148	
8.32041	1.94425	
8.29196	1.92712	
8.26327	1.9101	
8.23433	1.89318	
8.2051	1.87636	
8.17554	1.85964	
8.14565	1.84303	
8.11543	1.82652	
8.08486	1.81011	
8.054	1.79381	
8.02294	1.77761	
7.99166	1.76152	
7.96017	1.74554	
7.9285	1.72966	
7.8967	1.71388	
7.86483	1.69822	
7.83298	1.68265	
7.8012	1.6672	
7.76946	1.65185	
7.73777	1.6366	
7.70609	1.62146	
7.67441	1.60643	
7.64273	1.5915	
7.61098	1.57668	
7.57918	1.56197	
7.54736	1.54736	
7.51551	1.53286	
7.48364	1.51846	
7.45178	1.50417	
7.41994	1.48998	
7.38806	1.4759	
7.35612	1.46193	
7.32405	1.44805	
7.29183	1.43429	
7.25939	1.42063	
7.22674	1.40707	
7.19389	1.39361	
7.16089	1.38026	
7.12776	1.36701	
7.09449	1.35387	
7.0611	1.34083	
7.02752	1.32789	
6.99369	1.31505	
6.9596	1.30231	
6.92527	1.28968	
6.8908	1.27715	
6.85618	1.26471	
6.82141	1.25238	
6.7865	1.24015	
6.75147	1.22802	
6.71633	1.21598	
6.68101	1.20405	
6.6455	1.19221	
6.60976	1.18047	
6.57379	1.16883	
6.53757	1.15728	
6.50117	1.14583	
6.46468	1.13448	
6.42814	1.12322	
6.3916	1.11206	
6.35508	1.10099	
6.31857	1.09002	
6.28208	1.07914	
6.24558	1.06835	
6.20912	1.05766	
6.17268	1.04705	
6.13627	1.03654	
6.09987	1.02612	
6.06345	1.01579	
6.02706	1.00556	
5.99066	0.995407	
5.95425	0.985347	
5.91781	0.975375	
5.88141	0.965492	
5.8451	0.955696	
5.80893	0.945987	
5.77293	0.936365	
5.73708	0.926828	
5.70139	0.917377	
5.66583	0.90801	
5.63043	0.898728	
5.59518	0.88953	
5.56009	0.880414	
5.52518	0.871382	
5.49047	0.862432	
5.45598	0.853563	
5.42178	0.844775	
5.38785	0.836068	
5.35414	0.82744	
5.32059	0.818892	
5.28715	0.810423	
5.25379	0.802032	
5.22051	0.793719	
5.18727	0.785483	
5.15406	0.777324	
5.12079	0.769241	
5.08748	0.761233	
5.05418	0.753301	
5.02088	0.745443	
4.98763	0.737658	
4.95442	0.729947	
4.92124	0.722309	
4.88807	0.714744	
4.85488	0.70725	
4.82171	0.699827	
4.78863	0.692475	
4.75567	0.685193	
4.72289	0.677981	
4.69027	0.670837	
4.6578	0.663763	
4.62545	0.656756	
4.59318	0.649817	
4.56105	0.642944	
4.52909	0.636138	
4.49731	0.629398	
4.46574	0.622724	
4.4344	0.616114	
4.40331	0.609568	
4.37241	0.603086	
4.34165	0.596668	
4.31101	0.590312	
4.2805	0.584019	
4.2501	0.577787	
4.21984	0.571617	
4.1897	0.565507	
4.15965	0.559457	
4.12969	0.553468	
4.09981	0.547537	
4.07005	0.541665	
4.04041	0.535852	
4.01093	0.530096	
3.98167	0.524398	
3.95263	0.518756	
3.9238	0.51317	
3.89519	0.507641	
3.86675	0.502166	
3.83849	0.496747	
3.81039	0.491382	
3.78245	0.486071	
3.75473	0.480813	
3.72721	0.475608	
3.69995	0.470456	
3.6729	0.465356	
3.64608	0.460307	
3.61944	0.45531	
3.59297	0.450363	
3.56663	0.445467	
3.54041	0.44062	
3.51426	0.435823	
3.48821	0.431074	
3.46224	0.426374	
3.43638	0.421722	
3.41062	0.417118	
3.38496	0.412561	
3.35943	0.40805	
3.33401	0.403586	
3.30869	0.399168	
3.28346	0.394795	
3.25833	0.390467	
3.2333	0.386184	
3.20837	0.381945	
3.18354	0.37775	
3.1588	0.373599	
3.13413	0.36949	
3.10951	0.365424	
3.08497	0.3614	
3.06049	0.357418	
3.03605	0.353478	
3.01163	0.349579	
2.9872	0.34572	
2.96276	0.341901	
2.9383	0.338123	
2.91379	0.334384	
2.88921	0.330684	
2.86457	0.327023	
2.83984	0.3234	
2.81508	0.319815	
2.79029	0.316269	
2.76546	0.312759	
2.74063	0.309286	
2.7158	0.30585	
2.69097	0.30245	
2.66613	0.299087	
2.64134	0.295758	
2.61661	0.292465	
2.59193	0.289207	
2.56731	0.285983	
2.54277	0.282794	
2.51834	0.279638	
2.49399	0.276516	
2.46973	0.273428	
2.44556	0.270372	
2.42149	0.267348	
2.39749	0.264357	
2.37358	0.261398	
2.34976	0.258471	
2.32602	0.255574	
2.30235	0.252709	
2.27875	0.249875	
2.25522	0.247071	
2.23178	0.244297	
2.20844	0.241552	
2.1852	0.238838	
2.16209	0.236152	
2.13912	0.233495	
2.11633	0.230867	
2.09366	0.228268	
2.07114	0.225696	
2.04878	0.223152	
2.02658	0.220636	
2.00454	0.218147	
1.9827	0.215684	
1.96102	0.213249	
1.93952	0.21084	
1.9182	0.208457	
1.89702	0.2061	
1.876	0.203768	
1.85512	0.201462	
1.83437	0.199181	
1.81374	0.196924	
1.79324	0.194693	
1.77285	0.192485	
1.75258	0.190302	
1.73242	0.188143	
1.71238	0.186007	
1.69248	0.183894	
1.67271	0.181805	
1.65308	0.179738	
1.63358	0.177694	
1.61422	0.175673	
1.59502	0.173673	
1.57597	0.171696	
1.55708	0.16974	
1.53838	0.167806	
1.51985	0.165893	
1.50152	0.164001	
1.48339	0.16213	
1.46543	0.16028	
1.44767	0.15845	
1.43006	0.15664	
1.41266	0.15485	
1.39545	0.15308	
1.37842	0.151329	
1.36156	0.149598	
1.3449	0.147886	
1.32837	0.146193	
1.31201	0.144519	
1.29585	0.142863	
1.27986	0.141226	
1.26406	0.139606	
1.24845	0.138005	
1.23303	0.136421	
1.21779	0.134856	
1.20273	0.133307	
1.18786	0.131776	
1.1732	0.130262	
1.15873	0.128764	
1.14444	0.127284	
1.13032	0.125819	
1.11641	0.124372	
1.1027	0.12294	
1.08916	0.121524	
1.07581	0.120125	
1.06265	0.11874	
1.04969	0.117372	
1.03689	0.116018	
1.02427	0.11468	
1.01182	0.113357	
0.999572	0.112048	
0.987486	0.110755	
0.975562	0.109475	
0.963811	0.108211	
0.952252	0.10696	
0.940859	0.105723	
0.929633	0.104501	
0.918599	0.103292	
0.907743	0.102096	
0.897058	0.100915	
0.886532	0.099746	
0.876185	0.0985906	
0.866034	0.0974482	
0.856079	0.0963188	
0.846295	0.095202	
0.836713	0.0940979	
0.827318	0.0930063	
0.818092	0.091927	
0.809043	0.0908598	
0.800188	0.0898048	
0.791513	0.0887617	
0.783009	0.0877304	
0.774664	0.0867108	
0.766491	0.0857028	
0.7585	0.0847061	
0.750678	0.0837208	
0.743039	0.0827467	
0.735595	0.0817836	
0.728321	0.0808314	
0.721201	0.0798901	
0.714227	0.0789595	
0.70738	0.0780394	
0.700662	0.0771298	
0.694123	0.0762306	
0.687753	0.0753416	
0.681528	0.0744627	
0.675474	0.0735939	
0.669572	0.0727349	
0.663793	0.0718858	
0.658159	0.0710463	
0.652676	0.0702164	
0.647326	0.069396	
0.642105	0.0685849	
0.637001	0.0677831	
0.631999	0.0669905	
0.627119	0.066207	
0.622379	0.0654324	
0.617748	0.0646667	
0.61322	0.0639097	
0.608788	0.0631614	
0.604403	0.0624217	
0.600079	0.0616904	
0.595839	0.0609676	
0.591683	0.060253	
0.587604	0.0595466	
0.583596	0.0588484	
0.579627	0.0581581	
0.575695	0.0574758	
0.571796	0.0568013	
0.567962	0.0561346	
0.56416	0.0554755	
0.560397	0.0548241	
0.556687	0.0541801	
0.553	0.0535435	
0.549312	0.0529143	
0.545657	0.0522923	
0.542021	0.0516774	
0.538401	0.0510697	
0.534784	0.050469	
0.531181	0.0498752	
0.527574	0.0492882	
0.523935	0.048708	
0.520293	0.0481345	
0.516647	0.0475677	
0.513007	0.0470074	
0.509336	0.0464535	
0.505629	0.0459061	
0.501887	0.045365	
0.498121	0.0448302	
0.494309	0.0443015	
0.490445	0.043779	
0.48654	0.0432625	
0.482607	0.042752	
0.478654	0.0422474	
0.474654	0.0417487	
0.4706	0.0412557	
0.466508	0.0407685	
0.462375	0.0402869	
0.458192	0.0398109	
0.453982	0.0393404	
0.44972	0.0388754	
0.445396	0.0384158	
0.441021	0.0379615	
0.436606	0.0375125	
0.432147	0.0370687	
0.427654	0.0366301	
0.423116	0.0361966	
0.41856	0.0357681	
0.413976	0.0353446	
0.409345	0.0349261	
0.404683	0.0345124	
0.39999	0.0341036	
0.395256	0.0336995	
0.390492	0.0333001	
0.385698	0.0329053	
0.380873	0.0325152	
0.37601	0.0321296	
0.371111	0.0317486	
0.366182	0.0313719	
0.361217	0.0309997	
0.356228	0.0306318	
0.351226	0.0302682	
0.34621	0.0299089	
0.341186	0.0295537	
0.33615	0.0292028	
0.331126	0.0288559	
0.326099	0.028513	
0.321085	0.0281742	
0.316094	0.0278394	
0.311126	0.0275084	
0.306185	0.0271814	
0.301266	0.0268581	
0.296391	0.0265387	
0.291548	0.026223	
0.286735	0.025911	
0.281956	0.0256026	
0.277224	0.0252979	
0.272531	0.0249968	
0.267858	0.0246991	
0.263253	0.024405	
0.258688	0.0241143	
0.254181	0.0238271	
0.249723	0.0235432	
0.245323	0.0232626	
0.240978	0.0229854	
0.236695	0.0227114	
0.232491	0.0224406	
0.22834	0.022173	
0.224261	0.0219085	
0.220258	0.0216472	
0.216351	0.0213889	
0.212521	0.0211337	
0.208777	0.0208815	
0.205146	0.0206322	
0.201622	0.0203859	
0.19821	0.0201425	
0.194909	0.0199019	
0.19174	0.0196642	
0.188696	0.0194293	
0.185756	0.0191972	
0.182962	0.0189678	
0.180307	0.0187411	
0.177756	0.018517	
0.175345	0.0182957	
0.173076	0.0180769	
0.170928	0.0178607	
0.16895	0.0176471	
0.167107	0.0174359	
0.16542	0.0172273	
0.163851	0.0170212	
0.162394	0.0168175	
0.161057	0.0166162	
0.159856	0.0164172	
0.158777	0.0162206	
0.15784	0.0160264	
0.157046	0.0158344	
0.156395	0.0156448	
0.1559	0.0154573	
0.155543	0.0152721	
0.155339	0.0150891	
0.155251	0.0149082	
0.155292	0.0147295	
0.155453	0.0145529	
0.15571	0.0143784	
0.156088	0.0142059	
0.156561	0.0140355	
0.157119	0.0138672	
0.157729	0.0137008	
0.158399	0.0135364	
0.159119	0.0133739	
0.159899	0.0132134	
0.160717	0.0130548	
0.161542	0.012898	
0.162342	0.0127432	
0.163135	0.0125901	
0.163947	0.0124389	
0.164729	0.0122895	
0.165461	0.0121418	
0.166144	0.0119959	
0.166747	0.0118518	
0.16728	0.0117093	
0.167715	0.0115685	
0.168044	0.0114295	
0.168234	0.011292	
0.16828	0.0111562	
0.168193	0.0110221	
0.16795	0.0108895	
0.167552	0.0107585	
0.166975	0.010629	
0.166224	0.0105011	
0.165297	0.0103748	
0.164175	0.0102499	
0.162866	0.0101265	
0.161356	0.0100046	
0.159665	0.00988411	
0.157785	0.00976508	
0.155729	0.00964747	
0.153541	0.00953127	
0.151204	0.00941644	
0.148732	0.00930299	
0.146139	0.00919089	
0.143433	0.00908013	
0.14064	0.00897069	
0.137777	0.00886256	
0.134834	0.00875571	
0.131856	0.00865014	
0.128831	0.00854584	
0.125779	0.00844277	
0.122697	0.00834094	
0.1196	0.00824033	
0.116488	0.00814092	
0.113364	0.00804269	
0.11025	0.00794564	
0.107173	0.00784975	
0.104142	0.00775501	
0.101169	0.00766139	
0.0982598	0.0075689	
0.0954079	0.00747752	
0.0926153	0.00738723	
0.0898755	0.00729801	
0.0871962	0.00720987	
0.084592	0.00712278	
0.0820643	0.00703673	
0.0796269	0.00695171	
0.0773086	0.00686772	
0.075128	0.00678472	
0.0730605	0.00670272	
0.0711606	0.00662171	
0.0693951	0.00654166	
0.0677865	0.00646257	
0.066334	0.00638443	
0.0650245	0.00630723	
0.0638701	0.00623095	
0.0628876	0.00615559	
0.0621148	0.00608113	
0.0615195	0.00600757	
0.0611169	0.00593488	
0.0608911	0.00586307	
0.0608287	0.00579212	
0.0609245	0.00572202	
0.0611828	0.00565276	
0.0615997	0.00558434	
0.0621754	0.00551673	
0.0628814	0.00544994	
0.0636973	0.00538395	
0.0646166	0.00531875	
0.0656055	0.00525433	
0.06669	0.00519069	
0.0678275	0.00512781	
0.0690132	0.00506569	
0.0702401	0.00500431	
0.0715012	0.00494368	
0.0727558	0.00488377	
0.0740017	0.00482458	
0.0752199	0.0047661	
0.0764112	0.00470833	
0.0775665	0.00465125	
0.0786808	0.00459486	
0.0797062	0.00453914	
0.0806307	0.0044841	
0.0814492	0.00442972	
0.0821388	0.00437599	
0.0826939	0.00432291	
0.0830852	0.00427047	
0.0832477	0.00421866	
0.0831986	0.00416747	
0.0829111	0.0041169	
0.0823941	0.00406694	
0.0816322	0.00401758	
0.0806043	0.00396882	
0.0793234	0.00392064	
0.0778227	0.00387305	
0.0760893	0.00382603	
0.0741515	0.00377957	
0.0720276	0.00373367	
0.0697242	0.00368833	
0.0672565	0.00364353	
0.0646373	0.00359928	
0.0619243	0.00355556	
0.0591475	0.00351236	
0.0563274	0.00346969	
0.0534929	0.00342753	
0.0506585	0.00338588	
0.047875	0.00334473	
0.0451414	0.00330408	
0.0424799	0.00326392	
0.0399029	0.00306591	
0.0374225	0.00287534	
0.03505	0.00269304	
0.0328187	0.00252161	
0.0307468	0.00236242	
0.02882	0.00221437	
0.0270389	0.00207752	
0.0254168	0.00195288	
0.0239506	0.00184023	
0.022647	0.00174007	
0.0214977	0.00165176	
0.0205101	0.00157588	
0.019687	0.00151264	
0.0190263	0.00146188	
0.0185079	0.00142205	
0.0181235	0.00139251	
0.0178451	0.00137111	
0.017667	0.00135744	
0.0175788	0.00135065	
0.0175673	0.00134978	
0.0176367	0.00135511	
0.0177735	0.00136562	
0.0179913	0.00138235	
0.0182555	0.00140265	
0.0185902	0.00142836	
0.0189849	0.00145869	
0.0194483	0.0014943	
0.0199825	0.00153534	
0.0205827	0.00158146	
0.0212446	0.00163231	
0.0219767	0.00168856	
0.0227801	0.0017503	
0.0236576	0.00181772	
0.0245794	0.00188855	
0.0255331	0.00196182	
0.0265249	0.00203802	
0.0275481	0.00211664	
0.0285911	0.00219678	
0.0296695	0.00227964	
0.0307638	0.00236372	
0.0318538	0.00244747	
0.0329309	0.00253023	
0.0340248	0.00261428	
0.035077	0.00269512	
0.036111	0.00277457	
0.0371196	0.00285206	
0.038089	0.00292655	
0.0390363	0.00299933	
0.0399328	0.00306822	
0.0407949	0.0029216	
0.0416168	0.00285959	
0.0424067	0.00279876	
0.0431573	0.00273908	
0.0438363	0.00268053	
0.0444565	0.0026231	
0.044971	0.00256677	
0.0453828	0.0025115	
0.0456858	0.00245729	
0.0458846	0.00240412	
0.0459962	0.00235197	
0.0460178	0.00230081	
0.0459496	0.00225064	
0.0457874	0.00220143	
0.0455079	0.00215317	
0.045123	0.00210583	
0.0446321	0.00205941	
0.0440312	0.00201388	
0.0433394	0.00196924	
0.0425547	0.00192546	
0.0416807	0.00188253	
0.0407254	0.00184043	
0.0396917	0.00179371	
0.0385724	0.00174313	
0.0373918	0.00168978	
0.0361618	0.00163419	
0.0348769	0.00157612	
0.0335411	0.00151576	
0.0321648	0.00145356	
0.0307561	0.0013899	
0.0293212	0.00132506	
0.0278644	0.00125922	
0.0263921	0.00119269	
0.0249335	0.00112677	
0.0234855	0.00106134	
0.0220339	0.000995736	
0.0206058	0.000931197	
0.0191778	0.000866667	
0.0177804	0.000803515	
0.0164147	0.000741797	
0.015061	0.000680623	
0.0137468	0.000621233	
0.0124538	0.000562803	
0.0111974	0.000506023	
0.00995964	0.000450087	
0.00874181	0.000395052	
0.00755085	0.000341231	
0.00637877	0.000288264	
0.00522301	0.000236033	
0.00410045	0.000185304	
0.0030025	0.000135686	
0.00194283	8.77985e-05	
0.000905211	4.09075e-05	
-0.00011225	-5.0727e-06	
-0.00109152	-4.9327e-05	
-0.00204484	-9.24088e-05	
-0.00296356	-0.000133927	
-0.0038409	-0.000173575	
-0.00470388	-0.000212573	
-0.00554441	-0.000250558	
-0.0063531	-0.000287104	
-0.00713471	-0.000322425	
-0.00789444	-0.000356758	
-0.00864748	-0.000390789	
-0.00937239	-0.000423548	
-0.0100691	-0.000455032	
-0.0107715	-0.000486774	
-0.0114544	-0.000517637	
-0.0121249	-0.000547938	
-0.0127766	-0.000577391	
-0.0134168	-0.000606319	
-0.0140389	-0.000634435	
-0.014642	-0.00066169	
-0.0152354	-0.000688503	
-0.015821	-0.000714967	
-0.0163882	-0.000740599	
-0.0169544	-0.000766186	
-0.0175026	-0.00079096	
-0.0180429	-0.000815379	
-0.0185676	-0.00083909	
-0.0190778	-0.000862148	
-0.0195666	-0.000884236	
-0.0200343	-0.000905373	
-0.0204739	-0.000925238	
-0.0208955	-0.000944293	
-0.0213079	-0.000962927	
-0.0216943	-0.000980388	
-0.0220819	-0.000997904	
-0.0224466	-0.00101439	
-0.0227958	-0.00103017	
-0.0231302	-0.00104528	
-0.0234435	-0.00105944	
-0.0237435	-0.001073	
-0.024022	-0.00108558	
-0.0242892	-0.00109766	
-0.0245537	-0.00110961	
-0.0247982	-0.00112066	
-0.0250401	-0.00113159	
-0.0252727	-0.0011421	
-0.0255038	-0.00115255	
-0.0257338	-0.00116294	
-0.0259379	-0.00117216	
-0.026126	-0.00118066	
-0.0263165	-0.00118927	
-0.0264831	-0.0011968	
-0.0266363	-0.00120372	
-0.0267757	-0.00121002	
-0.0268957	-0.00121544	
-0.0269978	-0.00122006	
-0.027074	-0.0012235	
-0.0271336	-0.0012262	
-0.0271791	-0.00122825	
-0.0272017	-0.00122928	
-0.0272199	-0.0012301	
-0.0272253	-0.00123034	
-0.0272262	-0.00123038	
-0.0272082	-0.00122957	
-0.0271779	-0.0012282	
-0.0271375	-0.00122637	
-0.0270791	-0.00122373	
-0.0270038	-0.00122033	
-0.0269215	-0.00121661	
-0.0268322	-0.00121258	
-0.026728	-0.00120787	
-0.026618	-0.0012029	
-0.0265028	-0.00119769	
-0.026381	-0.00119219	
-0.0262556	-0.00118652	
-0.0261177	-0.00118029	
-0.025977	-0.00117393	
-0.025825	-0.00116706	
-0.0256708	-0.00116009	
-0.0255149	-0.00115304	
-0.0253556	-0.00114585	
-0.0251865	-0.00113821	
-0.025017	-0.00113054	
-0.0248384	-0.00112247	
-0.02466	-0.00111441	
-0.0244733	-0.00110597	
-0.0242946	-0.0010979	
-0.0241171	-0.00108988	
-0.0239317	-0.0010815	
-0.0237476	-0.00107318	
-0.0235717	-0.00106523	
-0.0233881	-0.00105693	
-0.02322	-0.00104934	
-0.0230308	-0.00104079	
-0.0228417	-0.00103224	
-0.0226633	-0.00102418	
-0.0224913	-0.00101641	
-0.0223078	-0.00100811	
-0.0221313	-0.00100014	
-0.0219484	-0.000991872	
-0.0217758	-0.000984072	
-0.0216049	-0.000976348	
-0.0214275	-0.000968333	
-0.0212443	-0.000960051	
-0.0210555	-0.000951523	
-0.0208711	-0.000943186	
-0.0206815	-0.000934619	
-0.020496	-0.000926235	
-0.0203123	-0.000917937	
-0.020142	-0.000910239	
-0.0199663	-0.0009023	
-0.0197944	-0.000894529	
-0.0196174	-0.000886532	
-0.0194358	-0.000878327	
-0.0192501	-0.000869933	
-0.0190605	-0.000861366	
-0.0188763	-0.000853042	
-0.0186885	-0.000844554	
-0.0185067	-0.000836337	
-0.0183282	-0.000828271	
-0.0181555	-0.000820466	
-0.0179873	-0.000812865	
-0.0178152	-0.000805089	
-0.0176396	-0.000797153	
-0.0174701	-0.000789493	
-0.0172932	-0.000781499	
-0.0171174	-0.000773556	
-0.0169389	-0.000765486	
-0.0167665	-0.000757697	
-0.0165914	-0.000749784	
-0.0164139	-0.000741762	
-0.0162424	-0.000734012	
-0.0160685	-0.000726155	
-0.0158994	-0.000718512	
-0.0157464	-0.000711596	
-0.0155944	-0.00070473	
-0.0154435	-0.000697909	
-0.0152989	-0.000691374	
-0.0151511	-0.000684695	
-0.0150004	-0.000677883	
-0.014847	-0.000670953	
-0.0146913	-0.000663915	
-0.0145423	-0.000657183	
-0.014387	-0.000650163	
-0.0142418	-0.000643604	
-0.0140943	-0.000636938	
-0.0139407	-0.000629994	
-0.0137987	-0.000623577	
-0.0136544	-0.000617059	
-0.0135176	-0.000610875	
-0.0133942	-0.000605299	
-0.0132678	-0.000599588	
-0.0131481	-0.000594176	
-0.0130253	-0.000588628	
-0.0128998	-0.000582955	
-0.0127717	-0.000577169	
-0.0126496	-0.00057165	
-0.012525	-0.000566017	
-0.0123981	-0.000560282	
-0.0122691	-0.000554454	
-0.0121477	-0.000548966	
-0.0120241	-0.00054338	
-0.0118985	-0.000537706	
-0.0117802	-0.000532362	
-0.0116668	-0.000527237	
-0.0115511	-0.000522008	
-0.0114334	-0.000516687	
-0.011322	-0.000511653	
-0.0112084	-0.000506522	
-0.011093	-0.000501304	
-0.0109758	-0.000496008	
-0.0108671	-0.000491094	
-0.0107658	-0.000486519	
-0.0106528	-0.000481413	
-0.0105562	-0.000477047	
-0.0104641	-0.000472885	
-0.0103694	-0.000468606	
-0.0102724	-0.00046422	
-0.0101731	-0.000459736	
-0.010072	-0.000455163	
-0.00996899	-0.00045051	
-0.00987375	-0.000446206	
-0.00977654	-0.000441813	
-0.00967755	-0.000437339	
-0.00957694	-0.000432793	
-0.0094749	-0.000428181	
-0.00937158	-0.000423512	
-0.00926712	-0.000418791	
-0.00916168	-0.000414026	
-0.00906444	-0.000409632	
-0.00896596	-0.000405182	
-0.00886637	-0.000400681	
-0.00876582	-0.000396137	
-0.00866443	-0.000391555	
-0.00857767	-0.000387634	
-0.00848942	-0.000383646	
-0.00839985	-0.000379598	
-0.00830908	-0.000375497	
-0.00822553	-0.000371721	
-0.00814058	-0.000367882	
-0.00806381	-0.000364412	
-0.00798537	-0.000360868	
-0.00790542	-0.000357254	
-0.00782409	-0.000353579	
-0.00774155	-0.000349849	
-0.0076579	-0.000346069	
-0.00758229	-0.000342652	
-0.00750531	-0.000339173	
-0.00742708	-0.000335638	
-0.00734775	-0.000332053	
-0.00726744	-0.000328424	
-0.00720253	-0.00032549	
-0.00713591	-0.00032248	
-0.00706775	-0.000319399	
-0.00699817	-0.000316255	
-0.00692731	-0.000313053	
-0.00685529	-0.000309798	
-0.00679927	-0.000307267	
-0.00673289	-0.000304267	
-0.0066737	-0.000301592	
-0.00661289	-0.000298844	
-0.00655058	-0.000296028	
-0.00648691	-0.000293151	
-0.006422	-0.000290217	
-0.00635599	-0.000287234	
-0.0062944	-0.000284451	
-0.00623565	-0.000281796	
-0.00617557	-0.000279081	
-0.00611429	-0.000276311	
-0.0060589	-0.000273808	
-0.00599807	-0.00027106	
-0.00594027	-0.000268447	
-0.00589019	-0.000266184	
-0.00583449	-0.000263667	
-0.00578165	-0.000261279	
-0.00572748	-0.000258831	
-0.0056721	-0.000256329	
-0.00562467	-0.000254185	
-0.00557153	-0.000251783	
-0.00551388	-0.000249178	
-0.00545539	-0.000246535	
-0.00539208	-0.000243674	
-0.00533924	-0.000241286	
-0.00528134	-0.00023867	
-0.00522279	-0.000236024	
-0.00517722	-0.000233964	
-0.0051263	-0.000231663	
-0.00508582	-0.000229834	
-0.00504382	-0.000227936	
-0.00499638	-0.000225792	
-0.0049674	-0.000224482	
-0.00493228	-0.000222895	
-0.00489546	-0.000221231	
-0.0048683	-0.000220004	
-0.00483496	-0.000218497	
-0.0048089	-0.000217319	
-0.00478071	-0.000216045	
-0.00475053	-0.000214682	
-0.00473212	-0.00021385	
-0.00471666	-0.000213151	
-0.00469854	-0.000212332	
-0.00468198	-0.000211584	
-0.00466563	-0.000210845	
-0.00465077	-0.000210174	
-0.0046292	-0.000209199	
-0.00460538	-0.000208122	
-0.00459259	-0.000207544	
-0.00457302	-0.00020666	
-0.00455112	-0.00020567	
-0.00453112	-0.000204766	
-0.00450479	-0.000203576	
-0.00448956	-0.000202888	
-0.00446776	-0.000201903	
-0.00444385	-0.000200822	
-0.00442203	-0.000199836	
-0.00441081	-0.000199329	
-0.00440049	-0.000198863	
-0.0043928	-0.000198516	
-0.00438225	-0.000198039	
-0.004369	-0.00019744	
-0.00435322	-0.000196727	
-0.004344	-0.00019631	
-0.00433203	-0.000195769	
-0.00431749	-0.000195112	
-0.00430461	-0.00019453	
-0.00428514	-0.00019365	
-0.00426357	-0.000192676	
-0.00424911	-0.000192022	
-0.00423228	-0.000191261	
-0.00421323	-0.0001904	
-0.00420163	-0.000189876	
-0.00418753	-0.000189239	
-0.00417109	-0.000188496	
-0.00415245	-0.000187654	
-0.00413175	-0.000186718	
-0.00412485	-0.000186407	
-0.00411525	-0.000185973	
-0.00410309	-0.000185423	
-0.00408855	-0.000184766	
-0.00407175	-0.000184007	
-0.00406202	-0.000183567	
-0.00404978	-0.000183014	
-0.00403519	-0.000182355	
-0.0040184	-0.000181596	
-0.00399954	-0.000180744	
-0.00398778	-0.000180212	
-0.00397369	-0.000179576	
-0.00395742	-0.00017884	
-0.0039391	-0.000178012	
-0.00391886	-0.000177098	
-0.00390578	-0.000176506	
-0.0038905	-0.000175816	
-0.00387317	-0.000175033	
-0.00386337	-0.00017459	
-0.00384177	-0.000173614	
-0.00382797	-0.00017299	
-0.0038262	-0.00017291	
-0.00382164	-0.000172704	
-0.00380035	-0.000171742	
-0.00378651	-0.000171117	
-0.00377797	-0.000170731	
-0.00376708	-0.000170238	
-0.00376809	-0.000170284	
-0.00375209	-0.000169561	
-0.0037483	-0.00016939	
-0.00372777	-0.000168462	
-0.00371517	-0.000167893	
-0.0037005	-0.000167229	
-0.003698	-0.000167117	
-0.00369287	-0.000166885	
-0.00368524	-0.00016654	
-0.00366115	-0.000165451	
-0.00363567	-0.0001643	
-0.003632	-0.000164134	
-0.00361168	-0.000163216	
-0.0035898	-0.000162227	
-0.00356647	-0.000161173	
-0.00355592	-0.000160696	
-0.00352916	-0.000159487	
-0.00350127	-0.000158226	
-0.00348648	-0.000157558	
-0.00346991	-0.000156809	
-0.00346706	-0.00015668	
-0.00345473	-0.000156123	
-0.0034334	-0.000155159	
-0.00342484	-0.000154772	
-0.00341419	-0.000154291	
-0.00340158	-0.000153721	
-0.00338713	-0.000153068	
-0.00337095	-0.000152337	
-0.00335316	-0.000151533	
-0.00334343	-0.000151093	
-0.00333173	-0.000150565	
-0.00331259	-0.000149699	
-0.00330603	-0.000149403	
-0.00330471	-0.000149344	
-0.00329363	-0.000148843	
-0.00328805	-0.00014859	
-0.00328031	-0.000148241	
-0.00327951	-0.000148205	
-0.00327628	-0.000148059	
-0.00327077	-0.00014781	
-0.0032631	-0.000147463	
-0.00325342	-0.000147026	
-0.0032508	-0.000146907	
-0.00324589	-0.000146685	
-0.0032388	-0.000146365	
-0.00322968	-0.000145953	
-0.00321865	-0.000145454	
-0.00320583	-0.000144875	
-0.00319132	-0.000144219	
-0.00318481	-0.000143925	
-0.00317627	-0.000143539	
-0.00316583	-0.000143067	
-0.00316079	-0.00014284	
-0.00314647	-0.000142192	
-0.00313779	-0.0001418	
-0.00312725	-0.000141324	
-0.00311495	-0.000140768	
-0.00310945	-0.00014052	
-0.00310193	-0.00014018	
-0.0030925	-0.000139753	
-0.00308128	-0.000139246	
-0.00306837	-0.000138663	
-0.0030539	-0.000138009	
-0.00304752	-0.000137721	
-0.00303921	-0.000137345	
-0.00302909	-0.000136888	
-0.00301726	-0.000136353	
-0.00300383	-0.000135747	
-0.00298891	-0.000135072	
-0.00298163	-0.000134743	
-0.00297251	-0.000134331	
-0.00296168	-0.000133841	
-0.00294923	-0.000133279	
-0.00293527	-0.000132648	
-0.00293858	-0.000132798	
-0.00293001	-0.00013241	
-0.00291972	-0.000131945	
-0.00290782	-0.000131408	
-0.00290389	-0.00013123	
-0.00290695	-0.000131369	
-0.00289869	-0.000130995	
-0.00289768	-0.000130949	
-0.00289454	-0.000130807	
-0.0028894	-0.000130575	
-0.0028915	-0.00013067	
-0.00289129	-0.000130661	
-0.00288892	-0.000130554	
-0.00288451	-0.000130354	
-0.00287817	-0.000130068	
-0.00287002	-0.0001297	
-0.00286976	-0.000129687	
-0.00286734	-0.000129578	
-0.0028629	-0.000129378	
-0.00285655	-0.000129091	
-0.00284842	-0.000128723	
-0.0028386	-0.00012828	
-0.00282721	-0.000127765	
-0.00282285	-0.000127568	
-0.00282367	-0.000127605	
-0.00282231	-0.000127543	
-0.0028189	-0.000127389	
-0.00281356	-0.000127148	
-0.00281598	-0.000127257	
-0.0028256	-0.000127692	
-0.00282307	-0.000127578	
-0.00282802	-0.000127802	
-0.0028211	-0.000127489	
-0.00281244	-0.000127097	
-0.00282074	-0.000127472	
-0.00282644	-0.00012773	
-0.00282967	-0.000127876	
-0.00283059	-0.000127918	
-0.00282932	-0.00012786	
-0.002826	-0.00012771	
-0.00282073	-0.000127472	
-0.00281363	-0.000127151	
-0.00281333	-0.000127138	
-0.00281093	-0.000127029	
-0.00280655	-0.000126831	
-0.0028003	-0.000126549	
-0.00279935	-0.000126506	
-0.00278929	-0.000126051	
-0.00278476	-0.000125846	
-0.00277838	-0.000125558	
-0.00278046	-0.000125652	
-0.00278032	-0.000125646	
-0.00277809	-0.000125545	
-0.00277389	-0.000125355	
-0.00276784	-0.000125082	
-0.00276005	-0.00012473	
-0.00275063	-0.000124304	
-0.00273967	-0.000123809	
-0.00272727	-0.000123249	
-0.00272198	-0.000123009	
-0.00271494	-0.000122691	
-0.00270625	-0.000122299	
-0.00269603	-0.000121836	
-0.00268435	-0.000121309	
-0.00267132	-0.00012072	
-0.00265702	-0.000120074	
-0.00264154	-0.000119374	
-0.00262495	-0.000118624	
-0.00260733	-0.000117828	
-0.00258876	-0.000116989	
-0.00257879	-0.000116538	
-0.00257615	-0.000116419	
-0.00256301	-0.000115825	
-0.00254869	-0.000115178	
-0.00253327	-0.000114481	
-0.00251683	-0.000113738	
-0.00249942	-0.000112952	
-0.00248113	-0.000112125	
-0.00246202	-0.000111262	
-0.00245086	-0.000110757	
-0.00242978	-0.000109804	
-0.00242399	-0.000109543	
-0.00242576	-0.000109623	
-0.00242561	-0.000109616	
-0.00241642	-0.000109201	
-0.00241314	-0.000109053	
-0.00240824	-0.000108831	
-0.0024018	-0.00010854	
-0.00239392	-0.000108184	
-0.00238468	-0.000107766	
-0.00238254	-0.000107669	
-0.00237036	-0.000107119	
-0.00236545	-0.000106897	
-0.00235904	-0.000106608	
-0.00235122	-0.000106254	
-0.00234208	-0.000105841	
-0.00233169	-0.000105372	
-0.00232014	-0.00010485	
-0.0023075	-0.000104279	
-0.00229385	-0.000103662	
-0.00228882	-0.000103434	
-0.00228236	-0.000103142	
-0.00227454	-0.000102789	
-0.00226546	-0.000102379	
-0.00225519	-0.000101914	
-0.00224381	-0.0001014	
-0.00223138	-0.000100839	
-0.00221799	-0.000100233	
-0.00221296	-0.000100006	
-0.00221494	-0.000100096	
-0.00220675	-9.97254e-05	
-0.00220575	-9.96801e-05	
-0.00220314	-9.95623e-05	
-0.00219902	-9.93761e-05	
-0.00219348	-9.91256e-05	
-0.0021866	-9.88148e-05	
-0.00218804	-9.88799e-05	
-0.00218775	-9.88668e-05	
-0.00218582	-9.87798e-05	
-0.00218236	-9.86233e-05	
-0.00217745	-9.84014e-05	
-0.00217118	-9.8118e-05	
-0.00216363	-9.77769e-05	
-0.00215488	-9.73815e-05	
-0.00215353	-9.73202e-05	
-0.00215062	-9.7189e-05	
-0.00214626	-9.6992e-05	
-0.00214054	-9.67332e-05	
-0.00213352	-9.64162e-05	
-0.0021253	-9.60447e-05	
-0.002123	-9.59408e-05	
-0.00211218	-9.54517e-05	
-0.00211701	-9.56701e-05	
-0.00211997	-9.58039e-05	
-0.00212116	-9.58577e-05	
-0.00212069	-9.58361e-05	
-0.00211864	-9.57435e-05	
-0.00211511	-9.5584e-05	
-0.00211018	-9.53616e-05	
-0.00210395	-9.508e-05	
-0.00210546	-9.5148e-05	
-0.00209632	-9.47352e-05	
-0.0020951	-9.46799e-05	
-0.00209236	-9.45563e-05	
-0.00208821	-9.43684e-05	
-0.00208272	-9.41202e-05	
-0.00207597	-9.38153e-05	
-0.00206804	-9.3457e-05	
-0.00206753	-9.34338e-05	
-0.00205696	-9.29565e-05	
-0.00205397	-9.28214e-05	
-0.00204961	-9.2624e-05	
-0.00204394	-9.23681e-05	
-0.0020467	-9.24924e-05	
-0.00203811	-9.21047e-05	
-0.00202849	-9.16696e-05	
-0.00202752	-9.16257e-05	
-0.00202507	-9.15152e-05	
-0.00202124	-9.13419e-05	
-0.0020161	-9.11098e-05	
-0.00201976	-9.12754e-05	
-0.0020217	-9.13627e-05	
-0.00202199	-9.1376e-05	
-0.00202075	-9.13197e-05	
-0.00202509	-9.15161e-05	
-0.00202062	-9.13139e-05	
-0.00203043	-9.17576e-05	
-0.00203816	-9.21066e-05	
-0.0020439	-9.23662e-05	
-0.00204777	-9.25412e-05	
-0.00204988	-9.26364e-05	
-0.00205032	-9.26563e-05	
-0.00204919	-9.26052e-05	
-0.00204658	-9.24872e-05	
-0.00205178	-9.27222e-05	
-0.00204593	-9.24578e-05	
-0.00204808	-9.25549e-05	
-0.00204856	-9.25766e-05	
-0.00204747	-9.25272e-05	
-0.00204489	-9.24109e-05	
-0.00204092	-9.22316e-05	
-0.00203564	-9.1993e-05	
-0.00202913	-9.16987e-05	
-0.00202146	-9.13521e-05	
-0.00202228	-9.13892e-05	
-0.00202153	-9.13552e-05	
-0.0020193	-9.12543e-05	
-0.00201567	-9.10903e-05	
-0.00201073	-9.08671e-05	
-0.00200456	-9.05881e-05	
-0.00199723	-9.02568e-05	
-0.00198881	-8.98764e-05	
-0.00197937	-8.94501e-05	
-0.0019783	-8.94014e-05	
-0.00197545	-8.92728e-05	
-0.00197128	-8.90842e-05	
-0.00197532	-8.92667e-05	
-0.00197763	-8.93714e-05	
-0.00196887	-8.89753e-05	
-0.00196858	-8.89622e-05	
-0.00196682	-8.88828e-05	
-0.00196368	-8.87409e-05	
-0.00195924	-8.85402e-05	
-0.00195357	-8.82842e-05	
-0.00194676	-8.79763e-05	
-0.00193887	-8.76198e-05	
-0.00192997	-8.72175e-05	
-0.0019291	-8.7178e-05	
-0.00191785	-8.66696e-05	
-0.00191476	-8.65303e-05	
-0.00191042	-8.63338e-05	
-0.00190488	-8.60834e-05	
-0.00189822	-8.57825e-05	
-0.00189051	-8.54341e-05	
-0.00188181	-8.50413e-05	
-0.0018722	-8.46068e-05	
-0.00186173	-8.41334e-05	
-0.00185045	-8.36238e-05	
-0.00183842	-8.30802e-05	
-0.00182569	-8.25052e-05	
-0.00181232	-8.19009e-05	
-0.00180732	-8.16747e-05	
-0.00180124	-8.13999e-05	
-0.00179415	-8.10795e-05	
-0.00178611	-8.07163e-05	
-0.00177719	-8.0313e-05	
-0.00176743	-7.98723e-05	
-0.00175691	-7.93966e-05	
-0.00174566	-7.88883e-05	
-0.00173374	-7.83496e-05	
-0.0017212	-7.77827e-05	
-0.00170807	-7.71897e-05	
-0.00169441	-7.65724e-05	
-0.00168938	-7.6345e-05	
-0.00167424	-7.56609e-05	
-0.00166783	-7.53711e-05	
-0.00166053	-7.50411e-05	
-0.00165239	-7.46735e-05	
-0.00165203	-7.46572e-05	
-0.00164189	-7.41989e-05	
-0.00163965	-7.40976e-05	
-0.0016363	-7.39462e-05	
-0.00162335	-7.3361e-05	
-0.00161848	-7.31407e-05	
-0.00161987	-7.32038e-05	
-0.00162173	-7.32876e-05	
-0.00162946	-7.3637e-05	
-0.00162696	-7.35243e-05	
-0.00163194	-7.37492e-05	
-0.00163153	-7.37307e-05	
-0.00163378	-7.38325e-05	
-0.00164425	-7.43056e-05	
-0.00164331	-7.42628e-05	
-0.00165075	-7.45992e-05	
-0.00165652	-7.486e-05	
-0.00166071	-7.50494e-05	
-0.00166341	-7.51714e-05	
-0.00166083	-7.50547e-05	
-0.00166101	-7.5063e-05	
-0.00165994	-7.50143e-05	
-0.00165767	-7.49118e-05	
-0.00165428	-7.47587e-05	
-0.00165896	-7.49703e-05	
-0.00166212	-7.51131e-05	
-0.00166385	-7.51912e-05	
-0.00166422	-7.52081e-05	
-0.00166332	-7.51673e-05	
-0.00166121	-7.50721e-05	
-0.00165798	-7.49258e-05	
-0.00166279	-7.51435e-05	
-0.00166608	-7.5292e-05	
-0.00166792	-7.53752e-05	
-0.0016684	-7.53968e-05	
-0.00166357	-7.51785e-05	
-0.00166178	-7.50979e-05	
-0.00166791	-7.53745e-05	
-0.00166336	-7.51692e-05	
-0.00166688	-7.53282e-05	
-0.00166894	-7.54214e-05	
-0.00167893	-7.58729e-05	
-0.00167778	-7.58207e-05	
-0.00168473	-7.6135e-05	
-0.00169002	-7.63738e-05	
-0.00169373	-7.65414e-05	
-0.00168664	-7.62209e-05	
-0.00169702	-7.66903e-05	
-0.00170871	-7.72186e-05	
-0.00171526	-7.75147e-05	
-0.00172735	-7.8061e-05	
-0.00173745	-7.85171e-05	
-0.00174565	-7.88879e-05	
-0.00174804	-7.89959e-05	
-0.001753	-7.92202e-05	
-0.00175636	-7.93718e-05	
-0.0017582	-7.94549e-05	
-0.00175861	-7.94733e-05	
-0.00175766	-7.94308e-05	
-0.00175545	-7.93307e-05	
-0.0017611	-7.95859e-05	
-0.00176509	-7.97663e-05	
-0.00176752	-7.98763e-05	
-0.00176848	-7.99197e-05	
-0.00176806	-7.99004e-05	
-0.00176632	-7.98219e-05	
-0.00176335	-7.96877e-05	
-0.00175922	-7.95011e-05	
-0.001754	-7.92653e-05	
-0.00174776	-7.89832e-05	
-0.00174056	-7.86576e-05	
-0.00174194	-7.87202e-05	
-0.00174193	-7.87199e-05	
-0.00174766	-7.89785e-05	
-0.00175173	-7.91628e-05	
-0.00175426	-7.92768e-05	
-0.00176462	-7.97452e-05	
-0.00177306	-8.01266e-05	
-0.00177968	-8.04258e-05	
-0.00178458	-8.06472e-05	
-0.00178785	-8.0795e-05	
-0.00178959	-8.08734e-05	
-0.00178987	-8.08864e-05	
-0.00178879	-8.08376e-05	
-0.00178643	-8.07307e-05	
-0.00178285	-8.05689e-05	
-0.00177813	-8.03557e-05	
-0.00178155	-8.05102e-05	
-0.00178343	-8.05952e-05	
-0.00178386	-8.06144e-05	
-0.00178291	-8.05718e-05	
-0.00178068	-8.04708e-05	
-0.00177723	-8.0315e-05	
-0.00177264	-8.01075e-05	
-0.00176697	-7.98515e-05	
-0.0017603	-7.955e-05	
-0.00175268	-7.92057e-05	
-0.00174418	-7.88214e-05	
-0.00173485	-7.83997e-05	
-0.00172474	-7.79431e-05	
-0.00171392	-7.74539e-05	
-0.00170242	-7.69342e-05	
-0.0016903	-7.63864e-05	
-0.00167759	-7.58123e-05	
-0.00166435	-7.5214e-05	
-0.00165062	-7.45932e-05	
-0.00163642	-7.39518e-05	
-0.00163033	-7.36762e-05	
-0.00162335	-7.33608e-05	
-0.00161554	-7.30082e-05	
-0.00160697	-7.26208e-05	
-0.00159768	-7.22008e-05	
-0.00158771	-7.17504e-05	
-0.00157712	-7.12717e-05	
-0.00156594	-7.07667e-05	
-0.00155423	-7.02373e-05	
-0.00154201	-6.96852e-05	
-0.00152933	-6.91123e-05	
-0.00152479	-6.89068e-05	
-0.00151079	-6.82744e-05	
-0.00149646	-6.76267e-05	
-0.00149038	-6.73519e-05	
-0.00149074	-6.73682e-05	
-0.00147418	-6.66199e-05	
-0.00148281	-6.70099e-05	
-0.00148983	-6.7327e-05	
-0.00149532	-6.75751e-05	
-0.00149549	-6.7583e-05	
-0.0014984	-6.77145e-05	
-0.00150002	-6.77874e-05	
-0.00149653	-6.763e-05	
-0.00149599	-6.76056e-05	
-0.00149436	-6.75317e-05	
-0.00148781	-6.7236e-05	
-0.0014844	-6.70816e-05	
-0.00147618	-6.67104e-05	
-0.0014712	-6.64852e-05	
-0.00146539	-6.62228e-05	
-0.00146391	-6.61558e-05	
-0.00146544	-6.62247e-05	
-0.00146577	-6.62396e-05	
-0.00146095	-6.60219e-05	
-0.00145933	-6.59487e-05	
-0.00145268	-6.56481e-05	
-0.00144531	-6.53152e-05	
-0.0014413	-6.51341e-05	
-0.00143241	-6.47323e-05	
-0.00142697	-6.44866e-05	
-0.0014299	-6.46186e-05	
-0.00141842	-6.41001e-05	
-0.00141969	-6.41572e-05	
-0.00141578	-6.39806e-05	
-0.00141506	-6.39479e-05	
-0.00141331	-6.38688e-05	
-0.00140656	-6.35642e-05	
-0.00140317	-6.3411e-05	
-0.00139489	-6.30368e-05	
-0.00138604	-6.26365e-05	
-0.00138067	-6.23939e-05	
-0.00137054	-6.19361e-05	
-0.00137356	-6.20726e-05	
-0.00137537	-6.21545e-05	
-0.00137201	-6.20028e-05	
-0.00137184	-6.1995e-05	
-0.00136662	-6.1759e-05	
-0.00137013	-6.19175e-05	
-0.00136696	-6.17746e-05	
-0.00135893	-6.14113e-05	
-0.00135435	-6.12045e-05	
-0.00136297	-6.15939e-05	
-0.00135897	-6.14136e-05	
-0.00137619	-6.21917e-05	
-0.00138047	-6.23849e-05	
-0.00139438	-6.30134e-05	
-0.00140643	-6.35583e-05	
-0.00141272	-6.38422e-05	
-0.0014216	-6.42436e-05	
-0.00142487	-6.43915e-05	
-0.00142688	-6.44824e-05	
-0.00144131	-6.51342e-05	
-0.00144021	-6.50848e-05	
-0.0014517	-6.56039e-05	
-0.0014574	-6.58617e-05	
-0.00146168	-6.60551e-05	
-0.00146864	-6.63696e-05	
-0.00147007	-6.6434e-05	
-0.0014703	-6.64447e-05	
-0.00146942	-6.64046e-05	
-0.00146747	-6.63167e-05	
-0.00147768	-6.6778e-05	
-0.00148216	-6.69805e-05	
-0.00147615	-6.67087e-05	
-0.00148251	-6.69963e-05	
-0.00148337	-6.70349e-05	
-0.00148305	-6.70208e-05	
-0.00148567	-6.71389e-05	
-0.00148298	-6.70176e-05	
-0.00149058	-6.73609e-05	
-0.00149443	-6.7535e-05	
-0.0015043	-6.79811e-05	
-0.00151248	-6.83505e-05	
-0.00151904	-6.86471e-05	
-0.00152408	-6.8875e-05	
-0.00152769	-6.90379e-05	
-0.00152993	-6.91393e-05	
-0.00153089	-6.91828e-05	
-0.00154547	-6.98417e-05	
-0.00155805	-7.04101e-05	
-0.00155391	-7.02228e-05	
-0.00154883	-6.99934e-05	
-0.00154287	-6.97242e-05	
-0.0015361	-6.94179e-05	
-0.00152855	-6.90768e-05	
-0.00152925	-6.91085e-05	
-0.00151979	-6.86809e-05	
-0.00151869	-6.86314e-05	
-0.00151651	-6.85329e-05	
-0.00151332	-6.83884e-05	
-0.00150916	-6.82006e-05	
-0.0015041	-6.79721e-05	
-0.0014982	-6.77055e-05	
-0.00149151	-6.74031e-05	
-0.00148408	-6.70671e-05	
-0.00147595	-6.66999e-05	
-0.00146718	-6.63034e-05	
-0.00146636	-6.62664e-05	
-0.00145592	-6.57948e-05	
-0.00144499	-6.53006e-05	
-0.00144215	-6.51722e-05	
-0.00142982	-6.46153e-05	
-0.00142569	-6.44283e-05	
-0.00141215	-6.38167e-05	
-0.00141393	-6.38972e-05	
-0.00141454	-6.39248e-05	
-0.00141405	-6.39027e-05	
-0.00141253	-6.38336e-05	
-0.00142378	-6.43421e-05	
-0.00141955	-6.41512e-05	
-0.00142826	-6.45446e-05	
-0.00143539	-6.48668e-05	
-0.0014506	-6.55543e-05	
-0.00146385	-6.61529e-05	
-0.00147523	-6.66674e-05	
-0.00148485	-6.71021e-05	
-0.0014928	-6.74613e-05	
-0.00149917	-6.7749e-05	
-0.00149043	-6.73543e-05	
-0.00149468	-6.75463e-05	
-0.00149756	-6.76763e-05	
-0.00149914	-6.77478e-05	
-0.0014995	-6.77642e-05	
-0.00149871	-6.77285e-05	
-0.00149684	-6.76437e-05	
-0.00150131	-6.78459e-05	
-0.00149703	-6.76523e-05	
-0.00149923	-6.77518e-05	
-0.00150017	-6.77945e-05	
-0.00150683	-6.80952e-05	
-0.00151196	-6.83273e-05	
-0.00151566	-6.84945e-05	
-0.00152505	-6.89189e-05	
-0.00153276	-6.9267e-05	
-0.00153886	-6.95429e-05	
-0.00154346	-6.97506e-05	
-0.0015556	-7.02991e-05	
-0.00155689	-7.03578e-05	
-0.00156592	-7.07655e-05	
-0.00157324	-7.10964e-05	
-0.00157896	-7.13548e-05	
-0.00158316	-7.15445e-05	
-0.00158592	-7.16695e-05	
-0.00158733	-7.17332e-05	
-0.00158746	-7.17391e-05	
-0.00158639	-7.16906e-05	
-0.00158418	-7.15909e-05	
-0.0015809	-7.14428e-05	
-0.00157662	-7.12494e-05	
-0.00157991	-7.13981e-05	
-0.00157331	-7.10997e-05	
-0.00157844	-7.13314e-05	
-0.00157806	-7.13141e-05	
-0.00157651	-7.12441e-05	
-0.00157788	-7.13063e-05	
-0.00157396	-7.11292e-05	
-0.00156908	-7.09086e-05	
-0.00157571	-7.12081e-05	
-0.00156836	-7.08758e-05	
-0.00156427	-7.0691e-05	
-0.00156375	-7.06675e-05	
-0.00155354	-7.02061e-05	
-0.00155515	-7.02791e-05	
-0.00155163	-7.012e-05	
-0.00154263	-6.97131e-05	
-0.00154707	-6.99136e-05	
-0.00153197	-6.92314e-05	
-0.00153857	-6.95296e-05	
-0.00153976	-6.95833e-05	
-0.00154677	-6.99001e-05	
-0.00154903	-7.00024e-05	
-0.00155317	-7.01896e-05	
-0.00155591	-7.03132e-05	
-0.00155731	-7.03767e-05	
-0.00155746	-7.03835e-05	
-0.00156943	-7.09241e-05	
-0.00157565	-7.12052e-05	
-0.00158032	-7.14165e-05	
-0.00158354	-7.15618e-05	
-0.00158537	-7.16448e-05	
-0.00158979	-7.18442e-05	
-0.00158887	-7.18028e-05	
-0.00158681	-7.17096e-05	
-0.00158367	-7.15677e-05	
-0.00157951	-7.138e-05	
-0.00157441	-7.11492e-05	
-0.0015684	-7.08779e-05	
-0.00156156	-7.05688e-05	
-0.00156633	-7.07841e-05	
-0.00156561	-7.07518e-05	
-0.00156376	-7.06679e-05	
-0.00156083	-7.05355e-05	
-0.00155689	-7.03575e-05	
-0.001552	-7.01367e-05	
-0.00154623	-6.98756e-05	
-0.00153961	-6.95768e-05	
-0.00153222	-6.92427e-05	
-0.00152409	-6.88755e-05	
-0.00151528	-6.84774e-05	
-0.00150584	-6.80504e-05	
-0.0014958	-6.75967e-05	
-0.0014852	-6.71179e-05	
-0.00148428	-6.7076e-05	
-0.00148228	-6.6986e-05	
-0.00147929	-6.68506e-05	
-0.00147535	-6.66725e-05	
-0.00147052	-6.64544e-05	
-0.00146486	-6.61986e-05	
-0.00145842	-6.59076e-05	
-0.00145125	-6.55836e-05	
-0.0014434	-6.52286e-05	
-0.0014349	-6.48449e-05	
-0.00142582	-6.44342e-05	
-0.00141617	-6.39984e-05	
-0.00140602	-6.35394e-05	
-0.00139538	-6.30588e-05	
-0.0013843	-6.25581e-05	
-0.00137281	-6.2039e-05	
-0.00136095	-6.15028e-05	
-0.00134874	-6.0951e-05	
-0.00133621	-6.03849e-05	
-0.00132339	-5.98057e-05	
-0.00131031	-5.92145e-05	
-0.00130545	-5.89945e-05	
-0.00129987	-5.87427e-05	
-0.00129364	-5.8461e-05	
-0.00128679	-5.81513e-05	
-0.00127936	-5.78155e-05	
-0.00127139	-5.74554e-05	
-0.00126292	-5.70726e-05	
-0.00125398	-5.66687e-05	
-0.00124461	-5.62452e-05	
-0.00123483	-5.58035e-05	
-0.00122469	-5.53451e-05	
-0.0012142	-5.48712e-05	
-0.0012034	-5.43831e-05	
-0.00119231	-5.3882e-05	
-0.00118833	-5.37018e-05	
-0.00118367	-5.34914e-05	
-0.00117839	-5.32527e-05	
-0.00117252	-5.29876e-05	
-0.00116611	-5.26977e-05	
-0.00116866	-5.28131e-05	
-0.00117028	-5.28864e-05	
-0.00117093	-5.29156e-05	
-0.00118014	-5.33317e-05	
-0.00117844	-5.32552e-05	
-0.00117596	-5.3143e-05	
-0.00118221	-5.34256e-05	
-0.00117774	-5.32232e-05	
-0.00117263	-5.29923e-05	
-0.00116693	-5.27347e-05	
-0.00117015	-5.28805e-05	
-0.00117231	-5.29781e-05	
-0.00116398	-5.26017e-05	
-0.00116473	-5.26356e-05	
-0.00116456	-5.2628e-05	
-0.00116353	-5.2581e-05	
-0.00116167	-5.24972e-05	
-0.00115904	-5.23785e-05	
-0.00115569	-5.22271e-05	
-0.00114218	-5.16165e-05	
-0.00113807	-5.14305e-05	
-0.00113333	-5.12164e-05	
-0.00112801	-5.09759e-05	
-0.00112214	-5.07108e-05	
-0.00111576	-5.04226e-05	
-0.00110891	-5.01129e-05	
-0.00110161	-4.97831e-05	
-0.0010939	-4.94347e-05	
-0.00108581	-4.9069e-05	
-0.00108625	-4.90888e-05	
-0.00108584	-4.90703e-05	
-0.00108464	-4.9016e-05	
-0.00108269	-4.89278e-05	
-0.00108003	-4.88077e-05	
-0.00107671	-4.86577e-05	
-0.00107277	-4.84796e-05	
-0.00106825	-4.82752e-05	
-0.00106317	-4.80461e-05	
-0.00105759	-4.77938e-05	
-0.00105153	-4.752e-05	
-0.00104503	-4.7226e-05	
-0.00103811	-4.69133e-05	
-0.0010308	-4.65831e-05	
-0.00102314	-4.62367e-05	
-0.00101514	-4.58753e-05	
-0.00100684	-4.55e-05	
-0.000998248	-4.51119e-05	
-0.0009894	-4.47121e-05	
-0.000980313	-4.43014e-05	
-0.000980214	-4.4297e-05	
-0.000979383	-4.42594e-05	
-0.00097786	-4.41906e-05	
-0.000975687	-4.40924e-05	
-0.000980108	-4.42922e-05	
-0.000983537	-4.44471e-05	
-0.000978822	-4.42341e-05	
-0.000980845	-4.43255e-05	
-0.000982012	-4.43782e-05	
-0.000982372	-4.43945e-05	
-0.00098197	-4.43763e-05	
-0.00098982	-4.47311e-05	
-0.000987504	-4.46264e-05	
-0.000993545	-4.48994e-05	
-0.000998491	-4.51229e-05	
-0.0010024	-4.52996e-05	
-0.00100533	-4.54319e-05	
-0.00100733	-4.55225e-05	
-0.00100846	-4.55735e-05	
-0.00100876	-4.55872e-05	
-0.00100829	-4.55657e-05	
-0.00100708	-4.55112e-05	
-0.00100518	-4.54254e-05	
-0.00100264	-4.53103e-05	
-0.000999479	-4.51676e-05	
-0.000995749	-4.4999e-05	
-0.000991481	-4.48061e-05	
-0.000995682	-4.4996e-05	
-0.00098992	-4.47356e-05	
-0.000992713	-4.48618e-05	
-0.000994598	-4.4947e-05	
-0.000995624	-4.49933e-05	
-0.000995841	-4.50031e-05	
-0.000995294	-4.49784e-05	
-0.000994028	-4.49212e-05	
-0.00100155	-4.5261e-05	
-0.000998418	-4.51196e-05	
-0.000994715	-4.49523e-05	
-0.000990474	-4.47606e-05	
-0.000985729	-4.45462e-05	
-0.000989976	-4.47381e-05	
-0.00098377	-4.44576e-05	
-0.00098664	-4.45874e-05	
-0.000998175	-4.51086e-05	
-0.000998836	-4.51385e-05	
-0.000998707	-4.51327e-05	
-0.00100508	-4.54207e-05	
-0.00100308	-4.53304e-05	
-0.00101727	-4.59714e-05	
-0.00102987	-4.6541e-05	
-0.00103136	-4.66083e-05	
-0.0010416	-4.70712e-05	
-0.00104086	-4.70375e-05	
-0.00104898	-4.74048e-05	
-0.00105585	-4.77152e-05	
-0.00106154	-4.7972e-05	
-0.00106609	-4.81778e-05	
-0.00106958	-4.83355e-05	
-0.00107206	-4.84476e-05	
-0.00107359	-4.85169e-05	
-0.00108259	-4.89235e-05	
-0.00108189	-4.8892e-05	
-0.00108042	-4.88254e-05	
-0.00107822	-4.87258e-05	
-0.00107533	-4.85952e-05	
-0.00108015	-4.88134e-05	
-0.00108389	-4.89823e-05	
-0.0010866	-4.91045e-05	
-0.00108833	-4.91827e-05	
-0.00108914	-4.92194e-05	
-0.00108908	-4.92168e-05	
-0.00108821	-4.91773e-05	
-0.00108656	-4.91029e-05	
-0.00108419	-4.89958e-05	
-0.00108114	-4.88579e-05	
-0.00107745	-4.8691e-05	
-0.00107315	-4.84969e-05	
-0.0010683	-4.82775e-05	
-0.00106291	-4.80341e-05	
-0.00105703	-4.77685e-05	
-0.0010507	-4.74821e-05	
-0.00104393	-4.71764e-05	
-0.00103676	-4.68525e-05	
-0.00102923	-4.65119e-05	
-0.00102135	-4.61557e-05	
-0.00101315	-4.57852e-05	
-0.00100465	-4.54013e-05	
-0.00100546	-4.5438e-05	
-0.00100547	-4.54383e-05	
-0.00100472	-4.54043e-05	
-0.000993675	-4.49053e-05	
-0.000992092	-4.48337e-05	
-0.000989851	-4.47325e-05	
-0.000986992	-4.46033e-05	
-0.000983553	-4.44479e-05	
-0.00097957	-4.42678e-05	
-0.000975075	-4.40647e-05	
-0.000970104	-4.38401e-05	
-0.000964685	-4.35952e-05	
-0.00095885	-4.33315e-05	
-0.000952625	-4.30502e-05	
-0.00094604	-4.27526e-05	
-0.000939118	-4.24398e-05	
-0.000931884	-4.21129e-05	
-0.000924363	-4.1773e-05	
-0.000916575	-4.14211e-05	
-0.000908543	-4.10581e-05	
-0.000900286	-4.06849e-05	
-0.000891823	-4.03025e-05	
-0.000891732	-4.02984e-05	
-0.000882414	-3.98773e-05	
-0.000872965	-3.94503e-05	
-0.000871959	-3.94048e-05	
-0.000861793	-3.89454e-05	
-0.00085156	-3.84829e-05	
-0.000841271	-3.8018e-05	
-0.000839497	-3.79378e-05	
-0.000837192	-3.78336e-05	
-0.000825828	-3.73201e-05	
-0.000823052	-3.71946e-05	
-0.000819814	-3.70483e-05	
-0.000825265	-3.72946e-05	
-0.000829781	-3.74987e-05	
-0.000824291	-3.72506e-05	
-0.000827616	-3.74009e-05	
-0.00083718	-3.78331e-05	
-0.000829389	-3.7481e-05	
-0.000837594	-3.78518e-05	
-0.000844697	-3.81728e-05	
-0.000850756	-3.84466e-05	
-0.000855826	-3.86757e-05	
-0.00085996	-3.88626e-05	
-0.000863209	-3.90094e-05	
-0.000865621	-3.91184e-05	
-0.000867241	-3.91916e-05	
-0.000868115	-3.92311e-05	
-0.000868283	-3.92387e-05	
-0.000867788	-3.92163e-05	
-0.000875182	-3.95504e-05	
-0.000872976	-3.94508e-05	
-0.000878755	-3.97119e-05	
-0.000883539	-3.99281e-05	
-0.000887383	-4.01018e-05	
-0.000890338	-4.02353e-05	
-0.000892451	-4.03309e-05	
-0.000893771	-4.03905e-05	
-0.00089434	-4.04162e-05	
-0.000894203	-4.041e-05	
-0.000893399	-4.03737e-05	
-0.000891968	-4.0309e-05	
-0.000889945	-4.02176e-05	
-0.000887368	-4.01011e-05	
-0.000884269	-3.99611e-05	
-0.000880681	-3.9799e-05	
-0.000876634	-3.96161e-05	
-0.000872159	-3.94138e-05	
-0.000877465	-3.96536e-05	
-0.000881806	-3.98498e-05	
-0.000885233	-4.00046e-05	
-0.000887795	-4.01205e-05	
-0.000889542	-4.01994e-05	
-0.000890517	-4.02435e-05	
-0.000890765	-4.02547e-05	
-0.000897387	-4.05539e-05	
-0.000895892	-4.04864e-05	
-0.000900867	-4.07112e-05	
-0.000904878	-4.08924e-05	
-0.000916492	-4.14173e-05	
-0.000918233	-4.1496e-05	
-0.000927698	-4.19237e-05	
-0.00092871	-4.19694e-05	
-0.000936175	-4.23068e-05	
-0.000942505	-4.25929e-05	
-0.000947762	-4.28304e-05	
-0.000952003	-4.30221e-05	
-0.000955283	-4.31703e-05	
-0.000957654	-4.32775e-05	
-0.000968744	-4.37786e-05	
-0.000978468	-4.4218e-05	
-0.000986896	-4.45989e-05	
-0.000994097	-4.49243e-05	
-0.00100014	-4.51972e-05	
-0.00100507	-4.54204e-05	
-0.00100897	-4.55965e-05	
-0.00101188	-4.57282e-05	
-0.00101387	-4.58178e-05	
-0.00101497	-4.58677e-05	
-0.00101525	-4.58802e-05	
-0.00101474	-4.58573e-05	
-0.0010135	-4.58012e-05	
-0.00101877	-4.60394e-05	
-0.00102297	-4.62292e-05	
-0.00102616	-4.63733e-05	
-0.00102839	-4.64742e-05	
-0.00102972	-4.65342e-05	
-0.0010302	-4.65557e-05	
-0.00102987	-4.65409e-05	
-0.00102878	-4.64918e-05	
-0.00102698	-4.64104e-05	
-0.00102451	-4.62988e-05	
-0.00102141	-4.61586e-05	
-0.00101771	-4.59916e-05	
-0.00102252	-4.62088e-05	
-0.00102628	-4.63787e-05	
-0.00102905	-4.65039e-05	
-0.00103088	-4.65868e-05	
-0.00103184	-4.66299e-05	
-0.00103196	-4.66353e-05	
-0.00103129	-4.66052e-05	
-0.00102989	-4.65418e-05	
-0.00102779	-4.64468e-05	
-0.00102503	-4.63223e-05	
-0.00102166	-4.61699e-05	
-0.00101771	-4.59915e-05	
-0.00101322	-4.57887e-05	
-0.00100823	-4.55629e-05	
-0.00100276	-4.53157e-05	
-0.000996844	-4.50485e-05	
-0.000990518	-4.47626e-05	
-0.000983808	-4.44594e-05	
-0.000987127	-4.46093e-05	
-0.000979125	-4.42477e-05	
-0.000970843	-4.38735e-05	
-0.000972689	-4.39569e-05	
-0.000963311	-4.35331e-05	
-0.000953743	-4.31007e-05	
-0.000944005	-4.26606e-05	
-0.000934112	-4.22136e-05	
-0.000934469	-4.22297e-05	
-0.000923714	-4.17436e-05	
-0.000912879	-4.1254e-05	
-0.00091956	-4.15559e-05	
-0.000914627	-4.1333e-05	
-0.000919825	-4.15679e-05	
-0.000932916	-4.21595e-05	
-0.000934014	-4.22091e-05	
-0.000944884	-4.27004e-05	
-0.00094388	-4.2655e-05	
-0.00095276	-4.30563e-05	
-0.000960412	-4.34021e-05	
-0.000956363	-4.32191e-05	
-0.000962363	-4.34903e-05	
-0.000967294	-4.37131e-05	
-0.000960674	-4.34139e-05	
-0.000964247	-4.35754e-05	
-0.000966889	-4.36948e-05	
-0.00096865	-4.37743e-05	
-0.000969579	-4.38163e-05	
-0.000969724	-4.38229e-05	
-0.000969129	-4.3796e-05	
-0.000967838	-4.37377e-05	
-0.000965891	-4.36497e-05	
-0.000978157	-4.4204e-05	
-0.000988983	-4.46932e-05	
-0.0010075	-4.553e-05	
-0.00101514	-4.58752e-05	
-0.00103063	-4.65753e-05	
-0.00104446	-4.72002e-05	
-0.0010567	-4.77536e-05	
-0.00106745	-4.82393e-05	
-0.00107678	-4.86608e-05	
-0.00108476	-4.90214e-05	
-0.00107663	-4.86542e-05	
-0.00108299	-4.89415e-05	
-0.00107334	-4.85053e-05	
-0.00106343	-4.80575e-05	
-0.00105328	-4.75991e-05	
-0.00104293	-4.7131e-05	
-0.00103238	-4.66543e-05	
-0.00103649	-4.68399e-05	
-0.00102474	-4.63094e-05	
-0.00102774	-4.64445e-05	
-0.00101495	-4.58666e-05	
-0.00100213	-4.52873e-05	
-0.000989289	-4.47071e-05	
-0.00098541	-4.45318e-05	
-0.000972039	-4.39275e-05	
-0.000967673	-4.37302e-05	
-0.000962827	-4.35112e-05	
-0.000948561	-4.28665e-05	
-0.00094337	-4.26319e-05	
-0.000937764	-4.23786e-05	
-0.000931773	-4.21078e-05	
-0.000925422	-4.18209e-05	
-0.000925943	-4.18444e-05	
-0.000925735	-4.1835e-05	
-0.000924841	-4.17946e-05	
-0.000923301	-4.1725e-05	
-0.000921153	-4.16279e-05	
-0.000918433	-4.1505e-05	
-0.000915177	-4.13579e-05	
-0.000911417	-4.11879e-05	
-0.000907185	-4.09967e-05	
-0.000902512	-4.07855e-05	
-0.000897426	-4.05557e-05	
-0.000891954	-4.03084e-05	
-0.0008957	-4.04777e-05	
-0.000898556	-4.06067e-05	
-0.00090057	-4.06978e-05	
-0.00090179	-4.07529e-05	
-0.00090226	-4.07741e-05	
-0.000902023	-4.07634e-05	
-0.000901119	-4.07225e-05	
-0.000899587	-4.06533e-05	
-0.000897464	-4.05574e-05	
-0.000894787	-4.04364e-05	
-0.000891588	-4.02918e-05	
-0.000896264	-4.05032e-05	
-0.000899997	-4.06719e-05	
-0.000902837	-4.08002e-05	
-0.000904834	-4.08904e-05	
-0.000906034	-4.09447e-05	
-0.000906481	-4.09649e-05	
-0.00090622	-4.09531e-05	
-0.00090529	-4.0911e-05	
-0.00090373	-4.08406e-05	
-0.000901579	-4.07433e-05	
-0.00089887	-4.06209e-05	
-0.000895639	-4.04749e-05	
-0.000891918	-4.03068e-05	
-0.000887738	-4.01179e-05	
-0.000883127	-3.99095e-05	
-0.000878115	-3.9683e-05	
-0.000872728	-3.94396e-05	
-0.000866992	-3.91803e-05	
-0.000870507	-3.93392e-05	
-0.000873164	-3.94592e-05	
-0.00087501	-3.95427e-05	
-0.000876091	-3.95915e-05	
-0.000876449	-3.96077e-05	
-0.000876125	-3.95931e-05	
-0.00087516	-3.95494e-05	
-0.000873589	-3.94785e-05	
-0.00087145	-3.93818e-05	
-0.000868776	-3.9261e-05	
-0.000865601	-3.91175e-05	
-0.000861954	-3.89527e-05	
-0.000857867	-3.87679e-05	
-0.000853367	-3.85646e-05	
-0.000848481	-3.83438e-05	
-0.000843235	-3.81067e-05	
-0.000837654	-3.78545e-05	
-0.000831761	-3.75882e-05	
-0.000825579	-3.73088e-05	
-0.000819129	-3.70173e-05	
-0.000820969	-3.71005e-05	
-0.000813546	-3.6765e-05	
-0.000814474	-3.6807e-05	
-0.000806195	-3.64328e-05	
-0.0008137	-3.6772e-05	
-0.000804244	-3.63447e-05	
-0.000802255	-3.62548e-05	
-0.000800782	-3.61882e-05	
-0.000806169	-3.64317e-05	
-0.000811221	-3.666e-05	
-0.000806403	-3.64422e-05	
-0.000801253	-3.62095e-05	
-0.00080418	-3.63418e-05	
-0.000806916	-3.64654e-05	
-0.000808886	-3.65545e-05	
-0.00081852	-3.69898e-05	
-0.000826985	-3.73724e-05	
-0.000825954	-3.73258e-05	
-0.000832747	-3.76327e-05	
-0.000838521	-3.78937e-05	
-0.000834946	-3.77321e-05	
-0.000830946	-3.75514e-05	
-0.000834935	-3.77317e-05	
-0.000838067	-3.78732e-05	
-0.000831999	-3.7599e-05	
-0.000834039	-3.76912e-05	
-0.000835333	-3.77496e-05	
-0.000827536	-3.73973e-05	
-0.000819562	-3.70369e-05	
-0.000819814	-3.70483e-05	
-0.000819432	-3.70311e-05	
-0.000818455	-3.69869e-05	
-0.00080853	-3.65384e-05	
-0.000806951	-3.6467e-05	
-0.000804853	-3.63722e-05	
-0.000802269	-3.62554e-05	
-0.000799228	-3.6118e-05	
-0.000795759	-3.59612e-05	
-0.000791888	-3.57863e-05	
-0.000796765	-3.60067e-05	
-0.000791639	-3.5775e-05	
-0.000786209	-3.55297e-05	
-0.000789621	-3.56839e-05	
-0.000783119	-3.539e-05	
-0.000785522	-3.54986e-05	
-0.000787195	-3.55742e-05	
-0.00077964	-3.52328e-05	
-0.000787196	-3.55742e-05	
-0.000786997	-3.55653e-05	
-0.000792944	-3.5834e-05	
-0.000797952	-3.60603e-05	
-0.000802071	-3.62465e-05	
-0.000805349	-3.63946e-05	
-0.000807831	-3.65068e-05	
-0.000809563	-3.6585e-05	
-0.000810584	-3.66312e-05	
-0.000810936	-3.66471e-05	
-0.000810656	-3.66344e-05	
-0.00080978	-3.65949e-05	
-0.000808344	-3.653e-05	
-0.000815958	-3.6874e-05	
-0.000812943	-3.67378e-05	
-0.000819065	-3.70144e-05	
-0.000824217	-3.72473e-05	
-0.000828454	-3.74387e-05	
-0.000831822	-3.7591e-05	
-0.00083437	-3.77061e-05	
-0.000836143	-3.77862e-05	
-0.000837183	-3.78332e-05	
-0.000837533	-3.7849e-05	
-0.000837231	-3.78354e-05	
-0.000836315	-3.7794e-05	
-0.000834821	-3.77265e-05	
-0.000832782	-3.76344e-05	
-0.000830233	-3.75191e-05	
-0.000834578	-3.77155e-05	
-0.000839341	-3.79308e-05	
-0.000843199	-3.81051e-05	
-0.000853418	-3.85669e-05	
-0.000855189	-3.8647e-05	
-0.000863433	-3.90195e-05	
-0.000870553	-3.93413e-05	
-0.000876609	-3.96149e-05	
-0.000881656	-3.9843e-05	
-0.000894806	-4.04373e-05	
-0.000897471	-4.05577e-05	
-0.000908363	-4.10499e-05	
-0.000917946	-4.1483e-05	
-0.00091723	-4.14507e-05	
-0.000924921	-4.17982e-05	
-0.000931473	-4.20943e-05	
-0.000936948	-4.23417e-05	
-0.000941401	-4.2543e-05	
-0.00094489	-4.27006e-05	
-0.000947466	-4.28171e-05	
-0.00094918	-4.28945e-05	
-0.00095008	-4.29352e-05	
-0.000950212	-4.29411e-05	
-0.00094962	-4.29144e-05	
-0.000948345	-4.28568e-05	
-0.000946429	-4.27702e-05	
-0.000943908	-4.26563e-05	
-0.000950397	-4.29495e-05	
-0.00094622	-4.27607e-05	
-0.00094157	-4.25506e-05	
-0.000946052	-4.27531e-05	
-0.000949564	-4.29119e-05	
-0.000952159	-4.30291e-05	
-0.000953887	-4.31072e-05	
-0.000954797	-4.31483e-05	
-0.000954934	-4.31545e-05	
-0.000954343	-4.31278e-05	
-0.000953067	-4.30701e-05	
-0.000951145	-4.29833e-05	
-0.000948615	-4.2869e-05	
-0.000945516	-4.27289e-05	
-0.000941881	-4.25646e-05	
-0.000937744	-4.23777e-05	
-0.000933136	-4.21695e-05	
-0.00092809	-4.19414e-05	
-0.000931605	-4.21002e-05	
-0.000934215	-4.22182e-05	
-0.000935972	-4.22976e-05	
-0.000936922	-4.23406e-05	
-0.000937111	-4.23491e-05	
-0.000936583	-4.23252e-05	
-0.000935379	-4.22708e-05	
-0.000933538	-4.21876e-05	
-0.000931098	-4.20774e-05	
-0.000928097	-4.19417e-05	
-0.000924567	-4.17822e-05	
-0.000920542	-4.16003e-05	
-0.000916054	-4.13975e-05	
-0.000911133	-4.11751e-05	
-0.000905806	-4.09344e-05	
-0.000900101	-4.06766e-05	
-0.000894045	-4.04029e-05	
-0.000887661	-4.01144e-05	
-0.000880974	-3.98122e-05	
-0.000874006	-3.94973e-05	
-0.000866778	-3.91707e-05	
-0.000859311	-3.88332e-05	
-0.000851623	-3.84858e-05	
-0.000852855	-3.85415e-05	
-0.000844252	-3.81527e-05	
-0.000844627	-3.81696e-05	
-0.000844343	-3.81568e-05	
-0.000843438	-3.81159e-05	
-0.00084195	-3.80486e-05	
-0.000839911	-3.79565e-05	
-0.000837356	-3.78411e-05	
-0.000834316	-3.77037e-05	
-0.000830821	-3.75457e-05	
-0.0008269	-3.73685e-05	
-0.00082258	-3.71733e-05	
-0.000817887	-3.69612e-05	
-0.000812847	-3.67334e-05	
-0.000807482	-3.6491e-05	
-0.000810788	-3.66404e-05	
-0.000811368	-3.66666e-05	
-0.000813228	-3.67507e-05	
-0.000821567	-3.71275e-05	
-0.000828808	-3.74548e-05	
-0.000835009	-3.7735e-05	
-0.000840225	-3.79707e-05	
-0.000844508	-3.81643e-05	
-0.000847909	-3.8318e-05	
-0.000850476	-3.84339e-05	
-0.000852254	-3.85143e-05	
-0.000853287	-3.8561e-05	
-0.000853618	-3.85759e-05	
-0.000853286	-3.85609e-05	
-0.000852329	-3.85177e-05	
-0.000850785	-3.84479e-05	
-0.00085817	-3.87817e-05	
-0.000855002	-3.86385e-05	
-0.000851371	-3.84744e-05	
-0.000847306	-3.82907e-05	
-0.000842834	-3.80886e-05	
-0.000846956	-3.82749e-05	
-0.000850203	-3.84216e-05	
-0.000852623	-3.8531e-05	
-0.000863744	-3.90335e-05	
-0.00085512	-3.86438e-05	
-0.000864802	-3.90814e-05	
-0.000873276	-3.94643e-05	
-0.000880606	-3.97956e-05	
-0.000877369	-3.96493e-05	
-0.000883139	-3.991e-05	
-0.000878429	-3.96972e-05	
-0.000899154	-4.06337e-05	
-0.000892185	-4.03188e-05	
-0.000910771	-4.11587e-05	
-0.000927604	-4.19194e-05	
-0.000942773	-4.26049e-05	
-0.000956361	-4.3219e-05	
-0.00096845	-4.37653e-05	
-0.000979115	-4.42473e-05	
-0.00098843	-4.46683e-05	
-0.000996466	-4.50314e-05	
-0.00100329	-4.53398e-05	
-0.00100897	-4.55963e-05	
-0.00101356	-4.58038e-05	
-0.0010267	-4.63976e-05	
-0.00103831	-4.69223e-05	
-0.00103883	-4.69461e-05	
-0.00104818	-4.73686e-05	
-0.00105621	-4.77312e-05	
-0.00106298	-4.80371e-05	
-0.00106855	-4.82891e-05	
-0.00107301	-4.84903e-05	
-0.00107639	-4.86434e-05	
-0.00107878	-4.87511e-05	
-0.00108021	-4.88158e-05	
-0.00108074	-4.884e-05	
-0.00108043	-4.88259e-05	
-0.00107932	-4.87759e-05	
-0.00107747	-4.86919e-05	
-0.0010749	-4.8576e-05	
-0.00107167	-4.84302e-05	
-0.00105819	-4.78206e-05	
-0.00106343	-4.80576e-05	
-0.00106757	-4.82448e-05	
-0.00107757	-4.86965e-05	
-0.00108618	-4.90856e-05	
-0.00109347	-4.94153e-05	
-0.00109953	-4.96889e-05	
-0.00110441	-4.99094e-05	
-0.00110817	-5.00795e-05	
-0.00111089	-5.02022e-05	
-0.00111261	-5.02799e-05	
-0.00111339	-5.03153e-05	
-0.00112241	-5.0723e-05	
-0.00112095	-5.06568e-05	
-0.00112784	-5.09685e-05	
-0.00112437	-5.08115e-05	
-0.00112937	-5.10376e-05	
-0.00113324	-5.12122e-05	
-0.00113602	-5.13382e-05	
-0.0011378	-5.14183e-05	
-0.00113861	-5.1455e-05	
-0.00113851	-5.14507e-05	
-0.00113757	-5.1408e-05	
-0.00113582	-5.13289e-05	
-0.00113331	-5.12156e-05	
-0.00113009	-5.10702e-05	
-0.00112621	-5.08946e-05	
-0.0011217	-5.06907e-05	
-0.0011166	-5.04602e-05	
-0.00111095	-5.02049e-05	
-0.00111391	-5.03387e-05	
-0.00111586	-5.04268e-05	
-0.00111685	-5.04718e-05	
-0.00111695	-5.04762e-05	
-0.0011162	-5.04422e-05	
-0.00111465	-5.03722e-05	
-0.00111235	-5.02682e-05	
-0.00110934	-5.01322e-05	
-0.00110567	-4.99662e-05	
-0.00110137	-4.97721e-05	
-0.00109649	-4.95515e-05	
-0.00109106	-4.93063e-05	
-0.00108512	-4.90379e-05	
-0.0010787	-4.87479e-05	
-0.00107184	-4.84377e-05	
-0.00106456	-4.81088e-05	
-0.0010569	-4.77625e-05	
-0.00104888	-4.74e-05	
-0.00104053	-4.70225e-05	
-0.00103187	-4.66312e-05	
-0.00102293	-4.62272e-05	
-0.00102095	-4.61378e-05	
-0.00101831	-4.60188e-05	
-0.00101506	-4.58719e-05	
-0.00101123	-4.56988e-05	
-0.00100686	-4.55011e-05	
-0.00100198	-4.52805e-05	
-0.00100559	-4.54437e-05	
-0.000999267	-4.5158e-05	
-0.00100152	-4.52599e-05	
-0.00100289	-4.53219e-05	
-0.00100343	-4.53461e-05	
-0.00100318	-4.53347e-05	
-0.00100218	-4.52898e-05	
-0.00100049	-4.52133e-05	
-0.000998142	-4.51071e-05	
-0.000995174	-4.4973e-05	
-0.000991625	-4.48127e-05	
-0.000987533	-4.46277e-05	
-0.000982929	-4.44197e-05	
-0.000977849	-4.41901e-05	
-0.000972322	-4.39403e-05	
-0.000966379	-4.36717e-05	
-0.000960048	-4.33856e-05	
-0.000953355	-4.30832e-05	
-0.000946327	-4.27656e-05	
-0.000938988	-4.24339e-05	
-0.000931362	-4.20893e-05	
-0.000923471	-4.17327e-05	
-0.000915335	-4.1365e-05	
-0.000906975	-4.09872e-05	
-0.000898411	-4.06002e-05	
-0.000896706	-4.05231e-05	
-0.0008965	-4.05138e-05	
-0.000902525	-4.07861e-05	
-0.000898551	-4.06065e-05	
-0.0009031	-4.08121e-05	
-0.000906708	-4.09751e-05	
-0.000909424	-4.10979e-05	
-0.000911299	-4.11826e-05	
-0.00091238	-4.12315e-05	
-0.00091271	-4.12464e-05	
-0.000912334	-4.12294e-05	
-0.00091129	-4.11822e-05	
-0.00090962	-4.11067e-05	
-0.000907359	-4.10045e-05	
-0.000904543	-4.08773e-05	
-0.000901207	-4.07265e-05	
-0.000897382	-4.05537e-05	
-0.000902677	-4.0793e-05	
-0.00089741	-4.0555e-05	
-0.000891769	-4.03e-05	
-0.000909509	-4.11017e-05	
-0.000911393	-4.11868e-05	
-0.000912481	-4.1236e-05	
-0.000912819	-4.12513e-05	
-0.00091245	-4.12346e-05	
-0.000911413	-4.11878e-05	
-0.000923902	-4.17522e-05	
-0.000943366	-4.26318e-05	
-0.000938462	-4.24101e-05	
-0.000933131	-4.21692e-05	
-0.000927402	-4.19103e-05	
-0.000943843	-4.26533e-05	
-0.000936089	-4.23029e-05	
-0.000937131	-4.235e-05	
-0.000942503	-4.25927e-05	
-0.00094176	-4.25592e-05	
-0.000940349	-4.24954e-05	
-0.00093831	-4.24032e-05	
-0.00093568	-4.22844e-05	
-0.000946651	-4.27802e-05	
-0.00095628	-4.32154e-05	
-0.000959171	-4.3346e-05	
-0.000966638	-4.36834e-05	
-0.000972948	-4.39686e-05	
-0.000964006	-4.35645e-05	
-0.00096354	-4.35434e-05	
-0.000953684	-4.3098e-05	
-0.000952364	-4.30384e-05	
-0.000955867	-4.31967e-05	
-0.000952983	-4.30664e-05	
-0.000955011	-4.3158e-05	
-0.000950738	-4.29649e-05	
-0.000945992	-4.27504e-05	
-0.000932113	-4.21232e-05	
-0.000935384	-4.2271e-05	
-0.000943401	-4.26333e-05	
-0.000944607	-4.26879e-05	
-0.000959189	-4.33468e-05	
-0.000972212	-4.39353e-05	
-0.000983756	-4.4457e-05	
-0.000993895	-4.49152e-05	
-0.0010027	-4.53133e-05	
-0.00101025	-4.56544e-05	
-0.00100245	-4.53018e-05	
-0.00100849	-4.5575e-05	
-0.00101343	-4.57981e-05	
-0.00101732	-4.59739e-05	
-0.00102022	-4.6105e-05	
-0.00102219	-4.61938e-05	
-0.00102327	-4.62426e-05	
-0.00102352	-4.62538e-05	
-0.00102298	-4.62295e-05	
-0.0010217	-4.61717e-05	
-0.00101972	-4.60823e-05	
-0.00101709	-4.59634e-05	
-0.00101384	-4.58166e-05	
-0.00101001	-4.56437e-05	
-0.00101286	-4.57721e-05	
-0.000993405	-4.48931e-05	
-0.000995686	-4.49961e-05	
-0.000997085	-4.50594e-05	
-0.000997653	-4.5085e-05	
-0.000997435	-4.50752e-05	
-0.000996478	-4.50319e-05	
-0.00098067	-4.43176e-05	
-0.000979183	-4.42504e-05	
-0.000977042	-4.41536e-05	
-0.000974288	-4.40291e-05	
-0.000980533	-4.43114e-05	
-0.000985682	-4.4544e-05	
-0.000989792	-4.47298e-05	
-0.00099292	-4.48711e-05	
-0.000995119	-4.49705e-05	
-0.000982289	-4.43907e-05	
-0.000983607	-4.44503e-05	
-0.000969953	-4.38333e-05	
-0.000970505	-4.38582e-05	
-0.000970293	-4.38486e-05	
-0.000969361	-4.38065e-05	
-0.000967752	-4.37338e-05	
-0.000965505	-4.36323e-05	
-0.000962659	-4.35036e-05	
-0.00095925	-4.33496e-05	
-0.000955313	-4.31717e-05	
-0.000950881	-4.29714e-05	
-0.000945986	-4.27502e-05	
-0.000940659	-4.25094e-05	
-0.000921282	-4.16338e-05	
-0.000915966	-4.13935e-05	
-0.000896619	-4.05192e-05	
-0.000877705	-3.96645e-05	
-0.000872858	-3.94454e-05	
-0.00086763	-3.92092e-05	
-0.000848403	-3.83403e-05	
-0.000843283	-3.81089e-05	
-0.000824175	-3.72454e-05	
-0.000819186	-3.70199e-05	
-0.000800221	-3.61629e-05	
-0.000795383	-3.59442e-05	
-0.000797278	-3.60299e-05	
-0.000777763	-3.5148e-05	
-0.000758781	-3.42901e-05	
-0.000753958	-3.40722e-05	
-0.000735199	-3.32245e-05	
-0.000730606	-3.30169e-05	
-0.000732779	-3.31151e-05	
-0.000722549	-3.26528e-05	
-0.000710441	-3.21056e-05	
-0.000707465	-3.19711e-05	
-0.000717771	-3.24369e-05	
-0.000713299	-3.22348e-05	
-0.000708547	-3.202e-05	
-0.000703532	-3.17934e-05	
-0.000698274	-3.15558e-05	
-0.000692791	-3.1308e-05	
-0.000687099	-3.10508e-05	
-0.000681216	-3.07849e-05	
-0.000675156	-3.0511e-05	
-0.000668934	-3.02299e-05	
-0.000662565	-2.9942e-05	
-0.000656061	-2.96481e-05	
-0.000649434	-2.93487e-05	
-0.000642698	-2.90442e-05	
-0.000635863	-2.87354e-05	
-0.000638062	-2.88347e-05	
-0.000626445	-2.83097e-05	
-0.000619108	-2.79782e-05	
-0.000620847	-2.80568e-05	
-0.000612896	-2.76975e-05	
-0.00061406	-2.77501e-05	
-0.000605574	-2.73665e-05	
-0.000606238	-2.73966e-05	
-0.000606407	-2.74042e-05	
-0.000601872	-2.71993e-05	
-0.00060138	-2.7177e-05	
-0.000600463	-2.71356e-05	
-0.000594909	-2.68846e-05	
-0.000593461	-2.68191e-05	
-0.000591648	-2.67372e-05	
-0.000589493	-2.66398e-05	
-0.000587017	-2.6528e-05	
-0.000580004	-2.6211e-05	
-0.000577192	-2.60839e-05	
-0.000574106	-2.59445e-05	
-0.000570763	-2.57934e-05	
-0.000567182	-2.56316e-05	
-0.000563378	-2.54597e-05	
-0.000559368	-2.52785e-05	
-0.000574381	-2.59569e-05	
-0.000578462	-2.61414e-05	
-0.000581874	-2.62955e-05	
-0.000594289	-2.68566e-05	
-0.000586328	-2.64968e-05	
-0.000587959	-2.65705e-05	
-0.000589054	-2.662e-05	
-0.000589641	-2.66465e-05	
-0.000599388	-2.7087e-05	
-0.000598486	-2.70463e-05	
-0.000597185	-2.69875e-05	
-0.000601058	-2.71625e-05	
-0.000598706	-2.70562e-05	
-0.000596037	-2.69356e-05	
-0.000593071	-2.68015e-05	
-0.000599467	-2.70906e-05	
-0.000595405	-2.6907e-05	
-0.000591127	-2.67137e-05	
-0.000596287	-2.69469e-05	
-0.000600702	-2.71464e-05	
-0.000594772	-2.68784e-05	
-0.000598372	-2.70411e-05	
-0.000591675	-2.67385e-05	
-0.000584917	-2.6433e-05	
-0.000587743	-2.65607e-05	
-0.000580325	-2.62255e-05	
-0.000590899	-2.67034e-05	
-0.000592056	-2.67557e-05	
-0.000591582	-2.67343e-05	
-0.000600173	-2.71225e-05	
-0.000607818	-2.7468e-05	
-0.000614567	-2.7773e-05	
-0.000620466	-2.80395e-05	
-0.000625559	-2.82697e-05	
-0.000629888	-2.84653e-05	
-0.000633494	-2.86283e-05	
-0.00065006	-2.93769e-05	
-0.000651542	-2.94439e-05	
-0.000642964	-2.90563e-05	
-0.000643876	-2.90975e-05	
-0.00064425	-2.91144e-05	
-0.000644117	-2.91084e-05	
-0.000643506	-2.90808e-05	
-0.000642445	-2.90328e-05	
-0.00064096	-2.89657e-05	
-0.000646276	-2.92059e-05	
-0.000634117	-2.86564e-05	
-0.000638859	-2.88708e-05	
-0.000642848	-2.9051e-05	
-0.000646123	-2.9199e-05	
