0	0	
-2.25498e-12	-2.25498e-12	
-1.7333e-11	-1.7333e-11	
-1.0398e-10	-1.0398e-10	
-1.32734e-09	-1.32734e-09	
-4.63979e-09	-4.63979e-09	
-8.9182e-09	-8.9182e-09	
-1.61953e-08	-1.61953e-08	
-2.68429e-08	-2.68429e-08	
-4.10481e-08	-4.10481e-08	
-6.24301e-08	-6.24301e-08	
-9.28317e-08	-9.28317e-08	
-1.35693e-07	-1.35693e-07	
-1.8718e-07	-1.8718e-07	
-2.57927e-07	-2.57927e-07	
-3.28511e-07	-3.28511e-07	
-4.07909e-07	-4.07909e-07	
-4.90486e-07	-4.90486e-07	
-5.90115e-07	-5.90115e-07	
-6.95301e-07	-6.95301e-07	
-8.30167e-07	-8.30167e-07	
-9.88244e-07	-9.88244e-07	
-1.14438e-06	-1.14438e-06	
-1.33395e-06	-1.33395e-06	
-1.62097e-06	-1.62097e-06	
-1.90685e-06	-1.90685e-06	
-2.24236e-06	-2.24236e-06	
-2.61902e-06	-2.61902e-06	
-2.97387e-06	-2.97387e-06	
-3.46832e-06	-3.46832e-06	
-3.97168e-06	-3.97168e-06	
-4.47516e-06	-4.47516e-06	
-5.08207e-06	-5.08207e-06	
-5.62861e-06	-5.62861e-06	
-6.31851e-06	-6.31851e-06	
-6.89425e-06	-6.89425e-06	
-7.4816e-06	-7.4816e-06	
-8.3631e-06	-8.3631e-06	
-9.09508e-06	-9.09508e-06	
-9.98972e-06	-9.98972e-06	
-1.10512e-05	-1.10512e-05	
-1.187e-05	-1.187e-05	
-1.29483e-05	-1.29483e-05	
-1.40768e-05	-1.40768e-05	
-1.52683e-05	-1.52683e-05	
-1.65385e-05	-1.65385e-05	
-1.7922e-05	-1.7922e-05	
-1.94275e-05	-1.94275e-05	
-2.09075e-05	-2.09075e-05	
-2.24408e-05	-2.24408e-05	
-2.42025e-05	-2.42025e-05	
-2.58834e-05	-2.58834e-05	
-2.74842e-05	-2.74842e-05	
-2.91489e-05	-2.91489e-05	
-3.07799e-05	-3.07799e-05	
-3.25999e-05	-3.25999e-05	
-3.4352e-05	-3.4352e-05	
-3.60781e-05	-3.60781e-05	
-3.79522e-05	-3.79522e-05	
-4.00174e-05	-4.00174e-05	
-4.21547e-05	-4.21547e-05	
-4.43651e-05	-4.43651e-05	
-4.61352e-05	-4.61352e-05	
-4.8608e-05	-4.8608e-05	
-5.12045e-05	-5.12045e-05	
-5.35462e-05	-5.35462e-05	
-5.59576e-05	-5.59576e-05	
-5.8113e-05	-5.8113e-05	
-6.07135e-05	-6.07135e-05	
-6.29825e-05	-6.29825e-05	
-6.50963e-05	-6.50963e-05	
-6.74802e-05	-6.74802e-05	
-6.95188e-05	-6.95188e-05	
-7.16e-05	-7.16e-05	
-7.3475e-05	-7.3475e-05	
-7.56447e-05	-7.56447e-05	
-7.67855e-05	-7.67855e-05	
-7.89791e-05	-7.89791e-05	
-8.04978e-05	-8.04978e-05	
-8.25562e-05	-8.25562e-05	
-8.47323e-05	-8.47323e-05	
-8.71169e-05	-8.71169e-05	
-8.721e-05	-8.721e-05	
-8.87515e-05	-8.87515e-05	
-9.13916e-05	-9.13916e-05	
-9.41768e-05	-9.41768e-05	
-9.62483e-05	-9.62483e-05	
-9.82592e-05	-9.82592e-05	
-0.000100409	-0.000100409	
-0.000101739	-0.000101739	
-0.000103531	-0.000103531	
-0.000103082	-0.000103082	
-0.000101667	-0.000101667	
-0.000102249	-0.000102249	
-0.000102834	-0.000102834	
-0.000103423	-0.000103423	
-0.000104423	-0.000104423	
-0.000103102	-0.000103102	
-0.000101461	-0.000101461	
-0.000100377	-0.000100377	
-0.00010106	-0.00010106	
-9.83648e-05	-9.83648e-05	
-9.4664e-05	-9.4664e-05	
-9.54697e-05	-9.54697e-05	
-9.51032e-05	-9.51032e-05	
-9.33653e-05	-9.33653e-05	
-9.3727e-05	-9.3727e-05	
-9.1179e-05	-9.1179e-05	
-9.08408e-05	-9.08408e-05	
-8.58884e-05	-8.58884e-05	
-8.48127e-05	-8.48127e-05	
-8.37297e-05	-8.37297e-05	
-8.03553e-05	-8.03553e-05	
-7.84265e-05	-7.84265e-05	
-7.14427e-05	-7.14427e-05	
-6.48406e-05	-6.48406e-05	
-5.79331e-05	-5.79331e-05	
-5.37985e-05	-5.37985e-05	
-4.69689e-05	-4.69689e-05	
-3.93213e-05	-3.93213e-05	
-3.62007e-05	-3.62007e-05	
-2.49573e-05	-2.49573e-05	
-1.84383e-05	-1.84383e-05	
-1.23717e-07	-1.23717e-07	
6.31323e-06	6.31323e-06	
1.68168e-05	1.68168e-05	
2.44744e-05	2.44744e-05	
3.54809e-05	3.54809e-05	
5.26887e-05	5.26887e-05	
6.65662e-05	6.65662e-05	
7.25143e-05	7.25143e-05	
7.94928e-05	7.94928e-05	
9.05542e-05	9.05542e-05	
0.000111955	0.000111955	
0.000124363	0.000124363	
0.00013543	0.00013543	
0.000146938	0.000146938	
0.000156257	0.000156257	
0.000167942	0.000167942	
0.000173846	0.000173846	
0.000185377	0.000185377	
0.000196976	0.000196976	
0.000210279	0.000210279	
0.000222402	0.000222402	
0.00024105	0.00024105	
0.000253183	0.000253183	
0.000264037	0.000264037	
0.000275874	0.000275874	
0.000293388	0.000293388	
0.000320001	0.000320001	
0.000337471	0.000337471	
0.000363391	0.000363391	
0.000381341	0.000381341	
0.000414253	0.000414253	
0.000444605	0.000444605	
0.000474481	0.000474481	
0.000498453	0.000498453	
0.000528572	0.000528572	
0.000581844	0.000581844	
0.000618492	0.000618492	
0.000649946	0.000649946	
0.000702253	0.000702253	
0.000746714	0.000746714	
0.000796748	0.000796748	
0.000858693	0.000858693	
0.000920596	0.000920596	
0.00100716	0.00100716	
0.00108501	0.00108501	
0.00116949	0.00116949	
0.00125655	0.00125655	
0.00135046	0.00135046	
0.00147385	0.00147385	
0.00155101	0.00155101	
0.00171065	0.00171065	
0.00182074	0.00182074	
0.00196084	0.00196084	
0.00208217	0.00208217	
0.00220869	0.00220869	
0.00233101	0.00233101	
0.00247401	0.00247401	
0.00262482	0.00262482	
0.00275862	0.00275862	
0.00290985	0.00290985	
0.00307268	0.00307268	
0.00322984	0.00322984	
0.00343081	0.00343081	
0.00363285	0.00363285	
0.00383777	0.00383777	
0.0040633	0.0040633	
0.00428506	0.00428506	
0.0045251	0.0045251	
0.00478062	0.00478062	
0.00508712	0.00508712	
0.00540806	0.00540806	
0.0057213	0.0057213	
0.00600324	0.00600324	
0.00631627	0.00631627	
0.0066247	0.0066247	
0.00692107	0.00692107	
0.0072739	0.0072739	
0.0076547	0.0076547	
0.00806033	0.00806033	
0.00848076	0.00848076	
0.00886783	0.00886783	
0.00929261	0.00929261	
0.00966073	0.00966073	
0.0100596	0.0100596	
0.010498	0.010498	
0.01095	0.01095	
0.0114246	0.0114246	
0.0119257	0.0119257	
0.012383	0.012383	
0.0128809	0.0128809	
0.01343	0.01343	
0.0140493	0.0140493	
0.0146631	0.0146631	
0.0152278	0.0152278	
0.0158005	0.0158005	
0.0164036	0.0164036	
0.0170587	0.0170587	
0.0177198	0.0177198	
0.0183154	0.0183154	
0.018893	0.018893	
0.0194737	0.0194737	
0.0202124	0.0202124	
0.020911	0.020911	
0.0216038	0.0216038	
0.0222815	0.0222815	
0.0230638	0.0230638	
0.0238667	0.0238667	
0.0245942	0.0245942	
0.0253159	0.0253159	
0.0261541	0.0261541	
0.026997	0.026997	
0.0277917	0.0277917	
0.0286683	0.0286683	
0.0296199	0.0296199	
0.030666	0.030666	
0.03165	0.03165	
0.0326598	0.0326598	
0.0336181	0.0336181	
0.0347023	0.0347023	
0.03575	0.03575	
0.0367467	0.0367467	
0.0378372	0.0378372	
0.0389918	0.0389918	
0.0400511	0.0400511	
0.0412269	0.0412269	
0.0426074	0.0426074	
0.0437582	0.0437582	
0.0450823	0.0450823	
0.0463541	0.0463541	
0.0476037	0.0476037	
0.0489721	0.0489721	
0.050463	0.050463	
0.0519478	0.0519478	
0.0535368	0.0535368	
0.0550963	0.0550963	
0.0567459	0.0567459	
0.0583946	0.0583946	
0.0600978	0.0600978	
0.0617611	0.0617611	
0.0635507	0.0635507	
0.065303	0.065303	
0.0672266	0.0672266	
0.0690262	0.0690262	
0.0709766	0.0709766	
0.0728573	0.0728573	
0.0747291	0.0747291	
0.076686	0.076686	
0.0787252	0.0787252	
0.0808744	0.0808744	
0.0831173	0.0831173	
0.085313	0.085313	
0.0875862	0.0875862	
0.0898994	0.0898994	
0.0924117	0.0924117	
0.0947849	0.0947849	
0.0974054	0.0974054	
0.100041	0.100041	
0.102776	0.102776	
0.105579	0.105579	
0.108305	0.108305	
0.111388	0.111388	
0.114254	0.114254	
0.117367	0.117367	
0.120641	0.120641	
0.123428	0.123428	
0.126291	0.126291	
0.129296	0.129296	
0.132482	0.132482	
0.135544	0.135544	
0.138781	0.138781	
0.142096	0.142096	
0.145277	0.145277	
0.148454	0.148454	
0.151802	0.151802	
0.154992	0.154992	
0.158238	0.158238	
0.161584	0.161584	
0.164938	0.164938	
0.168423	0.168423	
0.172053	0.172053	
0.175709	0.175709	
0.17942	0.17942	
0.183183	0.183183	
0.186994	0.186994	
0.191202	0.191202	
0.194919	0.194919	
0.198911	0.198911	
0.203015	0.203015	
0.207186	0.207186	
0.211261	0.211261	
0.215341	0.215341	
0.219634	0.219634	
0.224369	0.224369	
0.228839	0.228839	
0.233751	0.233751	
0.238695	0.238695	
0.243711	0.243711	
0.248825	0.248825	
0.25401	0.25401	
0.259438	0.259438	
0.264857	0.264857	
0.2704	0.2704	
0.276373	0.276373	
0.282323	0.282323	
0.288687	0.288687	
0.295257	0.295257	
0.301607	0.301607	
0.30771	0.30771	
0.313912	0.313912	
0.320116	0.320116	
0.32665	0.32665	
0.333486	0.333486	
0.340234	0.340234	
0.34711	0.34711	
0.3538	0.3538	
0.360653	0.360653	
0.367681	0.367681	
0.374892	0.374892	
0.382593	0.382593	
0.390768	0.390768	
0.398751	0.398751	
0.407011	0.407011	
0.415209	0.415209	
0.423851	0.423851	
0.433271	0.433271	
0.4433	0.4433	
0.453968	0.453968	
0.464934	0.464934	
0.475226	0.475226	
0.48592	0.48592	
0.496546	0.496546	
0.507293	0.507293	
0.518113	0.518113	
0.529369	0.529369	
0.540437	0.540437	
0.551953	0.551953	
0.56381	0.56381	
0.575705	0.575705	
0.588136	0.588136	
0.600594	0.600594	
0.613517	0.613517	
0.626387	0.626387	
0.639538	0.639538	
0.65201	0.65201	
0.665011	0.665011	
0.677395	0.677395	
0.690058	0.690058	
0.702749	0.702749	
0.715709	0.715709	
0.729386	0.729386	
0.743724	0.743724	
0.757594	0.757594	
0.771079	0.771079	
0.784285	0.784285	
0.797291	0.797291	
0.810525	0.810525	
0.82372	0.82372	
0.837456	0.837456	
0.851441	0.851441	
0.865956	0.865956	
0.881342	0.881342	
0.898078	0.898078	
0.91443	0.91443	
0.930988	0.930988	
0.948479	0.948479	
0.966249	0.966249	
0.985085	0.985085	
1.00408	1.00408	
1.02337	1.02337	
1.04297	1.04297	
1.06187	1.06187	
1.08035	1.08035	
1.09806	1.09806	
1.11602	1.11602	
1.13434	1.13434	
1.15316	1.15316	
1.17309	1.17309	
1.19313	1.19313	
1.21399	1.21399	
1.2338	1.2338	
1.25392	1.25392	
1.27277	1.27277	
1.29225	1.29225	
1.31245	1.31245	
1.33328	1.33328	
1.3549	1.3549	
1.37587	1.37587	
1.39675	1.39675	
1.41732	1.41732	
1.43793	1.43793	
1.45965	1.45965	
1.48222	1.48222	
1.50494	1.50494	
1.52725	1.52725	
1.54948	1.54948	
1.57192	1.57192	
1.59435	1.59435	
1.61596	1.61596	
1.63775	1.63775	
1.65947	1.65947	
1.68242	1.68242	
1.70658	1.70658	
1.73177	1.73177	
1.7576	1.7576	
1.78312	1.78312	
1.8094	1.8094	
1.837	1.837	
1.86582	1.86582	
1.89524	1.89524	
1.92397	1.92397	
1.95332	1.95332	
1.98314	1.98314	
2.01443	2.01443	
2.04594	2.04594	
2.07793	2.07793	
2.10972	2.10972	
2.14156	2.14156	
2.17363	2.17363	
2.20623	2.20623	
2.2392	2.2392	
2.27316	2.27316	
2.30845	2.30845	
2.34394	2.34394	
2.38041	2.38041	
2.41738	2.41738	
2.45459	2.45459	
2.49117	2.49117	
2.52682	2.52682	
2.56303	2.56303	
2.5999	2.5999	
2.6365	2.6365	
2.67404	2.67404	
2.71195	2.71195	
2.7493	2.7493	
2.78545	2.78545	
2.81979	2.81979	
2.85365	2.85365	
2.88796	2.88796	
2.92266	2.92266	
2.9601	2.9601	
2.99869	2.99869	
3.03583	3.03583	
3.07069	3.07069	
3.10353	3.10353	
3.13776	3.13776	
3.17258	3.17258	
3.20818	3.20818	
3.24521	3.24521	
3.28399	3.28399	
3.32502	3.32502	
3.36981	3.36981	
3.41578	3.41578	
3.46173	3.46173	
3.5061	3.5061	
3.55058	3.55058	
3.59427	3.59427	
3.63753	3.63753	
3.68301	3.68301	
3.73048	3.73048	
3.78099	3.78099	
3.83268	3.83268	
3.88201	3.88201	
3.92778	3.92778	
3.97109	3.97109	
4.01381	4.01381	
4.05599	4.05599	
4.098	4.098	
4.13965	4.13965	
4.18382	4.18382	
4.22787	4.22787	
4.27288	4.27288	
4.31557	4.31557	
4.35683	4.35683	
4.40005	4.40005	
4.44867	4.44867	
4.49954	4.49954	
4.55452	4.55452	
4.61122	4.61122	
4.6686	4.6686	
4.73045	4.73045	
4.7957	4.7957	
4.86474	4.86474	
4.93613	4.93613	
5.00952	5.00952	
5.08473	5.08473	
5.15809	5.15809	
5.23041	5.23041	
5.302	5.302	
5.37395	5.37395	
5.44611	5.44611	
5.5137	5.5137	
5.57584	5.57584	
5.63084	5.63084	
5.68243	5.68243	
5.73304	5.73304	
5.78087	5.78087	
5.8225	5.8225	
5.85811	5.85811	
5.89191	5.89191	
5.92817	5.92817	
5.96643	5.96643	
6.00406	6.00406	
6.04533	6.04533	
6.09336	6.09336	
6.14868	6.14868	
6.20825	6.20825	
6.27109	6.27109	
6.33633	6.33633	
6.40572	6.40572	
6.47807	6.47807	
6.55205	6.55205	
6.62701	6.62701	
6.70222	6.70222	
6.77351	6.77351	
6.84366	6.84366	
6.91508	6.91508	
6.99052	6.99052	
7.06615	7.06615	
7.13943	7.13943	
7.20976	7.20976	
7.28034	7.28034	
7.35056	7.35056	
7.42293	7.42293	
7.4973	7.4973	
7.57403	7.57403	
7.65012	7.65012	
7.72559	7.72559	
7.79966	7.79966	
7.8754	7.8754	
7.9548	7.9548	
8.03377	8.03377	
8.10673	8.10673	
8.17186	8.17186	
8.23149	8.23149	
8.29223	8.29223	
8.35289	8.35289	
8.4105	8.4105	
8.46325	8.46325	
8.5155	8.5155	
8.57077	8.57077	
8.6257	8.6257	
8.6816	8.6816	
8.73765	8.73765	
8.796	8.796	
8.85959	8.85959	
8.93067	8.93067	
9.00903	9.00903	
9.09108	9.09108	
9.17127	9.17127	
9.24719	9.24719	
9.32084	9.32084	
9.39444	9.39444	
9.46459	9.46459	
9.53325	9.53325	
9.60283	9.60283	
9.67555	9.67555	
9.75196	9.75196	
9.83272	9.83272	
9.91672	9.91672	
9.99871	9.99871	
10.0788	10.0788	
10.1574	10.1574	
10.237	10.237	
10.312	10.312	
10.381	10.381	
10.4458	10.4458	
10.5062	10.5062	
10.5657	10.5657	
10.6237	10.6237	
10.6817	10.6817	
10.7388	10.7388	
10.7928	10.7928	
10.8474	10.8474	
10.9032	10.9032	
10.963	10.963	
11.0257	11.0257	
11.0955	11.0955	
11.1681	11.1681	
11.2329	11.2329	
11.2899	11.2899	
11.3361	11.3361	
11.3747	11.3747	
11.4113	11.4113	
11.449	11.449	
11.4888	11.4888	
11.5367	11.5367	
11.5961	11.5961	
11.6656	11.6656	
11.7378	11.7378	
11.8098	11.8098	
11.8834	11.8834	
11.955	11.955	
12.0254	12.0254	
12.0917	12.0917	
12.1496	12.1496	
12.2042	12.2042	
12.2539	12.2539	
12.3003	12.3003	
12.3469	12.3469	
12.394	12.394	
12.4484	12.4484	
12.5146	12.5146	
12.5893	12.5893	
12.6688	12.6688	
12.7483	12.7483	
12.819	12.819	
12.8745	12.8745	
12.9141	12.9141	
12.9439	12.9439	
12.9712	12.9712	
12.9988	12.9988	
13.025	13.025	
13.0526	13.0526	
13.0847	13.0847	
13.1289	13.1289	
13.1854	13.1854	
13.2497	13.2497	
13.3152	13.3152	
13.3702	13.3702	
13.4146	13.4146	
13.4443	13.4443	
13.4593	13.4593	
13.462	13.462	
13.4615	13.4615	
13.4669	13.4669	
13.4853	13.4853	
13.5172	13.5172	
13.5584	13.5584	
13.6081	13.6081	
13.6652	0	
13.7199	0	
13.767	0	
13.7829	0	
13.6656	0	
13.4739	0	
13.2743	0	
13.0916	0	
12.9214	0	
12.7536	0	
12.5868	0	
12.4117	0	
12.2234	0	
12.0133	0	
11.7777	0	
11.5211	0	
11.255	0	
10.9947	0	
10.7532	0	
10.5385	0	
10.3547	0	
10.2023	0	
10.0787	0	
9.97502	0	
9.88113	0	
9.79048	0	
9.70011	0	
9.60589	0	
9.51302	0	
9.42209	0	
9.34264	0	
9.27978	0	
9.23758	0	
9.2143	0	
9.20885	0	
9.21626	0	
9.23566	0	
9.26035	0	
9.28352	0	
9.30182	0	
9.31562	0	
9.32271	0	
9.32432	0	
9.31975	0	
9.3049	0	
9.28057	0	
9.25246	0	
9.22036	0	
9.18766	0	
9.15423	0	
9.11779	0	
9.07543	0	
9.02617	0	
8.97122	0	
8.91328	0	
8.85218	0	
8.79107	0	
8.73245	0	
8.67715	0	
8.62227	0	
8.56586	0	
8.50846	0	
8.45213	0	
8.39412	0	
8.33579	0	
8.27585	0	
8.21583	0	
8.15671	0	
8.09845	0	
8.03977	0	
7.97935	0	
7.91684	0	
7.85417	0	
7.78747	0	
7.71722	0	
7.64296	0	
7.56754	0	
7.49384	0	
7.42407	0	
7.3576	0	
7.29241	0	
7.22741	0	
7.16141	0	
7.09676	0	
7.03335	0	
6.96791	0	
6.90074	0	
6.82689	0	
6.7479	0	
6.66429	0	
6.577	0	
6.48484	0	
6.39077	0	
6.29509	0	
6.19471	0	
6.09004	0	
5.98078	0	
5.86957	0	
5.76089	0	
5.65522	0	
5.55128	0	
5.44759	0	
5.34581	0	
5.24783	0	
5.15325	0	
5.05978	0	
4.96671	0	
4.87497	0	
4.78566	0	
4.70027	0	
4.61864	0	
4.53941	0	
4.46058	0	
4.38328	0	
4.30715	0	
4.22946	0	
4.15181	0	
4.07465	0	
3.99817	0	
3.92505	0	
3.858	0	
3.79451	0	
3.73485	0	
3.67718	0	
3.62164	0	
3.56803	0	
3.5179	0	
3.47192	0	
3.43112	0	
3.39379	0	
3.36004	0	
3.32816	0	
3.29896	0	
3.27107	0	
3.24306	0	
3.21427	0	
3.18394	0	
3.15025	0	
3.11305	0	
3.07457	0	
3.03613	0	
2.99688	0	
2.95638	0	
2.91675	0	
2.87574	0	
2.83435	0	
2.79398	0	
2.75564	0	
2.71869	0	
2.68141	0	
2.64576	0	
2.61056	0	
2.57898	0	
2.54943	0	
2.52178	0	
2.49033	0	
2.45817	0	
2.42442	0	
2.3892	0	
2.35375	0	
2.31493	0	
2.27423	0	
2.23127	0	
2.18702	0	
2.14269	0	
2.09732	0	
2.05198	0	
2.00373	0	
1.95438	0	
1.90433	0	
1.85513	0	
1.8056	0	
1.75776	0	
1.71202	0	
1.66422	0	
1.61752	0	
1.57169	0	
1.52467	0	
1.47915	0	
1.43155	0	
1.38443	0	
1.33588	0	
1.28673	0	
1.23605	0	
1.18485	0	
1.13255	0	
1.0791	0	
1.02695	0	
0.973136	0	
0.922188	0	
0.86939	0	
0.817584	0	
0.765259	0	
0.715357	0	
0.66581	0	
0.618186	0	
0.570768	0	
0.526366	0	
0.482292	0	
0.439838	0	
0.399549	0	
0.359768	0	
0.319604	0	
0.278798	0	
0.239028	0	
0.199051	0	
0.159862	0	
0.123343	0	
0.0869011	0	
0.0511279	0	
0.0153757	0	
-0.0184037	-0.0184037	
-0.0511383	-0.0511383	
-0.0826722	-0.0826722	
-0.0718249	-0.0718249	
0.156898	0	
0.522097	0	
0.906917	0	
1.23979	0	
1.32894	0	
1.30798	0	
1.31832	0	
1.38978	0	
1.50666	0	
1.64344	0	
1.77248	0	
1.87141	0	
1.92115	0	
1.91878	0	
1.87125	0	
1.7885	0	
1.68204	0	
1.56823	0	
1.46149	0	
1.3739	0	
1.31898	0	
1.29512	0	
1.29037	0	
1.29803	0	
1.30354	0	
1.29955	0	
1.27782	0	
1.23736	0	
1.18284	0	
1.12603	0	
1.07169	0	
1.0231	0	
0.975653	0	
0.930757	0	
0.885047	0	
0.835904	0	
0.780499	0	
0.718794	0	
0.654843	0	
0.591695	0	
0.533712	0	
0.482375	0	
0.438591	0	
0.404889	0	
0.379825	0	
0.360211	0	
0.345364	0	
0.33039	0	
0.314777	0	
0.295525	0	
0.276421	0	
0.255374	0	
0.233006	0	
0.211869	0	
0.188276	0	
0.161655	0	
0.132568	0	
0.100391	0	
0.0667099	0	
0.0325446	0	
0.000942749	0	
-0.0307236	-0.0307236	
-0.0572893	-0.0572893	
-0.0805968	-0.0805968	
-0.0501948	-0.0501948	
0.251149	0	
0.724018	0	
1.22047	0	
1.64764	0	
1.76493	0	
1.74575	0	
1.76381	0	
1.85783	0	
2.00637	0	
2.17655	0	
2.33325	0	
2.44628	0	
2.49192	0	
2.46979	0	
2.38667	0	
2.25833	0	
2.10168	0	
1.93567	0	
1.78083	0	
1.65474	0	
1.56771	0	
1.52216	0	
1.50214	0	
1.49238	0	
1.47827	0	
1.44583	0	
1.39002	0	
1.31243	0	
1.22136	0	
1.12935	0	
1.04074	0	
0.95782	0	
0.878216	0	
0.796976	0	
0.712707	0	
0.622258	0	
0.527349	0	
0.429629	0	
0.334868	0	
0.244866	0	
0.164424	0	
0.0974939	0	
0.044616	0	
0.00498644	0	
-0.0230853	-0.0230853	
-0.040749	-0.040749	
-0.0485259	-0.0485259	
0.0105778	0	
0.37971	0	
0.943184	0	
1.46194	0	
1.61358	0	
1.55176	0	
1.4995	0	
1.5201	0	
1.60582	0	
1.72812	0	
1.851	0	
1.93972	0	
1.96787	0	
1.92938	0	
1.83278	0	
1.70027	0	
1.55079	0	
1.39584	0	
1.24716	0	
1.11732	0	
1.02372	0	
0.967994	0	
0.947699	0	
0.952343	0	
0.962723	0	
0.967103	0	
0.954315	0	
0.92015	0	
0.868857	0	
0.80698	0	
0.745704	0	
0.685077	0	
0.625553	0	
0.564509	0	
0.500435	0	
0.431722	0	
0.356938	0	
0.275345	0	
0.18977	0	
0.106627	0	
0.0317276	0	
-0.0297108	-0.0297108	
-0.0768201	-0.0768201	
-0.107293	-0.107293	
-0.0596585	-0.0596585	
0.329577	0	
0.953298	0	
1.62992	0	
2.2235	0	
2.4284	0	
2.43283	0	
2.46636	0	
2.58033	0	
2.75284	0	
2.94852	0	
3.12172	0	
3.23974	0	
3.27748	0	
3.22395	0	
3.08768	0	
2.89132	0	
2.65652	0	
2.40952	0	
2.17309	0	
1.97868	0	
1.84143	0	
1.76039	0	
1.72113	0	
1.70972	0	
1.70133	0	
1.68334	0	
1.64323	0	
1.58109	0	
1.50375	0	
1.41628	0	
1.32634	0	
1.23167	0	
1.13151	0	
1.02716	0	
0.917026	0	
0.796986	0	
0.670234	0	
0.53731	0	
0.405295	0	
0.282661	0	
0.175316	0	
0.0877384	0	
0.0191853	0	
-0.0302075	-0.0302075	
-0.0571068	-0.0571068	
-0.0630992	-0.0630992	
0.0256865	0	
0.49412	0	
1.22696	0	
1.94022	0	
2.21678	0	
2.21925	0	
2.2074	0	
2.27171	0	
2.404	0	
2.57234	0	
2.748	0	
2.88912	0	
2.97063	0	
2.97654	0	
2.90096	0	
2.76634	0	
2.58666	0	
2.38787	0	
2.17998	0	
1.98201	0	
1.82091	0	
1.71567	0	
1.66999	0	
1.66954	0	
1.6965	0	
1.73422	0	
1.7682	0	
1.78431	0	
1.78489	0	
1.76928	0	
1.74113	0	
1.70959	0	
1.67	0	
1.62033	0	
1.56111	0	
1.49405	0	
1.4151	0	
1.32687	0	
1.2329	0	
1.13579	0	
1.04184	0	
0.956992	0	
0.885252	0	
0.833071	0	
0.801965	0	
0.784962	0	
0.782105	0	
0.794272	0	
0.811631	0	
0.833368	0	
0.855542	0	
0.877149	0	
0.89613	0	
0.912417	0	
0.919646	0	
0.918132	0	
0.907873	0	
0.888178	0	
0.853054	0	
0.804279	0	
0.745996	0	
0.680693	0	
0.613814	0	
0.548378	0	
0.486472	0	
0.430528	0	
0.384065	0	
0.350164	0	
0.326722	0	
0.314252	0	
0.308406	0	
0.305619	0	
0.304814	0	
0.302248	0	
0.298253	0	
0.295004	0	
0.290569	0	
0.28331	0	
0.274313	0	
0.262869	0	
0.247566	0	
0.227025	0	
0.19671	0	
0.159321	0	
0.116118	0	
0.0684143	0	
0.022191	0	
-0.0227972	-0.0227972	
-0.0637827	-0.0637827	
-0.0963132	-0.0963132	
-0.0339209	-0.0339209	
0.457106	0	
1.25657	0	
2.16536	0	
2.98483	0	
3.29051	0	
3.29715	0	
3.31059	0	
3.43693	0	
3.65226	0	
3.91489	0	
4.17638	0	
4.3886	0	
4.51095	0	
4.51628	0	
4.40983	0	
4.21143	0	
3.94787	0	
3.64634	0	
3.3462	0	
3.07012	0	
2.85603	0	
2.71629	0	
2.63983	0	
2.60581	0	
2.59063	0	
2.56592	0	
2.50581	0	
2.40403	0	
2.26635	0	
2.1119	0	
1.95291	0	
1.79655	0	
1.64674	0	
1.49833	0	
1.35376	0	
1.20424	0	
1.04963	0	
0.892552	0	
0.737257	0	
0.590671	0	
0.459336	0	
0.3474	0	
0.260743	0	
0.199217	0	
0.166089	0	
0.159325	0	
0.176203	0	
0.210587	0	
0.256988	0	
0.311095	0	
0.360968	0	
0.411451	0	
0.45496	0	
0.490942	0	
0.521359	0	
0.542568	0	
0.557108	0	
0.56132	0	
0.55987	0	
0.545802	0	
0.527944	0	
0.5041	0	
0.485521	0	
0.472074	0	
0.464117	0	
0.463222	0	
0.473965	0	
0.498068	0	
0.532735	0	
0.574849	0	
0.621808	0	
0.675208	0	
0.734133	0	
0.791359	0	
0.848616	0	
0.903476	0	
0.956346	0	
0.999885	0	
1.03527	0	
1.05908	0	
1.07087	0	
1.07585	0	
1.07408	0	
1.06882	0	
1.05696	0	
1.04202	0	
1.02463	0	
1.00709	0	
0.993399	0	
0.982818	0	
0.973783	0	
0.970636	0	
0.970417	0	
0.973706	0	
0.981607	0	
0.992533	0	
1.00227	0	
1.01033	0	
1.01666	0	
1.01913	0	
1.01907	0	
1.01061	0	
0.999967	0	
0.983178	0	
0.961498	0	
0.931329	0	
0.895503	0	
0.854785	0	
0.811537	0	
0.76739	0	
0.723475	0	
0.681943	0	
0.642929	0	
0.604847	0	
0.569101	0	
0.537063	0	
0.50744	0	
0.479405	0	
0.453625	0	
0.42953	0	
0.408224	0	
0.386875	0	
0.367214	0	
0.346183	0	
0.323537	0	
0.298564	0	
0.271416	0	
0.241003	0	
0.208223	0	
0.173843	0	
0.135198	0	
0.0915921	0	
0.0504623	0	
0.012925	0	
-0.025516	-0.025516	
-0.0596055	-0.0596055	
-0.0911872	-0.0911872	
-0.0105916	-0.0105916	
0.571748	0	
1.53459	0	
2.66181	0	
3.69735	0	
4.12107	0	
4.14893	0	
4.14578	0	
4.26405	0	
4.50224	0	
4.82551	0	
5.17146	0	
5.47989	0	
5.69029	0	
5.75832	0	
5.68074	0	
5.48956	0	
5.20844	0	
4.8774	0	
4.54781	0	
4.25125	0	
4.0222	0	
3.87111	0	
3.79661	0	
3.7793	0	
3.78896	0	
3.79279	0	
3.75584	0	
3.6653	0	
3.52946	0	
3.36349	0	
3.18519	0	
3.00453	0	
2.82592	0	
2.65138	0	
2.47119	0	
2.28996	0	
2.10879	0	
1.92297	0	
1.73733	0	
1.56327	0	
1.40749	0	
1.27835	0	
1.1803	0	
1.09916	0	
1.04581	0	
1.02741	0	
1.0433	0	
1.09011	0	
1.15236	0	
1.21856	0	
1.28183	0	
1.33764	0	
1.3896	0	
1.4319	0	
1.4582	0	
1.47409	0	
1.47787	0	
1.47243	0	
1.45017	0	
1.42209	0	
1.38614	0	
1.35002	0	
1.31888	0	
1.29293	0	
1.27539	0	
1.26641	0	
1.27065	0	
1.28454	0	
1.3088	0	
1.33985	0	
1.37754	0	
1.42906	0	
1.48718	0	
1.55153	0	
1.61925	0	
1.68585	0	
1.74475	0	
1.79391	0	
1.83298	0	
1.85676	0	
1.86249	0	
1.85389	0	
1.83206	0	
1.80486	0	
1.77098	0	
1.736	0	
1.70319	0	
1.66772	0	
1.63343	0	
1.60266	0	
1.57149	0	
1.54488	0	
1.52173	0	
1.5006	0	
1.4853	0	
1.47029	0	
1.45684	0	
1.44035	0	
1.42125	0	
1.39863	0	
1.37417	0	
1.34504	0	
1.3106	0	
1.27017	0	
1.22161	0	
1.16907	0	
1.11274	0	
1.05245	0	
0.991025	0	
0.93052	0	
0.871797	0	
0.816509	0	
0.766421	0	
0.721762	0	
0.679626	0	
0.637727	0	
0.601066	0	
0.569752	0	
0.540591	0	
0.516315	0	
0.496344	0	
0.477379	0	
0.459191	0	
0.440387	0	
0.420702	0	
0.400095	0	
0.379644	0	
0.357104	0	
0.331265	0	
0.302967	0	
0.275773	0	
0.249546	0	
0.224105	0	
0.198489	0	
0.175031	0	
0.154844	0	
0.135972	0	
0.122407	0	
0.112686	0	
0.107965	0	
0.105248	0	
0.106051	0	
0.105094	0	
0.108679	0	
0.114214	0	
0.121935	0	
0.12766	0	
0.131573	0	
0.131758	0	
0.131736	0	
0.131303	0	
0.127227	0	
0.120857	0	
0.113413	0	
0.106947	0	
0.101039	0	
0.096242	0	
0.0919322	0	
0.0897133	0	
0.0859071	0	
0.0836325	0	
0.080689	0	
0.0806629	0	
0.0800848	0	
0.0808902	0	
0.0804823	0	
0.0810464	0	
0.0817579	0	
0.080486	0	
0.0791067	0	
0.0764167	0	
0.0724227	0	
0.0685883	0	
0.0644203	0	
0.0588309	0	
0.051242	0	
0.0450895	0	
0.0381249	0	
0.0333228	0	
0.0248228	0	
0.0183253	0	
0.0136899	0	
0.00825961	0	
0.0041456	0	
-0.00100066	-0.00100066	
-0.00395357	-0.00395357	
-0.00670702	-0.00670702	
0.115546	0	
0.799504	0	
1.914	0	
3.08595	0	
3.57481	0	
3.58039	0	
3.47587	0	
3.47166	0	
3.60389	0	
3.83084	0	
4.10338	0	
4.35393	0	
4.53279	0	
4.60691	0	
4.55362	0	
4.38756	0	
4.14333	0	
3.86413	0	
3.58985	0	
3.34095	0	
3.14577	0	
3.01884	0	
2.96842	0	
2.98045	0	
3.02944	0	
3.08871	0	
3.12761	0	
3.11911	0	
3.05513	0	
2.94423	0	
2.81546	0	
2.67886	0	
2.54015	0	
2.39353	0	
2.24053	0	
2.07899	0	
1.90585	0	
1.72351	0	
1.53348	0	
1.34433	0	
1.16772	0	
1.01106	0	
0.883773	0	
0.787711	0	
0.72005	0	
0.684645	0	
0.682584	0	
0.704215	0	
0.746674	0	
0.793462	0	
0.83202	0	
0.864264	0	
0.883081	0	
0.898117	0	
0.907144	0	
0.907724	0	
0.900057	0	
0.878424	0	
0.844857	0	
0.796636	0	
0.739901	0	
0.679853	0	
0.617851	0	
0.560718	0	
0.513525	0	
0.480631	0	
0.464058	0	
0.46918	0	
0.490649	0	
0.520919	0	
0.558785	0	
0.598363	0	
0.638996	0	
0.679665	0	
0.720833	0	
0.759523	0	
0.793326	0	
0.818779	0	
0.827506	0	
0.827021	0	
0.816223	0	
0.792109	0	
0.760267	0	
0.720625	0	
0.677636	0	
0.635122	0	
0.59418	0	
0.559418	0	
0.53094	0	
0.511348	0	
0.498317	0	
0.48654	0	
0.477897	0	
0.472551	0	
0.470466	0	
0.4723	0	
0.472286	0	
0.471311	0	
0.466901	0	
0.45594	0	
0.443029	0	
0.42464	0	
0.401741	0	
0.373626	0	
0.340331	0	
0.301483	0	
0.256943	0	
0.209139	0	
0.163495	0	
0.119058	0	
0.0725468	0	
0.0310245	0	
-0.00652648	-0.00652648	
-0.0404875	-0.0404875	
-0.0670186	-0.0670186	
0.0393758	0	
0.722699	0	
1.86135	0	
3.04605	0	
3.51743	0	
3.49167	0	
3.36756	0	
3.35751	0	
3.48356	0	
3.70713	0	
3.97337	0	
4.21312	0	
4.38661	0	
4.45111	0	
4.38586	0	
4.21248	0	
3.96988	0	
3.69227	0	
3.41706	0	
3.16764	0	
2.97361	0	
2.85252	0	
2.80595	0	
2.82511	0	
2.8835	0	
2.94565	0	
2.98037	0	
2.97341	0	
2.91627	0	
2.82359	0	
2.71235	0	
2.59866	0	
2.48367	0	
2.35879	0	
2.22962	0	
2.08745	0	
1.93515	0	
1.76698	0	
1.58837	0	
1.41079	0	
1.24568	0	
1.09892	0	
0.974775	0	
0.87545	0	
0.806094	0	
0.767674	0	
0.758273	0	
0.777695	0	
0.811751	0	
0.844537	0	
0.876476	0	
0.903831	0	
0.929333	0	
0.943638	0	
0.942906	0	
0.935472	0	
0.918093	0	
0.892363	0	
0.856599	0	
0.808911	0	
0.750142	0	
0.689888	0	
0.631312	0	
0.576376	0	
0.529347	0	
0.491996	0	
0.468867	0	
0.460199	0	
0.464387	0	
0.475182	0	
0.496126	0	
0.521735	0	
0.554741	0	
0.58411	0	
0.613933	0	
0.642338	0	
0.663794	0	
0.677845	0	
0.684003	0	
0.677336	0	
0.661265	0	
0.64173	0	
0.610743	0	
0.573083	0	
0.531344	0	
0.492135	0	
0.453176	0	
0.418273	0	
0.388841	0	
0.366924	0	
0.350532	0	
0.338628	0	
0.332893	0	
0.327029	0	
0.324104	0	
0.325264	0	
0.325605	0	
0.322473	0	
0.31713	0	
0.307786	0	
0.292031	0	
0.277306	0	
0.259479	0	
0.236303	0	
0.204226	0	
0.165584	0	
0.120493	0	
0.0673335	0	
0.0184719	0	
-0.0307182	-0.0307182	
-0.0786975	-0.0786975	
-0.127295	-0.127295	
-0.0324404	-0.0324404	
0.656731	0	
1.81755	0	
3.19652	0	
4.48336	0	
5.02378	0	
5.04497	0	
4.97565	0	
5.03832	0	
5.24631	0	
5.55681	0	
5.90946	0	
6.2304	0	
6.46664	0	
6.56289	0	
6.49923	0	
6.29251	0	
5.9637	0	
5.56639	0	
5.15964	0	
4.78296	0	
4.49401	0	
4.32052	0	
4.26247	0	
4.29147	0	
4.35503	0	
4.41469	0	
4.4376	0	
4.4014	0	
4.30088	0	
4.15155	0	
3.97359	0	
3.78034	0	
3.58242	0	
3.3864	0	
3.1963	0	
3.00081	0	
2.80442	0	
2.59441	0	
2.37972	0	
2.17317	0	
1.99455	0	
1.84924	0	
1.73946	0	
1.66423	0	
1.62199	0	
1.6112	0	
1.63144	0	
1.68402	0	
1.75623	0	
1.84194	0	
1.93059	0	
2.0097	0	
2.07874	0	
2.13306	0	
2.16915	0	
2.19224	0	
2.21467	0	
2.22978	0	
2.23851	0	
2.2377	0	
2.22812	0	
2.2092	0	
2.19029	0	
2.1769	0	
2.16461	0	
2.16003	0	
2.17047	0	
2.19535	0	
2.2351	0	
2.28619	0	
2.34742	0	
2.41491	0	
2.48711	0	
2.55728	0	
2.6228	0	
2.68418	0	
2.73523	0	
2.77559	0	
2.80098	0	
2.81169	0	
2.80445	0	
2.7794	0	
2.73754	0	
2.68274	0	
2.62052	0	
2.55402	0	
2.48624	0	
2.41669	0	
2.34761	0	
2.28073	0	
2.21904	0	
2.15885	0	
2.10606	0	
2.05738	0	
2.0114	0	
1.96948	0	
1.92807	0	
1.88789	0	
1.83822	0	
1.78628	0	
1.72683	0	
1.66202	0	
1.58865	0	
1.50547	0	
1.41389	0	
1.31088	0	
1.19991	0	
1.08729	0	
0.968997	0	
0.856474	0	
0.743561	0	
0.633326	0	
0.532208	0	
0.433231	0	
0.340008	0	
0.250683	0	
0.167006	0	
0.0902205	0	
0.0165962	0	
-0.0506405	-0.0506405	
-0.106526	-0.106526	
-0.162893	-0.162893	
-0.0879759	-0.0879759	
0.554666	0.554666	
1.64283	0	
2.93899	0	
4.29536	0	
5.48955	0	
5.97062	0	
6.02362	0	
6.06328	0	
6.25235	0	
6.58406	0	
7.00529	0	
7.43785	0	
7.80337	0	
8.02351	0	
8.05201	0	
7.89219	0	
7.57986	0	
7.1591	0	
6.69749	0	
6.2586	0	
5.89644	0	
5.64193	0	
5.50113	0	
5.45714	0	
5.48632	0	
5.52814	0	
5.5411	0	
5.49579	0	
5.3688	0	
5.17831	0	
4.94077	0	
4.68723	0	
4.43702	0	
4.19753	0	
3.95435	0	
3.70224	0	
3.44306	0	
3.17962	0	
2.91666	0	
2.66533	0	
2.43053	0	
2.2209	0	
2.05251	0	
1.91795	0	
1.82786	0	
1.78543	0	
1.78995	0	
1.84251	0	
1.9283	0	
2.03205	0	
2.1436	0	
2.25673	0	
2.36391	0	
2.46049	0	
2.53107	0	
2.57066	0	
2.58271	0	
2.56258	0	
2.52253	0	
2.46323	0	
2.39316	0	
2.3129	0	
2.23467	0	
2.16139	0	
2.09871	0	
2.04536	0	
2.00313	0	
1.97535	0	
1.96655	0	
1.98145	0	
2.01713	0	
2.06827	0	
2.13546	0	
2.20614	0	
2.28104	0	
2.35276	0	
2.41856	0	
2.4756	0	
2.51393	0	
2.5277	0	
2.51831	0	
2.48769	0	
2.438	0	
2.37115	0	
2.29708	0	
2.21109	0	
2.12252	0	
2.02786	0	
1.93118	0	
1.84231	0	
1.75837	0	
1.68684	0	
1.62973	0	
1.58307	0	
1.54639	0	
1.51534	0	
1.48948	0	
1.46634	0	
1.44315	0	
1.41506	0	
1.38343	0	
1.34338	0	
1.29405	0	
1.23829	0	
1.17448	0	
1.1018	0	
1.01995	0	
0.929182	0	
0.836314	0	
0.739695	0	
0.643652	0	
0.551158	0	
0.463899	0	
0.381602	0	
0.310011	0	
0.250126	0	
0.198268	0	
0.154823	0	
0.117225	0	
0.0847125	0	
0.0553268	0	
0.0309006	0	
0.00787018	0	
-0.0168351	-0.0168351	
-0.0416733	-0.0416733	
-0.066264	-0.066264	
0.0189341	0	
0.627161	0	
1.62594	0	
2.64701	0	
3.02181	0	
2.95385	0	
2.80515	0	
2.76545	0	
2.85586	0	
3.04438	0	
3.27536	0	
3.48044	0	
3.62911	0	
3.69035	0	
3.64711	0	
3.51122	0	
3.31571	0	
3.10177	0	
2.89605	0	
2.72151	0	
2.60261	0	
2.55039	0	
2.57112	0	
2.64927	0	
2.75671	0	
2.86148	0	
2.93351	0	
2.94795	0	
2.90917	0	
2.82762	0	
2.72149	0	
2.60788	0	
2.48787	0	
2.36041	0	
2.22617	0	
2.08077	0	
1.9176	0	
1.74672	0	
1.5729	0	
1.40201	0	
1.24203	0	
1.09687	0	
0.976761	0	
0.885377	0	
0.830182	0	
0.800054	0	
0.793615	0	
0.808841	0	
0.825867	0	
0.842891	0	
0.85445	0	
0.860743	0	
0.864969	0	
0.861627	0	
0.852805	0	
0.830037	0	
0.800569	0	
0.75716	0	
0.70204	0	
0.636713	0	
0.565081	0	
0.491562	0	
0.423093	0	
0.36015	0	
0.308949	0	
0.270132	0	
0.246067	0	
0.239068	0	
0.247175	0	
0.265893	0	
0.290253	0	
0.314507	0	
0.341306	0	
0.369208	0	
0.395537	0	
0.420823	0	
0.438501	0	
0.45368	0	
0.46093	0	
0.460963	0	
0.447783	0	
0.425994	0	
0.392784	0	
0.356296	0	
0.313996	0	
0.271472	0	
0.231965	0	
0.195859	0	
0.169212	0	
0.155275	0	
0.149162	0	
0.147431	0	
0.145863	0	
0.1447	0	
0.144259	0	
0.144331	0	
0.145208	0	
0.144707	0	
0.144793	0	
0.141516	0	
0.136975	0	
0.130704	0	
0.121711	0	
0.109473	0	
0.0919896	0	
0.0701138	0	
0.0426323	0	
0.0155682	0	
-0.0104043	-0.0104043	
-0.0342129	-0.0342129	
-0.0538965	-0.0538965	
0.0408456	0	
0.637643	0	
1.61809	0	
2.62591	0	
3.02227	0	
3.00195	0	
2.9081	0	
2.90772	0	
3.01855	0	
3.21673	0	
3.44964	0	
3.66173	0	
3.82029	0	
3.88872	0	
3.85531	0	
3.72981	0	
3.5391	0	
3.31664	0	
3.09683	0	
2.90563	0	
2.75953	0	
2.67452	0	
2.64509	0	
2.66322	0	
2.70303	0	
2.74988	0	
2.77851	0	
2.77019	0	
2.72345	0	
2.64135	0	
2.54066	0	
2.43261	0	
2.31989	0	
2.20243	0	
2.08182	0	
1.95064	0	
1.80715	0	
1.65268	0	
1.49	0	
1.32817	0	
1.17662	0	
1.03907	0	
0.922805	0	
0.83148	0	
0.765706	0	
0.724757	0	
0.710772	0	
0.714586	0	
0.733422	0	
0.758561	0	
0.778176	0	
0.79661	0	
0.80957	0	
0.81972	0	
0.823673	0	
0.821027	0	
0.807725	0	
0.78053	0	
0.743148	0	
0.695464	0	
0.638388	0	
0.579593	0	
0.52151	0	
0.470622	0	
0.428141	0	
0.396693	0	
0.377981	0	
0.37305	0	
0.379892	0	
0.395427	0	
0.415781	0	
0.441404	0	
0.468181	0	
0.496744	0	
0.526335	0	
0.550403	0	
0.572926	0	
0.591363	0	
0.597937	0	
0.598492	0	
0.592466	0	
0.581748	0	
0.56444	0	
0.539763	0	
0.509739	0	
0.47743	0	
0.444975	0	
0.414623	0	
0.387438	0	
0.365424	0	
0.349947	0	
0.340331	0	
0.332088	0	
0.327194	0	
0.326558	0	
0.326879	0	
0.326643	0	
0.324892	0	
0.319766	0	
0.312838	0	
0.302912	0	
0.291787	0	
0.277457	0	
0.261504	0	
0.241804	0	
0.216728	0	
0.186965	0	
0.155045	0	
0.118606	0	
0.0818215	0	
0.0499427	0	
0.0186885	0	
-0.0112371	-0.0112371	
-0.0375508	-0.0375508	
-0.0580879	-0.0580879	
0.0248641	0.0248641	
0.6015	0	
1.54347	0	
2.63671	0	
3.63669	0	
4.0294	0	
4.03362	0	
3.99256	0	
4.06888	0	
4.25612	0	
4.51143	0	
4.79191	0	
5.04969	0	
5.23559	0	
5.305	0	
5.24987	0	
5.08725	0	
4.83612	0	
4.5261	0	
4.20353	0	
3.91175	0	
3.68909	0	
3.55671	0	
3.51022	0	
3.53265	0	
3.59421	0	
3.6533	0	
3.67861	0	
3.6472	0	
3.56139	0	
3.43804	0	
3.29263	0	
3.13652	0	
2.97548	0	
2.81094	0	
2.6443	0	
2.47313	0	
2.29651	0	
2.11727	0	
1.9355	0	
1.76034	0	
1.5971	0	
1.45494	0	
1.33915	0	
1.25456	0	
1.2019	0	
1.17751	0	
1.17828	0	
1.20339	0	
1.24513	0	
1.29526	0	
1.34095	0	
1.3848	0	
1.42271	0	
1.45331	0	
1.47431	0	
1.49017	0	
1.49948	0	
1.49619	0	
1.47967	0	
1.45463	0	
1.42295	0	
1.39259	0	
1.36829	0	
1.34603	0	
1.3322	0	
1.32992	0	
1.33874	0	
1.36632	0	
1.40517	0	
1.45541	0	
1.51136	0	
1.57517	0	
1.64102	0	
1.70817	0	
1.77311	0	
1.83523	0	
1.89457	0	
1.9423	0	
1.97991	0	
2.00268	0	
2.00927	0	
1.99795	0	
1.97234	0	
1.93796	0	
1.89694	0	
1.8534	0	
1.80343	0	
1.75451	0	
1.70773	0	
1.6641	0	
1.63002	0	
1.60213	0	
1.57643	0	
1.55629	0	
1.5403	0	
1.5264	0	
1.51289	0	
1.49852	0	
1.47772	0	
1.45125	0	
1.41926	0	
1.38335	0	
1.3414	0	
1.2916	0	
1.23378	0	
1.16607	0	
1.08954	0	
1.00848	0	
0.923781	0	
0.841026	0	
0.756544	0	
0.675495	0	
0.595798	0	
0.520571	0	
0.450274	0	
0.386593	0	
0.327638	0	
0.272308	0	
0.225407	0	
0.183646	0	
0.146049	0	
0.109776	0	
0.0777764	0	
0.0459395	0	
0.013711	0	
-0.0183345	-0.0183345	
-0.0520017	-0.0520017	
-0.0865209	-0.0865209	
-0.0298083	-0.0298083	
0.486073	0.486073	
1.33288	0	
2.30855	0	
3.31219	0	
4.1959	0	
4.53488	0	
4.54922	0	
4.59193	0	
4.76902	0	
5.06457	0	
5.41672	0	
5.76495	0	
6.04805	0	
6.21812	0	
6.23961	0	
6.11993	0	
5.88993	0	
5.5803	0	
5.24589	0	
4.9478	0	
4.70683	0	
4.54695	0	
4.46842	0	
4.44199	0	
4.4556	0	
4.46918	0	
4.45314	0	
4.3851	0	
4.26189	0	
4.0968	0	
3.9031	0	
3.69471	0	
3.48657	0	
3.27549	0	
3.06607	0	
2.85543	0	
2.64245	0	
2.43115	0	
2.21962	0	
2.01195	0	
1.82173	0	
1.6522	0	
1.50859	0	
1.39446	0	
1.31174	0	
1.26383	0	
1.24921	0	
1.26404	0	
1.30336	0	
1.35807	0	
1.41862	0	
1.47814	0	
1.53335	0	
1.57182	0	
1.59171	0	
1.58455	0	
1.55373	0	
1.50937	0	
1.45703	0	
1.4008	0	
1.34253	0	
1.28278	0	
1.22416	0	
1.17221	0	
1.12845	0	
1.09889	0	
1.08126	0	
1.08055	0	
1.095	0	
1.12862	0	
1.17951	0	
1.2473	0	
1.32386	0	
1.40598	0	
1.48993	0	
1.57127	0	
1.64253	0	
1.70186	0	
1.74348	0	
1.76852	0	
1.77832	0	
1.77287	0	
1.76139	0	
1.74254	0	
1.7118	0	
1.67477	0	
1.62962	0	
1.57671	0	
1.52591	0	
1.48125	0	
1.4415	0	
1.41291	0	
1.39476	0	
1.3813	0	
1.37418	0	
1.37059	0	
1.36925	0	
1.36856	0	
1.36496	0	
1.35751	0	
1.34191	0	
1.32083	0	
1.29193	0	
1.25568	0	
1.21221	0	
1.16236	0	
1.10429	0	
1.03978	0	
0.968267	0	
0.891495	0	
0.816862	0	
0.742509	0	
0.672068	0	
0.607096	0	
0.545998	0	
0.487525	0	
0.437156	0	
0.393542	0	
0.355224	0	
0.319585	0	
0.289174	0	
0.26193	0	
0.234263	0	
0.209088	0	
0.184406	0	
0.157495	0	
0.127918	0	
0.0958265	0	
0.0615737	0	
0.0265983	0	
-0.0110194	-0.0110194	
-0.0503211	-0.0503211	
-0.0901272	-0.0901272	
-0.0451584	-0.0451584	
0.415787	0	
1.18309	0	
2.06715	0	
2.87189	0	
3.16349	0	
3.15437	0	
3.14255	0	
3.24024	0	
3.44101	0	
3.70411	0	
3.97562	0	
4.21916	0	
4.38713	0	
4.45604	0	
4.41668	0	
4.28821	0	
4.0912	0	
3.85616	0	
3.6275	0	
3.43301	0	
3.29978	0	
3.23263	0	
3.21535	0	
3.23548	0	
3.25957	0	
3.26235	0	
3.22502	0	
3.14929	0	
3.03674	0	
2.90497	0	
2.76463	0	
2.62199	0	
2.48162	0	
2.33901	0	
2.19029	0	
2.03631	0	
1.87319	0	
1.70517	0	
1.53756	0	
1.37636	0	
1.23001	0	
1.09848	0	
0.990179	0	
0.90538	0	
0.844714	0	
0.804665	0	
0.783659	0	
0.776109	0	
0.771957	0	
0.771642	0	
0.769887	0	
0.764426	0	
0.754109	0	
0.734203	0	
0.708757	0	
0.676425	0	
0.636287	0	
0.590983	0	
0.539055	0	
0.482664	0	
0.426912	0	
0.370941	0	
0.320613	0	
0.279523	0	
0.245065	0	
0.223498	0	
0.215854	0	
0.224462	0	
0.247452	0	
0.281109	0	
0.327057	0	
0.379198	0	
0.434955	0	
0.49231	0	
0.54719	0	
0.595408	0	
0.640191	0	
0.676969	0	
0.708482	0	
0.732341	0	
0.748353	0	
0.752527	0	
0.749172	0	
0.738367	0	
0.721677	0	
0.704961	0	
0.688802	0	
0.675365	0	
0.664368	0	
0.66069	0	
0.657374	0	
0.658044	0	
0.660554	0	
0.668739	0	
0.678715	0	
0.691343	0	
0.706773	0	
0.718119	0	
0.728234	0	
0.732559	0	
0.733015	0	
0.728824	0	
0.721089	0	
0.705781	0	
0.685988	0	
0.662386	0	
0.634732	0	
0.604386	0	
0.573056	0	
0.543499	0	
0.515709	0	
0.489767	0	
0.465259	0	
0.444551	0	
0.423186	0	
0.405447	0	
0.389233	0	
0.374507	0	
0.361318	0	
0.347943	0	
0.335085	0	
0.323217	0	
0.311128	0	
0.299499	0	
0.287047	0	
0.275001	0	
0.262959	0	
0.248964	0	
0.232886	0	
0.216173	0	
0.19843	0	
0.180203	0	
0.164161	0	
0.149058	0	
0.135354	0	
0.124514	0	
0.114455	0	
0.105891	0	
0.0987837	0	
0.0921672	0	
0.0870355	0	
0.0835102	0	
0.0810082	0	
0.0789401	0	
0.0774295	0	
0.0759039	0	
0.075494	0	
0.0753449	0	
0.0750805	0	
0.0750103	0	
0.0730651	0	
0.0709851	0	
0.0670809	0	
0.063783	0	
0.0599637	0	
0.056488	0	
0.0538509	0	
0.0513461	0	
0.0487675	0	
0.0468918	0	
0.0450883	0	
0.0436077	0	
0.0419305	0	
0.040778	0	
0.0394813	0	
0.0392071	0	
0.037948	0	
0.0370151	0	
0.0361426	0	
0.0350297	0	
0.0332141	0	
0.0325971	0	
0.0308746	0	
0.0296871	0	
0.0282735	0	
0.0264723	0	
0.0249941	0	
0.0235077	0	
0.0216295	0	
0.0203339	0	
0.0193016	0	
0.0185592	0	
0.0180956	0	
0.0173996	0	
0.0167304	0	
0.0163665	0	
0.0152937	0	
0.0154207	0	
0.0148215	0	
0.014778	0	
0.0144845	0	
0.0141775	0	
0.0139037	0	
0.0130974	0	
0.0123971	0	
0.0116485	0	
0.010763	0	
0.0100696	0	
0.00943218	0	
0.00879785	0	
0.00774603	0	
0.00675629	0	
0.00666652	0	
0.00624002	0	
0.00582038	0	
0.00559652	0	
0.00538127	0	
0.00544588	0	
0.0048523	0	
0.00484862	0	
0.00403879	0	
0.003419	0	
0.00284115	0	
0.00187492	0	
0.000196726	0	
-0.000199737	-0.000199737	
-0.00163768	-0.00163768	
-0.00247531	-0.00247531	
0.0749919	0	
0.54209	0	
1.29107	0	
2.03617	0	
2.2913	0	
2.24267	0	
2.17014	0	
2.17907	0	
2.26359	0	
2.39912	0	
2.56376	0	
2.71564	0	
2.82928	0	
2.88737	0	
2.88052	0	
2.81289	0	
2.70194	0	
2.55834	0	
2.40356	0	
2.2597	0	
2.15135	0	
2.09065	0	
2.07796	0	
2.09417	0	
2.12102	0	
2.13927	0	
2.13748	0	
2.10485	0	
2.04347	0	
1.95843	0	
1.86307	0	
1.76154	0	
1.65681	0	
1.54931	0	
1.43371	0	
1.31248	0	
1.18768	0	
1.05873	0	
0.929537	0	
0.800236	0	
0.684624	0	
0.58265	0	
0.497224	0	
0.429253	0	
0.378332	0	
0.344895	0	
0.325758	0	
0.320146	0	
0.316066	0	
0.314711	0	
0.311993	0	
0.308398	0	
0.300883	0	
0.292179	0	
0.278209	0	
0.261439	0	
0.241906	0	
0.217982	0	
0.18639	0	
0.148634	0	
0.105772	0	
0.063267	0	
0.0205004	0	
-0.0163628	-0.0163628	
-0.0473751	-0.0473751	
-0.0652233	-0.0652233	
0.00330216	0.00330216	
0.465093	0.465093	
1.20731	0	
2.04243	0	
2.87094	0	
3.59889	0	
3.87495	0	
3.91202	0	
3.99061	0	
4.17824	0	
4.43195	0	
4.7155	0	
4.98382	0	
5.20025	0	
5.32092	0	
5.32709	0	
5.22218	0	
5.02839	0	
4.76886	0	
4.48765	0	
4.22531	0	
4.01357	0	
3.87738	0	
3.8156	0	
3.80702	0	
3.83449	0	
3.8644	0	
3.87175	0	
3.84155	0	
3.76692	0	
3.65231	0	
3.5092	0	
3.35627	0	
3.19909	0	
3.0404	0	
2.87712	0	
2.70932	0	
2.53418	0	
2.34984	0	
2.15684	0	
1.96414	0	
1.77827	0	
1.60865	0	
1.45636	0	
1.33021	0	
1.23054	0	
1.16205	0	
1.12325	0	
1.10941	0	
1.11614	0	
1.13197	0	
1.15291	0	
1.17596	0	
1.19597	0	
1.21184	0	
1.21901	0	
1.21498	0	
1.19996	0	
1.17603	0	
1.14294	0	
1.10044	0	
1.04942	0	
0.990403	0	
0.931001	0	
0.873372	0	
0.820981	0	
0.785082	0	
0.761115	0	
0.752381	0	
0.760689	0	
0.781189	0	
0.818261	0	
0.869814	0	
0.930653	0	
0.997201	0	
1.06699	0	
1.13671	0	
1.20504	0	
1.2673	0	
1.31987	0	
1.36011	0	
1.38694	0	
1.39744	0	
1.39285	0	
1.37765	0	
1.35407	0	
1.32421	0	
1.29051	0	
1.25199	0	
1.21608	0	
1.18117	0	
1.15159	0	
1.12751	0	
1.11078	0	
1.10045	0	
1.09753	0	
1.10267	0	
1.1132	0	
1.12725	0	
