0	0	
0	0	
-1.28759e-11	-1.28759e-11	
1.67014e-12	1.67014e-12	
2.19792e-10	2.19792e-10	
5.73044e-10	5.73044e-10	
1.29802e-09	1.29802e-09	
2.47541e-09	2.47541e-09	
5.02687e-09	5.02687e-09	
1.0495e-08	1.0495e-08	
1.84716e-08	1.84716e-08	
2.95796e-08	2.95796e-08	
4.7386e-08	4.7386e-08	
7.08605e-08	7.08605e-08	
1.01227e-07	1.01227e-07	
1.44366e-07	1.44366e-07	
2.04866e-07	2.04866e-07	
2.86911e-07	2.86911e-07	
3.80083e-07	3.80083e-07	
5.00323e-07	5.00323e-07	
6.55926e-07	6.55926e-07	
8.25038e-07	8.25038e-07	
1.02281e-06	1.02281e-06	
1.2655e-06	1.2655e-06	
1.54337e-06	1.54337e-06	
1.88607e-06	1.88607e-06	
2.24668e-06	2.24668e-06	
2.64735e-06	2.64735e-06	
3.09651e-06	3.09651e-06	
3.59375e-06	3.59375e-06	
4.13722e-06	4.13722e-06	
4.7329e-06	4.7329e-06	
5.38827e-06	5.38827e-06	
6.15771e-06	6.15771e-06	
6.98901e-06	6.98901e-06	
7.89016e-06	7.89016e-06	
8.79794e-06	8.79794e-06	
9.69296e-06	9.69296e-06	
1.075e-05	1.075e-05	
1.18615e-05	1.18615e-05	
1.30459e-05	1.30459e-05	
1.43054e-05	1.43054e-05	
1.56421e-05	1.56421e-05	
1.69338e-05	1.69338e-05	
1.82943e-05	1.82943e-05	
1.95974e-05	1.95974e-05	
2.09604e-05	2.09604e-05	
2.23845e-05	2.23845e-05	
2.40255e-05	2.40255e-05	
2.5579e-05	2.5579e-05	
2.70229e-05	2.70229e-05	
2.87036e-05	2.87036e-05	
3.02558e-05	3.02558e-05	
3.18387e-05	3.18387e-05	
3.3499e-05	3.3499e-05	
3.54462e-05	3.54462e-05	
3.72222e-05	3.72222e-05	
3.8513e-05	3.8513e-05	
4.00976e-05	4.00976e-05	
4.17233e-05	4.17233e-05	
4.34234e-05	4.34234e-05	
4.48192e-05	4.48192e-05	
4.58012e-05	4.58012e-05	
4.73591e-05	4.73591e-05	
4.84679e-05	4.84679e-05	
4.95427e-05	4.95427e-05	
5.0624e-05	5.0624e-05	
5.17585e-05	5.17585e-05	
5.29031e-05	5.29031e-05	
5.36068e-05	5.36068e-05	
5.42486e-05	5.42486e-05	
5.53707e-05	5.53707e-05	
5.59918e-05	5.59918e-05	
5.66623e-05	5.66623e-05	
5.73258e-05	5.73258e-05	
5.74703e-05	5.74703e-05	
5.87231e-05	5.87231e-05	
5.93709e-05	5.93709e-05	
5.92949e-05	5.92949e-05	
5.97877e-05	5.97877e-05	
6.03511e-05	6.03511e-05	
6.09914e-05	6.09914e-05	
6.32181e-05	6.32181e-05	
6.13451e-05	6.13451e-05	
6.36943e-05	6.36943e-05	
6.42431e-05	6.42431e-05	
6.20082e-05	6.20082e-05	
6.2672e-05	6.2672e-05	
6.23153e-05	6.23153e-05	
6.28911e-05	6.28911e-05	
6.31426e-05	6.31426e-05	
6.40704e-05	6.40704e-05	
6.32594e-05	6.32594e-05	
6.43514e-05	6.43514e-05	
6.4591e-05	6.4591e-05	
6.40603e-05	6.40603e-05	
6.51018e-05	6.51018e-05	
6.794e-05	6.794e-05	
6.74554e-05	6.74554e-05	
6.82635e-05	6.82635e-05	
6.90864e-05	6.90864e-05	
6.97712e-05	6.97712e-05	
7.03109e-05	7.03109e-05	
6.95605e-05	6.95605e-05	
7.04715e-05	7.04715e-05	
7.12285e-05	7.12285e-05	
7.21782e-05	7.21782e-05	
7.29649e-05	7.29649e-05	
7.56363e-05	7.56363e-05	
7.66264e-05	7.66264e-05	
7.72427e-05	7.72427e-05	
7.82793e-05	7.82793e-05	
8.12059e-05	8.12059e-05	
8.20478e-05	8.20478e-05	
8.50957e-05	8.50957e-05	
8.59476e-05	8.59476e-05	
8.88895e-05	8.88895e-05	
9.49415e-05	9.49415e-05	
9.84111e-05	9.84111e-05	
0.000101187	0.000101187	
0.00010705	0.00010705	
0.000112724	0.000112724	
0.000115803	0.000115803	
0.000121655	0.000121655	
0.000127573	0.000127573	
0.000133276	0.000133276	
0.00014284	0.00014284	
0.000149209	0.000149209	
0.0001584	0.0001584	
0.000167364	0.000167364	
0.000173853	0.000173853	
0.000183356	0.000183356	
0.000192274	0.000192274	
0.000201616	0.000201616	
0.000211041	0.000211041	
0.000220905	0.000220905	
0.000235232	0.000235232	
0.000244812	0.000244812	
0.000254857	0.000254857	
0.000268093	0.000268093	
0.000281817	0.000281817	
0.000295231	0.000295231	
0.000309562	0.000309562	
0.000323993	0.000323993	
0.000342378	0.000342378	
0.000356476	0.000356476	
0.000374697	0.000374697	
0.000388906	0.000388906	
0.000404142	0.000404142	
0.000422326	0.000422326	
0.000445446	0.000445446	
0.000463724	0.000463724	
0.00048862	0.00048862	
0.000511572	0.000511572	
0.000535646	0.000535646	
0.000558763	0.000558763	
0.000592276	0.000592276	
0.000607627	0.000607627	
0.000646151	0.000646151	
0.000682451	0.000682451	
0.000720567	0.000720567	
0.00075042	0.00075042	
0.000797308	0.000797308	
0.00082638	0.00082638	
0.000855555	0.000855555	
0.000903309	0.000903309	
0.00095821	0.00095821	
0.000998598	0.000998598	
0.00105382	0.00105382	
0.00110224	0.00110224	
0.00115415	0.00115415	
0.00120962	0.00120962	
0.00127154	0.00127154	
0.00133857	0.00133857	
0.00140849	0.00140849	
0.00148665	0.00148665	
0.00156396	0.00156396	
0.00163184	0.00163184	
0.00171237	0.00171237	
0.00180163	0.00180163	
0.00190624	0.00190624	
0.00200229	0.00200229	
0.00210827	0.00210827	
0.00220374	0.00220374	
0.00231385	0.00231385	
0.00243604	0.00243604	
0.00256146	0.00256146	
0.0026738	0.0026738	
0.0027942	0.0027942	
0.00292091	0.00292091	
0.0030587	0.0030587	
0.00321638	0.00321638	
0.00337053	0.00337053	
0.00354111	0.00354111	
0.00369375	0.00369375	
0.00385313	0.00385313	
0.00404633	0.00404633	
0.00419331	0.00419331	
0.0043624	0.0043624	
0.00456788	0.00456788	
0.00479447	0.00479447	
0.00500318	0.00500318	
0.00523256	0.00523256	
0.00546771	0.00546771	
0.00571919	0.00571919	
0.00598596	0.00598596	
0.00620699	0.00620699	
0.00645632	0.00645632	
0.00673645	0.00673645	
0.00702138	0.00702138	
0.0072947	0.0072947	
0.00758206	0.00758206	
0.00787181	0.00787181	
0.00816802	0.00816802	
0.00846812	0.00846812	
0.00879776	0.00879776	
0.00914338	0.00914338	
0.00947733	0.00947733	
0.00980799	0.00980799	
0.0101997	0.0101997	
0.010589	0.010589	
0.0110416	0.0110416	
0.0115147	0.0115147	
0.0119305	0.0119305	
0.0123939	0.0123939	
0.0129079	0.0129079	
0.0134883	0.0134883	
0.0140277	0.0140277	
0.0145837	0.0145837	
0.0152068	0.0152068	
0.0158364	0.0158364	
0.0163914	0.0163914	
0.0169728	0.0169728	
0.0176535	0.0176535	
0.0184247	0.0184247	
0.01913	0.01913	
0.0198525	0.0198525	
0.0205781	0.0205781	
0.0213358	0.0213358	
0.0221253	0.0221253	
0.0229802	0.0229802	
0.0238892	0.0238892	
0.0246901	0.0246901	
0.0256239	0.0256239	
0.0266206	0.0266206	
0.0275594	0.0275594	
0.0284645	0.0284645	
0.0295099	0.0295099	
0.0304408	0.0304408	
0.0315679	0.0315679	
0.0326515	0.0326515	
0.0336711	0.0336711	
0.0347624	0.0347624	
0.0360572	0.0360572	
0.0372142	0.0372142	
0.038509	0.038509	
0.0396285	0.0396285	
0.0409345	0.0409345	
0.042291	0.042291	
0.0436686	0.0436686	
0.0450631	0.0450631	
0.0463164	0.0463164	
0.0477259	0.0477259	
0.0491909	0.0491909	
0.0506879	0.0506879	
0.0521558	0.0521558	
0.0537595	0.0537595	
0.0553179	0.0553179	
0.0568215	0.0568215	
0.0585514	0.0585514	
0.0600014	0.0600014	
0.061661	0.061661	
0.0634012	0.0634012	
0.0651244	0.0651244	
0.0668872	0.0668872	
0.0687297	0.0687297	
0.0707247	0.0707247	
0.0725815	0.0725815	
0.0745007	0.0745007	
0.0764428	0.0764428	
0.0785323	0.0785323	
0.0804412	0.0804412	
0.082422	0.082422	
0.0845054	0.0845054	
0.0864516	0.0864516	
0.0884128	0.0884128	
0.0903869	0.0903869	
0.0925901	0.0925901	
0.0945377	0.0945377	
0.0966508	0.0966508	
0.0990448	0.0990448	
0.101142	0.101142	
0.103424	0.103424	
0.105782	0.105782	
0.107976	0.107976	
0.110398	0.110398	
0.112898	0.112898	
0.115326	0.115326	
0.117692	0.117692	
0.119966	0.119966	
0.122305	0.122305	
0.124738	0.124738	
0.126942	0.126942	
0.129362	0.129362	
0.132058	0.132058	
0.134543	0.134543	
0.137361	0.137361	
0.139902	0.139902	
0.142698	0.142698	
0.145424	0.145424	
0.148325	0.148325	
0.15141	0.15141	
0.154325	0.154325	
0.157337	0.157337	
0.160515	0.160515	
0.163851	0.163851	
0.167346	0.167346	
0.170755	0.170755	
0.174246	0.174246	
0.177777	0.177777	
0.181645	0.181645	
0.185333	0.185333	
0.189244	0.189244	
0.193264	0.193264	
0.19764	0.19764	
0.201926	0.201926	
0.206316	0.206316	
0.210892	0.210892	
0.215305	0.215305	
0.219609	0.219609	
0.224302	0.224302	
0.229029	0.229029	
0.234009	0.234009	
0.238909	0.238909	
0.244128	0.244128	
0.249426	0.249426	
0.25447	0.25447	
0.260069	0.260069	
0.265798	0.265798	
0.271385	0.271385	
0.277381	0.277381	
0.283145	0.283145	
0.289194	0.289194	
0.295016	0.295016	
0.301028	0.301028	
0.30737	0.30737	
0.313959	0.313959	
0.320442	0.320442	
0.326681	0.326681	
0.333106	0.333106	
0.339833	0.339833	
0.346793	0.346793	
0.353838	0.353838	
0.361054	0.361054	
0.368354	0.368354	
0.376049	0.376049	
0.383945	0.383945	
0.391902	0.391902	
0.399693	0.399693	
0.407664	0.407664	
0.415648	0.415648	
0.424171	0.424171	
0.432632	0.432632	
0.441362	0.441362	
0.450069	0.450069	
0.459457	0.459457	
0.468664	0.468664	
0.47819	0.47819	
0.487292	0.487292	
0.496822	0.496822	
0.505706	0.505706	
0.514553	0.514553	
0.523703	0.523703	
0.533297	0.533297	
0.543206	0.543206	
0.55278	0.55278	
0.563096	0.563096	
0.573389	0.573389	
0.58418	0.58418	
0.595035	0.595035	
0.605886	0.605886	
0.616614	0.616614	
0.627605	0.627605	
0.638815	0.638815	
0.650182	0.650182	
0.662423	0.662423	
0.674802	0.674802	
0.687722	0.687722	
0.701043	0.701043	
0.715135	0.715135	
0.729576	0.729576	
0.744437	0.744437	
0.75957	0.75957	
0.775736	0.775736	
0.791966	0.791966	
0.809163	0.809163	
0.826826	0.826826	
0.844856	0.844856	
0.86289	0.86289	
0.880631	0.880631	
0.899225	0.899225	
0.91832	0.91832	
0.938111	0.938111	
0.957757	0.957757	
0.97769	0.97769	
0.996601	0.996601	
1.01523	1.01523	
1.0336	1.0336	
1.0518	1.0518	
1.07113	1.07113	
1.09083	1.09083	
1.11147	1.11147	
1.13201	1.13201	
1.15184	1.15184	
1.17156	1.17156	
1.19319	1.19319	
1.21633	1.21633	
1.24051	1.24051	
1.26496	1.26284	
1.28991	1.28474	
1.31545	1.30646	
1.34217	1.32801	
1.37022	1.34938	
1.39828	1.37059	
1.42607	1.39162	
1.45401	1.41249	
1.48213	1.43319	
1.51092	1.45372	
1.53966	1.47409	
1.56963	1.4943	
1.60073	1.51435	
1.63394	1.53423	
1.66777	1.55396	
1.70182	1.57353	
1.73574	1.59294	
1.7691	1.6122	
1.802	1.6313	
1.83399	1.65025	
1.86562	1.66905	
1.89668	1.68769	
1.9285	1.70619	
1.96013	1.72454	
1.99172	1.74275	
2.02306	1.7608	
2.05448	1.77872	
2.08573	1.79649	
2.11547	1.81412	
2.14565	1.8316	
2.17645	1.84895	
2.2078	1.86616	
2.23836	1.88323	
2.26826	1.90016	
2.2973	1.91696	
2.32565	1.93363	
2.35252	1.95016	
2.37929	1.96656	
2.40808	1.98282	
2.439	1.99896	
2.46968	2.01497	
2.49975	2.03085	
2.52999	2.0466	
2.55874	2.06223	
2.58728	2.07773	
2.61639	2.09311	
2.648	2.10837	
2.68151	2.1235	
2.71527	2.13851	
2.74929	2.1534	
2.78361	2.16817	
2.81848	2.18283	
2.85339	2.19737	
2.89102	2.21179	
2.93067	2.22609	
2.97132	2.24028	
3.01221	2.25436	
3.05167	2.26833	
3.08716	2.28218	
3.12027	2.29592	
3.15261	2.30956	
3.18566	2.32308	
3.22039	2.3365	
3.25604	2.3498	
3.28879	2.363	
3.31949	2.3761	
3.35019	2.38909	
3.38136	2.40198	
3.41421	2.41476	
3.44893	2.42745	
3.48327	2.44003	
3.51466	2.45251	
3.54566	2.46489	
3.57731	2.47717	
3.61022	2.48935	
3.64575	2.50143	
3.68181	2.51342	
3.71747	2.52532	
3.75339	2.53711	
3.78989	2.54882	
3.82679	2.56043	
3.86457	2.57194	
3.90296	2.58337	
3.9403	2.5947	
3.97757	2.60594	
4.01602	2.61709	
4.05659	2.62816	
4.1002	2.63913	
4.14206	2.65002	
4.18136	2.66082	
4.21632	2.67153	
4.24967	2.68216	
4.28218	2.6927	
4.31719	2.70316	
4.35022	2.71354	
4.38035	2.72383	
4.40833	2.73404	
4.43578	2.74416	
4.4659	2.75421	
4.49697	2.76418	
4.52601	2.77406	
4.55208	2.78387	
4.57658	2.7936	
4.60151	2.80325	
4.63026	2.81283	
4.66264	2.82232	
4.69586	2.83174	
4.73038	2.84109	
4.7663	2.85036	
4.80447	2.85956	
4.84499	2.86868	
4.88781	2.87773	
4.92994	2.88671	
4.97275	2.89562	
5.01512	2.90445	
5.0593	2.91322	
5.10495	2.92191	
5.14749	2.93054	
5.18573	2.93909	
5.21961	2.94758	
5.25169	2.956	
5.28329	2.96435	
5.31513	2.97264	
5.34639	2.98085	
5.37721	2.98901	
5.40364	2.9971	
5.42908	3.00512	
5.4536	3.01308	
5.4782	3.02097	
5.50458	3.02881	
5.52875	3.03658	
5.55169	3.04428	
5.57661	3.05193	
5.60571	3.05951	
5.63757	3.06704	
5.67244	3.0745	
5.70708	3.0819	
5.74107	3.08925	
5.77575	3.09654	
5.81441	3.10376	
5.85625	3.11093	
5.89974	3.11805	
5.94258	3.1251	
5.98217	3.1321	
6.01995	3.13904	
6.05516	3.14593	
6.08699	3.15276	
6.11695	3.15954	
6.14369	3.16627	
6.17018	3.17294	
6.19738	3.17955	
6.22484	3.18612	
6.25194	3.19263	
6.27549	3.19909	
6.29709	3.20549	
6.31919	3.21185	
6.34436	3.21815	
6.3702	3.22441	
6.39388	3.23061	
6.41789	3.23677	
6.44439	3.24287	
6.47329	3.24893	
6.50613	3.25494	
6.53995	3.2609	
6.57542	3.26681	
6.61195	3.27268	
6.65072	3.2785	
6.68986	3.28427	
6.7293	3.29	
6.76491	3.29568	
6.7983	3.30131	
6.83027	3.3069	
6.85952	3.31244	
6.88404	3.31794	
6.90519	3.3234	
6.92439	3.32881	
6.94526	3.33418	
6.96683	3.33951	
6.98597	3.34479	
7.00409	3.35004	
7.02349	3.35524	
7.04658	3.36039	
7.07248	3.36551	
7.10015	3.37059	
7.13058	3.37562	
7.16235	3.38062	
7.19808	3.38557	
7.23695	3.39049	
7.27826	3.39536	
7.31911	3.4002	
7.3607	3.405	
7.40404	3.40976	
7.44819	3.41448	
7.49079	3.41916	
7.52886	3.42381	
7.56051	3.42842	
7.58621	3.43299	
7.60952	3.43753	
7.63535	3.44203	
7.66035	3.44649	
7.68104	3.45092	
7.6955	3.45531	
7.70798	3.45967	
7.7206	3.46399	
7.7354	3.46828	
7.75192	3.47254	
7.76793	3.47676	
7.78537	3.48094	
7.80708	3.48509	
7.83545	3.48921	
7.86587	3.4933	
7.89689	3.49735	
7.93051	3.50137	
7.96769	3.50536	
8.00805	3.50932	
8.0496	3.51325	
8.08686	3.51714	
8.11776	3.521	
8.14599	3.52483	
8.1732	3.52864	
8.19666	3.53241	
8.21622	3.53615	
8.23295	3.53986	
8.24703	3.54354	
8.26043	3.54719	
8.27444	3.55081	
8.2866	3.55441	
8.29805	3.55797	
8.30898	3.56151	
8.32281	3.56502	
8.34123	3.5685	
8.36285	3.57195	
8.38897	3.57537	
8.41932	3.57877	
8.45306	3.58214	
8.49094	3.58548	
8.53115	3.5888	
8.57152	3.59209	
8.60978	3.59535	
8.64679	3.59859	
8.68204	3.6018	
8.71229	3.60499	
8.73905	3.60815	
8.75776	3.61128	
8.77111	3.61439	
8.78528	3.61747	
8.7991	3.62053	
8.81231	3.62357	
8.82098	3.62658	
8.82622	3.62957	
8.83385	3.63253	
8.8451	3.63547	
8.85802	3.63839	
8.87322	3.64128	
8.89158	3.64415	
8.91436	3.647	
8.94583	3.64982	
8.98084	3.65262	
9.02003	3.6554	
9.05986	3.65816	
9.1009	3.66089	
9.14241	3.66361	
9.18062	3.6663	
9.21447	3.66897	
9.24181	3.67162	
9.25751	3.67424	
9.267	3.67685	
9.27441	3.67943	
9.27993	3.682	
9.28302	3.68454	
9.28081	3.68707	
9.27685	3.68957	
9.27487	3.69205	
9.27685	3.69452	
9.28179	3.69696	
9.29152	3.69939	
9.30652	3.70179	
9.32902	3.70418	
9.35868	3.70654	
9.39213	3.70889	
9.42936	3.71122	
9.47012	3.71353	
9.51362	3.71582	
9.55367	3.71809	
9.59108	3.72035	
9.62611	3.72259	
9.65704	3.72481	
9.68175	3.72701	
9.69871	3.72919	
9.71312	3.73136	
9.72366	3.73351	
9.73079	3.73564	
9.73356	3.73775	
9.73206	3.73985	
9.7305	3.74193	
9.72953	3.744	
9.73149	3.74605	
9.74055	3.74808	
9.75568	3.75009	
9.77802	3.75209	
9.80529	3.75408	
9.83709	3.75604	
9.87433	3.75799	
9.91798	3.75993	
9.95937	3.76185	
9.99472	3.76376	
10.0246	3.76565	
10.0513	3.76752	
10.0739	3.76938	
10.0912	3.77123	
10.1017	3.77306	
10.1059	3.77487	
10.1054	3.77667	
10.0995	3.77846	
10.094	3.78023	
10.0875	3.78199	
10.0828	3.78373	
10.0792	3.78546	
10.0821	3.78718	
10.0927	3.78888	
10.1107	3.79057	
10.1351	3.79225	
10.1655	3.79391	
10.2018	3.79556	
10.2438	3.79719	
10.2854	3.79882	
10.3236	3.80043	
10.3536	3.80202	
10.3782	3.80361	
10.3977	3.80518	
10.4141	3.80674	
10.4267	3.80828	
10.4362	3.80982	
10.4389	3.81134	
10.433	3.81285	
10.4241	3.81434	
10.4154	3.81583	
10.4074	3.8173	
10.3954	3.81876	
10.3891	3.82021	
10.3919	3.82165	
10.4031	3.82308	
10.4224	3.82449	
10.4501	3.8259	
10.4851	3.82729	
10.5214	3.82867	
10.5556	3.83004	
10.584	3.8314	
10.6105	3.83275	
10.6337	3.83409	
10.6502	3.83542	
10.6618	3.83673	
10.6677	3.83804	
10.6686	3.83934	
10.665	3.84062	
10.661	3.8419	
10.6538	3.84316	
10.6434	3.84442	
10.6301	3.84566	
10.6202	3.84689	
10.6185	3.84812	
10.6267	3.84933	
10.6423	3.85054	
10.6643	3.85174	
10.6926	3.85292	
10.7256	3.8541	
10.7608	3.85527	
10.7941	3.85642	
10.8269	3.85757	
10.8529	3.85871	
10.8733	3.85984	
10.8889	3.86096	
10.9004	3.86208	
10.9044	3.86318	
10.9037	3.86427	
10.9	3.86536	
10.8954	3.86644	
10.8871	3.8675	
10.8774	3.86856	
10.8709	3.86962	
10.8697	3.87066	
10.8737	3.87169	
10.8853	3.87272	
10.9039	3.87374	
10.9282	3.87475	
10.9515	3.87526	
10.9735	3.87537	
10.9927	3.87523	
11.0084	3.87485	
11.019	3.87422	
11.0267	3.87336	
11.0309	3.87226	
11.0311	3.87093	
11.0283	3.86938	
11.0232	3.8676	
11.0171	3.86561	
11.0112	3.8634	
11.0029	3.86097	
10.9964	3.85834	
10.9906	3.85551	
10.9901	3.85247	
10.9979	3.84923	
11.0136	3.8458	
11.0339	3.84218	
11.0532	3.83837	
11.0701	3.83438	
11.0834	3.8302	
11.0967	3.82585	
11.1066	3.82132	
11.1154	3.81662	
11.1249	3.81175	
11.1295	3.80671	
11.1297	3.80151	
11.1269	3.79615	
11.1198	3.79064	
11.1098	3.78497	
11.1019	3.77914	
11.0977	3.77317	
11.0981	3.76706	
11.1026	3.7608	
11.109	3.75439	
11.1195	3.74786	
11.1322	3.74118	
11.1434	3.73438	
11.1551	3.72744	
11.1649	3.72037	
11.1663	3.71318	
11.1624	3.70587	
11.1535	3.69844	
11.1429	3.69089	
11.1336	3.68323	
11.1245	3.67545	
11.116	3.66756	
11.1044	3.65956	
11.0896	3.65146	
11.0748	3.64325	
11.0616	3.63494	
11.0501	3.62653	
11.0436	3.61802	
11.0445	3.60942	
11.0516	3.60072	
11.059	3.59194	
11.0655	3.58306	
11.0695	3.5741	
11.0689	3.56505	
11.0614	3.55591	
11.0539	3.5467	
11.0459	3.53741	
11.0348	3.52804	
11.0218	3.51859	
11.0082	3.50907	
10.9893	3.49947	
10.968	3.48981	
10.9493	3.48008	
10.9347	3.47028	
10.9259	3.46041	
10.9211	3.45049	
10.9205	3.4405	
10.923	3.43044	
10.925	3.42033	
10.922	3.41017	
10.9208	3.39995	
10.913	3.38967	
10.9017	3.37934	
10.8864	3.36896	
10.8712	3.35853	
10.8552	3.34805	
10.8392	3.33753	
10.821	3.32696	
10.8005	3.31635	
10.7782	3.30569	
10.7562	3.295	
10.7389	3.28426	
10.7212	3.27348	
10.7047	3.26267	
10.691	3.25182	
10.6792	3.24094	
10.6691	3.23003	
10.6598	3.21908	
10.6484	3.2081	
10.635	3.19709	
10.6166	3.18606	
10.5981	3.17499	
10.5803	3.1639	
10.5595	3.15279	
10.5353	3.14165	
10.5104	3.13049	
10.4821	3.1193	
10.453	3.1081	
10.4261	3.09687	
10.4054	3.08563	
10.3878	3.07437	
10.3731	3.06309	
10.3618	3.0518	
10.3555	3.04049	
10.3483	3.02917	
10.3383	3.01784	
10.3285	3.00649	
10.3163	2.99514	
10.3007	2.98377	
10.2838	2.9724	
10.264	2.96101	
10.2427	2.94962	
10.2174	2.93823	
10.1924	2.92682	
10.1681	2.91541	
10.1427	2.904	
10.1186	2.89259	
10.0972	2.88117	
10.0777	2.86975	
10.0609	2.85833	
10.0452	2.84691	
10.0334	2.83549	
10.0208	2.82407	
10.0085	2.81265	
9.99481	2.80124	
9.98181	2.78983	
9.96514	2.77842	
9.94528	2.76702	
9.92341	2.75562	
9.90137	2.74423	
9.8735	2.73285	
9.84188	2.72147	
9.80852	2.7101	
9.77311	2.69874	
9.73452	2.68739	
9.69789	2.67605	
9.66631	2.66471	
9.6379	2.65339	
9.61098	2.64208	
9.59023	2.63079	
9.57297	2.6195	
9.55986	2.60823	
9.54478	2.59697	
9.52999	2.58572	
9.51656	2.57449	
9.49974	2.56328	
9.48035	2.55208	
9.45754	2.54089	
9.43327	2.52972	
9.40499	2.51857	
9.37463	2.50744	
9.34213	2.49632	
9.30766	2.48522	
9.27165	2.47414	
9.23693	2.46308	
9.20456	2.45204	
9.17498	2.44102	
9.14634	2.43002	
9.12054	2.41904	
9.09728	2.40808	
9.07811	2.39714	
9.05974	2.38622	
9.04323	2.37532	
9.02717	2.36445	
9.0105	2.3536	
8.99045	2.34277	
8.96834	2.33197	
8.94396	2.32119	
8.91762	2.31043	
8.88694	2.2997	
8.85309	2.28899	
8.81722	2.27831	
8.77963	2.26765	
8.73818	2.25702	
8.69927	2.24641	
8.66315	2.23583	
8.62878	2.22527	
8.59662	2.21475	
8.56814	2.20424	
8.54469	2.19377	
8.52501	2.18332	
8.505	2.1729	
8.48444	2.16251	
8.46419	2.15215	
8.44312	2.14181	
8.41784	2.1315	
8.38969	2.12122	
8.35947	2.11097	
8.32718	2.10075	
8.29105	2.09056	
8.2527	2.08039	
8.21148	2.07026	
8.16958	2.06015	
8.12657	2.05008	
8.08513	2.04003	
8.04557	2.03002	
8.01066	2.02004	
7.9785	2.01008	
7.95103	2.00016	
7.92814	1.99027	
7.91021	1.98041	
7.89577	1.97057	
7.88121	1.96078	
7.86844	1.95101	
7.85455	1.94127	
7.83886	1.93157	
7.82126	1.92189	
7.79833	1.91225	
7.77254	1.90264	
7.74506	1.89306	
7.71271	1.88352	
7.67649	1.874	
7.63747	1.86452	
7.59633	1.85508	
7.5541	1.84566	
7.51127	1.83627	
7.47323	1.82692	
7.43977	1.81761	
7.41173	1.80832	
7.38597	1.79907	
7.36336	1.78985	
7.34528	1.78066	
7.33049	1.77151	
7.31868	1.76239	
7.30532	1.7533	
7.29115	1.74424	
7.2758	1.73522	
7.25846	1.72623	
7.23655	1.71728	
7.21054	1.70836	
7.17931	1.69947	
7.14443	1.69062	
7.10693	1.68179	
7.06406	1.67301	
7.01843	1.66425	
6.9724	1.65553	
6.92479	1.64685	
6.87926	1.63819	
6.83697	1.62957	
6.80075	1.62099	
6.77	1.61243	
6.74557	1.60392	
6.72401	1.59543	
6.70574	1.58698	
6.69122	1.57856	
6.67864	1.57018	
6.6699	1.56183	
6.66006	1.55351	
6.64798	1.54523	
6.63656	1.53698	
6.62196	1.52876	
6.60471	1.52058	
6.58082	1.51243	
6.5508	1.50432	
6.51628	1.49623	
6.47723	1.48819	
6.43615	1.48017	
6.38988	1.47219	
6.34271	1.46424	
6.2968	1.45633	
6.25262	1.44845	
6.21219	1.4406	
6.1752	1.43279	
6.14288	1.42501	
6.11909	1.41726	
6.10198	1.40955	
6.0894	1.40186	
6.07802	1.39422	
6.06728	1.3866	
6.05929	1.37902	
6.05082	1.37147	
6.04225	1.36396	
6.02933	1.35647	
6.01325	1.34903	
5.99277	1.34161	
5.96959	1.33422	
5.94207	1.32687	
5.90549	1.31956	
5.86257	1.31227	
5.81754	1.30502	
5.76934	1.2978	
5.72087	1.29061	
5.67193	1.28345	
5.62125	1.27633	
5.57248	1.26924	
5.53012	1.26218	
5.49374	1.25515	
5.46417	1.24816	
5.4412	1.24119	
5.42268	1.23426	
5.41048	1.22737	
5.40175	1.2205	
5.39654	1.21366	
5.39202	1.20686	
5.3889	1.20009	
5.3855	1.19335	
5.38229	1.18664	
5.37836	1.17996	
5.36919	1.17332	
5.35515	1.1667	
5.33673	1.16012	
5.31426	1.15356	
5.28662	1.14704	
5.25525	1.14055	
5.21891	1.13409	
5.1814	1.12766	
5.14457	1.12126	
5.10732	1.1149	
5.07206	1.10856	
5.03686	1.10225	
5.00116	1.09598	
4.9674	1.08973	
4.93621	1.08351	
4.90899	1.07733	
4.88688	1.07117	
4.86767	1.06505	
4.85166	1.05895	
4.83914	1.05288	
4.82886	1.04685	
4.81899	1.04084	
4.80743	1.03486	
4.79419	1.02892	
4.77795	1.023	
4.76158	1.01711	
4.74557	1.01125	
4.72819	1.00542	
4.70813	0.999614	
4.68414	0.99384	
4.65833	0.988095	
4.6316	0.982379	
4.60261	0.976692	
4.57328	0.971033	
4.54227	0.965402	
4.51002	0.9598	
4.47713	0.954226	
4.44641	0.94868	
4.41675	0.943162	
4.38785	0.937672	
4.36139	0.93221	
4.33508	0.926775	
4.31055	0.921369	
4.28783	0.915989	
4.26972	0.910637	
4.25442	0.905313	
4.24022	0.900016	
4.22649	0.894746	
4.21105	0.889503	
4.19603	0.884287	
4.18271	0.879097	
4.17136	0.873935	
4.15945	0.868799	
4.14737	0.86369	
4.13449	0.858607	
4.12209	0.853551	
4.10883	0.848521	
4.09598	0.843517	
4.08226	0.838539	
4.06802	0.833587	
4.04901	0.828661	
4.02855	0.823761	
4.007	0.818887	
3.98423	0.814038	
3.95974	0.809214	
3.93394	0.804416	
3.90929	0.799644	
3.88179	0.794896	
3.85264	0.790173	
3.82581	0.785476	
3.79804	0.780803	
3.77145	0.776156	
3.74521	0.771532	
3.71949	0.766934	
3.69249	0.76236	
3.66449	0.75781	
3.63789	0.753285	
3.61244	0.748784	
3.58759	0.744307	
3.56462	0.739854	
3.54401	0.735424	
3.52474	0.731019	
3.50739	0.726637	
3.49189	0.722279	
3.47945	0.717945	
3.46848	0.713634	
3.45622	0.709346	
3.44475	0.705081	
3.43135	0.70084	
3.41788	0.696621	
3.40521	0.692425	
3.39367	0.688253	
3.38372	0.684103	
3.37428	0.679975	
3.36359	0.67587	
3.35138	0.671788	
3.33427	0.667727	
3.3161	0.663689	
3.29763	0.659674	
3.27706	0.65568	
3.25644	0.651708	
3.23549	0.647758	
3.21388	0.64383	
3.1904	0.639923	
3.16709	0.636038	
3.14479	0.632174	
3.12317	0.628332	
3.10131	0.624511	
3.07944	0.620711	
3.05823	0.616933	
3.03832	0.613175	
3.01845	0.609438	
2.99942	0.605722	
2.98182	0.602026	
2.96782	0.598351	
2.95505	0.594697	
2.94283	0.591063	
2.93047	0.58745	
2.91812	0.583856	
2.90406	0.580283	
2.88808	0.57673	
2.87308	0.573197	
2.86088	0.569683	
2.85011	0.566189	
2.83941	0.562715	
2.82859	0.559261	
2.81644	0.555826	
2.80317	0.55241	
2.7889	0.549014	
2.77443	0.545637	
2.76029	0.542279	
2.74809	0.53894	
2.73568	0.53562	
2.72373	0.532319	
2.71151	0.529037	
2.69845	0.525773	
2.68389	0.522528	
2.66747	0.519301	
2.65035	0.516093	
2.63351	0.512902	
2.61701	0.509731	
2.59831	0.506577	
2.57958	0.503441	
2.55983	0.500324	
2.54059	0.497224	
2.52025	0.494142	
2.49861	0.491077	
2.47757	0.488031	
2.45733	0.485001	
2.43778	0.48199	
2.41965	0.478995	
2.40101	0.476018	
2.38298	0.473058	
2.3655	0.470115	
2.34881	0.467189	
2.33191	0.46428	
2.31388	0.461388	
2.29609	0.458512	
2.27876	0.455653	
2.26182	0.452811	
2.24518	0.449985	
2.22899	0.447176	
2.21264	0.444383	
2.19695	0.441606	
2.18289	0.438846	
2.16877	0.436101	
2.15424	0.433373	
2.14038	0.43066	
2.12799	0.427964	
2.11754	0.425283	
2.10817	0.422617	
2.09891	0.419968	
2.08847	0.417333	
2.07788	0.414715	
2.0678	0.412111	
2.05899	0.409523	
2.05057	0.40695	
2.04221	0.404392	
2.03445	0.40185	
2.02657	0.399322	
2.01779	0.396809	
2.00861	0.394311	
1.99758	0.391828	
1.98523	0.389359	
1.97291	0.386905	
1.96111	0.384465	
1.94893	0.38204	
1.93592	0.379629	
1.92252	0.377233	
1.90896	0.37485	
1.89567	0.372482	
1.88253	0.370128	
1.86991	0.367788	
1.85746	0.365461	
1.84432	0.363149	
1.83111	0.36085	
1.81788	0.358565	
1.80488	0.356294	
1.79075	0.354036	
1.77658	0.351792	
1.7606	0.349561	
1.74394	0.347343	
1.72852	0.345138	
1.71242	0.342947	
1.69789	0.340769	
1.68447	0.338604	
1.67076	0.336452	
1.65655	0.334313	
1.64094	0.332186	
1.62613	0.330073	
1.61184	0.327972	
1.59936	0.325883	
1.58773	0.323808	
1.57663	0.321744	
1.56498	0.319694	
1.55351	0.317655	
1.54282	0.315629	
1.53215	0.313615	
1.5232	0.311613	
1.5149	0.309623	
1.50705	0.307646	
1.4993	0.30568	
1.4896	0.303726	
1.47943	0.301784	
1.4682	0.299854	
1.45853	0.297935	
1.44881	0.296028	
1.4398	0.294133	
1.43127	0.292249	
1.42136	0.290376	
1.41197	0.288515	
1.40224	0.286665	
1.39337	0.284827	
1.3846	0.283	
1.37751	0.281183	
1.37006	0.279378	
1.36284	0.277584	
1.35591	0.275801	
1.34978	0.274028	
1.344	0.272267	
1.33939	0.270516	
1.33551	0.268776	
1.33107	0.267047	
1.32558	0.265328	
1.31867	0.26362	
1.31143	0.261922	
1.30313	0.260234	
1.29471	0.258557	
1.28671	0.25689	
1.27878	0.255234	
1.27114	0.253587	
1.26322	0.251951	
1.25645	0.250325	
1.24908	0.248709	
1.24194	0.247102	
1.23594	0.245506	
1.22949	0.243919	
1.22341	0.242342	
1.21706	0.240775	
1.21052	0.239218	
1.20402	0.23767	
1.19575	0.236132	
1.18759	0.234603	
1.17929	0.233084	
1.17008	0.231574	
1.16144	0.230073	
1.15215	0.228582	
1.14391	0.2271	
1.13428	0.225627	
1.12433	0.224163	
1.11465	0.222708	
1.104	0.221263	
1.09506	0.219826	
1.08595	0.218398	
1.07718	0.216979	
1.07015	0.215569	
1.06323	0.214168	
1.05713	0.212775	
1.04959	0.211391	
1.0421	0.210016	
1.03399	0.208649	
1.02509	0.207291	
1.01697	0.205941	
1.00906	0.2046	
1.00222	0.203267	
0.995386	0.201942	
0.988143	0.200626	
0.98093	0.199317	
0.974421	0.198017	
0.967489	0.196725	
0.960424	0.195442	
0.952751	0.194166	
0.945201	0.192898	
0.938245	0.191638	
0.930838	0.190386	
0.924088	0.189142	
0.917908	0.187906	
0.913057	0.186677	
0.907686	0.185456	
0.902568	0.184243	
0.896431	0.183038	
0.890418	0.18184	
0.884238	0.180649	
0.878369	0.179466	
0.871678	0.178291	
0.865856	0.177122	
0.860266	0.175962	
0.855006	0.174808	
0.849952	0.173662	
0.845446	0.172523	
0.840319	0.171391	
0.835385	0.170266	
0.830619	0.169149	
0.8249	0.168038	
0.81918	0.166935	
0.814046	0.165838	
0.809084	0.164749	
0.804387	0.163666	
0.799765	0.16259	
0.795252	0.161521	
0.791061	0.160459	
0.786279	0.159403	
0.78237	0.158354	
0.778523	0.157312	
0.775348	0.156277	
0.772077	0.155248	
0.768768	0.154225	
0.765214	0.153209	
0.762006	0.1522	
0.758821	0.151196	
0.754879	0.1502	
0.750578	0.149209	
0.746569	0.148225	
0.743087	0.147247	
0.739496	0.146275	
0.736117	0.14531	
0.732827	0.144351	
0.729116	0.143397	
0.725996	0.14245	
0.722261	0.141509	
0.718463	0.140574	
0.713824	0.139645	
0.709131	0.138722	
0.704524	0.137804	
0.700298	0.136893	
0.696754	0.135987	
0.692777	0.135087	
0.688946	0.134193	
0.684935	0.133305	
0.68109	0.132422	
0.67675	0.131545	
0.672542	0.130674	
0.667671	0.129808	
0.662804	0.128947	
0.658998	0.128093	
0.65463	0.127243	
0.650486	0.126399	
0.64602	0.125561	
0.642054	0.124728	
0.637695	0.1239	
0.63446	0.123078	
0.630399	0.122261	
0.627368	0.121449	
0.62329	0.120642	
0.61959	0.11984	
0.615561	0.119044	
0.611502	0.118253	
0.607454	0.117467	
0.604467	0.116686	
0.600125	0.11591	
0.596075	0.115139	
0.591695	0.114373	
0.587926	0.113611	
0.584139	0.112855	
0.57944	0.112104	
0.574018	0.111357	
0.569677	0.110616	
0.564984	0.109879	
0.560668	0.109147	
0.557016	0.108419	
0.552878	0.107697	
0.548947	0.106978	
0.545776	0.106265	
0.541415	0.105556	
0.537446	0.104852	
0.534309	0.104152	
0.530579	0.103457	
0.526885	0.102767	
0.523822	0.102081	
0.519939	0.101399	
0.516142	0.100722	
0.51204	0.100049	
0.50898	0.0993802	
0.505173	0.098716	
0.501005	0.0980561	
0.497268	0.0974005	
0.492747	0.0967492	
0.488359	0.0961021	
0.483825	0.0954592	
0.479766	0.0948205	
0.476164	0.0941859	
0.472619	0.0935554	
0.46938	0.0929291	
0.465638	0.0923068	
0.461676	0.0916886	
0.457056	0.0910743	
0.453344	0.0904641	
0.449363	0.0898579	
0.445595	0.0892556	
0.441658	0.0886573	
0.438141	0.0880628	
0.434484	0.0874722	
0.430281	0.0868855	
0.425808	0.0863026	
0.422032	0.0857235	
0.41819	0.0851481	
0.414988	0.0845766	
0.411242	0.0840087	
0.408825	0.0834446	
0.406074	0.0828841	
0.403422	0.0823274	
0.400283	0.0817742	
0.397878	0.0812247	
0.395095	0.0806788	
0.392502	0.0801364	
0.389845	0.0795976	
0.387396	0.0790623	
0.385388	0.0785305	
0.383116	0.0780022	
0.380919	0.0774774	
0.37824	0.076956	
0.37551	0.076438	
0.373226	0.0759234	
0.369917	0.0754122	
0.366895	0.0749044	
0.363019	0.0743998	
0.359787	0.0738986	
0.356865	0.0734007	
0.353567	0.072906	
0.350271	0.0724146	
0.347864	0.0719265	
0.344617	0.0714415	
0.341377	0.0709597	
0.338265	0.0704811	
0.335096	0.0700056	
0.331998	0.0695333	
0.328781	0.069064	
0.325595	0.0685979	
0.323327	0.0681348	
0.321426	0.0676748	
0.318447	0.0672178	
0.31601	0.0667638	
0.31435	0.0663128	
0.311774	0.0658647	
0.30974	0.0654197	
0.30789	0.0649775	
0.304845	0.0645383	
0.302081	0.064102	
0.299438	0.0636685	
0.296136	0.0632379	
0.293734	0.0628102	
0.291351	0.0623853	
0.289573	0.0619632	
0.286992	0.0615438	
0.284995	0.0611273	
0.283903	0.0607135	
0.281921	0.0603024	
0.280536	0.059894	
0.279501	0.0594884	
0.277523	0.0590854	
0.276184	0.0586851	
0.274694	0.0582875	
0.273341	0.0578924	
0.271447	0.0575	
0.270265	0.0571102	
0.269625	0.056723	
0.267813	0.0563383	
0.266706	0.0559562	
0.264924	0.0555766	
0.263925	0.0551996	
0.262513	0.054825	
0.261439	0.0544529	
0.260524	0.0540833	
0.258699	0.0537162	
0.257371	0.0533515	
0.255751	0.0529892	
0.255284	0.0526293	
0.254145	0.0522717	
0.253445	0.0519166	
0.25308	0.0515639	
0.251506	0.0512134	
0.250883	0.0508653	
0.249899	0.0505195	
0.249013	0.0501761	
0.247738	0.0498349	
0.246574	0.0494959	
0.24557	0.0491593	
0.243481	0.0488248	
0.24185	0.0484926	
0.239954	0.0481626	
0.238495	0.0478348	
0.236188	0.0475092	
0.234982	0.0471858	
0.233291	0.0468645	
0.231924	0.0465453	
0.22957	0.0462283	
0.22788	0.0459134	
0.226153	0.0456006	
0.2243	0.0452899	
0.222258	0.0449812	
0.220857	0.0446746	
0.219462	0.0443701	
0.218144	0.0440676	
0.216427	0.0437671	
0.215202	0.0434686	
0.214198	0.0431721	
0.212941	0.0428776	
0.21127	0.0425851	
0.210021	0.0422945	
0.208488	0.0420058	
0.207539	0.0417191	
0.205405	0.0414343	
0.203928	0.0411514	
0.201629	0.0408704	
0.20028	0.0405913	
0.197843	0.0403141	
0.196214	0.0400387	
0.19456	0.0397651	
0.193289	0.0394934	
0.191742	0.0392235	
0.190052	0.0389554	
0.189111	0.0386891	
0.187767	0.0384246	
0.18761	0.0381619	
0.186281	0.0379009	
0.185738	0.0376417	
0.18473	0.0373842	
0.184229	0.0371284	
0.183543	0.0368744	
0.181848	0.0366221	
0.181004	0.0363714	
0.179718	0.0361224	
0.178898	0.0358752	
0.177457	0.0356295	
0.175555	0.0353855	
0.17449	0.0351432	
0.172758	0.0349025	
0.171302	0.0346634	
0.170103	0.0344259	
0.168052	0.03419	
0.167512	0.0339557	
0.166636	0.033723	
0.165659	0.0334918	
0.165216	0.0332622	
0.163836	0.0330341	
0.163448	0.0328076	
0.162521	0.0325826	
0.162385	0.0323591	
0.161831	0.0321371	
0.160568	0.0319166	
0.1603	0.0316976	
0.159772	0.0314801	
0.159559	0.031264	
0.158798	0.0310494	
0.157679	0.0308363	
0.157081	0.0306246	
0.155975	0.0304143	
0.15523	0.0302054	
0.154449	0.0299979	
0.153667	0.0297918	
0.153677	0.0295872	
0.15307	0.0293839	
0.15356	0.0291819	
0.152954	0.0289814	
0.152468	0.0287822	
0.15255	0.0285843	
0.152017	0.0283878	
0.151736	0.0281926	
0.150894	0.0279987	
0.149766	0.0278061	
0.149145	0.0276149	
0.14788	0.0274249	
0.14752	0.0272362	
0.146174	0.0270488	
0.145011	0.0268626	
0.143824	0.0266777	
0.14261	0.0264941	
0.141535	0.0263117	
0.140081	0.0261305	
0.139209	0.0259506	
0.138472	0.0257719	
0.137783	0.0255944	
0.13792	0.0254181	
0.137226	0.025243	
0.136999	0.0250691	
0.137026	0.0248963	
0.136466	0.0247247	
0.136276	0.0245543	
0.135175	0.0243851	
0.133937	0.024217	
0.133425	0.02405	
0.132416	0.0238841	
0.131731	0.0237194	
0.130917	0.0235558	
0.129667	0.0233934	
0.128098	0.023232	
0.127197	0.0230717	
0.125761	0.0229125	
0.124145	0.0227544	
0.123024	0.0225973	
0.121767	0.0224413	
0.120096	0.0222864	
0.119433	0.0221326	
0.119394	0.0219797	
0.118731	0.0218279	
0.117842	0.0216772	
0.117496	0.0215275	
0.116358	0.0213788	
0.115083	0.0212311	
0.114164	0.0210844	
0.113495	0.0209387	
0.112366	0.020794	
0.111564	0.0206503	
0.110751	0.0205075	
0.109709	0.0203657	
0.108501	0.0202249	
0.107768	0.0200851	
0.106907	0.0199462	
0.106022	0.0198082	
0.104959	0.0196712	
0.1044	0.0195352	
0.103899	0.0194	
0.103116	0.0192658	
0.102647	0.0191325	
0.102602	0.0190001	
0.102638	0.0188686	
0.102382	0.0187379	
0.102583	0.0186082	
0.102362	0.0184794	
0.102119	0.0183514	
0.101415	0.0182244	
0.10093	0.0180981	
0.100286	0.0179728	
0.0992579	0.0178483	
0.0983861	0.0177246	
0.0975547	0.0176018	
0.0969718	0.0174799	
0.0958866	0.0173588	
0.0948685	0.0172384	
0.0943902	0.017119	
0.0940997	0.0170003	
0.0933958	0.0168824	
0.0929867	0.0167654	
0.0921212	0.0166491	
0.0918705	0.0165337	
0.0915182	0.016419	
0.0911624	0.0163051	
0.0909766	0.016192	
0.0908904	0.0160797	
0.0907891	0.0159681	
0.0900289	0.0158573	
0.089048	0.0157473	
0.0881401	0.015638	
0.0870285	0.0155294	
0.085326	0.0154216	
0.0837976	0.0153146	
0.082321	0.0152083	
0.0813939	0.0151027	
0.0805393	0.0149978	
0.079563	0.0148936	
0.0787787	0.0147902	
0.0777467	0.0146874	
0.0774769	0.0145854	
0.0771939	0.0144841	
0.0771821	0.0143834	
0.076701	0.0142835	
0.0759237	0.0141842	
0.0756781	0.0140856	
0.0754657	0.0139877	
0.0753886	0.0138905	
0.0753595	0.0137939	
0.074453	0.013698	
0.0737451	0.0136027	
0.0728927	0.0135081	
0.0722804	0.0134142	
0.071649	0.0133209	
0.0708754	0.0132282	
0.070336	0.0131362	
0.0693233	0.0130448	
0.0688353	0.012954	
0.0681298	0.0128639	
0.0679107	0.0127744	
0.0679617	0.0126855	
0.0677492	0.0125972	
0.0673671	0.0125095	
0.0669188	0.0124224	
0.0667829	0.0123359	
0.0666549	0.01225	
0.0662263	0.0121647	
0.0661195	0.0120799	
0.0654895	0.0119958	
0.0648755	0.0119122	
0.0643218	0.0118293	
0.0635509	0.0117468	
0.062759	0.011665	
0.0620457	0.0115837	
0.0616006	0.011503	
0.0607362	0.0114228	
0.0600815	0.0113432	
0.0597155	0.0112641	
0.0593298	0.0111856	
0.0589917	0.0111076	
0.0586528	0.0110302	
0.0588056	0.0109532	
0.0589265	0.0108769	
0.0588062	0.010801	
0.0584203	0.0107257	
0.0578978	0.0106508	
0.0575741	0.0105765	
0.0572653	0.0105027	
0.0567752	0.0104295	
0.0564939	0.0103567	
0.0557837	0.0102844	
0.0553504	0.0102126	
0.0546468	0.0101413	
0.0539916	0.0100706	
0.0535697	0.0100002	
0.0531976	0.00993043	
0.0530912	0.00986109	
0.0529451	0.00979223	
0.0529192	0.00972385	
0.0529508	0.00965593	
0.0526003	0.00958849	
0.052334	0.00952151	
0.051991	0.009455	
0.0519207	0.00938894	
0.051659	0.00932334	
0.0513149	0.00925819	
0.0511099	0.00919349	
0.0505053	0.00912924	
0.0497672	0.00906543	
0.0490961	0.00900207	
0.0484953	0.00893914	
0.0479492	0.00887664	
0.0472079	0.00881458	
0.0467076	0.00875295	
0.0463862	0.00869174	
0.0458057	0.00863095	
0.0449397	0.00857059	
0.0442895	0.00851064	
0.0440705	0.00845111	
0.0440537	0.00839199	
0.0440318	0.00833328	
0.044057	0.00827497	
0.0442444	0.00821707	
0.0442381	0.00815956	
0.0440155	0.00810246	
0.0435528	0.00804575	
0.0430819	0.00798943	
0.0424523	0.00793351	
0.0419957	0.00787797	
0.0415937	0.00782281	
0.041464	0.00776804	
0.041294	0.00771364	
0.0409488	0.00765962	
0.04086	0.00760598	
0.04073	0.00755271	
0.0404091	0.0074998	
0.0402985	0.00744727	
0.0402689	0.00739509	
0.0399478	0.00734328	
0.0401107	0.00729183	
0.0400654	0.00724073	
0.0403925	0.00718999	
0.0405248	0.0071396	
0.0404859	0.00708956	
0.0398727	0.00703987	
0.0395492	0.00699052	
0.0390151	0.00694151	
0.0382578	0.00689284	
0.0375602	0.00684451	
0.037265	0.00679652	
0.0368513	0.00674886	
0.0363583	0.00670153	
0.0359581	0.00665453	
0.035814	0.00660785	
0.0356659	0.0065615	
0.0353108	0.00651547	
0.0349046	0.00646975	
0.0348283	0.00642436	
0.0349423	0.00637928	
0.0346317	0.00633452	
0.0347391	0.00629006	
0.0346401	0.00624592	
0.0345353	0.00620208	
0.0342386	0.00615854	
0.0336643	0.00611531	
0.0336343	0.00607238	
0.0330858	0.00602974	
0.0330543	0.0059874	
0.0325746	0.00594536	
0.0323135	0.00590361	
0.0320875	0.00586215	
0.0320563	0.00582097	
0.0323135	0.00578009	
0.0325502	0.00573948	
0.032525	0.00569916	
0.0327525	0.00565912	
0.0325237	0.00561936	
0.0325903	0.00557988	
0.0323704	0.00554067	
0.0323217	0.00550173	
0.0320637	0.00546306	
0.0318119	0.00542467	
0.031455	0.00538654	
0.03057	0.00534867	
0.0299201	0.00531107	
0.0289407	0.00527373	
0.0281414	0.00523665	
0.0277565	0.00519983	
0.0274725	0.00516326	
0.0273826	0.00512695	
0.0275169	0.0050909	
0.027896	0.00505509	
0.0280682	0.00501953	
0.0281948	0.00498422	
0.0281397	0.00494916	
0.0280324	0.00491434	
0.0277099	0.00487976	
0.0273435	0.00484543	
0.0267982	0.00481133	
0.026696	0.00477747	
0.0263798	0.00474385	
0.0261214	0.00471046	
0.0260402	0.0046773	
0.025519	0.00464438	
0.0252498	0.00461168	
0.0245421	0.00457921	
0.0238904	0.00454697	
0.0232267	0.00451496	
0.0230426	0.00448316	
0.0231897	0.00445159	
0.0237215	0.00442024	
0.0242178	0.00438911	
0.0247447	0.0043582	
0.0252497	0.0043275	
0.0257338	0.00429701	
0.0259163	0.00426674	
0.0254274	0.00423668	
0.0249253	0.00420683	
0.0241844	0.00417718	
0.0230319	0.00414775	
0.0221122	0.00411852	
0.0210074	0.00408949	
0.0202084	0.00406067	
0.0201144	0.00403205	
0.0200495	0.00400362	
0.0202495	0.0039754	
0.0209371	0.00394737	
0.0218191	0.00391954	
0.0222594	0.00389191	
0.0228592	0.00386446	
0.0227279	0.00383721	
0.0225357	0.00381015	
0.0224323	0.00378328	
0.0215725	0.0037566	
0.0208357	0.0037301	
0.020401	0.00370379	
0.0199584	0.00367766	
0.019555	0.00365171	
0.019499	0.00362595	
0.0189088	0.00360036	
0.0185573	0.00357496	
0.0181961	0.00354973	
0.0179055	0.00352468	
0.0173353	0.0034998	
0.0173595	0.0034751	
0.0178931	0.00345057	
0.0186918	0.00342622	
0.0197588	0.00340203	
0.0209579	0.00337801	
0.0220579	0.00335416	
0.0226614	0.00333048	
0.0225483	0.00330696	
0.0223895	0.00328361	
0.0209586	0.00326042	
0.0190327	0.0032374	
0.016816	0.00321453	
0.0147269	0.00319183	
0.0132146	0.00316928	
0.0129719	0.00314689	
0.0136289	0.00312466	
0.0156598	0.00310258	
0.0181572	0.00308066	
0.0210728	0.0030589	
0.0226708	0.00303728	
0.0232746	0.00301582	
0.0227994	0.00299451	
0.0213914	0.00297334	
0.0188656	0.00295233	
0.0168796	0.00293146	
0.0156289	0.00291074	
0.0148084	0.00289016	
0.0148522	0.00286973	
0.0151406	0.00284944	
0.015355	0.00282929	
0.015968	0.00280929	
0.0158698	0.00278942	
0.0154612	0.0027697	
0.0138217	0.00275011	
0.0120213	0.00273066	
0.0107246	0.00271134	
0.0101767	0.00269217	
0.0119449	0.00267312	
0.0153672	0.00265421	
0.0197858	0.00263544	
0.025085	0.00261679	
0.0276882	0.00259828	
0.0267478	0.00257989	
0.0229231	0.00256163	
0.0183153	0.00254351	
0.0129422	0.00252551	
0.00808948	0.00157856	
0.00468201	0.000913636	
0.00358073	0.000698734	
0.00545233	0.00106395	
0.00700763	0.00136745	
0.0082553	0.00161092	
0.00925197	0.00180541	
0.00976448	0.00190542	
0.0103256	0.00250763	
0.0109469	0.00248988	
0.0120046	0.00247226	
0.0136234	0.00245476	
0.0174241	0.00243738	
0.0211148	0.00242013	
0.0234519	0.00240299	
0.0240305	0.00238598	
0.0227934	0.00236909	
0.0203128	0.00235231	
0.0169336	0.00233565	
0.0122725	0.00231911	
0.00804134	0.00151956	
0.00405371	0.000766024	
0.00182032	0.000343982	
0.00164177	0.000310243	
0.00225235	0.000425623	
0.0031655	0.000598179	
0.00386272	0.000729933	
0.00419072	0.000791913	
0.00509556	0.000962899	
0.0068663	0.00129751	
0.00899125	0.00169906	
0.0109303	0.00230269	
0.0127675	0.00228638	
0.0147507	0.00227019	
0.016458	0.00225411	
0.017835	0.00223814	
0.0178714	0.00222228	
0.0162838	0.00220654	
0.0136423	0.00219091	
0.00975454	0.00156655	
0.00586304	0.000941586	
0.00257713	0.000413879	
0.000806421	0.000129509	
0.00029781	4.78274e-05	
0.000154229	2.47686e-05	
-8.34245e-05	-1.33977e-05	
-0.000122672	-1.97008e-05	
0.000306057	4.91517e-05	
0.000828702	0.000133087	
0.00155087	0.000249064	
0.00269478	0.000432773	
0.00380853	0.000611638	
0.00458428	0.000736221	
0.0048923	0.000785688	
0.00493454	0.000792472	
0.00499595	0.000802333	
0.00459241	0.000737526	
0.00405951	0.000651945	
0.00347749	0.000558474	
0.00246601	0.000396034	
0.00151236	0.00024288	
-0.000287667	-4.61984e-05	
-0.00177424	-0.000284937	
-0.00332025	-0.000533221	
-0.00469122	-0.000753395	
-0.00550778	-0.000884532	
-0.00593533	-0.000953195	
-0.0064764	-0.00104009	
-0.00647249	-0.00103946	
-0.00638439	-0.00102531	
-0.00653018	-0.00104873	
-0.00603605	-0.000969371	
-0.00598292	-0.000960838	
-0.0055443	-0.000890398	
-0.00530613	-0.000852148	
-0.00514042	-0.000825535	
-0.00515523	-0.000827914	
-0.00495696	-0.000796071	
-0.00484453	-0.000778017	
-0.00462556	-0.00074285	
-0.00466204	-0.000748708	
-0.0045546	-0.000731455	
-0.00477869	-0.000767442	
-0.00505261	-0.000811433	
-0.00553299	-0.00088858	
-0.0059661	-0.000958136	
-0.00636052	-0.00102148	
-0.00651025	-0.00104553	
-0.00697639	-0.00112039	
-0.00704339	-0.00113115	
-0.00717412	-0.00115214	
-0.0069	-0.00110812	
-0.00709341	-0.00113918	
-0.00683583	-0.00109781	
-0.00667935	-0.00107268	
-0.00664363	-0.00106695	
-0.00659986	-0.00105992	
-0.00634602	-0.00101915	
-0.00613896	-0.000985898	
-0.00590285	-0.000947979	
-0.00588842	-0.000945662	
-0.00566195	-0.000909291	
-0.00544418	-0.000874318	
-0.00545919	-0.000876729	
-0.00528624	-0.000848954	
-0.00508292	-0.000816302	
-0.00510003	-0.000819049	
-0.00490388	-0.000787547	
-0.00495736	-0.000796137	
-0.00473635	-0.000760643	
-0.00513026	-0.000823903	
-0.00491474	-0.000789292	
-0.00500534	-0.000803842	
-0.00502545	-0.000807071	
-0.00480769	-0.0007721	
-0.00496276	-0.000797003	
-0.00475369	-0.000763427	
-0.00478347	-0.000768211	
-0.00460083	-0.000738878	
-0.0046343	-0.000744255	
-0.00450435	-0.000723384	
-0.00454239	-0.000729494	
-0.00436769	-0.000701437	
-0.00441232	-0.000708605	
-0.00424262	-0.000681351	
-0.00429394	-0.000689593	
-0.00412878	-0.00066307	
-0.00396999	-0.000637567	
-0.00403849	-0.00064857	
-0.00388317	-0.000623625	
-0.00377083	-0.000605584	
-0.0036258	-0.000582292	
-0.00369812	-0.000593906	
-0.00355588	-0.000571064	
-0.00354049	-0.000568591	
-0.00361694	-0.000580869	
-0.00371995	-0.000597413	
-0.00333475	-0.000535551	
-0.00366397	-0.000588423	
-0.00373483	-0.000599803	
-0.00363814	-0.000584274	
-0.00371085	-0.000595951	
-0.00377992	-0.000607043	
-0.00384718	-0.000617846	
-0.00403596	-0.000648163	
-0.00397974	-0.000639133	
-0.00437609	-0.000702786	
-0.00429958	-0.000690499	
-0.0042333	-0.000679855	
-0.00416314	-0.000668587	
-0.00433757	-0.0006966	
-0.00405159	-0.000650672	
-0.00410758	-0.000659664	
-0.00428228	-0.000687721	
-0.00411625	-0.000661056	
-0.00383925	-0.000616572	
-0.00381027	-0.000611917	
-0.00366372	-0.000588382	
-0.0037432	-0.000601146	
-0.00359923	-0.000578025	
-0.00346213	-0.000556007	
-0.00332764	-0.000534409	
-0.00319965	-0.000513855	
-0.00352423	-0.00056598	
-0.00315372	-0.000506477	
-0.00326739	-0.000524732	
-0.0033544	-0.000538706	
-0.00344851	-0.00055382	
-0.00331587	-0.000532519	
-0.00340103	-0.000546194	
-0.00359071	-0.000576657	
-0.00334753	-0.000537602	
-0.00354427	-0.000569199	
-0.00333989	-0.000536376	
-0.00353057	-0.000566999	
-0.0032897	-0.000528315	
-0.0034801	-0.000558892	
-0.00311262	-0.000499877	
-0.00294681	-0.000473248	
-0.00287957	-0.00046245	
-0.00276882	-0.000444663	
-0.00266232	-0.000427561	
-0.00255993	-0.000411116	
-0.00246147	-0.000395304	
-0.00236679	-0.0003801	
-0.00227576	-0.000365481	
-0.00218824	-0.000351424	
-0.00210407	-0.000337907	
-0.00202182	-0.000324698	
-0.00194538	-0.000312423	
-0.00210417	-0.000337923	
-0.00202324	-0.000324926	
-0.00171182	-0.000274913	
-0.00164598	-0.000264339	
-0.00158267	-0.000254172	
-0.00164181	-0.00026367	
-0.00145733	-0.000234042	
-0.00152262	-0.000244528	
-0.00155539	-0.00024979	
-0.00161558	-0.000259458	
-0.00155477	-0.000249691	
-0.00137363	-0.000220601	
-0.00144214	-0.000231603	
-0.00138535	-0.000222482	
-0.00133206	-0.000213925	
-0.00128216	-0.00020591	
-0.00123152	-0.000197778	
-0.00118415	-0.000190171	
-0.00113861	-0.000182857	
-0.00109482	-0.000175824	
-0.00117273	-0.000188337	
-0.00112762	-0.000181093	
-0.00108425	-0.000174128	
-0.00104255	-0.000167431	
-0.00100245	-0.000160991	
-0.000963898	-0.000154799	
-0.00116178	-0.000186579	
-0.000882141	-0.000141669	
-0.000848213	-0.00013622	
-0.00105055	-0.000168714	
-0.000775184	-0.000124492	
-0.00074537	-0.000119704	
-0.000716701	-0.0001151	
-0.000689136	-0.000110673	
-0.000878527	-0.000141089	
-0.000844738	-0.000135662	
-0.000812248	-0.000130444	
-0.000781008	-0.000125427	
-0.000750969	-0.000120603	
-0.000722086	-0.000115965	
-0.000694313	-0.000111505	
-0.000667609	-0.000107216	
-0.000761955	-0.000122368	
-0.000732649	-0.000117661	
-0.00070447	-0.000113136	
-0.000677375	-0.000108784	
-0.000651322	-0.0001046	
-0.000626272	-0.000100577	
-0.000602184	-9.67089e-05	
-0.000579023	-9.29893e-05	
-0.000769423	-0.000123567	
-0.00078457	-0.000126	
-0.000754395	-0.000121153	
-0.000940776	-0.000151086	
-0.000939482	-0.000150878	
-0.000867142	-0.00013926	
-0.00107778	-0.000173088	
-0.00100229	-0.000160965	
-0.00117693	-0.000189012	
-0.00117726	-0.000189065	
-0.00113198	-0.000181793	
-0.00108845	-0.000174801	
-0.00126199	-0.000202672	
-0.00121345	-0.000194877	
-0.00127324	-0.000204479	
-0.00126987	-0.000203937	
-0.00143287	-0.000230114	
-0.00137776	-0.000221263	
-0.00132476	-0.000212753	
-0.00127381	-0.00020457	
-0.00143751	-0.00023086	
-0.00138222	-0.000221981	
-0.00136745	-0.000219608	
-0.00131485	-0.000211161	
-0.00147885	-0.000237498	
-0.00142197	-0.000228364	
-0.00136728	-0.000219581	
-0.00153597	-0.000246671	
-0.00147689	-0.000237184	
-0.00163279	-0.000262222	
-0.00156999	-0.000252136	
-0.00150961	-0.000242439	
-0.00171309	-0.000275116	
-0.0016472	-0.000264535	
-0.00168895	-0.00027124	
-0.00162399	-0.000260807	
-0.00156153	-0.000250776	
-0.00150147	-0.000241131	
-0.00147725	-0.000237242	
-0.00159689	-0.000256455	
-0.00158243	-0.000254134	
-0.00152157	-0.000244359	
-0.00146305	-0.000234961	
-0.00140678	-0.000225924	
-0.00156725	-0.000251696	
-0.00150697	-0.000242015	
-0.00144901	-0.000232707	
-0.00139112	-0.000223409	
-0.00155249	-0.000249325	
-0.00149278	-0.000239736	
-0.00143235	-0.00023003	
-0.00138028	-0.000221668	
-0.00132719	-0.000213142	
-0.00148584	-0.000238621	
-0.00143171	-0.000229929	
-0.00137363	-0.0002206	
-0.0013208	-0.000212116	
-0.00127	-0.000203957	
-0.00122115	-0.000196113	
-0.00117418	-0.00018857	
-0.00112902	-0.000181317	
-0.0010856	-0.000174344	
-0.00104384	-0.000167638	
-0.0010037	-0.00016119	
-0.000965093	-0.000154991	
-0.000927974	-0.00014903	
-0.000892282	-0.000143298	
-0.000857964	-0.000137786	
-0.000824965	-0.000132487	
-0.00112599	-0.000180831	
-0.000962644	-0.000154598	
-0.00092562	-0.000148652	
-0.000890019	-0.000142934	
-0.000855787	-0.000137437	
-0.000822873	-0.000132151	
-0.000791224	-0.000127068	
-0.000880833	-0.000141459	
-0.000726914	-0.00011674	
-0.000698956	-0.00011225	
-0.000792113	-0.000127211	
-0.000641607	-0.00010304	
-0.00073697	-0.000118355	
-0.000588585	-9.4525e-05	
-0.000685987	-0.000110167	
-0.000539564	-8.66522e-05	
-0.000638851	-0.000102597	
-0.000614279	-9.86513e-05	
-0.000470614	-7.55792e-05	
-0.000572553	-9.19502e-05	
-0.000430493	-6.91358e-05	
-0.000533974	-8.57546e-05	
-0.000393398	-6.31785e-05	
-0.000378267	-6.07485e-05	
-0.000587731	-9.43878e-05	
-0.000565126	-9.07575e-05	
-0.00054339	-8.72668e-05	
-0.000522491	-8.39104e-05	
-0.000502395	-8.06831e-05	
-0.000603618	-9.69391e-05	
-0.000459856	-7.38515e-05	
-0.000560048	-8.9942e-05	
-0.00042063	-6.75518e-05	
-0.000402287	-6.46061e-05	
-0.000509524	-8.1828e-05	
-0.000367218	-5.8974e-05	
-0.000473136	-7.59842e-05	
-0.000454939	-7.30617e-05	
-0.000317399	-5.09733e-05	
-0.000425233	-6.82911e-05	
-0.000288837	-4.63862e-05	
-0.000397769	-6.38805e-05	
-0.00038247	-6.14235e-05	
-0.000401293	-6.44464e-05	
-0.000352326	-5.65824e-05	
-0.000552851	-8.87862e-05	
-0.000564267	-9.06195e-05	
-0.000388483	-6.23892e-05	
-0.000494944	-7.94864e-05	
-0.000475907	-7.64292e-05	
-0.000336201	-5.39929e-05	
-0.000657392	-0.000105575	
-0.000510706	-8.20178e-05	
-0.000491063	-7.88632e-05	
-0.000593578	-9.53268e-05	
-0.000449346	-7.21636e-05	
-0.000553466	-8.88848e-05	
-0.000532178	-8.54662e-05	
-0.00051171	-8.2179e-05	
-0.000492029	-7.90183e-05	
-0.000473105	-7.59792e-05	
-0.000454908	-7.30569e-05	
-0.000437412	-7.0247e-05	
-0.000633877	-0.000101799	
-0.0006108	-9.80925e-05	
-0.000620842	-9.97053e-05	
-0.000562126	-9.02757e-05	
-0.000575344	-9.23984e-05	
-0.000518377	-8.32498e-05	
-0.00049844	-8.00479e-05	
-0.000479269	-7.69691e-05	
-0.000460836	-7.40088e-05	
-0.000443111	-7.11623e-05	
-0.000426069	-6.84253e-05	
-0.000409681	-6.57935e-05	
-0.000615225	-9.88031e-05	
-0.000591562	-9.5003e-05	
-0.000592915	-9.52202e-05	
-0.000546005	-8.76868e-05	
-0.000525005	-8.43142e-05	
-0.000528918	-8.49425e-05	
-0.00048447	-7.78043e-05	
-0.000489941	-7.8683e-05	
-0.000471097	-7.56567e-05	
-0.000428874	-6.88757e-05	
-0.000412378	-6.62267e-05	
-0.000349555	-5.61374e-05	
-0.000383073	-6.15204e-05	
-0.000321377	-5.16121e-05	
-0.000309016	-4.9627e-05	
-0.000297131	-4.77183e-05	
-0.000285703	-4.5883e-05	
-0.000274714	-4.41183e-05	
-0.000370621	-5.95206e-05	
-0.000249894	-4.01322e-05	
-0.000379435	-6.09361e-05	
-0.000553463	-8.88844e-05	
-0.000415828	-6.67807e-05	
-0.000540288	-8.67685e-05	
-0.000494106	-7.93519e-05	
-0.000500504	-8.03793e-05	
-0.000479957	-7.70795e-05	
-0.000437392	-7.02438e-05	
-0.000445971	-7.16216e-05	
-0.000403416	-6.47874e-05	
-0.000412005	-6.61667e-05	
-0.000396159	-6.36219e-05	
-0.000356817	-5.73037e-05	
-0.000367198	-5.89709e-05	
-0.000353075	-5.67028e-05	
-0.000339495	-5.45219e-05	
-0.000326438	-5.24249e-05	
-0.000289778	-4.65375e-05	
-0.000302737	-4.86187e-05	
-0.000291094	-4.67487e-05	
-0.000279898	-4.49507e-05	
-0.000269132	-4.32218e-05	
-0.000258781	-4.15594e-05	
-0.000248828	-3.9961e-05	
-0.000239258	-3.8424e-05	
-0.000230056	-3.69462e-05	
-0.000197103	-3.16541e-05	
-0.000213626	-3.43077e-05	
-0.00020541	-3.29882e-05	
-0.00019751	-3.17194e-05	
-0.000165809	-2.66284e-05	
-0.000159431	-2.56042e-05	
-0.000177404	-2.84905e-05	
-0.000146476	-2.35236e-05	
-0.000164947	-2.649e-05	
-0.000134498	-2.16e-05	
-0.00015343	-2.46403e-05	
-0.000147529	-2.36926e-05	
-0.00011775	-1.89103e-05	
-0.000137326	-2.20541e-05	
-0.000132044	-2.12058e-05	
-0.000126965	-2.03902e-05	
-0.000122082	-1.9606e-05	
-9.32822e-05	-1.49808e-05	
-0.000113799	-1.82757e-05	
-8.53176e-05	-1.37017e-05	
-8.20362e-05	-1.31747e-05	
-0.000102985	-1.65391e-05	
-7.492e-05	-1.20319e-05	
-9.61427e-05	-1.54402e-05	
-6.83406e-05	-1.09753e-05	
-8.98164e-05	-1.44242e-05	
-6.22577e-05	-9.99839e-06	
-8.39674e-05	-1.34849e-05	
-5.66337e-05	-9.09519e-06	
-7.85597e-05	-1.26164e-05	
-5.14339e-05	-8.26013e-06	
-7.35599e-05	-1.18135e-05	
-0.000190782	-3.0639e-05	
-6.33931e-05	-1.01807e-05	
-0.000181006	-2.9069e-05	
-0.000275296	-4.42116e-05	
-0.000264707	-4.25112e-05	
-0.000220991	-3.54905e-05	
-0.000246027	-3.95111e-05	
-0.000203029	-3.26058e-05	
-0.000228755	-3.67374e-05	
-0.000219957	-3.53244e-05	
-0.000211497	-3.39658e-05	
-0.000203363	-3.26594e-05	
-0.000195541	-3.14033e-05	
-0.00018802	-3.01954e-05	
-0.000180789	-2.90341e-05	
-0.000173835	-2.79174e-05	
-0.000167149	-2.68436e-05	
-0.00016072	-2.58112e-05	
-0.000154539	-2.48185e-05	
-0.000148595	-2.38639e-05	
-0.00014288	-2.29461e-05	
-0.000137384	-2.20635e-05	
-0.0001321	-2.12149e-05	
-0.00012702	-2.0399e-05	
-0.000118623	-1.90504e-05	
-0.000117572	-1.88817e-05	
-7.95152e-05	-1.27699e-05	
-0.000109992	-1.76643e-05	
-0.00010225	-1.6421e-05	
-6.82939e-05	-1.09678e-05	
-0.000311078	-4.99581e-05	
-0.000299113	-4.80366e-05	
-0.000287609	-4.61891e-05	
-0.000276547	-4.44126e-05	
-0.00026376	-4.23591e-05	
-0.000255766	-4.10752e-05	
-0.000211097	-3.39016e-05	
-0.00023781	-3.81915e-05	
-0.000226513	-3.63773e-05	
-0.000217801	-3.49781e-05	
-0.000209424	-3.36328e-05	
-0.000201369	-3.23393e-05	
-0.000193624	-3.10954e-05	
-0.000186177	-2.98995e-05	
-0.000179016	-2.87495e-05	
-0.000172131	-2.76437e-05	
-0.000167662	-2.6926e-05	
-0.000126381	-2.02964e-05	
-0.000154201	-2.47643e-05	
-0.000148271	-2.38118e-05	
-0.000142568	-2.2896e-05	
-0.000137085	-2.20154e-05	
-0.000131812	-2.11686e-05	
-0.000126742	-2.03544e-05	
-0.000121868	-1.95716e-05	
-0.00011718	-1.88188e-05	
-0.000112674	-1.8095e-05	
-0.00010834	-1.73991e-05	
-0.000104173	-1.67299e-05	
-0.000100166	-1.60864e-05	
-9.63138e-05	-1.54677e-05	
-9.26095e-05	-1.48728e-05	
-8.90476e-05	-1.43008e-05	
-8.56227e-05	-1.37507e-05	
-8.23295e-05	-1.32219e-05	
-7.9163e-05	-1.27133e-05	
-7.61183e-05	-1.22244e-05	
-7.31906e-05	-1.17542e-05	
-7.03756e-05	-1.13021e-05	
-6.76689e-05	-1.08674e-05	
-6.50662e-05	-1.04494e-05	
-6.25637e-05	-1.00475e-05	
-6.01574e-05	-9.66108e-06	
-5.78436e-05	-9.28951e-06	
0.000157615	2.53125e-05	
-6.16811e-05	-9.90579e-06	
-5.93087e-05	-9.5248e-06	
-5.70276e-05	-9.15846e-06	
-5.43966e-05	-8.73592e-06	
-5.27422e-05	-8.47024e-06	
-5.07137e-05	-8.14446e-06	
-4.87632e-05	-7.83121e-06	
-4.68877e-05	-7.53001e-06	
-4.50843e-05	-7.2404e-06	
-4.29123e-05	-6.89159e-06	
-4.16999e-05	-6.69688e-06	
-3.9658e-05	-6.36895e-06	
-3.85709e-05	-6.19437e-06	
-3.66492e-05	-5.88575e-06	
-1.1972e-06	-1.92266e-07	
-0.000155251	-2.49328e-05	
4.81982e-06	7.74049e-07	
-0.000149465	-2.40036e-05	
-2.36595e-05	-3.79965e-06	
-0.000142806	-2.29342e-05	
-1.72572e-05	-2.77145e-06	
-1.65935e-05	-2.66486e-06	
-0.000136012	-2.1843e-05	
-1.07242e-05	-1.72228e-06	
-1.03118e-05	-1.65604e-06	
-0.000129971	-2.0873e-05	
-4.91643e-06	-7.89563e-07	
-4.72734e-06	-7.59195e-07	
-0.000124601	-2.00106e-05	
2.46684e-07	3.96166e-08	
-0.000119819	-1.92425e-05	
4.84544e-06	7.78162e-07	
-0.000115396	-1.85323e-05	
-0.000110958	-1.78195e-05	
1.33647e-05	2.14633e-06	
1.28507e-05	2.06378e-06	
-0.000107699	-1.72961e-05	
1.64986e-05	2.64962e-06	
-0.000104191	-1.67328e-05	
1.98712e-05	3.19125e-06	
-0.000100948	-1.62119e-05	
2.29894e-05	3.69203e-06	
-9.79497e-05	-1.57304e-05	
-9.41824e-05	-1.51254e-05	
-9.056e-05	-1.45436e-05	
-8.70769e-05	-1.39843e-05	
-8.37278e-05	-1.34464e-05	
-8.05075e-05	-1.29293e-05	
-7.74111e-05	-1.2432e-05	
-7.44337e-05	-1.19538e-05	
-7.15709e-05	-1.14941e-05	
5.12358e-05	8.2283e-06	
-7.07888e-05	-1.13685e-05	
5.19877e-05	8.34907e-06	
-7.00657e-05	-1.12523e-05	
-6.73709e-05	-1.08196e-05	
5.52741e-05	8.87684e-06	
-6.69057e-05	-1.07448e-05	
5.57213e-05	8.94867e-06	
-6.64756e-05	-1.06758e-05	
-3.03843e-05	-4.87962e-06	
-6.27502e-05	-1.00775e-05	
-0.000273068	-4.38538e-05	
-0.000142512	-2.2887e-05	
-0.000257084	-4.12869e-05	
-0.000247196	-3.96989e-05	
-0.000117635	-1.88919e-05	
-0.000233164	-3.74455e-05	
-0.000104143	-1.67251e-05	
-0.000220191	-3.5362e-05	
-0.000211722	-3.40019e-05	
-0.000203579	-3.26942e-05	
-0.000195749	-3.14367e-05	
-6.6023e-05	-1.06031e-05	
-0.000185681	-2.98198e-05	
-0.000178539	-2.86729e-05	
-0.000171673	-2.75701e-05	
-0.00016507	-2.65097e-05	
-0.000158721	-2.54901e-05	
-0.000150476	-2.4166e-05	
-0.000146829	-2.35803e-05	
-0.000141182	-2.26733e-05	
-0.000133612	-2.14576e-05	
-0.000130613	-2.0976e-05	
-0.000125589	-2.01693e-05	
-0.000118619	-1.90498e-05	
-0.000116197	-1.86609e-05	
-0.000109587	-1.75994e-05	
-0.000105372	-1.69225e-05	
-0.000318065	-5.10802e-05	
-0.00031312	-5.02862e-05	
-0.000173736	-2.79015e-05	
-0.000294395	-4.7279e-05	
-0.000283072	-4.54606e-05	
-0.000272185	-4.37121e-05	
-0.000261716	-4.20308e-05	
-0.00025165	-4.04143e-05	
-0.000241972	-3.88599e-05	
-0.000232665	-3.73653e-05	
-0.000223716	-3.59281e-05	
-0.000215112	-3.45463e-05	
-0.000206838	-3.32176e-05	
-0.000198883	-3.194e-05	
-0.000191234	-3.07115e-05	
-0.000183879	-2.95303e-05	
-0.000176806	-2.83945e-05	
-0.000170006	-2.73024e-05	
-0.000163467	-2.62524e-05	
-0.00015718	-2.52426e-05	
-0.000151135	-2.42718e-05	
-0.000145322	-2.33382e-05	
-0.000139733	-2.24406e-05	
-0.000134358	-2.15775e-05	
-0.000129191	-2.07476e-05	
-0.000124222	-1.99496e-05	
-0.000119444	-1.91823e-05	
-0.00011485	-1.84446e-05	
-0.000110433	-1.77352e-05	
-0.000106185	-1.7053e-05	
-0.000102101	-1.63971e-05	
-9.81743e-05	-1.57665e-05	
-9.43984e-05	-1.51601e-05	
-9.07677e-05	-1.4577e-05	
-8.72766e-05	-1.40164e-05	
-8.39198e-05	-1.34773e-05	
-8.06922e-05	-1.29589e-05	
-7.75886e-05	-1.24605e-05	
-7.46044e-05	-1.19812e-05	
-7.1735e-05	-1.15204e-05	
-6.8976e-05	-1.10773e-05	
-6.63231e-05	-1.06513e-05	
-6.37722e-05	-1.02416e-05	
-6.13194e-05	-9.84771e-06	
-5.8961e-05	-9.46895e-06	
-5.66933e-05	-9.10476e-06	
-5.45127e-05	-8.75457e-06	
-5.24161e-05	-8.41786e-06	
-5.04001e-05	-8.0941e-06	
-4.84616e-05	-7.78279e-06	
-4.65977e-05	-7.48345e-06	
-4.48055e-05	-7.19562e-06	
-4.30822e-05	-6.91887e-06	
-4.14252e-05	-6.65276e-06	
-3.98319e-05	-6.39689e-06	
-3.82999e-05	-6.15085e-06	
8.32275e-05	1.33661e-05	
-4.00281e-05	-6.42838e-06	
-3.84885e-05	-6.18113e-06	
-3.70082e-05	-5.9434e-06	
-3.55848e-05	-5.71481e-06	
-3.20795e-05	-5.15187e-06	
-3.29825e-05	-5.29688e-06	
-2.95771e-05	-4.75e-06	
-2.84396e-05	-4.56731e-06	
-2.73457e-05	-4.39164e-06	
-2.6294e-05	-4.22273e-06	
-2.52827e-05	-4.06032e-06	
-2.43103e-05	-3.90415e-06	
-2.33753e-05	-3.75399e-06	
-2.24762e-05	-3.60961e-06	
-2.16117e-05	-3.47078e-06	
-2.07805e-05	-3.33729e-06	
-1.99813e-05	-3.20893e-06	
-1.92128e-05	-3.08551e-06	
-1.84738e-05	-2.96684e-06	
-1.77633e-05	-2.85273e-06	
-1.70801e-05	-2.74301e-06	
-1.64231e-05	-2.63751e-06	
-1.57915e-05	-2.53606e-06	
-1.51841e-05	-2.43852e-06	
-1.46001e-05	-2.34473e-06	
-1.40386e-05	-2.25455e-06	
-1.34986e-05	-2.16784e-06	
-1.29795e-05	-2.08446e-06	
-1.24802e-05	-2.00429e-06	
-1.20002e-05	-1.9272e-06	
-1.15387e-05	-1.85308e-06	
-1.10949e-05	-1.78181e-06	
-1.06682e-05	-1.71327e-06	
-1.02579e-05	-1.64738e-06	
-9.86332e-06	-1.58402e-06	
-9.48396e-06	-1.52309e-06	
-9.1192e-06	-1.46451e-06	
-8.76846e-06	-1.40819e-06	
-8.43121e-06	-1.35403e-06	
-8.10693e-06	-1.30195e-06	
-7.79513e-06	-1.25187e-06	
-5.3631e-06	-8.61297e-07	
-7.28923e-06	-1.17063e-06	
-4.87644e-06	-7.83141e-07	
-4.68889e-06	-7.53021e-07	
-6.64133e-06	-1.06658e-06	
-4.25309e-06	-6.83033e-07	
-4.08951e-06	-6.56763e-07	
-3.93222e-06	-6.31503e-07	
-3.78098e-06	-6.07214e-07	
-3.63556e-06	-5.8386e-07	
-3.49573e-06	-5.61404e-07	
-0.000215244	-3.45675e-05	
-0.000206965	-3.3238e-05	
-0.000199005	-3.19596e-05	
-0.000191351	-3.07304e-05	
-0.000183991	-2.95485e-05	
-0.000176915	-2.8412e-05	
-0.00017011	-2.73192e-05	
-0.000163568	-2.62685e-05	
-0.000157277	-2.52581e-05	
-0.000151228	-2.42867e-05	
-0.000145411	-2.33526e-05	
-0.000139818	-2.24544e-05	
-0.000134441	-2.15908e-05	
-0.00012927	-2.07604e-05	
-0.000124298	-1.99619e-05	
-0.000119517	-1.91941e-05	
-0.000114921	-1.84559e-05	
-0.000110501	-1.7746e-05	
-0.000106251	-1.70635e-05	
-0.000102164	-1.64072e-05	
-9.82346e-05	-1.57762e-05	
-9.44564e-05	-1.51694e-05	
-9.08234e-05	-1.4586e-05	
-8.73302e-05	-1.4025e-05	
-8.39714e-05	-1.34855e-05	
-0.000126345	-2.02907e-05	
-0.000121486	-1.95103e-05	
-0.000116813	-1.87599e-05	
-0.000325061	-5.22037e-05	
-0.000312558	-5.01959e-05	
-0.000300537	-4.82653e-05	
-0.000288978	-4.64089e-05	
-0.000277863	-4.4624e-05	
-0.000267176	-4.29077e-05	
-0.000211296	-3.39335e-05	
-0.000248773	-3.99522e-05	
-0.000239205	-3.84156e-05	
-0.000230005	-3.69381e-05	
-0.000221159	-3.55174e-05	
-0.000212653	-3.41513e-05	
-0.000204474	-3.28378e-05	
-0.000196609	-3.15748e-05	
-0.000189047	-3.03604e-05	
-0.000181776	-2.91927e-05	
-0.000174785	-2.80699e-05	
-0.000168062	-2.69903e-05	
-0.000161599	-2.59522e-05	
-0.000154961	-2.48862e-05	
-0.000149423	-2.39969e-05	
-0.000143253	-2.30061e-05	
-0.000137744	-2.21212e-05	
-0.000132446	-2.12704e-05	
-0.000127352	-2.04523e-05	
-0.000122877	-1.97337e-05	
-0.000117728	-1.89067e-05	
-0.0001132	-1.81795e-05	
-0.000108846	-1.74803e-05	
-0.000105083	-1.6876e-05	
-0.000100618	-1.61589e-05	
-0.000311361	-5.00036e-05	
-0.000299386	-4.80804e-05	
-0.000287871	-4.62311e-05	
-0.000276799	-4.4453e-05	
-0.000266153	-4.27433e-05	
-0.000255916	-4.10993e-05	
-0.000246073	-3.95186e-05	
-0.000236609	-3.79986e-05	
-0.000227508	-3.65372e-05	
-0.000218758	-3.51319e-05	
-0.000210344	-3.37807e-05	
-0.000202254	-3.24814e-05	
-0.000194475	-3.12321e-05	
-0.000149968	-2.40843e-05	
-0.000181227	-2.91046e-05	
-0.000137229	-2.20386e-05	
-0.000168979	-2.71375e-05	
-0.00016248	-2.60938e-05	
-0.000156231	-2.50902e-05	
-0.000150222	-2.41252e-05	
-0.000144444	-2.31973e-05	
-0.000101861	-1.63585e-05	
-0.000134971	-2.16759e-05	
-0.00012978	-2.08422e-05	
-0.000124788	-2.00406e-05	
-0.000119989	-1.92698e-05	
-0.000115374	-1.85286e-05	
-0.000110936	-1.7816e-05	
-0.000106669	-1.71308e-05	
-0.000102567	-1.64719e-05	
-9.86219e-05	-1.58384e-05	
-9.48287e-05	-1.52292e-05	
-9.11815e-05	-1.46435e-05	
-8.76745e-05	-1.40803e-05	
-8.43024e-05	-1.35387e-05	
-8.106e-05	-1.3018e-05	
-7.79423e-05	-1.25173e-05	
-7.49446e-05	-1.20359e-05	
-7.20621e-05	-1.15729e-05	
-3.22627e-05	-5.18128e-06	
-6.80496e-05	-1.09286e-05	
-6.33068e-05	-1.01669e-05	
-0.000146037	-2.34532e-05	
-2.03531e-05	-3.26864e-06	
-1.95703e-05	-3.14293e-06	
-5.58454e-05	-8.96859e-06	
-1.45438e-05	-2.33568e-06	
-5.10123e-05	-8.19242e-06	
-4.90503e-05	-7.87732e-06	
-4.71637e-05	-7.57435e-06	
-4.53498e-05	-7.28303e-06	
-4.36055e-05	-7.00291e-06	
-4.19284e-05	-6.73357e-06	
-4.03158e-05	-6.47459e-06	
-3.87652e-05	-6.22556e-06	
-3.72742e-05	-5.98612e-06	
-3.58406e-05	-5.75588e-06	
-3.44621e-05	-5.5345e-06	
-3.31366e-05	-5.32164e-06	
-3.18621e-05	-5.11696e-06	
-3.06367e-05	-4.92016e-06	
-2.94584e-05	-4.73092e-06	
-2.83253e-05	-4.54896e-06	
-2.72359e-05	-4.374e-06	
-2.61884e-05	-4.20577e-06	
-2.51811e-05	-4.04401e-06	
-2.42126e-05	-3.88847e-06	
-2.32814e-05	-3.73891e-06	
-2.23859e-05	-3.59511e-06	
-2.15249e-05	-3.45684e-06	
-2.06971e-05	-3.32388e-06	
-1.9901e-05	-3.19604e-06	
1.35474e-05	2.17566e-06	
-1.96566e-05	-3.1568e-06	
-1.89006e-05	-3.03538e-06	
-1.81737e-05	-2.91864e-06	
-1.74747e-05	-2.80638e-06	
-1.68026e-05	-2.69844e-06	
-1.61563e-05	-2.59466e-06	
-1.55349e-05	-2.49486e-06	
-1.49374e-05	-2.39891e-06	
-1.43629e-05	-2.30664e-06	
-1.38105e-05	-2.21792e-06	
-1.32793e-05	-2.13262e-06	
-1.27686e-05	-2.0506e-06	
-1.22775e-05	-1.97173e-06	
-1.18053e-05	-1.89589e-06	
-1.13512e-05	-1.82297e-06	
-1.09146e-05	-1.75286e-06	
-1.04949e-05	-1.68544e-06	
-1.00912e-05	-1.62062e-06	
-9.70308e-06	-1.55828e-06	
-9.32988e-06	-1.49835e-06	
-7.70222e-06	-1.23695e-06	
-8.67496e-06	-1.39317e-06	
-8.34131e-06	-1.33959e-06	
-6.75147e-06	-1.08427e-06	
-7.76097e-06	-1.24639e-06	
-7.46247e-06	-1.19845e-06	
-5.90627e-06	-9.48528e-07	
-6.94843e-06	-1.1159e-06	
-5.41185e-06	-8.69126e-07	
-6.47317e-06	-1.03957e-06	
-4.95474e-06	-7.95715e-07	
-4.76417e-06	-7.6511e-07	
-4.58093e-06	-7.35683e-07	
-4.40474e-06	-7.07388e-07	
-4.23533e-06	-6.8018e-07	
-4.07243e-06	-6.5402e-07	
-3.9158e-06	-6.28865e-07	
-3.76519e-06	-6.04678e-07	
-3.62038e-06	-5.81421e-07	
-3.48113e-06	-5.59059e-07	
-3.34724e-06	-5.37556e-07	
-3.2185e-06	-5.16881e-07	
-3.09471e-06	-4.97001e-07	
-2.97569e-06	-4.77886e-07	
-2.86124e-06	-4.59506e-07	
-2.75119e-06	-4.41832e-07	
-2.64537e-06	-4.24839e-07	
-2.54363e-06	-4.08499e-07	
-2.4458e-06	-3.92787e-07	
-0.000222819	-3.5784e-05	
-0.000334323	-5.36913e-05	
-0.000201391	-3.23427e-05	
-0.000193645	-3.10988e-05	
-0.000186197	-2.99027e-05	
-0.000179036	-2.87526e-05	
-0.00017215	-2.76467e-05	
-0.000165529	-2.65834e-05	
-0.000159162	-2.55609e-05	
-0.00015304	-2.45778e-05	
-0.000147154	-2.36325e-05	
-0.000261568	-4.20071e-05	
-0.000131434	-2.11079e-05	
-0.000126379	-2.02961e-05	
-0.000121518	-1.95155e-05	
-0.000116845	-1.87649e-05	
-0.000112351	-1.80432e-05	
-0.000108029	-1.73492e-05	
-0.000103875	-1.66819e-05	
-9.98793e-05	-1.60403e-05	
-9.60378e-05	-1.54234e-05	
-9.23441e-05	-1.48302e-05	
-8.87924e-05	-1.42598e-05	
-8.53773e-05	-1.37113e-05	
-8.20936e-05	-1.3184e-05	
-7.89361e-05	-1.26769e-05	
-7.46347e-05	-1.19861e-05	
-7.30297e-05	-1.17283e-05	
-6.89553e-05	-1.1074e-05	
-6.75689e-05	-1.08514e-05	
-6.37043e-05	-1.02307e-05	
-6.12542e-05	-9.83723e-06	
-5.88982e-05	-9.45887e-06	
-5.66329e-05	-9.09507e-06	
-5.5721e-05	-8.94862e-06	
-5.23116e-05	-8.40108e-06	
-5.1566e-05	-8.28134e-06	
-4.83163e-05	-7.75945e-06	
-4.6458e-05	-7.46101e-06	
-4.46712e-05	-7.17405e-06	
-4.29531e-05	-6.89813e-06	
-4.1301e-05	-6.63282e-06	
-3.97125e-05	-6.37771e-06	
-3.81851e-05	-6.13241e-06	
-3.67165e-05	-5.89655e-06	
-3.53043e-05	-5.66976e-06	
-0.000154023	-2.47356e-05	
-2.80227e-05	-4.50035e-06	
-2.69449e-05	-4.32726e-06	
-2.59085e-05	-4.16083e-06	
-2.4912e-05	-4.0008e-06	
-2.39539e-05	-3.84692e-06	
-2.30326e-05	-3.69896e-06	
-2.21467e-05	-3.55669e-06	
-2.12949e-05	-3.4199e-06	
-2.04759e-05	-3.28836e-06	
-1.96884e-05	-3.16189e-06	
-1.89311e-05	-3.04028e-06	
-1.8203e-05	-2.92334e-06	
-1.75029e-05	-2.81091e-06	
-1.68297e-05	-2.7028e-06	
-1.61824e-05	-2.59884e-06	
-1.556e-05	-2.49889e-06	
-1.49615e-05	-2.40278e-06	
-1.43861e-05	-2.31036e-06	
-0.000133909	-2.15053e-05	
-8.68261e-06	-1.3944e-06	
-8.34867e-06	-1.34077e-06	
-8.02757e-06	-1.2892e-06	
-7.71881e-06	-1.23962e-06	
-7.42194e-06	-1.19194e-06	
-7.13648e-06	-1.1461e-06	
-5.60016e-06	-8.99368e-07	
-6.64677e-06	-1.06745e-06	
-6.39112e-06	-1.02639e-06	
-0.000126221	-2.02707e-05	
-2.86959e-08	-4.60848e-09	
-2.75931e-08	-4.43137e-09	
-0.000121364	-1.94907e-05	
4.64127e-06	7.45373e-07	
3.20011e-06	5.13928e-07	
3.07703e-06	4.94162e-07	
4.22132e-06	6.77931e-07	
2.7962e-06	4.49061e-07	
3.95141e-06	6.34583e-07	
3.79943e-06	6.10176e-07	
2.3903e-06	3.83875e-07	
3.56134e-06	5.71941e-07	
3.42437e-06	5.49943e-07	
3.29266e-06	5.28791e-07	
3.16602e-06	5.08453e-07	
3.04425e-06	4.88897e-07	
2.92717e-06	4.70094e-07	
2.81458e-06	4.52013e-07	
2.70633e-06	4.34628e-07	
2.60224e-06	4.17912e-07	
2.50215e-06	4.01838e-07	
2.40592e-06	3.86383e-07	
2.31338e-06	3.71522e-07	
2.22441e-06	3.57233e-07	
2.13885e-06	3.43493e-07	
2.05659e-06	3.30282e-07	
1.97749e-06	3.17579e-07	
-0.000210845	-3.38611e-05	
-0.000202736	-3.25587e-05	
-0.000194938	-3.13065e-05	
-0.000187441	-3.01024e-05	
-0.00030031	-4.82288e-05	
-0.000168681	-2.70897e-05	
-0.000162193	-2.60478e-05	
-0.000155955	-2.50459e-05	
-0.000149957	-2.40826e-05	
-0.000144189	-2.31564e-05	
-0.000138644	-2.22657e-05	
-0.000253389	-4.06935e-05	
-0.000123566	-1.98443e-05	
-0.000118813	-1.9081e-05	
-0.000114243	-1.83471e-05	
-0.000109849	-1.76415e-05	
-0.000105624	-1.6963e-05	
-0.000101562	-1.63105e-05	
-9.76557e-05	-1.56832e-05	
-0.000213977	-3.43641e-05	
-8.567e-05	-1.37583e-05	
-8.2375e-05	-1.32292e-05	
-7.92067e-05	-1.27204e-05	
-7.61603e-05	-1.22311e-05	
-0.000193309	-3.10448e-05	
-6.57963e-05	-1.05667e-05	
-6.20067e-05	-9.95809e-06	
-6.08809e-05	-9.77729e-06	
-5.72803e-05	-9.19903e-06	
-0.000174307	-2.79931e-05	
-4.96328e-05	-7.97086e-06	
-4.64644e-05	-7.46203e-06	
-4.46773e-05	-7.17503e-06	
-4.29589e-05	-6.89907e-06	
-4.13067e-05	-6.63372e-06	
-0.000158947	-2.55264e-05	
-3.36048e-05	-5.39683e-06	
-0.000246933	-3.96567e-05	
-0.000237436	-3.81315e-05	
-0.000348385	-5.59495e-05	
-0.000214905	-3.4513e-05	
-0.00032672	-5.24702e-05	
-0.000314154	-5.04521e-05	
-0.00018199	-2.92271e-05	
-0.000295071	-4.73875e-05	
-0.000283722	-4.55649e-05	
-0.00015273	-2.45279e-05	
-0.000266936	-4.2869e-05	
-0.000136589	-2.19358e-05	
-0.000251415	-4.03765e-05	
-0.000121666	-1.95392e-05	
-0.000237066	-3.80721e-05	
-0.000107869	-1.73234e-05	
-0.00010372	-1.66571e-05	
-9.97307e-05	-1.60164e-05	
-9.46399e-05	-1.51989e-05	
-0.000212335	-3.41003e-05	
-8.28332e-05	-1.33028e-05	
-0.000200982	-3.22771e-05	
-7.19173e-05	-1.15497e-05	
-0.000190486	-3.05914e-05	
-6.18249e-05	-9.92889e-06	
-5.9447e-05	-9.54701e-06	
-5.71606e-05	-9.17981e-06	
-0.000183622	-2.94891e-05	
-4.91563e-05	-7.89434e-06	
-0.000174669	-2.80513e-05	
-3.92915e-05	-6.31009e-06	
-0.00016644	-2.67297e-05	
-3.1379e-05	-5.03936e-06	
-3.01721e-05	-4.84554e-06	
-2.90116e-05	-4.65917e-06	
-0.000156555	-2.51422e-05	
-2.18746e-05	-3.513e-06	
-2.10333e-05	-3.37788e-06	
-2.02243e-05	-3.24796e-06	
-1.94465e-05	-3.12304e-06	
-1.86985e-05	-3.00292e-06	
-0.000146638	-2.35496e-05	
-0.000140998	-2.26439e-05	
-0.000135575	-2.1773e-05	
-1.70247e-06	-2.73411e-07	
-1.63699e-06	-2.62895e-07	
-0.000130232	-2.09149e-05	
3.43475e-06	5.5161e-07	
-0.000125356	-2.01317e-05	
-0.000120534	-1.93574e-05	
1.27597e-05	2.04916e-06	
-0.000116389	-1.86917e-05	
1.67453e-05	2.68924e-06	
-0.000112557	-1.80762e-05	
-0.000108227	-1.7381e-05	
2.45927e-05	3.94951e-06	
-0.000105011	-1.68644e-05	
2.76855e-05	4.44621e-06	
-0.000102037	-1.63868e-05	
3.05451e-05	4.90545e-06	
2.93703e-05	4.71678e-06	
-0.000100417	-1.61266e-05	
3.21027e-05	5.1556e-06	
3.0868e-05	4.9573e-06	
2.96808e-05	4.76664e-06	
2.85392e-05	4.58331e-06	
2.74415e-05	4.40703e-06	
-0.000100172	-1.60873e-05	
2.37667e-05	3.81685e-06	
-9.93331e-05	-1.59526e-05	
-9.55126e-05	-1.5339e-05	
3.03466e-05	4.87356e-06	
-9.0906e-05	-1.45992e-05	
3.26756e-05	5.2476e-06	
3.14188e-05	5.04577e-06	
-8.98747e-05	-1.44336e-05	
-8.6418e-05	-1.38785e-05	
3.69906e-05	5.94057e-06	
3.55679e-05	5.71209e-06	
-8.58849e-05	-1.37928e-05	
3.7503e-05	6.02286e-06	
3.60606e-05	5.79121e-06	
3.46736e-05	5.56847e-06	
-8.67445e-05	-1.39309e-05	
3.66762e-05	5.89008e-06	
-8.48188e-05	-1.36216e-05	
3.85277e-05	6.18743e-06	
-8.30384e-05	-1.33357e-05	
4.02395e-05	6.46234e-06	
3.86918e-05	6.21379e-06	
-8.28805e-05	-1.33103e-05	
4.03913e-05	6.48671e-06	
-8.12463e-05	-1.30479e-05	
-7.81214e-05	-1.25461e-05	
-7.51167e-05	-1.20635e-05	
-7.22276e-05	-1.15995e-05	
-6.94497e-05	-1.11534e-05	
5.33049e-05	8.5606e-06	
-6.88287e-05	-1.10537e-05	
5.39019e-05	8.65647e-06	
-6.82547e-05	-1.09615e-05	
5.44538e-05	8.74511e-06	
-6.77239e-05	-1.08762e-05	
-6.51191e-05	-1.04579e-05	
-6.26146e-05	-1.00557e-05	
-6.02063e-05	-9.66895e-06	
-5.78907e-05	-9.29706e-06	
6.56676e-05	1.0546e-05	
-5.81899e-05	-9.34511e-06	
6.41309e-05	1.02992e-05	
-5.84185e-05	-9.38182e-06	
6.51603e-05	1.04645e-05	
-0.000270578	-4.34539e-05	
-0.000258926	-4.15827e-05	
-0.000250212	-4.01833e-05	
-0.000239344	-3.84378e-05	
-0.000230138	-3.69594e-05	
-0.000221287	-3.55379e-05	
-0.000212776	-3.41711e-05	
-0.000204592	-3.28568e-05	
-0.000196723	-3.15931e-05	
-0.000189157	-3.0378e-05	
-0.000181881	-2.92096e-05	
-5.56521e-05	-8.93755e-06	
-0.000172746	-2.77424e-05	
-0.000166101	-2.66754e-05	
-4.04793e-05	-6.50085e-06	
-0.000158156	-2.53994e-05	
-0.000152073	-2.44225e-05	
-0.000146224	-2.34832e-05	
-0.0001406	-2.258e-05	
-0.000135193	-2.17115e-05	
-0.000129993	-2.08764e-05	
-0.000124993	-2.00735e-05	
-0.000120186	-1.93014e-05	
-0.000115563	-1.85591e-05	
-0.000111118	-1.78453e-05	
-0.000106845	-1.71589e-05	
1.64975e-05	2.64944e-06	
-0.00010337	-1.66009e-05	
-0.000145	-2.32866e-05	
-0.000139424	-2.2391e-05	
-0.000134061	-2.15298e-05	
-0.000128905	-2.07017e-05	
-0.000336702	-5.40733e-05	
-0.000323752	-5.19936e-05	
-0.000191215	-3.07085e-05	
-0.000303946	-4.88128e-05	
-0.000292256	-4.69353e-05	
-0.000281015	-4.51301e-05	
-0.000270207	-4.33944e-05	
-0.000259814	-4.17254e-05	
-0.000249821	-4.01205e-05	
-0.000240213	-3.85774e-05	
-0.000230974	-3.70937e-05	
-0.00022209	-3.5667e-05	
-0.000213548	-3.42952e-05	
-0.000418604	-6.72266e-05	
-0.000402504	-6.46409e-05	
-0.000387023	-6.21547e-05	
-0.000372138	-5.97642e-05	
-0.000357825	-5.74656e-05	
-0.000344062	-5.52553e-05	
-0.000328225	-5.27119e-05	
-0.000315601	-5.06845e-05	
-0.000303463	-4.87351e-05	
-0.000291791	-4.68607e-05	
-0.000283173	-4.54767e-05	
-0.000269677	-4.33093e-05	
-0.000259305	-4.16435e-05	
-0.000249331	-4.00419e-05	
-0.000239742	-3.85018e-05	
-0.000230521	-3.70209e-05	
-0.000221655	-3.55971e-05	
-0.00021313	-3.4228e-05	
-0.000204932	-3.29115e-05	
-0.00019705	-3.16457e-05	
-0.000189471	-3.04285e-05	
-0.000182184	-2.92582e-05	
-0.000175177	-2.81329e-05	
-0.000168439	-2.70509e-05	
-0.000161961	-2.60104e-05	
-0.000155732	-2.501e-05	
-0.000149742	-2.40481e-05	
-0.000143983	-2.31232e-05	
-0.000138445	-2.22338e-05	
-0.00013312	-2.13787e-05	
-0.000128	-2.05564e-05	
-0.000123077	-1.97658e-05	
-0.000118343	-1.90056e-05	
6.29531e-06	1.01101e-06	
-0.000114034	-1.83135e-05	
-0.000109648	-1.76091e-05	
-0.000105431	-1.69319e-05	
-0.000101376	-1.62806e-05	
-9.74767e-05	-1.56545e-05	
-9.37276e-05	-1.50524e-05	
-9.01227e-05	-1.44734e-05	
-8.66565e-05	-1.39168e-05	
-8.33235e-05	-1.33815e-05	
3.9968e-05	6.41874e-06	
-8.16561e-05	-1.31137e-05	
-7.85155e-05	-1.26093e-05	
-7.54957e-05	-1.21244e-05	
-7.2592e-05	-1.1658e-05	
-6.98e-05	-1.12097e-05	
-6.71154e-05	-1.07785e-05	
-6.4534e-05	-1.0364e-05	
-6.20519e-05	-9.96535e-06	
-5.96653e-05	-9.58206e-06	
-5.61317e-05	-9.01457e-06	
-5.52118e-05	-8.86684e-06	
-5.18492e-05	-8.32682e-06	
-4.9855e-05	-8.00656e-06	
-4.79375e-05	-7.69861e-06	
-4.60938e-05	-7.40251e-06	
-4.43209e-05	-7.1178e-06	
-0.000255376	-4.10126e-05	
-0.000245554	-3.94352e-05	
-0.00023611	-3.79185e-05	
-0.000227029	-3.64601e-05	
-0.000218297	-3.50578e-05	
-0.000209901	-3.37094e-05	
-0.000201828	-3.24129e-05	
-0.000194065	-3.11662e-05	
-0.000186601	-2.99675e-05	
-0.000179424	-2.88149e-05	
-0.000172523	-2.77067e-05	
-0.000165888	-2.6641e-05	
-0.000159507	-2.56164e-05	
-0.000153372	-2.46311e-05	
-0.000147474	-2.36838e-05	
-0.000141801	-2.27729e-05	
-0.000136348	-2.1897e-05	
-0.000131103	-2.10548e-05	
-0.000126061	-2.0245e-05	
-0.000121212	-1.94663e-05	
-0.00011655	-1.87176e-05	
-0.000112068	-1.79977e-05	
-0.000107757	-1.73055e-05	
-0.000103613	-1.66399e-05	
-9.96278e-05	-1.59999e-05	
-9.5796e-05	-1.53845e-05	
-9.21116e-05	-1.47928e-05	
-9.50591e-05	-1.52662e-05	
-8.49129e-05	-1.36367e-05	
-8.8137e-05	-1.41545e-05	
-8.47471e-05	-1.36101e-05	
-8.14876e-05	-1.30867e-05	
-7.83535e-05	-1.25833e-05	
-7.53399e-05	-1.20994e-05	
-7.24422e-05	-1.1634e-05	
-6.9656e-05	-1.11865e-05	
-6.69769e-05	-1.07563e-05	
-6.44009e-05	-1.03426e-05	
-6.19239e-05	-9.94479e-06	
-5.95422e-05	-9.5623e-06	
7.14166e-05	1.14693e-05	
-5.9999e-05	-9.63565e-06	
-5.76914e-05	-9.26505e-06	
-5.54725e-05	-8.9087e-06	
-5.33389e-05	-8.56606e-06	
7.73811e-05	1.24272e-05	
-5.42637e-05	-8.71458e-06	
-5.21766e-05	-8.3794e-06	
-5.01698e-05	-8.05712e-06	
-4.82402e-05	-7.74723e-06	
-4.63848e-05	-7.44926e-06	
-4.46008e-05	-7.16275e-06	
-4.28854e-05	-6.88726e-06	
-4.1236e-05	-6.62236e-06	
-3.965e-05	-6.36766e-06	
-3.8125e-05	-6.12275e-06	
-3.66586e-05	-5.88726e-06	
-3.52487e-05	-5.66083e-06	
-3.18109e-05	-5.10872e-06	
-3.26697e-05	-5.24665e-06	
-3.14131e-05	-5.04485e-06	
-2.81225e-05	-4.51639e-06	
-2.70409e-05	-4.34268e-06	
-2.60009e-05	-4.17566e-06	
-2.50008e-05	-4.01506e-06	
-2.40393e-05	-3.86063e-06	
-0.000238601	-3.83185e-05	
-0.000229424	-3.68447e-05	
-0.0002206	-3.54276e-05	
-0.000212115	-3.4065e-05	
-0.000203957	-3.27548e-05	
-0.000196112	-3.1495e-05	
-0.00018857	-3.02837e-05	
-0.000181317	-2.91189e-05	
-0.000141656	-2.27496e-05	
-0.000168895	-2.7124e-05	
-0.000162399	-2.60808e-05	
-0.000156153	-2.50777e-05	
-0.000150147	-2.41131e-05	
-0.000144372	-2.31857e-05	
-0.000138819	-2.2294e-05	
-0.00013348	-2.14365e-05	
-0.000128346	-2.0612e-05	
-0.00012341	-1.98192e-05	
-0.000118663	-1.9057e-05	
-0.000114099	-1.8324e-05	
-0.000109711	-1.76192e-05	
-0.000105491	-1.69416e-05	
-0.000101434	-1.629e-05	
-9.75327e-05	-1.56634e-05	
-9.37814e-05	-1.5061e-05	
-9.01744e-05	-1.44817e-05	
-8.67062e-05	-1.39247e-05	
-8.33713e-05	-1.33892e-05	
-8.01648e-05	-1.28742e-05	
-7.70815e-05	-1.2379e-05	
-7.41168e-05	-1.19029e-05	
-7.12662e-05	-1.14451e-05	
-6.85252e-05	-1.10049e-05	
-6.58896e-05	-1.05817e-05	
-6.33554e-05	-1.01747e-05	
-6.09187e-05	-9.78334e-06	
-5.85756e-05	-9.40706e-06	
-5.50944e-05	-8.84799e-06	
-5.42039e-05	-8.70497e-06	
-5.08906e-05	-8.17287e-06	
-5.01619e-05	-8.05585e-06	
-4.70039e-05	-7.54868e-06	
-4.64249e-05	-7.4557e-06	
-4.34105e-05	-6.97159e-06	
-4.17409e-05	-6.70345e-06	
-4.01354e-05	-6.44563e-06	
-3.85918e-05	-6.19772e-06	
-3.71075e-05	-5.95934e-06	
-3.56803e-05	-5.73014e-06	
-3.4308e-05	-5.50975e-06	
-3.29884e-05	-5.29784e-06	
-3.17196e-05	-5.09407e-06	
-3.04996e-05	-4.89815e-06	
-2.93266e-05	-4.70976e-06	
-2.81986e-05	-4.52861e-06	
-2.71141e-05	-4.35444e-06	
-2.60712e-05	-4.18696e-06	
-2.50685e-05	-4.02592e-06	
-2.41043e-05	-3.87108e-06	
-2.31772e-05	-3.72219e-06	
-2.22858e-05	-3.57903e-06	
-2.14287e-05	-3.44137e-06	
-2.06045e-05	-3.30901e-06	
-1.9812e-05	-3.18174e-06	
-1.905e-05	-3.05937e-06	
-1.83173e-05	-2.9417e-06	
-1.76128e-05	-2.82856e-06	
-1.69354e-05	-2.71977e-06	
-1.6284e-05	-2.61516e-06	
-1.56577e-05	-2.51458e-06	
-1.50555e-05	-2.41787e-06	
-1.44764e-05	-2.32487e-06	
-1.39197e-05	-2.23545e-06	
-1.33843e-05	-2.14947e-06	
-1.28695e-05	-2.0668e-06	
-1.23745e-05	-1.98731e-06	
-1.18986e-05	-1.91087e-06	
-1.14409e-05	-1.83738e-06	
-1.10009e-05	-1.76671e-06	
-1.05778e-05	-1.69876e-06	
-1.0171e-05	-1.63342e-06	
-9.77977e-06	-1.5706e-06	
-9.40362e-06	-1.51019e-06	
-6.96632e-06	-1.11877e-06	
-6.69838e-06	-1.07574e-06	
-6.44075e-06	-1.03436e-06	
-6.19303e-06	-9.94582e-07	
-5.95484e-06	-9.56329e-07	
-5.72581e-06	-9.19547e-07	
-5.50558e-06	-8.8418e-07	
0.000114805	1.84374e-05	
-9.70947e-06	-1.55931e-06	
-9.33603e-06	-1.49934e-06	
-8.97695e-06	-1.44167e-06	
-8.63169e-06	-1.38622e-06	
-8.2997e-06	-1.33291e-06	
-7.98048e-06	-1.28164e-06	
-7.67354e-06	-1.23235e-06	
-7.3784e-06	-1.18495e-06	
-7.09462e-06	-1.13937e-06	
-6.82175e-06	-1.09555e-06	
-6.55938e-06	-1.05342e-06	
-6.30709e-06	-1.0129e-06	
-6.06451e-06	-9.73941e-07	
-5.83126e-06	-9.36482e-07	
-5.60698e-06	-9.00464e-07	
-5.39133e-06	-8.65831e-07	
-5.18397e-06	-8.3253e-07	
-4.98459e-06	-8.00509e-07	
-4.79287e-06	-7.6972e-07	
-4.60853e-06	-7.40116e-07	
-3.21063e-06	-5.15617e-07	
-4.30799e-06	-6.91849e-07	
-2.9214e-06	-4.69168e-07	
-2.80904e-06	-4.51123e-07	
-2.701e-06	-4.33773e-07	
-2.59712e-06	-4.17089e-07	
-2.49723e-06	-4.01047e-07	
-2.40118e-06	-3.85622e-07	
-2.30883e-06	-3.7079e-07	
-2.22003e-06	-3.56529e-07	
-2.13464e-06	-3.42817e-07	
-2.05254e-06	-3.29632e-07	
-1.9736e-06	-3.16953e-07	
-1.89769e-06	-3.04763e-07	
-1.8247e-06	-2.93041e-07	
-1.75452e-06	-2.8177e-07	
-1.68704e-06	-2.70933e-07	
-1.62215e-06	-2.60513e-07	
0.000232139	3.72808e-05	
0.000223211	3.58469e-05	
0.000214625	3.44682e-05	
0.000467705	7.5112e-05	
0.000927018	0.000148876	
0.00113321	0.000181989	
0.00133322	0.000214112	
0.00176464	0.000283396	
0.00205909	0.000330684	
0.00185122	0.000297301	
0.00203177	0.000326296	
0.00195363	0.000313746	
0.00187849	0.000301679	
0.0018083	0.000290408	
0.00173669	0.000278906	
0.00167196	0.000268511	
0.00160765	0.000258184	
0.00154375	0.000247922	
0.00148645	0.000238718	
0.00142927	0.000229537	
0.0013743	0.000220709	
0.00132144	0.00021222	
0.00127062	0.000204058	
0.00122175	0.000196209	
0.00117476	0.000188663	
0.00112958	0.000181406	
0.00108613	0.000174429	
0.00104436	0.00016772	
0.00100419	0.00016127	
0.000965567	0.000155067	
0.00092843	0.000149103	
0.000892721	0.000143368	
0.000858385	0.000137854	
0.000825371	0.000132552	
0.000793626	0.000127454	
0.00101486	0.000162984	
0.000724068	0.000116283	
0.000947981	0.000152243	
0.00091152	0.000146387	
0.000876462	0.000140757	
0.000842751	0.000135343	
0.000810338	0.000130138	
0.000779171	0.000125132	
0.000937247	0.000150519	
0.000946805	0.000152054	
0.000864784	0.000138882	
0.000831523	0.00013354	
0.000799541	0.000128404	
0.000770004	0.00012366	
0.000739174	0.000118709	
0.000710744	0.000114143	
0.000684622	0.000109948	
0.000657076	0.000105524	
0.000633018	0.000101661	
0.000608672	9.77508e-05	
0.000585261	9.39911e-05	
0.000562751	9.03761e-05	
0.000541107	8.69001e-05	
0.00051908	8.33626e-05	
0.000500331	8.03515e-05	
0.000481087	7.72611e-05	
0.000462584	7.42895e-05	
0.000211135	3.39076e-05	
0.000436672	7.01281e-05	
0.000419877	6.74309e-05	
0.000403727	6.48374e-05	
0.0003882	6.23436e-05	
0.000139611	2.2421e-05	
0.000367899	5.90835e-05	
0.000353749	5.6811e-05	
0.000340144	5.4626e-05	
0.000327061	5.2525e-05	
0.000314482	5.05048e-05	
0.000302386	4.85623e-05	
0.000290756	4.66945e-05	
0.000279573	4.48986e-05	
0.00026882	4.31717e-05	
0.000258481	4.15113e-05	
0.00024854	3.99147e-05	
0.00023898	3.83795e-05	
0.000229789	3.69034e-05	
0.000220951	3.5484e-05	
0.000212453	3.41192e-05	
0.000204282	3.2807e-05	
0.000196425	3.15452e-05	
0.00018887	3.03319e-05	
0.000181606	2.91653e-05	
0.000174621	2.80435e-05	
0.000167905	2.69649e-05	
0.000161447	2.59278e-05	
0.000155237	2.49306e-05	
0.000149267	2.39717e-05	
0.000144736	2.32442e-05	
0.000137959	2.21557e-05	
0.000133864	2.14981e-05	
0.000127504	2.04767e-05	
0.000123811	1.98837e-05	
0.000119049	1.91189e-05	
0.00011447	1.83836e-05	
0.000110068	1.76765e-05	
0.000105834	1.69966e-05	
0.000101764	1.63429e-05	
0.000143455	2.30385e-05	
9.23321e-05	1.48282e-05	
8.87809e-05	1.42579e-05	
0.000130972	2.10337e-05	
0.000125935	2.02247e-05	
0.000121091	1.94468e-05	
0.000116434	1.86989e-05	
0.000111955	1.79797e-05	
0.000107649	1.72882e-05	
0.000103509	1.66232e-05	
9.9528e-05	1.59839e-05	
9.57e-05	1.53691e-05	
9.20192e-05	1.4778e-05	
8.848e-05	1.42096e-05	
8.5077e-05	1.36631e-05	
8.18048e-05	1.31376e-05	
7.86584e-05	1.26323e-05	
7.56331e-05	1.21464e-05	
7.27241e-05	1.16793e-05	
6.99271e-05	1.12301e-05	
6.72376e-05	1.07981e-05	
6.46515e-05	1.03828e-05	
6.21649e-05	9.98349e-06	
5.9774e-05	9.59951e-06	
5.7475e-05	9.2303e-06	
5.52644e-05	8.87529e-06	
5.31388e-05	8.53393e-06	
5.1095e-05	8.2057e-06	
4.91298e-05	7.8901e-06	
4.72402e-05	7.58663e-06	
4.79925e-05	7.70744e-06	
4.61466e-05	7.411e-06	
4.43717e-05	7.12596e-06	
4.00955e-05	6.43921e-06	
4.1123e-05	6.60423e-06	
3.95414e-05	6.35022e-06	
3.80205e-05	6.10598e-06	
3.65582e-05	5.87114e-06	
3.51521e-05	5.64532e-06	
3.38001e-05	5.4282e-06	
3.25001e-05	5.21942e-06	
3.12501e-05	5.01867e-06	
3.00482e-05	4.82565e-06	
2.88925e-05	4.64005e-06	
2.77813e-05	4.46158e-06	
2.67127e-05	4.28998e-06	
2.56853e-05	4.12498e-06	
2.46974e-05	3.96633e-06	
2.37475e-05	3.81378e-06	
2.28342e-05	3.6671e-06	
2.19559e-05	3.52605e-06	
2.11115e-05	3.39044e-06	
2.02995e-05	3.26003e-06	
1.95187e-05	3.13465e-06	
1.22442e-05	1.96639e-06	
1.82969e-05	2.93842e-06	
1.75931e-05	2.8254e-06	
1.69165e-05	2.71674e-06	
9.74247e-06	1.56461e-06	
1.58909e-05	2.55204e-06	
1.52797e-05	2.45388e-06	
8.16899e-06	1.31191e-06	
7.8548e-06	1.26146e-06	
1.40754e-05	2.26046e-06	
7.01136e-06	1.126e-06	
6.74169e-06	1.08269e-06	
6.4824e-06	1.04105e-06	
6.23307e-06	1.00101e-06	
5.99334e-06	9.62511e-07	
5.76283e-06	9.25492e-07	
5.54118e-06	8.89896e-07	
5.32806e-06	8.55669e-07	
5.12313e-06	8.22759e-07	
4.92609e-06	7.91115e-07	
4.73663e-06	7.60687e-07	
-3.38369e-05	-5.43409e-06	
-3.25354e-05	-5.22509e-06	
7.10721e-06	1.1414e-06	
-3.15574e-05	-5.06802e-06	
-3.03437e-05	-4.8731e-06	
-2.91766e-05	-4.68567e-06	
-2.80544e-05	-4.50545e-06	
-2.69754e-05	-4.33217e-06	
-2.59379e-05	-4.16555e-06	
-2.49403e-05	-4.00533e-06	
-2.39811e-05	-3.85128e-06	
-2.30587e-05	-3.70316e-06	
-2.21718e-05	-3.56073e-06	
-2.13191e-05	-3.42378e-06	
-2.04991e-05	-3.29209e-06	
-1.8511e-05	-2.97281e-06	
-1.89989e-05	-3.05117e-06	
-1.82682e-05	-2.93381e-06	
-1.63656e-05	-2.62826e-06	
-1.69363e-05	-2.71992e-06	
-1.62849e-05	-2.61531e-06	
-1.44583e-05	-2.32196e-06	
-1.39022e-05	-2.23266e-06	
-1.33675e-05	-2.14678e-06	
-1.28534e-05	-2.06422e-06	
-1.2359e-05	-1.98482e-06	
-1.18837e-05	-1.90848e-06	
-1.14266e-05	-1.83508e-06	
-1.09871e-05	-1.7645e-06	
-1.05646e-05	-1.69664e-06	
-1.01582e-05	-1.63138e-06	
-9.76753e-06	-1.56864e-06	
-9.39186e-06	-1.5083e-06	
-9.03064e-06	-1.45029e-06	
-8.6833e-06	-1.39451e-06	
-8.34933e-06	-1.34088e-06	
-8.0282e-06	-1.2893e-06	
-7.71943e-06	-1.23972e-06	
-7.42253e-06	-1.19203e-06	
-7.13705e-06	-1.14619e-06	
-6.86254e-06	-1.1021e-06	
-6.5986e-06	-1.05971e-06	
-6.34481e-06	-1.01896e-06	
-6.10078e-06	-9.79766e-07	
-5.86613e-06	-9.42082e-07	
-5.64051e-06	-9.05849e-07	
-5.42357e-06	-8.71008e-07	
-5.21497e-06	-8.37508e-07	
-5.0144e-06	-8.05296e-07	
-4.82153e-06	-7.74323e-07	
-4.63609e-06	-7.44542e-07	
-4.45778e-06	-7.15905e-07	
-4.28633e-06	-6.88371e-07	
-4.12147e-06	-6.61895e-07	
-3.96295e-06	-6.36438e-07	
-3.81053e-06	-6.11959e-07	
-3.66397e-06	-5.88422e-07	
-3.52305e-06	-5.65791e-07	
-3.38755e-06	-5.44029e-07	
-3.25726e-06	-5.23105e-07	
-3.13198e-06	-5.02986e-07	
-3.01152e-06	-4.8364e-07	
-2.89569e-06	-4.65039e-07	
-2.78432e-06	-4.47152e-07	
-1.48023e-06	-2.3772e-07	
-2.62046e-06	-4.20838e-07	
-1.32248e-06	-2.12387e-07	
-2.46897e-06	-3.96508e-07	
-1.17664e-06	-1.88965e-07	
-2.3289e-06	-3.74014e-07	
-1.0418e-06	-1.6731e-07	
-1.00173e-06	-1.60875e-07	
-2.16101e-06	-3.47052e-07	
-8.80086e-07	-1.41339e-07	
-8.46235e-07	-1.35903e-07	
-8.13688e-07	-1.30676e-07	
-7.82392e-07	-1.2565e-07	
-7.52299e-07	-1.20817e-07	
-7.23365e-07	-1.1617e-07	
-6.95543e-07	-1.11702e-07	
-6.68792e-07	-1.07406e-07	
-6.43069e-07	-1.03275e-07	
-6.18335e-07	-9.93027e-08	
-5.94553e-07	-9.54834e-08	
-5.71686e-07	-9.18109e-08	
-5.49697e-07	-8.82796e-08	
-5.28555e-07	-8.48843e-08	
-5.08227e-07	-8.16196e-08	
-4.88679e-07	-7.84803e-08	
-4.69884e-07	-7.54618e-08	
-4.51811e-07	-7.25594e-08	
-4.34433e-07	-6.97686e-08	
-4.17724e-07	-6.70852e-08	
-4.01658e-07	-6.4505e-08	
-3.86209e-07	-6.2024e-08	
-3.71355e-07	-5.96385e-08	
-3.57073e-07	-5.73448e-08	
-3.43339e-07	-5.51392e-08	
-3.30134e-07	-5.30185e-08	
-3.17437e-07	-5.09793e-08	
-3.05227e-07	-4.90185e-08	
-2.93488e-07	-4.71332e-08	
-2.822e-07	-4.53204e-08	
-2.71346e-07	-4.35773e-08	
-2.60909e-07	-4.19012e-08	
-2.50875e-07	-4.02897e-08	
-2.41226e-07	-3.87401e-08	
-2.31948e-07	-3.72501e-08	
-5.39541e-06	-8.66485e-07	
-5.18789e-06	-8.33159e-07	
-4.98836e-06	-8.01114e-07	
-4.7965e-06	-7.70302e-07	
-4.61202e-06	-7.40675e-07	
-4.43463e-06	-7.12188e-07	
-4.26407e-06	-6.84796e-07	
-4.10007e-06	-6.58458e-07	
-3.94237e-06	-6.33133e-07	
-3.79074e-06	-6.08781e-07	
-3.64495e-06	-5.85367e-07	
-3.50475e-06	-5.62853e-07	
-3.36996e-06	-5.41204e-07	
-2.05231e-06	-3.29595e-07	
-3.16165e-06	-5.0775e-07	
-1.85168e-06	-2.97374e-07	
-1.78046e-06	-2.85936e-07	
-2.90078e-06	-4.65856e-07	
-1.60034e-06	-2.57009e-07	
-1.53879e-06	-2.47124e-07	
-1.4796e-06	-2.3762e-07	
-1.4227e-06	-2.2848e-07	
-1.36798e-06	-2.19693e-07	
-1.31536e-06	-2.11243e-07	
-1.26477e-06	-2.03119e-07	
-1.21613e-06	-1.95306e-07	
-1.16935e-06	-1.87795e-07	
-0.00021385	-3.43436e-05	
7.1005e-06	1.14032e-06	
6.8274e-06	1.09646e-06	
-0.00020616	-3.31087e-05	
1.44939e-05	2.32768e-06	
1.39365e-05	2.23816e-06	
1.34005e-05	2.15207e-06	
-0.00019984	-3.20937e-05	
-0.000192154	-3.08593e-05	
-0.000184763	-2.96724e-05	
-0.000177657	-2.85312e-05	
4.19006e-05	6.72911e-06	
-0.000172436	-2.76926e-05	
-0.000165804	-2.66275e-05	
-0.000159427	-2.56034e-05	
-0.000153295	-2.46187e-05	
-0.000253944	-4.07826e-05	
-0.000135597	-2.17765e-05	
-0.000132417	-2.12657e-05	
-0.000127324	-2.04478e-05	
-0.000120392	-1.93346e-05	
-0.000115762	-1.8591e-05	
-0.000113344	-1.82027e-05	
-0.00010695	-1.71758e-05	
-0.000102836	-1.65152e-05	
-9.88811e-05	-1.588e-05	
-9.5078e-05	-1.52692e-05	
-9.14211e-05	-1.4682e-05	
-8.7905e-05	-1.41173e-05	
-8.4524e-05	-1.35743e-05	
-8.12731e-05	-1.30522e-05	
-7.81472e-05	-1.25502e-05	
-7.51415e-05	-1.20675e-05	
-7.22515e-05	-1.16034e-05	
-6.94726e-05	-1.11571e-05	
-2.1194e-05	-3.40368e-06	
-2.03788e-05	-3.27277e-06	
-1.9595e-05	-3.1469e-06	
-1.88414e-05	-3.02586e-06	
-1.81167e-05	-2.90948e-06	
-1.74199e-05	-2.79758e-06	
-1.67499e-05	-2.68998e-06	
-1.61057e-05	-2.58652e-06	
-1.54862e-05	-2.48704e-06	
-1.48906e-05	-2.39138e-06	
-1.43179e-05	-2.29941e-06	
-1.37672e-05	-2.21097e-06	
-1.32377e-05	-2.12593e-06	
-1.27285e-05	-2.04416e-06	
-1.2239e-05	-1.96554e-06	
-1.17683e-05	-1.88994e-06	
-1.13156e-05	-1.81725e-06	
-1.08804e-05	-1.74736e-06	
-1.04619e-05	-1.68015e-06	
-5.56662e-05	-8.93982e-06	
-5.35252e-05	-8.59598e-06	
-5.8599e-06	-9.41082e-07	
-5.12412e-05	-8.22917e-06	
-3.66372e-06	-5.88381e-07	
-4.91294e-05	-7.89003e-06	
-4.72399e-05	-7.58657e-06	
-4.54229e-05	-7.29478e-06	
-4.36759e-05	-7.01421e-06	
-3.99647e-05	-6.4182e-06	
5.14746e-06	8.26665e-07	
-4.06571e-05	-6.52941e-06	
-3.70618e-05	-5.95201e-06	
7.93847e-06	1.27489e-06	
7.63314e-06	1.22586e-06	
7.94926e-07	1.27663e-07	
7.64352e-07	1.22753e-07	
7.34955e-07	1.18031e-07	
7.06687e-07	1.13492e-07	
6.79507e-07	1.09127e-07	
6.53372e-07	1.04929e-07	
6.28242e-07	1.00894e-07	
6.04078e-07	9.70131e-08	
5.80844e-07	9.32817e-08	
5.58504e-07	8.96941e-08	
5.37024e-07	8.62444e-08	
5.16369e-07	8.29273e-08	
4.96508e-07	7.97377e-08	
4.77412e-07	7.66709e-08	
4.5905e-07	7.3722e-08	
4.41395e-07	7.08867e-08	
4.24418e-07	6.81602e-08	
4.08095e-07	6.55387e-08	
3.92398e-07	6.3018e-08	
3.77307e-07	6.05943e-08	
3.62795e-07	5.82637e-08	
3.48841e-07	5.60228e-08	
3.35424e-07	5.3868e-08	
3.22523e-07	5.17962e-08	
3.10118e-07	4.9804e-08	
2.98191e-07	4.78885e-08	
2.86722e-07	4.60466e-08	
2.75694e-07	4.42756e-08	
2.6509e-07	4.25727e-08	
2.54894e-07	4.09352e-08	
2.45091e-07	3.93608e-08	
2.35664e-07	3.78469e-08	
2.26599e-07	3.63912e-08	
2.17884e-07	3.49915e-08	
2.09504e-07	3.36457e-08	
2.01446e-07	3.23516e-08	
1.93698e-07	3.11073e-08	
1.86248e-07	2.99109e-08	
1.79085e-07	2.87605e-08	
1.72197e-07	2.76543e-08	
1.65574e-07	2.65906e-08	
1.59206e-07	2.55679e-08	
1.53082e-07	2.45845e-08	
1.47194e-07	2.36389e-08	
1.41533e-07	2.27297e-08	
1.36089e-07	2.18555e-08	
1.30855e-07	2.10149e-08	
1.25822e-07	2.02066e-08	
1.20983e-07	1.94294e-08	
1.16329e-07	1.86821e-08	
1.11855e-07	1.79636e-08	
1.07553e-07	1.72727e-08	
1.03416e-07	1.66083e-08	
9.94387e-08	1.59695e-08	
9.56142e-08	1.53553e-08	
9.19367e-08	1.47647e-08	
8.84007e-08	1.41969e-08	
8.50007e-08	1.36508e-08	
8.17314e-08	1.31258e-08	
7.8588e-08	1.2621e-08	
7.55654e-08	1.21356e-08	
7.2659e-08	1.16688e-08	
6.98645e-08	1.122e-08	
6.71774e-08	1.07885e-08	
6.45936e-08	1.03735e-08	
6.21092e-08	9.97454e-09	
5.97203e-08	9.5909e-09	
2.5991e-06	4.17407e-07	
-4.26864e-08	-6.8553e-09	
-4.10446e-08	-6.59163e-09	
2.50237e-06	4.01872e-07	
-1.35848e-07	-2.18167e-08	
-1.30623e-07	-2.09776e-08	
2.41637e-06	3.88061e-07	
-2.18671e-07	-3.51179e-08	
2.33184e-06	3.74486e-07	
-3.00075e-07	-4.81911e-08	
2.25368e-06	3.61934e-07	
2.167e-06	3.48014e-07	
2.08366e-06	3.34629e-07	
2.00352e-06	3.21758e-07	
1.92646e-06	3.09383e-07	
-6.90424e-07	-1.1088e-07	
1.87889e-06	3.01743e-07	
1.80662e-06	2.90138e-07	
1.73714e-06	2.78978e-07	
1.67032e-06	2.68249e-07	
1.60608e-06	2.57931e-07	
1.54431e-06	2.48011e-07	
1.48491e-06	2.38472e-07	
1.4278e-06	2.293e-07	
1.37288e-06	2.20481e-07	
1.32008e-06	2.12001e-07	
1.26931e-06	2.03847e-07	
1.22049e-06	1.96007e-07	
1.17355e-06	1.88468e-07	
0.00021385	3.43437e-05	
-7.09671e-06	-1.13971e-06	
-6.82376e-06	-1.09587e-06	
-6.56131e-06	-1.05373e-06	
-6.30895e-06	-1.0132e-06	
-6.0663e-06	-9.74228e-07	
-5.83298e-06	-9.36758e-07	
-5.60863e-06	-9.00729e-07	
-5.39292e-06	-8.66086e-07	
-5.1855e-06	-8.32775e-07	
-4.98606e-06	-8.00745e-07	
-4.79428e-06	-7.69947e-07	
-4.60989e-06	-7.40334e-07	
-4.43259e-06	-7.11859e-07	
-4.2621e-06	-6.8448e-07	
-4.09817e-06	-6.58154e-07	
-3.94055e-06	-6.3284e-07	
-3.78899e-06	-6.085e-07	
-1.61902e-06	-2.6001e-07	
-3.58117e-06	-5.75125e-07	
-3.44343e-06	-5.53005e-07	
-3.31099e-06	-5.31735e-07	
-3.18365e-06	-5.11284e-07	
-1.03669e-06	-1.66489e-07	
-3.02149e-06	-4.85243e-07	
-8.80588e-07	-1.4142e-07	
0.00020985	3.37013e-05	
-8.91798e-06	-1.4322e-06	
-8.57498e-06	-1.37711e-06	
0.000204477	3.28383e-05	
-1.61098e-05	-2.58718e-06	
-1.54901e-05	-2.48767e-06	
-1.48944e-05	-2.39199e-06	
-1.43215e-05	-2.29999e-06	
-1.37707e-05	-2.21153e-06	
-1.3241e-05	-2.12647e-06	
-1.27318e-05	-2.04468e-06	
-1.22421e-05	-1.96604e-06	
-1.17712e-05	-1.89042e-06	
0.000201403	3.23448e-05	
-1.90649e-05	-3.06176e-06	
-1.83316e-05	-2.944e-06	
-1.76266e-05	-2.83077e-06	
-1.69486e-05	-2.7219e-06	
-1.62968e-05	-2.61721e-06	
-1.567e-05	-2.51655e-06	
-1.50673e-05	-2.41976e-06	
-1.44878e-05	-2.32669e-06	
0.000198791	3.19253e-05	
-2.15764e-05	-3.46511e-06	
-2.07466e-05	-3.33184e-06	
-1.99486e-05	-3.20369e-06	
-1.91814e-05	-3.08047e-06	
-0.000124996	-2.0074e-05	
-1.36362e-05	-2.18994e-06	
-1.31118e-05	-2.10571e-06	
-1.26075e-05	-2.02472e-06	
-1.21226e-05	-1.94685e-06	
-1.16563e-05	-1.87197e-06	
-1.1208e-05	-1.79997e-06	
-1.07769e-05	-1.73074e-06	
-1.03624e-05	-1.66417e-06	
-9.96386e-06	-1.60017e-06	
-9.58064e-06	-1.53862e-06	
-9.21215e-06	-1.47944e-06	
0.000203864	3.27399e-05	
