0	0	
0	0	
-6.59446e-12	-6.59446e-12	
1.42012e-11	1.42012e-11	
8.15242e-11	8.15242e-11	
4.13557e-10	4.13557e-10	
9.23542e-10	9.23542e-10	
1.72874e-09	1.72874e-09	
3.40488e-09	3.40488e-09	
6.57332e-09	6.57332e-09	
1.04145e-08	1.04145e-08	
1.76849e-08	1.76849e-08	
2.61209e-08	2.61209e-08	
4.15067e-08	4.15067e-08	
5.77484e-08	5.77484e-08	
8.20516e-08	8.20516e-08	
1.12873e-07	1.12873e-07	
1.50694e-07	1.50694e-07	
1.98547e-07	1.98547e-07	
2.59444e-07	2.59444e-07	
3.21206e-07	3.21206e-07	
4.03575e-07	4.03575e-07	
5.00204e-07	5.00204e-07	
6.03987e-07	6.03987e-07	
7.43336e-07	7.43336e-07	
8.94514e-07	8.94514e-07	
1.06487e-06	1.06487e-06	
1.25453e-06	1.25453e-06	
1.48923e-06	1.48923e-06	
1.73614e-06	1.73614e-06	
1.99849e-06	1.99849e-06	
2.30536e-06	2.30536e-06	
2.60975e-06	2.60975e-06	
2.98456e-06	2.98456e-06	
3.41594e-06	3.41594e-06	
3.86909e-06	3.86909e-06	
4.30668e-06	4.30668e-06	
4.75416e-06	4.75416e-06	
5.28185e-06	5.28185e-06	
5.90376e-06	5.90376e-06	
6.50856e-06	6.50856e-06	
7.11189e-06	7.11189e-06	
7.81465e-06	7.81465e-06	
8.49259e-06	8.49259e-06	
9.09875e-06	9.09875e-06	
9.85957e-06	9.85957e-06	
1.06556e-05	1.06556e-05	
1.14316e-05	1.14316e-05	
1.23087e-05	1.23087e-05	
1.32286e-05	1.32286e-05	
1.41253e-05	1.41253e-05	
1.4934e-05	1.4934e-05	
1.58398e-05	1.58398e-05	
1.67019e-05	1.67019e-05	
1.75275e-05	1.75275e-05	
1.84585e-05	1.84585e-05	
1.93378e-05	1.93378e-05	
2.03521e-05	2.03521e-05	
2.12871e-05	2.12871e-05	
2.20976e-05	2.20976e-05	
2.287e-05	2.287e-05	
2.39469e-05	2.39469e-05	
2.46025e-05	2.46025e-05	
2.53721e-05	2.53721e-05	
2.61283e-05	2.61283e-05	
2.68394e-05	2.68394e-05	
2.74245e-05	2.74245e-05	
2.78707e-05	2.78707e-05	
2.83142e-05	2.83142e-05	
2.87378e-05	2.87378e-05	
2.89961e-05	2.89961e-05	
2.92632e-05	2.92632e-05	
2.95215e-05	2.95215e-05	
2.9751e-05	2.9751e-05	
2.97803e-05	2.97803e-05	
2.97933e-05	2.97933e-05	
2.97903e-05	2.97903e-05	
2.97719e-05	2.97719e-05	
2.97385e-05	2.97385e-05	
2.96905e-05	2.96905e-05	
2.96282e-05	2.96282e-05	
2.99698e-05	2.99698e-05	
2.94464e-05	2.94464e-05	
2.93444e-05	2.93444e-05	
2.92299e-05	2.92299e-05	
2.91036e-05	2.91036e-05	
2.89658e-05	2.89658e-05	
2.88169e-05	2.88169e-05	
2.86574e-05	2.86574e-05	
2.84878e-05	2.84878e-05	
2.83084e-05	2.83084e-05	
2.87082e-05	2.87082e-05	
2.78988e-05	2.78988e-05	
2.7693e-05	2.7693e-05	
2.73499e-05	2.73499e-05	
2.72629e-05	2.72629e-05	
2.70343e-05	2.70343e-05	
2.66569e-05	2.66569e-05	
2.65625e-05	2.65625e-05	
2.61639e-05	2.61639e-05	
2.60668e-05	2.60668e-05	
2.64476e-05	2.64476e-05	
2.5354e-05	2.5354e-05	
2.52566e-05	2.52566e-05	
2.48099e-05	2.48099e-05	
2.47144e-05	2.47144e-05	
2.44341e-05	2.44341e-05	
2.50979e-05	2.50979e-05	
2.38268e-05	2.38268e-05	
2.33383e-05	2.33383e-05	
2.4077e-05	2.4077e-05	
2.29292e-05	2.29292e-05	
2.24182e-05	2.24182e-05	
2.23469e-05	2.23469e-05	
2.31142e-05	2.31142e-05	
2.17089e-05	2.17089e-05	
2.16497e-05	2.16497e-05	
2.22496e-05	2.22496e-05	
2.05034e-05	2.05034e-05	
2.12408e-05	2.12408e-05	
2.09301e-05	2.09301e-05	
2.06196e-05	2.06196e-05	
2.03095e-05	2.03095e-05	
2.13299e-05	2.13299e-05	
1.96392e-05	1.96392e-05	
1.93323e-05	1.93323e-05	
1.90267e-05	1.90267e-05	
2.01824e-05	2.01824e-05	
1.83619e-05	1.83619e-05	
1.80615e-05	1.80615e-05	
1.87652e-05	1.87652e-05	
1.84516e-05	1.84516e-05	
1.98911e-05	1.98911e-05	
1.95518e-05	1.95518e-05	
1.73856e-05	1.73856e-05	
1.89529e-05	1.89529e-05	
1.86203e-05	1.86203e-05	
1.63391e-05	1.63391e-05	
1.72407e-05	1.72407e-05	
1.77469e-05	1.77469e-05	
1.86688e-05	1.86688e-05	
1.83267e-05	1.83267e-05	
1.79882e-05	1.79882e-05	
1.89772e-05	1.89772e-05	
1.86211e-05	1.86211e-05	
1.82691e-05	1.82691e-05	
1.82345e-05	1.82345e-05	
1.67631e-05	1.67631e-05	
1.92088e-05	1.92088e-05	
1.88351e-05	1.88351e-05	
1.76158e-05	1.76158e-05	
1.98585e-05	1.98585e-05	
2.1221e-05	2.1221e-05	
2.07972e-05	2.07972e-05	
2.18384e-05	2.18384e-05	
2.13968e-05	2.13968e-05	
2.28554e-05	2.28554e-05	
2.43172e-05	2.43172e-05	
2.38166e-05	2.38166e-05	
2.5125e-05	2.5125e-05	
2.62323e-05	2.62323e-05	
2.77586e-05	2.77586e-05	
3.14005e-05	3.14005e-05	
3.24565e-05	3.24565e-05	
3.39557e-05	3.39557e-05	
3.74635e-05	3.74635e-05	
4.30178e-05	4.30178e-05	
4.67037e-05	4.67037e-05	
4.75679e-05	4.75679e-05	
5.13075e-05	5.13075e-05	
5.45558e-05	5.45558e-05	
5.55791e-05	5.55791e-05	
5.91247e-05	5.91247e-05	
6.26664e-05	6.26664e-05	
6.62053e-05	6.62053e-05	
7.1854e-05	7.1854e-05	
7.53391e-05	7.53391e-05	
7.88231e-05	7.88231e-05	
8.45255e-05	8.45255e-05	
8.82392e-05	8.82392e-05	
9.1378e-05	9.1378e-05	
9.48111e-05	9.48111e-05	
0.000100908	0.000100908	
0.000106987	0.000106987	
0.000113967	0.000113967	
0.000119681	0.000119681	
0.000125698	0.000125698	
0.000134898	0.000134898	
0.000150246	0.000150246	
0.000155924	0.000155924	
0.000164611	0.000164611	
0.000173266	0.000173266	
0.000185686	0.000185686	
0.000204717	0.000204717	
0.0002101	0.0002101	
0.000221262	0.000221262	
0.000239349	0.000239349	
0.000254729	0.000254729	
0.000262467	0.000262467	
0.000278253	0.000278253	
0.000293175	0.000293175	
0.000311171	0.000311171	
0.000327072	0.000327072	
0.000345319	0.000345319	
0.000358946	0.000358946	
0.000375446	0.000375446	
0.000389325	0.000389325	
0.000407437	0.000407437	
0.000430257	0.000430257	
0.000448506	0.000448506	
0.000474719	0.000474719	
0.00049259	0.00049259	
0.000514534	0.000514534	
0.000541469	0.000541469	
0.000562567	0.000562567	
0.000583562	0.000583562	
0.000611715	0.000611715	
0.000635263	0.000635263	
0.000662167	0.000662167	
0.000696981	0.000696981	
0.000731024	0.000731024	
0.000761698	0.000761698	
0.000805303	0.000805303	
0.000843749	0.000843749	
0.000878692	0.000878692	
0.000917202	0.000917202	
0.000949379	0.000949379	
0.000999795	0.000999795	
0.00103169	0.00103169	
0.0010783	0.0010783	
0.00112223	0.00112223	
0.00116581	0.00116581	
0.0012281	0.0012281	
0.00127419	0.00127419	
0.00132786	0.00132786	
0.00137556	0.00137556	
0.00142602	0.00142602	
0.00148308	0.00148308	
0.00152626	0.00152626	
0.00158988	0.00158988	
0.00163789	0.00163789	
0.00170084	0.00170084	
0.00176126	0.00176126	
0.00183682	0.00183682	
0.00189999	0.00189999	
0.0019613	0.0019613	
0.00201935	0.00201935	
0.00207701	0.00207701	
0.00213574	0.00213574	
0.00220934	0.00220934	
0.00228086	0.00228086	
0.00234887	0.00234887	
0.00241557	0.00241557	
0.00249245	0.00249245	
0.00256717	0.00256717	
0.0026367	0.0026367	
0.00271041	0.00271041	
0.00278438	0.00278438	
0.00285782	0.00285782	
0.00294619	0.00294619	
0.00302063	0.00302063	
0.00309875	0.00309875	
0.0031864	0.0031864	
0.0032801	0.0032801	
0.00339101	0.00339101	
0.0034809	0.0034809	
0.00356662	0.00356662	
0.00368178	0.00368178	
0.00377259	0.00377259	
0.0038709	0.0038709	
0.00395835	0.00395835	
0.00406276	0.00406276	
0.00418774	0.00418774	
0.00430112	0.00430112	
0.0044211	0.0044211	
0.00454772	0.00454772	
0.0046741	0.0046741	
0.00481106	0.00481106	
0.00494271	0.00494271	
0.00507614	0.00507614	
0.00519621	0.00519621	
0.00534391	0.00534391	
0.00551804	0.00551804	
0.00568289	0.00568289	
0.00583649	0.00583649	
0.00599713	0.00599713	
0.00613897	0.00613897	
0.0062926	0.0062926	
0.00647108	0.00647108	
0.00664989	0.00664989	
0.00682339	0.00682339	
0.00701095	0.00701095	
0.00716246	0.00716246	
0.00736439	0.00736439	
0.00755487	0.00755487	
0.0077644	0.0077644	
0.00794914	0.00794914	
0.00813098	0.00813098	
0.00832793	0.00832793	
0.00857764	0.00857764	
0.00882426	0.00882426	
0.00904573	0.00904573	
0.00925234	0.00925234	
0.00948981	0.00948981	
0.00978193	0.00978193	
0.0100305	0.0100305	
0.0102581	0.0102581	
0.0105045	0.0105045	
0.0107429	0.0107429	
0.0109855	0.0109855	
0.0112189	0.0112189	
0.0114473	0.0114473	
0.0116915	0.0116915	
0.011983	0.011983	
0.0122571	0.0122571	
0.0125086	0.0125086	
0.0127393	0.0127393	
0.0130138	0.0130138	
0.013333	0.013333	
0.0135713	0.0135713	
0.0138533	0.0138533	
0.0142063	0.0142063	
0.0145878	0.0145878	
0.0149251	0.0149251	
0.0152327	0.0152327	
0.0155723	0.0155723	
0.0159096	0.0159096	
0.0162681	0.0162681	
0.0165595	0.0165595	
0.0168769	0.0168769	
0.0172789	0.0172789	
0.0177064	0.0177064	
0.0180683	0.0180683	
0.0184263	0.0184263	
0.0188367	0.0188367	
0.0192503	0.0192503	
0.0196438	0.0196438	
0.0200005	0.0200005	
0.0204546	0.0204546	
0.0209047	0.0209047	
0.0213302	0.0213302	
0.0217455	0.0217455	
0.0222497	0.0222497	
0.0227809	0.0227809	
0.0232009	0.0232009	
0.0237104	0.0237104	
0.0241752	0.0241752	
0.0247155	0.0247155	
0.0251544	0.0251544	
0.0256017	0.0256017	
0.0261097	0.0261097	
0.0265661	0.0265661	
0.0270025	0.0270025	
0.0275307	0.0275307	
0.0280875	0.0280875	
0.0286218	0.0286218	
0.0290491	0.0290491	
0.029558	0.029558	
0.0300911	0.0300911	
0.0305478	0.0305478	
0.0310427	0.0310427	
0.0316041	0.0316041	
0.0321895	0.0321895	
0.0327165	0.0327165	
0.03325	0.03325	
0.0338307	0.0338307	
0.0343046	0.0343046	
0.0348148	0.0348148	
0.0353954	0.0353954	
0.0359546	0.0359546	
0.0364447	0.0364447	
0.0370342	0.0370342	
0.0376013	0.0376013	
0.0380999	0.0380999	
0.0387313	0.0387313	
0.0393513	0.0393513	
0.0399276	0.0399276	
0.0405008	0.0405008	
0.0410541	0.0410541	
0.0415648	0.0415648	
0.0422433	0.0422433	
0.0429917	0.0429917	
0.0436019	0.0436019	
0.0443497	0.0443497	
0.045035	0.045035	
0.0456175	0.0456175	
0.0464277	0.0464277	
0.0471757	0.0471757	
0.0479713	0.0479713	
0.0487769	0.0487769	
0.0494486	0.0494486	
0.050367	0.050367	
0.0512578	0.0512578	
0.0520871	0.0520871	
0.0531129	0.0531129	
0.0539955	0.0539955	
0.0548957	0.0548957	
0.0557661	0.0557661	
0.0566942	0.0566942	
0.0576718	0.0576718	
0.0585817	0.0585817	
0.0595014	0.0595014	
0.0604862	0.0604862	
0.0616145	0.0616145	
0.0625155	0.0625155	
0.0633921	0.0633921	
0.0644635	0.0644635	
0.0655536	0.0655536	
0.0666676	0.0666676	
0.0675605	0.0675605	
0.0687141	0.0687141	
0.0698189	0.0698189	
0.0711072	0.0711072	
0.0723603	0.0723603	
0.0736391	0.0736391	
0.0748401	0.0748401	
0.0762362	0.0762362	
0.0772768	0.0772768	
0.078565	0.078565	
0.0798737	0.0798737	
0.0813109	0.0813109	
0.0825931	0.0825931	
0.0839719	0.0839719	
0.0854396	0.0854396	
0.0868881	0.0868881	
0.0881312	0.0881312	
0.0895683	0.0895683	
0.0909076	0.0909076	
0.092408	0.092408	
0.0938799	0.0938799	
0.0955359	0.0955359	
0.0973098	0.0973098	
0.0988165	0.0988165	
0.100511	0.100511	
0.102306	0.102306	
0.103837	0.103837	
0.105788	0.105788	
0.107659	0.107659	
0.109195	0.109195	
0.110967	0.110967	
0.112989	0.112989	
0.114724	0.114724	
0.116705	0.116705	
0.118661	0.118661	
0.120642	0.120642	
0.122605	0.122605	
0.124575	0.124575	
0.126558	0.126558	
0.128681	0.128681	
0.13063	0.13063	
0.132651	0.132651	
0.134546	0.134546	
0.136768	0.136768	
0.139108	0.139108	
0.141315	0.141315	
0.14381	0.14381	
0.146057	0.146057	
0.148546	0.148546	
0.150754	0.150754	
0.153195	0.153195	
0.155851	0.155851	
0.158873	0.158873	
0.161679	0.161679	
0.164592	0.164592	
0.167365	0.167365	
0.17011	0.17011	
0.172685	0.172685	
0.175425	0.175425	
0.178439	0.178439	
0.181295	0.181295	
0.184324	0.184324	
0.187255	0.187255	
0.190681	0.190681	
0.193868	0.193868	
0.197158	0.197158	
0.200611	0.200611	
0.203615	0.203615	
0.206912	0.206912	
0.210377	0.210377	
0.213947	0.213947	
0.217519	0.217519	
0.221315	0.221315	
0.225181	0.225181	
0.229096	0.229096	
0.233156	0.233156	
0.236962	0.236962	
0.240963	0.240963	
0.245221	0.245221	
0.249302	0.249302	
0.253266	0.253266	
0.257535	0.257535	
0.261873	0.261873	
0.266168	0.266168	
0.270651	0.270651	
0.274835	0.274835	
0.27944	0.27944	
0.283741	0.283741	
0.288083	0.288083	
0.292903	0.292903	
0.297645	0.297645	
0.302417	0.302417	
0.30724	0.30724	
0.31228	0.31228	
0.317295	0.317295	
0.321914	0.321914	
0.326671	0.326671	
0.331436	0.331436	
0.3364	0.3364	
0.341276	0.341276	
0.346213	0.346213	
0.350878	0.350878	
0.355973	0.355973	
0.36103	0.36103	
0.366378	0.366378	
0.371842	0.371842	
0.377725	0.377725	
0.383188	0.383188	
0.389034	0.389034	
0.394235	0.394235	
0.399898	0.399898	
0.405148	0.405148	
0.41075	0.41075	
0.416073	0.416073	
0.421895	0.421895	
0.427369	0.427369	
0.433228	0.433228	
0.439391	0.439391	
0.445659	0.445659	
0.451692	0.451692	
0.457653	0.457653	
0.463835	0.463835	
0.469635	0.469635	
0.476081	0.476081	
0.482963	0.482963	
0.490089	0.490089	
0.497549	0.497549	
0.505464	0.505464	
0.51317	0.51317	
0.520849	0.520849	
0.528136	0.528136	
0.535258	0.535258	
0.542621	0.542621	
0.550344	0.550344	
0.558132	0.558132	
0.56662	0.56662	
0.575023	0.575023	
0.583692	0.583692	
0.591856	0.591856	
0.60036	0.60036	
0.608397	0.608397	
0.616726	0.616726	
0.625221	0.625221	
0.634543	0.634543	
0.643726	0.643726	
0.653449	0.653449	
0.663311	0.663311	
0.673639	0.673639	
0.684177	0.684177	
0.694032	0.694032	
0.704446	0.704446	
0.715312	0.715312	
0.726075	0.726075	
0.736969	0.736969	
0.747398	0.747398	
0.758074	0.758074	
0.768714	0.768714	
0.78019	0.78019	
0.792105	0.792105	
0.804776	0.804776	
0.818082	0.818082	
0.831377	0.831377	
0.844735	0.844735	
0.858618	0.858618	
0.87249	0.87249	
0.886225	0.886225	
0.900117	0.900117	
0.914033	0.914033	
0.927872	0.927872	
0.94197	0.94197	
0.956654	0.956654	
0.97151	0.97151	
0.986706	0.986706	
1.00226	1.00226	
1.01761	1.01761	
1.03232	1.03232	
1.04732	1.04732	
1.06179	1.06179	
1.07647	1.07647	
1.09139	1.09139	
1.10588	1.10588	
1.12047	1.12047	
1.13526	1.13526	
1.14954	1.14954	
1.1644	1.1644	
1.17888	1.17888	
1.19389	1.19389	
1.20918	1.20918	
1.22457	1.22457	
1.2397	1.2397	
1.25426	1.25426	
1.26984	1.26984	
1.28564	1.28564	
1.30195	1.30195	
1.31879	1.31879	
1.33559	1.33559	
1.35236	1.35236	
1.36903	1.36903	
1.3853	1.3853	
1.40091	1.40091	
1.41593	1.41593	
1.43143	1.43143	
1.44833	1.44833	
1.46628	1.46628	
1.48513	1.48513	
1.50347	1.50347	
1.52142	1.52142	
1.54043	1.54043	
1.55904	1.55904	
1.57805	1.57805	
1.59695	1.59695	
1.61664	1.61664	
1.63765	1.63765	
1.65921	1.65921	
1.68135	1.68135	
1.70374	1.70374	
1.7259	1.7259	
1.74839	1.74839	
1.77149	1.77149	
1.79439	1.79439	
1.81724	1.81724	
1.84046	1.84046	
1.86441	1.86441	
1.88931	1.88931	
1.91385	1.91385	
1.9367	1.9367	
1.95826	1.95826	
1.97906	1.97906	
1.99959	1.99959	
2.01976	2.01976	
2.04013	2.04013	
2.06103	2.06103	
2.08138	2.08138	
2.10142	2.10142	
2.12169	2.12169	
2.14219	2.14219	
2.16269	2.16269	
2.18235	2.18235	
2.20172	2.20172	
2.22068	2.22068	
2.24002	2.24002	
2.26006	2.26006	
2.28025	2.28025	
2.30129	2.30129	
2.3221	2.3221	
2.34237	2.34237	
2.36288	2.36288	
2.3846	2.3846	
2.40661	2.40661	
2.43039	2.43039	
2.45493	2.45493	
2.47963	2.47963	
2.50375	2.50375	
2.52807	2.52807	
2.55373	2.55373	
2.57983	2.57983	
2.60747	2.60747	
2.63663	2.63663	
2.66641	2.66641	
2.69652	2.69652	
2.72511	2.72511	
2.75212	2.75212	
2.77753	2.77753	
2.80228	2.80228	
2.82602	2.82602	
2.84925	2.84925	
2.87158	2.87158	
2.89333	2.89333	
2.91526	2.91526	
2.93842	2.93842	
2.96163	2.96163	
2.98473	2.98473	
3.00633	3.00633	
3.02623	3.02623	
3.04682	3.04682	
3.06809	3.06809	
3.09076	3.09076	
3.11372	3.11372	
3.13714	3.13714	
3.16197	3.16197	
3.1882	3.1882	
3.21541	3.21541	
3.2434	3.2434	
3.27112	3.27112	
3.29908	3.29908	
3.32837	3.32837	
3.35816	3.35816	
3.38768	3.38768	
3.41615	3.41615	
3.44525	3.44525	
3.47366	3.47366	
3.50049	3.50049	
3.52478	3.52478	
3.54718	3.54718	
3.5681	3.5681	
3.58903	3.58903	
3.61032	3.61032	
3.63083	3.63083	
3.65011	3.65011	
3.66909	3.66909	
3.68805	3.68805	
3.70764	3.70764	
3.72786	3.72786	
3.749	3.749	
3.77099	3.77099	
3.79423	3.79423	
3.81862	3.81862	
3.8454	3.8454	
3.87253	3.87253	
3.9012	3.9012	
3.93057	3.93057	
3.96175	3.96175	
3.99412	3.99412	
4.02672	4.02672	
4.05962	4.05962	
4.09223	4.09223	
4.12257	4.12257	
4.15025	4.15025	
4.17424	4.17424	
4.1958	4.1958	
4.21647	4.21647	
4.23673	4.23673	
4.25585	4.25585	
4.27288	4.27288	
4.28813	4.28813	
4.30229	4.30229	
4.31615	4.31615	
4.33015	4.33015	
4.34414	4.34414	
4.35877	4.35877	
4.37605	4.37605	
4.39649	4.39649	
4.42032	4.42032	
4.44606	4.44606	
4.47226	4.47226	
4.49907	4.49907	
4.52791	4.52791	
4.55717	4.55717	
4.58686	4.58686	
4.61444	4.61444	
4.63923	4.63923	
4.66183	4.66183	
4.68385	4.68385	
4.70478	4.70478	
4.72326	4.72326	
4.741	4.741	
4.75778	4.75778	
4.77218	4.77218	
4.78521	4.78521	
4.79774	4.79774	
4.81019	4.81019	
4.82364	4.82364	
4.83909	4.83909	
4.85733	4.85733	
4.87915	4.87915	
4.90265	4.90265	
4.92529	4.92529	
4.95009	4.95009	
4.97677	4.97677	
5.00356	5.00356	
5.02892	5.02892	
5.05094	5.05094	
5.07075	5.07075	
5.08774	5.08774	
5.10264	5.10264	
5.11588	5.11588	
5.12757	5.12757	
5.13602	5.13602	
5.14233	5.14233	
5.14662	5.14662	
5.15092	5.15092	
5.15524	5.15524	
5.16103	5.16103	
5.16917	5.16917	
5.18015	5.18015	
5.19326	5.19326	
5.20844	5.20844	
5.22559	5.22559	
5.24397	5.24397	
5.26399	5.26399	
5.28356	5.28356	
5.30233	5.30233	
5.31889	5.31889	
5.33429	5.33429	
5.34756	5.34756	
5.35755	5.35755	
5.36437	5.36437	
5.36917	5.36917	
5.37207	5.37207	
5.37483	5.37483	
5.37713	5.37713	
5.38094	5.38094	
5.38594	5.38594	
5.39251	5.39251	
5.40029	5.40029	
5.41057	5.41057	
5.4227	5.4227	
5.43577	5.43577	
5.45156	5.45156	
5.46837	5.46837	
5.48495	5.48495	
5.501	5.501	
5.51657	5.51657	
5.52868	5.52868	
5.53713	5.53713	
5.54152	5.54152	
5.5427	5.5427	
5.54084	5.54084	
5.53824	5.53824	
5.53516	5.53516	
5.53028	5.53028	
5.52504	5.52504	
5.51999	5.51999	
5.51573	5.51573	
5.51401	5.51401	
5.51418	5.51418	
5.51664	5.51664	
5.52218	5.52218	
5.528	5.528	
5.53328	5.53328	
5.53779	5.53779	
5.54003	5.54003	
5.53961	5.53961	
5.53728	5.53728	
5.53429	5.53429	
5.53	5.53	
5.52435	5.52435	
5.51751	5.51751	
5.51028	5.51028	
5.50255	5.50255	
5.49515	5.49515	
5.4873	5.4873	
5.48211	5.48211	
5.47903	5.47903	
5.47677	5.47677	
5.47453	5.47453	
5.47417	5.47417	
5.4742	5.4742	
5.47481	5.47481	
5.47464	5.47464	
5.47306	5.47306	
5.47021	5.47021	
5.46625	5.46625	
5.46059	5.46059	
5.45415	5.45415	
5.44601	5.44601	
5.43828	5.43828	
5.42742	5.42742	
5.41787	5.41787	
5.40911	5.40911	
5.39876	5.39876	
5.38926	5.38926	
5.38064	5.38064	
5.37228	5.37228	
5.36391	5.36391	
5.35482	5.35482	
5.34533	5.34533	
5.3336	5.3336	
5.32034	5.32034	
5.30535	5.30535	
5.29015	5.29015	
5.27494	5.27494	
5.26157	5.26157	
5.24613	5.24613	
5.23203	5.23203	
5.2188	5.2188	
5.20236	5.20236	
5.18726	5.18726	
5.17378	5.17378	
5.16072	5.16072	
5.14802	5.14802	
5.13462	5.13462	
5.12054	5.12054	
5.10618	5.10618	
5.09074	5.09074	
5.07472	5.07472	
5.05888	5.05888	
5.04186	5.04186	
5.02345	5.02345	
5.00446	5.00446	
4.98517	4.98517	
4.96566	4.96566	
4.94718	4.94718	
4.92988	4.92988	
4.91333	4.91333	
4.8973	4.8973	
4.88244	4.88244	
4.86704	4.86704	
4.85017	4.85017	
4.8319	4.8319	
4.8118	4.8118	
4.79098	4.79098	
4.77011	4.77011	
4.74887	4.74887	
4.72691	4.72691	
4.70487	4.70487	
4.68214	4.68214	
4.65956	4.65956	
4.63601	4.63601	
4.61265	4.61265	
4.58995	4.58995	
4.56823	4.56823	
4.54734	4.54734	
4.52779	4.52779	
4.50839	4.50839	
4.48901	4.48901	
4.46848	4.46848	
4.4473	4.4473	
4.42455	4.42455	
4.40073	4.40073	
4.37614	4.37614	
4.35092	4.35092	
4.32498	4.32498	
4.29897	4.29897	
4.27311	4.27311	
4.24722	4.24722	
4.22227	4.22227	
4.19821	4.19821	
4.17408	4.17408	
4.1506	4.1506	
4.1283	4.1283	
4.10641	4.10641	
4.08428	4.08428	
4.06206	4.06206	
4.0395	4.0395	
4.01533	4.01533	
3.99	3.99	
3.96429	3.96429	
3.93886	3.93886	
3.9133	3.9133	
3.887	3.887	
3.86016	3.86016	
3.83285	3.83285	
3.8064	3.8064	
3.78039	3.78039	
3.75418	3.75418	
3.72788	3.72788	
3.70194	3.70194	
3.67807	3.67807	
3.65418	3.65418	
3.63004	3.63004	
3.60536	3.60536	
3.58004	3.58004	
3.5543	3.5543	
3.52814	3.52814	
3.50169	3.50169	
3.47465	3.47465	
3.44689	3.44689	
3.41844	3.41844	
3.38961	3.38961	
3.36111	3.36111	
3.33331	3.33331	
3.30668	3.30668	
3.281	3.281	
3.25564	3.25564	
3.23091	3.23091	
3.20686	3.20686	
3.18324	3.18324	
3.15901	3.15901	
3.13482	3.13482	
3.11049	3.11049	
3.08505	3.08505	
3.05919	3.05919	
3.03237	3.03237	
3.00527	3.00527	
2.97761	2.97761	
2.94962	2.94962	
2.92165	2.92165	
2.894	2.894	
2.86623	2.86623	
2.83881	2.83881	
2.81159	2.81159	
2.78472	2.78472	
2.75867	2.75867	
2.7337	2.7337	
2.71021	2.71021	
2.68706	2.68706	
2.66428	2.66428	
2.64064	2.64064	
2.61712	2.61712	
2.59299	2.59299	
2.56806	2.56806	
2.54291	2.54291	
2.51777	2.51777	
2.49222	2.49222	
2.46616	2.46616	
2.43947	2.43947	
2.41215	2.41215	
2.3847	2.3847	
2.35778	2.35778	
2.3316	2.3316	
2.30665	2.30665	
2.28265	2.28265	
2.2591	2.2591	
2.23667	2.23667	
2.21463	2.21463	
2.19287	2.19287	
2.17126	2.17126	
2.14911	2.14911	
2.12709	2.12709	
2.10456	2.10456	
2.08132	2.08132	
2.05754	2.05754	
2.03345	2.03345	
2.0086	2.0086	
1.98316	1.98316	
1.95704	1.95704	
1.93115	1.93115	
1.90536	1.90536	
1.88002	1.88002	
1.85482	1.85482	
1.83011	1.83011	
1.80659	1.80659	
1.7841	1.7841	
1.76254	1.76254	
1.74144	1.74144	
1.72112	1.72112	
1.70117	1.70117	
1.68208	1.68208	
1.66266	1.66266	
1.64317	1.64317	
1.62344	1.62344	
1.60293	1.60293	
1.58187	1.58187	
1.56007	1.56007	
1.53764	1.53764	
1.515	1.515	
1.49247	1.49247	
1.46995	1.46995	
1.44725	1.44725	
1.42498	1.42498	
1.40279	1.40279	
1.38107	1.38107	
1.35981	1.35981	
1.33918	1.33918	
1.31955	1.31955	
1.30115	1.30115	
1.28377	1.28377	
1.26713	1.26713	
1.2506	1.2506	
1.23414	1.23414	
1.21783	1.21783	
1.20161	1.20161	
1.18542	1.18542	
1.16902	1.16902	
1.1523	1.1523	
1.13517	1.13517	
1.11757	1.11757	
1.09933	1.09933	
1.08069	1.08069	
1.06169	1.06169	
1.0427	1.0427	
1.02403	1.02403	
1.00546	1.00546	
0.987284	0.987284	
0.969364	0.969364	
0.951667	0.951667	
0.934093	0.934093	
0.917001	0.917001	
0.900292	0.900292	
0.884508	0.884508	
0.869704	0.869704	
0.8552	0.8552	
0.840982	0.840982	
0.826851	0.826851	
0.812738	0.812738	
0.798765	0.798765	
0.785085	0.785085	
0.77159	0.77159	
0.758171	0.758171	
0.744839	0.744839	
0.731418	0.731418	
0.718152	0.718152	
0.705038	0.705038	
0.691932	0.691932	
0.678658	0.678658	
0.665304	0.665304	
0.652131	0.652131	
0.639215	0.639215	
0.626543	0.626543	
0.614224	0.614224	
0.602079	0.602079	
0.589877	0.589877	
0.578016	0.578016	
0.566385	0.566385	
0.554961	0.554961	
0.543845	0.543845	
0.533038	0.533038	
0.522511	0.522511	
0.512034	0.512034	
0.501759	0.501759	
0.49173	0.49173	
0.481964	0.481964	
0.472503	0.472503	
0.462948	0.462948	
0.45352	0.45352	
0.44424	0.44424	
0.435099	0.435099	
0.425912	0.425912	
0.416892	0.416892	
0.408199	0.408199	
0.399716	0.399716	
0.391577	0.391577	
0.38362	0.38362	
0.375667	0.375667	
0.36767	0.36767	
0.359716	0.359716	
0.351789	0.351789	
0.344064	0.344064	
0.336769	0.336769	
0.329695	0.329695	
0.322803	0.322803	
0.315969	0.315969	
0.309059	0.309059	
0.302222	0.302222	
0.295554	0.295554	
0.289019	0.289019	
0.282699	0.282699	
0.276327	0.276327	
0.270075	0.270075	
0.263904	0.263904	
0.257775	0.257775	
0.251886	0.251886	
0.24617	0.24617	
0.240568	0.240568	
0.235132	0.235132	
0.229689	0.229689	
0.224567	0.224567	
0.219503	0.219503	
0.214703	0.214703	
0.20986	0.20986	
0.205211	0.205211	
0.200601	0.200601	
0.19613	0.19613	
0.191971	0.191971	
0.187729	0.187729	
0.183698	0.183698	
0.179783	0.179783	
0.175787	0.175787	
0.171996	0.171996	
0.168158	0.168158	
0.164191	0.164191	
0.160484	0.160484	
0.156777	0.156777	
0.153104	0.153104	
0.149535	0.149535	
0.146059	0.146059	
0.142704	0.142704	
0.139316	0.139316	
0.136006	0.136006	
0.132856	0.132856	
0.129665	0.129665	
0.126606	0.126606	
0.123627	0.123627	
0.120845	0.120845	
0.11816	0.11816	
0.115469	0.115469	
0.112927	0.112927	
0.110384	0.110384	
0.107949	0.107949	
0.10555	0.10555	
0.103227	0.103227	
0.100884	0.100884	
0.0985105	0.0985105	
0.0963099	0.0963099	
0.0941475	0.0941475	
0.0919481	0.0919481	
0.0897647	0.0897647	
0.0877473	0.0877473	
0.0856166	0.0856166	
0.0835157	0.0835157	
0.0815034	0.0815034	
0.0796643	0.0796643	
0.0778178	0.0778178	
0.0760354	0.0760354	
0.0742864	0.0742864	
0.0726457	0.0726457	
0.0710476	0.0710476	
0.0694478	0.0694478	
0.0679725	0.0679725	
0.0666476	0.0666476	
0.0653891	0.0653891	
0.06411	0.06411	
0.0628863	0.0628863	
0.0616923	0.0616923	
0.0604875	0.0604875	
0.0591884	0.0591884	
0.0579842	0.0579842	
0.0567764	0.0567764	
0.0556225	0.0556225	
0.0544893	0.0544893	
0.053253	0.053253	
0.0519667	0.0519667	
0.0507297	0.0507297	
0.0494454	0.0494454	
0.0481641	0.0481641	
0.0469705	0.0469705	
0.0457641	0.0457641	
0.0445543	0.0445543	
0.0433488	0.0433488	
0.0421507	0.0421507	
0.0409035	0.0409035	
0.0396835	0.0396835	
0.0385371	0.0385371	
0.0374312	0.0374312	
0.0363206	0.0363206	
0.0352802	0.0352802	
0.0343376	0.0343376	
0.0333902	0.0333902	
0.0324525	0.0324525	
0.0314659	0.0314659	
0.0305871	0.0305871	
0.0297605	0.0297605	
0.02896	0.02896	
0.0281403	0.0281403	
0.0273592	0.0273592	
0.0266142	0.0266142	
0.0259555	0.0259555	
0.025307	0.025307	
0.02472	0.02472	
0.0240709	0.0240709	
0.0235109	0.0235109	
0.0229952	0.0229952	
0.0224876	0.0224876	
0.0220165	0.0220165	
0.021538	0.021538	
0.0211613	0.0211613	
0.0207857	0.0207857	
0.0205023	0.0205023	
0.020266	0.020266	
0.0199168	0.0199168	
0.0195943	0.0195943	
0.0192874	0.0192874	
0.0190142	0.0190142	
0.0188429	0.0188429	
0.0186305	0.0186305	
0.0183398	0.0183398	
0.0181069	0.0181069	
0.017898	0.017898	
0.0176242	0.0176242	
0.0172973	0.0172973	
0.0169272	0.0169272	
0.0166123	0.0166123	
0.0163583	0.0163583	
0.0161205	0.0161205	
0.0158713	0.0158713	
0.0155971	0.0155971	
0.015365	0.015365	
0.0151212	0.0151212	
0.014936	0.014936	
0.0148378	0.0148378	
0.0146995	0.0146995	
0.01456	0.01456	
0.0144581	0.0144581	
0.0143979	0.0143979	
0.0143507	0.0143507	
0.0142935	0.0142935	
0.0141605	0.0141605	
0.0140451	0.0140451	
0.0139832	0.0139832	
0.0138929	0.0138929	
0.0138057	0.0138057	
0.0136653	0.0136653	
0.0135423	0.0135423	
0.0134943	0.0134943	
0.0133782	0.0133782	
0.0132224	0.0132224	
0.01311	0.01311	
0.0131084	0.0131084	
0.0130921	0.0130921	
0.0130964	0.0130964	
0.0131577	0.0131577	
0.0133179	0.0133179	
0.0134824	0.0134824	
0.0136398	0.0136398	
0.0138039	0.0138039	
0.0139548	0.0139548	
0.0141386	0.0141386	
0.0143505	0.0143505	
0.0146756	0.0146756	
0.0148698	0.0148698	
0.0150011	0.0150011	
0.0151589	0.0151589	
0.0152554	0.0152554	
0.0153134	0.0153134	
0.0153672	0.0153672	
0.0154575	0.0154575	
0.0154658	0.0154658	
0.0154937	0.0154937	
0.015527	0.015527	
0.0155565	0.0155565	
0.01553	0.01553	
0.0155793	0.0155793	
0.0156976	0.0156976	
0.0157479	0.0157479	
0.0158446	0.0158446	
0.0159969	0.0159969	
0.0161574	0.0161574	
0.016289	0.016289	
0.0165879	0.0165879	
0.0168087	0.0168087	
0.0169293	0.0169293	
0.0170592	0.0170592	
0.0170539	0.0170539	
0.0170983	0.0170983	
0.0172204	0.0172204	
0.0172472	0.0172472	
0.0172112	0.0172112	
0.0172481	0.0172481	
0.0171526	0.0171526	
0.0170366	0.0170366	
0.0169444	0.0169444	
0.0168797	0.0168797	
0.0168675	0.0168675	
0.0167671	0.0167671	
0.0167512	0.0167512	
0.0167508	0.0167508	
0.016774	0.016774	
0.0168206	0.0168206	
0.0169742	0.0169742	
0.0170328	0.0170328	
0.0170603	0.0170603	
0.0171229	0.0171229	
0.0171922	0.0171922	
0.0172573	0.0172573	
0.0173553	0.0173553	
0.0174546	0.0174546	
0.0174121	0.0174121	
0.0174169	0.0174169	
0.0173791	0.0173791	
0.0173185	0.0173185	
0.0172252	0.0172252	
0.0171629	0.0171629	
0.0171687	0.0171687	
0.0170782	0.0170782	
0.0170355	0.0170355	
0.0170453	0.0170453	
0.0170367	0.0170367	
0.0170465	0.0170465	
0.0171723	0.0171723	
0.0172843	0.0172843	
0.0173466	0.0173466	
0.0174207	0.0174207	
0.0175124	0.0175124	
0.0175919	0.0175919	
0.0177959	0.0177959	
0.017976	0.017976	
0.0180257	0.0180257	
0.0180414	0.0180414	
0.0179928	0.0179928	
0.0178726	0.0178726	
0.0177792	0.0177792	
0.0177343	0.0177343	
0.0176173	0.0176173	
0.017512	0.017512	
0.0175361	0.0175361	
0.017432	0.017432	
0.0173312	0.0173312	
0.0171948	0.0171948	
0.0171672	0.0171672	
0.0170964	0.0170964	
0.0170461	0.0170461	
0.0170373	0.0170373	
0.0170188	0.0170188	
0.0170077	0.0170077	
0.0170363	0.0170363	
0.0170732	0.0170732	
0.0169418	0.0169418	
0.0168799	0.0168799	
0.0168194	0.0168194	
0.0167673	0.0167673	
0.0167169	0.0167169	
0.0167185	0.0167185	
0.0166942	0.0166942	
0.0165668	0.0165668	
0.0163479	0.0163479	
0.0162453	0.0162453	
0.0161512	0.0161512	
0.016055	0.016055	
0.0160213	0.0160213	
0.0160495	0.0160495	
0.0161155	0.0161155	
0.0160693	0.0160693	
0.0161156	0.0161156	
0.0162192	0.0162192	
0.016317	0.016317	
0.0164463	0.0164463	
0.0165722	0.0165722	
0.0167724	0.0167724	
0.0168963	0.0168963	
0.0169878	0.0169878	
0.0170791	0.0170791	
0.0171251	0.0171251	
0.0171373	0.0171373	
0.0172199	0.0172199	
0.0172366	0.0172366	
0.0171698	0.0171698	
0.0170128	0.0170128	
0.016892	0.016892	
0.0167504	0.0167504	
0.0166969	0.0166969	
0.0165392	0.0165392	
0.0164115	0.0164115	
0.0162722	0.0162722	
0.0161278	0.0161278	
0.0160058	0.0160058	
0.0158734	0.0158734	
0.0157494	0.0157494	
0.0157204	0.0157204	
0.0156774	0.0156774	
0.015619	0.015619	
0.0154863	0.0154863	
0.0153223	0.0153223	
0.0151687	0.0151687	
0.0150053	0.0150053	
0.0148892	0.0148892	
0.014686	0.014686	
0.0144925	0.0144925	
0.0143401	0.0143401	
0.0141202	0.0141202	
0.013929	0.013929	
0.0137179	0.0137179	
0.0134912	0.0134912	
0.0132823	0.0132823	
0.0131538	0.0131538	
0.0130936	0.0130936	
0.0130783	0.0130783	
0.0130233	0.0130233	
0.01304	0.01304	
0.0130168	0.0130168	
0.0131558	0.0131558	
0.0133056	0.0133056	
0.0133872	0.0133872	
0.0135184	0.0135184	
0.0136308	0.0136308	
0.0138274	0.0138274	
0.0140026	0.0140026	
0.0141047	0.0141047	
0.014186	0.014186	
0.0143247	0.0143247	
0.0143457	0.0143457	
0.0144372	0.0144372	
0.0145237	0.0145237	
0.0146166	0.0146166	
0.0146894	0.0146894	
0.0147262	0.0147262	
0.0148022	0.0148022	
0.0148534	0.0148534	
0.0149236	0.0149236	
0.0149681	0.0149681	
0.0150598	0.0150598	
0.0152298	0.0152298	
0.015333	0.015333	
0.0153928	0.0153928	
0.0154445	0.0154445	
0.0154504	0.0154504	
0.0154683	0.0154683	
0.0155181	0.0155181	
0.0156363	0.0156363	
0.0155835	0.0155835	
0.0154456	0.0154456	
0.015377	0.015377	
0.0153288	0.0153288	
0.0152109	0.0152109	
0.0151624	0.0151624	
0.0151169	0.0151169	
0.0150217	0.0150217	
0.0149129	0.0149129	
0.014712	0.014712	
0.0146364	0.0146364	
0.0146133	0.0146133	
0.0146213	0.0146213	
0.0146407	0.0146407	
0.0146187	0.0146187	
0.0146497	0.0146497	
0.0146983	0.0146983	
0.0146894	0.0146894	
0.0147271	0.0147271	
0.0148379	0.0148379	
0.014884	0.014884	
0.0149139	0.0149139	
0.0149454	0.0149454	
0.0150724	0.0150724	
0.0151095	0.0151095	
0.0151042	0.0151042	
0.0151405	0.0151405	
0.0151869	0.0151869	
0.0152632	0.0152632	
0.015332	0.015332	
0.0153111	0.0153111	
0.0153675	0.0153675	
0.0154844	0.0154844	
0.0155119	0.0155119	
0.015534	0.015534	
0.0155421	0.0155421	
0.0156116	0.0156116	
0.0157161	0.0157161	
0.0158189	0.0158189	
0.0159915	0.0159915	
0.0161238	0.0161238	
0.0162458	0.0162458	
0.0163603	0.0163603	
0.0165633	0.0165633	
0.0167031	0.0167031	
0.0168336	0.0168336	
0.017088	0.017088	
0.0173749	0.0173749	
0.0176325	0.0176325	
0.0179285	0.0179285	
0.0182278	0.0182278	
0.0185413	0.0185413	
0.0190023	0.0190023	
0.0194147	0.0194147	
0.019782	0.019782	
0.0201974	0.0201974	
0.0205878	0.0205878	
0.0209722	0.0209722	
0.021345	0.021345	
0.0217053	0.0217053	
0.0220288	0.0220288	
0.0223611	0.0223611	
0.0227141	0.0227141	
0.0230222	0.0230222	
0.0233244	0.0233244	
0.0235665	0.0235665	
0.0237741	0.0237741	
0.0239316	0.0239316	
0.0240609	0.0240609	
0.0242287	0.0242287	
0.0243839	0.0243839	
0.0244338	0.0244338	
0.0244495	0.0244495	
0.0244326	0.0244326	
0.0243953	0.0243953	
0.0243449	0.0243449	
0.0243977	0.0243977	
0.0243881	0.0243881	
0.0243008	0.0243008	
0.0242134	0.0242134	
0.0240704	0.0240704	
0.0238785	0.0238785	
0.0238014	0.0238014	
0.0236846	0.0236846	
0.0235958	0.0235958	
0.0234959	0.0234959	
0.0233884	0.0233884	
0.0232036	0.0232036	
0.0231704	0.0231704	
0.0230714	0.0230714	
0.0229121	0.0229121	
0.0228243	0.0228243	
0.022703	0.022703	
0.0225985	0.0225985	
0.0224973	0.0224973	
0.0224236	0.0224236	
0.0223635	0.0223635	
0.022225	0.022225	
0.0220434	0.0220434	
0.021935	0.021935	
0.0218444	0.0218444	
0.0217063	0.0217063	
0.021539	0.021539	
0.0214679	0.0214679	
0.0214108	0.0214108	
0.0212462	0.0212462	
0.0210796	0.0210796	
0.0208854	0.0208854	
0.0207798	0.0207798	
0.0206722	0.0206722	
0.0205184	0.0205184	
0.020353	0.020353	
0.0201869	0.0201869	
0.0200328	0.0200328	
0.0199083	0.0199083	
0.0197254	0.0197254	
0.0195072	0.0195072	
0.0193294	0.0193294	
0.0192264	0.0192264	
0.0190857	0.0190857	
0.0189537	0.0189537	
0.0187069	0.0187069	
0.0185207	0.0185207	
0.0183044	0.0183044	
0.0181142	0.0181142	
0.0179228	0.0179228	
0.0177911	0.0177911	
0.0176332	0.0176332	
0.0174975	0.0174975	
0.0173733	0.0173733	
0.017257	0.017257	
0.0171066	0.0171066	
0.0169362	0.0169362	
0.0167676	0.0167676	
0.0166078	0.0166078	
0.0165253	0.0165253	
0.0165201	0.0165201	
0.016567	0.016567	
0.0165549	0.0165549	
0.0165395	0.0165395	
0.0165532	0.0165532	
0.0165755	0.0165755	
0.0166376	0.0166376	
0.0167221	0.0167221	
0.0167122	0.0167122	
0.0166628	0.0166628	
0.0166269	0.0166269	
0.0166887	0.0166887	
0.0167688	0.0167688	
0.0168611	0.0168611	
0.0169314	0.0169314	
0.0169299	0.0169299	
0.0170287	0.0170287	
0.0171205	0.0171205	
0.0172772	0.0172772	
0.017323	0.017323	
0.017505	0.017505	
0.0177142	0.0177142	
0.0178135	0.0178135	
0.0179253	0.0179253	
0.0180181	0.0180181	
0.0181371	0.0181371	
0.0182364	0.0182364	
0.0182901	0.0182901	
0.0184393	0.0184393	
0.0186203	0.0186203	
0.0187216	0.0187216	
0.0188509	0.0188509	
0.0189454	0.0189454	
0.0190298	0.0190298	
0.019214	0.019214	
0.0193218	0.0193218	
0.0195345	0.0195345	
0.0196226	0.0196226	
0.0196272	0.0196272	
0.0196762	0.0196762	
0.0196254	0.0196254	
0.0196695	0.0196695	
0.0197725	0.0197725	
0.0199373	0.0199373	
0.0199848	0.0199848	
0.0200231	0.0200231	
0.0199818	0.0199818	
0.0199164	0.0199164	
0.0198919	0.0198919	
0.0200562	0.0200562	
0.0201462	0.0201462	
0.0201648	0.0201648	
0.0202679	0.0202679	
0.0203513	0.0203513	
0.0204823	0.0204823	
0.0206452	0.0206452	
0.0207172	0.0207172	
0.0207956	0.0207956	
0.0208512	0.0208512	
0.0209275	0.0209275	
0.0211742	0.0211742	
0.0213295	0.0213295	
0.0214489	0.0214489	
0.0215185	0.0215185	
0.0215883	0.0215883	
0.0218166	0.0218166	
0.0219837	0.0219837	
0.0221106	0.0221106	
0.0222463	0.0222463	
0.0223613	0.0223613	
0.0225751	0.0225751	
0.0227176	0.0227176	
0.0228562	0.0228562	
0.0229798	0.0229798	
0.0232487	0.0232487	
0.0234864	0.0234864	
0.0236657	0.0236657	
0.0238762	0.0238762	
0.0241529	0.0241529	
0.0245588	0.0245588	
0.0248822	0.0248822	
0.0251994	0.0251994	
0.0254647	0.0254647	
0.0259709	0.0259709	
0.0264466	0.0264466	
0.0269053	0.0269053	
0.0272229	0.0272229	
0.0276328	0.0276328	
0.0280653	0.0280653	
0.0285045	0.0285045	
0.0287987	0.0287987	
0.0292711	0.0292711	
0.0296153	0.0296153	
0.0299321	0.0299321	
0.0301548	0.0301548	
0.0303699	0.0303699	
0.0305751	0.0305751	
0.030704	0.030704	
0.0307145	0.0307145	
0.0306771	0.0306771	
0.0307434	0.0307434	
0.030701	0.030701	
0.0305911	0.0305911	
0.030369	0.030369	
0.0301872	0.0301872	
0.0300687	0.0300687	
0.0298126	0.0298126	
0.0296183	0.0296183	
0.0292902	0.0292902	
0.0290409	0.0290409	
0.0288694	0.0288694	
0.0286263	0.0286263	
0.0284319	0.0284319	
0.0281356	0.0281356	
0.0278712	0.0278712	
0.0277413	0.0277413	
0.0274559	0.0274559	
0.0271647	0.0271647	
0.0269495	0.0269495	
0.0267249	0.0267249	
0.0265122	0.0265122	
0.0263698	0.0263698	
0.0261965	0.0261965	
0.0259663	0.0259663	
0.0257359	0.0257359	
0.0255861	0.0255861	
0.0255129	0.0255129	
0.0254883	0.0254883	
0.0254343	0.0254343	
0.0253671	0.0253671	
0.0253679	0.0253679	
0.0254431	0.0254431	
0.0256043	0.0256043	
0.0256952	0.0256952	
0.0257225	0.0257225	
0.0258557	0.0258557	
0.0258944	0.0258944	
0.026121	0.026121	
0.0263847	0.0263847	
0.0265442	0.0265442	
0.0266625	0.0266625	
0.0266931	0.0266931	
0.0267675	0.0267675	
0.0269261	0.0269261	
0.0269316	0.0269316	
0.0269608	0.0269608	
0.0269646	0.0269646	
0.0269665	0.0269665	
0.0270209	0.0270209	
0.0270998	0.0270998	
0.0270974	0.0270974	
0.0271237	0.0271237	
0.0272143	0.0272143	
0.0272832	0.0272832	
0.0274374	0.0274374	
0.0274793	0.0274793	
0.0275139	0.0275139	
0.0275454	0.0275454	
0.0276054	0.0276054	
0.0276822	0.0276822	
0.027716	0.027716	
0.0277571	0.0277571	
0.0277954	0.0277954	
0.0277309	0.0277309	
0.0275621	0.0275621	
0.0275521	0.0275521	
0.027439	0.027439	
0.0273192	0.0273192	
0.0271903	0.0271903	
0.0269874	0.0269874	
0.026719	0.026719	
0.0265246	0.0265246	
0.0262658	0.0262658	
0.0260352	0.0260352	
0.0258787	0.0258787	
0.0256052	0.0256052	
0.0253737	0.0253737	
0.025298	0.025298	
0.0251564	0.0251564	
0.0250197	0.0250197	
0.0249484	0.0249484	
0.0248017	0.0248017	
0.0248686	0.0248686	
0.0250004	0.0250004	
0.0251603	0.0251603	
0.0253862	0.0253862	
0.0254723	0.0254723	
0.0257043	0.0257043	
0.0259374	0.0259374	
0.026189	0.026189	
0.0265095	0.0265095	
0.0267453	0.0267453	
0.0270542	0.0270542	
0.0273316	0.0273316	
0.0275404	0.0275404	
0.0276857	0.0276857	
0.0278181	0.0278181	
0.0280692	0.0280692	
0.028132	0.028132	
0.028219	0.028219	
0.0282519	0.0282519	
0.0282826	0.0282826	
0.028405	0.028405	
0.0283302	0.0283302	
0.0281859	0.0281859	
0.0279816	0.0279816	
0.0277531	0.0277531	
0.0275063	0.0275063	
0.0272564	0.0272564	
0.0269044	0.0269044	
0.0265966	0.0265966	
0.0262087	0.0262087	
0.0257897	0.0257897	
0.0253781	0.0253781	
0.0250245	0.0250245	
0.0246473	0.0246473	
0.0243713	0.0243713	
0.0241509	0.0241509	
0.0238529	0.0238529	
0.0236	0.0236	
0.023381	0.023381	
0.023133	0.023133	
0.0229039	0.0229039	
0.0226618	0.0226618	
0.0224644	0.0224644	
0.0223102	0.0223102	
0.0222238	0.0222238	
0.0222306	0.0222306	
0.0220982	0.0220982	
0.0219519	0.0219519	
0.021847	0.021847	
0.0216597	0.0216597	
0.0215825	0.0215825	
0.0215472	0.0215472	
0.0214621	0.0214621	
0.0214337	0.0214337	
0.0213909	0.0213909	
0.0212407	0.0212407	
0.0211248	0.0211248	
0.0210616	0.0210616	
0.0211073	0.0211073	
0.0210427	0.0210427	
0.0210073	0.0210073	
0.0210168	0.0210168	
0.0208982	0.0208982	
0.0208356	0.0208356	
0.0208867	0.0208867	
0.0208478	0.0208478	
0.0208104	0.0208104	
0.0207609	0.0207609	
0.0207625	0.0207625	
0.0206902	0.0206902	
0.0206048	0.0206048	
0.0205983	0.0205983	
0.020476	0.020476	
0.0203768	0.0203768	
0.0202733	0.0202733	
0.020188	0.020188	
0.0200931	0.0200931	
0.0199278	0.0199278	
0.019808	0.019808	
0.019664	0.019664	
0.0195372	0.0195372	
0.0193065	0.0193065	
0.0190987	0.0190987	
0.0188434	0.0188434	
0.018687	0.018687	
0.0184851	0.0184851	
0.0182397	0.0182397	
0.0179369	0.0179369	
0.0177254	0.0177254	
0.0175378	0.0175378	
0.0173589	0.0173589	
0.0171342	0.0171342	
0.0169413	0.0169413	
0.0166862	0.0166862	
0.0165059	0.0165059	
0.0162529	0.0162529	
0.0159923	0.0159923	
0.0157557	0.0157557	
0.0154512	0.0154512	
0.0152047	0.0152047	
0.014954	0.014954	
0.0146916	0.0146916	
0.014459	0.014459	
0.0142319	0.0142319	
0.0140076	0.0140076	
0.0137592	0.0137592	
0.0135338	0.0135338	
0.0132863	0.0132863	
0.0131183	0.0131183	
0.0128755	0.0128755	
0.0126739	0.0126739	
0.012488	0.012488	
0.012284	0.012284	
0.0121678	0.0121678	
0.0120069	0.0120069	
0.0118643	0.0118643	
0.011747	0.011747	
0.0115987	0.0115987	
0.0115127	0.0115127	
0.0113974	0.0113974	
0.0113035	0.0113035	
0.0112161	0.0112161	
0.0111509	0.0111509	
0.0111084	0.0111084	
0.011037	0.011037	
0.0109629	0.0109629	
0.0108922	0.0108922	
0.0107728	0.0107728	
0.010695	0.010695	
0.0106159	0.0106159	
0.0105158	0.0105158	
0.0104983	0.0104983	
0.010422	0.010422	
0.0103381	0.0103381	
0.0102841	0.0102841	
0.0101872	0.0101872	
0.0101028	0.0101028	
0.00997708	0.00997708	
0.00991437	0.00991437	
0.00990432	0.00990432	
0.00984717	0.00984717	
0.00978018	0.00978018	
0.00966356	0.00966356	
0.00953539	0.00953539	
0.00945885	0.00945885	
0.00932952	0.00932952	
0.00924055	0.00924055	
0.00913078	0.00913078	
0.00901073	0.00901073	
0.00890486	0.00890486	
0.00878396	0.00878396	
0.00867662	0.00867662	
0.008573	0.008573	
0.00842911	0.00842911	
0.0083202	0.0083202	
0.00821837	0.00821837	
0.00810939	0.00810939	
0.00800568	0.00800568	
0.00790281	0.00790281	
0.00781002	0.00781002	
0.00767771	0.00767771	
0.00757566	0.00757566	
0.00744985	0.00744985	
0.00735291	0.00735291	
0.00723016	0.00723016	
0.00712851	0.00712851	
0.00705484	0.00705484	
0.00700589	0.00700589	
0.0069321	0.0069321	
0.00682924	0.00682924	
0.00683693	0.00683693	
0.00677462	0.00677462	
0.00669499	0.00669499	
0.00668482	0.00668482	
0.00662324	0.00662324	
0.00662571	0.00662571	
0.00665136	0.00665136	
0.00670657	0.00670657	
0.00676545	0.00676545	
0.00675928	0.00675928	
0.00682586	0.00682586	
0.00685938	0.00685938	
0.00688816	0.00688816	
0.00690255	0.00690255	
0.00695763	0.00695763	
0.00701759	0.00701759	
0.00699852	0.00699852	
0.00700171	0.00700171	
0.00698469	0.00698469	
0.00701981	0.00701981	
0.00703264	0.00703264	
0.0070438	0.0070438	
0.00703881	0.00703881	
0.00706064	0.00706064	
0.0070589	0.0070589	
0.00704391	0.00704391	
0.00705469	0.00705469	
0.00703279	0.00703279	
0.00703229	0.00703229	
0.00706917	0.00706917	
0.00709831	0.00709831	
0.00710485	0.00710485	
0.0070873	0.0070873	
0.0070498	0.0070498	
0.00704258	0.00704258	
0.00705461	0.00705461	
0.00702466	0.00702466	
0.006979	0.006979	
0.00697161	0.00697161	
0.00697007	0.00697007	
0.00699233	0.00699233	
0.00700872	0.00700872	
0.0069904	0.0069904	
0.0069326	0.0069326	
0.00691968	0.00691968	
0.00691443	0.00691443	
0.00688433	0.00688433	
0.00693008	0.00693008	
0.00698573	0.00698573	
0.00703795	0.00703795	
0.00709496	0.00709496	
0.0070939	0.0070939	
0.00705318	0.00705318	
0.00708766	0.00708766	
0.00703872	0.00703872	
0.00707307	0.00707307	
0.0071231	0.0071231	
0.00721525	0.00721525	
0.00728591	0.00728591	
0.00738002	0.00738002	
0.00737394	0.00737394	
0.00742623	0.00742623	
0.00744966	0.00744966	
0.00747359	0.00747359	
0.00752398	0.00752398	
0.00760245	0.00760245	
0.00769299	0.00769299	
0.00772228	0.00772228	
0.00779124	0.00779124	
0.00785576	0.00785576	
0.00788114	0.00788114	
0.00788092	0.00788092	
0.00786883	0.00786883	
0.007832	0.007832	
0.00780095	0.00780095	
0.00776393	0.00776393	
0.00775798	0.00775798	
0.00774662	0.00774662	
0.0076823	0.0076823	
0.00767868	0.00767868	
0.00758593	0.00758593	
0.00755272	0.00755272	
0.00749782	0.00749782	
0.00748736	0.00748736	
0.00746333	0.00746333	
0.00745938	0.00745938	
0.00740438	0.00740438	
0.00734069	0.00734069	
0.00722112	0.00722112	
0.00707859	0.00707859	
0.00694681	0.00694681	
0.00680893	0.00680893	
0.00672512	0.00672512	
0.00668507	0.00668507	
0.00658869	0.00658869	
0.00646756	0.00646756	
0.00632968	0.00632968	
0.00622555	0.00622555	
0.00608498	0.00608498	
0.00598958	0.00598958	
0.005842	0.005842	
0.00571246	0.00571246	
0.00562471	0.00562471	
0.0055156	0.0055156	
0.00546344	0.00546344	
0.00538717	0.00538717	
0.00527981	0.00527981	
0.00521851	0.00521851	
0.00515073	0.00515073	
0.00505794	0.00505794	
0.00504302	0.00504302	
0.00495651	0.00495651	
0.00493019	0.00493019	
0.00486289	0.00486289	
0.00479108	0.00479108	
0.00473334	0.00473334	
0.00466123	0.00466123	
0.00460712	0.00460712	
0.00454776	0.00454776	
0.00449188	0.00449188	
0.00444011	0.00444011	
0.00439072	0.00439072	
0.00434176	0.00434176	
0.00428881	0.00428881	
0.00423089	0.00423089	
0.00419633	0.00419633	
0.00414796	0.00414796	
0.00414042	0.00414042	
0.00409956	0.00409956	
0.0040822	0.0040822	
0.00400669	0.00400669	
0.00400744	0.00400744	
0.00392188	0.00392188	
0.00389025	0.00389025	
0.00385623	0.00385623	
0.00381464	0.00381464	
0.00382197	0.00382197	
0.00378113	0.00378113	
0.00369507	0.00369507	
0.00366708	0.00366708	
0.00357109	0.00357109	
0.00355829	0.00355829	
0.00346212	0.00346212	
0.00346019	0.00346019	
0.00344795	0.00344795	
0.00338562	0.00338562	
0.00337364	0.00337364	
0.00333861	0.00333861	
0.00329915	0.00329915	
0.00331972	0.00331972	
0.00328345	0.00328345	
0.00326199	0.00326199	
0.00322526	0.00322526	
0.003227	0.003227	
0.00322311	0.00322311	
0.00320071	0.00320071	
0.00315763	0.00315763	
0.00312074	0.00312074	
0.00310468	0.00310468	
0.00311917	0.00311917	
0.00309638	0.00309638	
0.00304151	0.00304151	
0.00301172	0.00301172	
0.00300009	0.00300009	
0.00299195	0.00299195	
0.00299959	0.00299959	
0.00300053	0.00300053	
0.00299083	0.00299083	
0.00302753	0.00302753	
0.00300225	0.00300225	
0.0030197	0.0030197	
0.00301	0.00301	
0.0029898	0.0029898	
0.00302166	0.00302166	
0.00305298	0.00305298	
0.00301977	0.00301977	
0.00304858	0.00304858	
0.00305321	0.00305321	
0.00303832	0.00303832	
0.00301435	0.00301435	
0.00301378	0.00301378	
0.00301021	0.00301021	
0.00300909	0.00300909	
0.00299912	0.00299912	
0.00296645	0.00296645	
0.00295862	0.00295862	
0.0029506	0.0029506	
0.0029375	0.0029375	
0.00296444	0.00296444	
0.00294795	0.00294795	
0.00297648	0.00297648	
0.00295505	0.00295505	
0.00296051	0.00296051	
0.00296555	0.00296555	
0.00301467	0.00301467	
0.00301424	0.00301424	
0.00303374	0.00303374	
0.00302281	0.00302281	
0.0030656	0.0030656	
0.00308703	0.00308703	
0.00311112	0.00311112	
0.00310445	0.00310445	
0.00312259	0.00312259	
0.00314182	0.00314182	
0.00312877	0.00312877	
0.00313748	0.00313748	
0.00318751	0.00318751	
0.0031803	0.0031803	
0.00319809	0.00319809	
0.0032533	0.0032533	
0.00325428	0.00325428	
0.0032438	0.0032438	
0.00328632	0.00328632	
0.00329559	0.00329559	
0.00334727	0.00334727	
0.00335282	0.00335282	
0.00337623	0.00337623	
0.00338421	0.00338421	
0.00336613	0.00336613	
0.00342104	0.00342104	
0.00342804	0.00342804	
0.00341083	0.00341083	
0.00342841	0.00342841	
0.00346728	0.00346728	
0.00344904	0.00344904	
0.00346425	0.00346425	
0.00344297	0.00344297	
0.00345753	0.00345753	
0.00343467	0.00343467	
0.00348343	0.00348343	
0.00346532	0.00346532	
0.00345629	0.00345629	
0.00343939	0.00343939	
0.00343907	0.00343907	
0.00342474	0.00342474	
0.00342906	0.00342906	
0.00338559	0.00338559	
0.00335026	0.00335026	
0.00332142	0.00332142	
0.003272	0.003272	
0.00323709	0.00323709	
0.00319346	0.00319346	
0.00316651	0.00316651	
0.00315166	0.00315166	
0.00317112	0.00317112	
0.00317381	0.00317381	
0.00313037	0.00313037	
0.00314229	0.00314229	
0.0031465	0.0031465	
0.00315406	0.00315406	
0.00312401	0.00312401	
0.0031368	0.0031368	
0.00313626	0.00313626	
0.00313986	0.00313986	
0.00314865	0.00314865	
0.00314503	0.00314503	
0.00314696	0.00314696	
0.00310633	0.00310633	
0.0031043	0.0031043	
0.00307929	0.00307929	
0.00303867	0.00303867	
0.00303681	0.00303681	
0.00303747	0.00303747	
0.00300233	0.00300233	
0.00294162	0.00294162	
0.00290581	0.00290581	
0.00287441	0.00287441	
0.00284794	0.00284794	
0.00281525	0.00281525	
0.00282331	0.00282331	
0.00282913	0.00282913	
0.00278508	0.00278508	
0.00273697	0.00273697	
0.00269947	0.00269947	
0.00267494	0.00267494	
0.00268042	0.00268042	
0.00265921	0.00265921	
0.00261485	0.00261485	
0.0026236	0.0026236	
0.00261775	0.00261775	
0.00263205	0.00263205	
0.00259128	0.00259128	
0.00257906	0.00257906	
0.00257241	0.00257241	
0.00257274	0.00257274	
0.00253286	0.00253286	
0.00253384	0.00253384	
0.0025326	0.0025326	
0.00252589	0.00252589	
0.00248975	0.00248975	
0.00247634	0.00247634	
0.00248237	0.00248237	
0.00245917	0.00245917	
0.00246513	0.00246513	
0.00244165	0.00244165	
0.00241589	0.00241589	
0.00248153	0.00248153	
0.00246958	0.00246958	
0.00248934	0.00248934	
0.00253401	0.00253401	
0.00254496	0.00254496	
0.00256387	0.00256387	
0.00261117	0.00261117	
0.00265686	0.00265686	
0.00268173	0.00268173	
0.00274226	0.00274226	
0.00276347	0.00276347	
0.00279331	0.00279331	
0.00287603	0.00287603	
0.00287146	0.00287146	
0.00289166	0.00289166	
0.00292249	0.00292249	
0.00291655	0.00291655	
0.00295053	0.00295053	
0.00298781	0.00298781	
0.00299934	0.00299934	
0.00302937	0.00302937	
0.00305772	0.00305772	
0.00307512	0.00307512	
0.00310719	0.00310719	
0.00315324	0.00315324	
0.00316478	0.00316478	
0.00318765	0.00318765	
0.00318983	0.00318983	
0.0031745	0.0031745	
0.00322818	0.00322818	
0.00322237	0.00322237	
0.00327447	0.00327447	
0.00326114	0.00326114	
0.00327494	0.00327494	
0.00329454	0.00329454	
0.00325164	0.00325164	
0.00325364	0.00325364	
0.00326603	0.00326603	
0.00327072	0.00327072	
0.00326601	0.00326601	
0.00325759	0.00325759	
0.00325788	0.00325788	
0.0031884	0.0031884	
0.00315624	0.00315624	
0.00315537	0.00315537	
0.00311508	0.00311508	
0.00311885	0.00311885	
0.00308975	0.00308975	
0.00305768	0.00305768	
0.00305745	0.00305745	
0.00298295	0.00298295	
0.00291301	0.00291301	
0.00290833	0.00290833	
0.00283512	0.00283512	
0.00279618	0.00279618	
0.00274631	0.00274631	
0.00265725	0.00265725	
0.00258431	0.00258431	
0.0024929	0.0024929	
0.00237569	0.00237569	
0.00228412	0.00228412	
0.00219399	0.00219399	
0.00211843	0.00211843	
0.00206337	0.00206337	
0.00202531	0.00202531	
0.0019624	0.0019624	
0.00192286	0.00192286	
0.00187541	0.00187541	
0.00186422	0.00186422	
0.00188079	0.00188079	
0.00191363	0.00191363	
0.00196362	0.00196362	
0.0019774	0.0019774	
0.00200909	0.00200909	
0.00203203	0.00203203	
0.00207578	0.00207578	
0.00212808	0.00212808	
0.00212406	0.00212406	
0.00219116	0.00219116	
0.00222272	0.00222272	
0.0022697	0.0022697	
0.00231981	0.00231981	
0.00231228	0.00231228	
0.00233633	0.00233633	
0.00237571	0.00237571	
0.0023818	0.0023818	
0.00241693	0.00241693	
0.00242009	0.00242009	
0.00245947	0.00245947	
0.00248805	0.00248805	
0.00252539	0.00252539	
0.00251002	0.00251002	
0.00250018	0.00250018	
0.00250186	0.00250186	
0.00253152	0.00253152	
0.00252524	0.00252524	
0.00255163	0.00255163	
0.00255043	0.00255043	
0.00257418	0.00257418	
0.00259683	0.00259683	
0.0025733	0.0025733	
0.00256128	0.00256128	
0.0025472	0.0025472	
0.00253515	0.00253515	
0.00249932	0.00249932	
0.00247722	0.00247722	
0.00246784	0.00246784	
0.0024886	0.0024886	
0.00246694	0.00246694	
0.00245128	0.00245128	
0.0024267	0.0024267	
0.00241062	0.00241062	
0.00236075	0.00236075	
0.0023045	0.0023045	
0.00228587	0.00228587	
0.00230073	0.00230073	
0.00225717	0.00225717	
0.00222622	0.00222622	
0.00220319	0.00220319	
0.00218436	0.00218436	
0.00212648	0.00212648	
0.00211315	0.00211315	
0.00208297	0.00208297	
0.00206118	0.00206118	
0.00209597	0.00209597	
0.0020622	0.0020622	
0.00205922	0.00205922	
0.00205691	0.00205691	
0.00205402	0.00205402	
0.00203884	0.00203884	
0.00209031	0.00209031	
0.00207109	0.00207109	
0.00212107	0.00212107	
0.00210699	0.00210699	
0.00211773	0.00211773	
0.00213015	0.00213015	
0.00210984	0.00210984	
0.00212651	0.00212651	
0.00211837	0.00211837	
0.00216403	0.00216403	
0.00215406	0.00215406	
0.00215719	0.00215719	
0.00214408	0.00214408	
0.00215638	0.00215638	
0.00210804	0.00210804	
0.0021201	0.0021201	
0.00206713	0.00206713	
0.00205761	0.00205761	
0.00203824	0.00203824	
0.00202049	0.00202049	
0.00200253	0.00200253	
0.00199742	0.00199742	
0.00194931	0.00194931	
0.00196887	0.00196887	
0.0019189	0.0019189	
0.00187948	0.00187948	
0.00186752	0.00186752	
0.0018596	0.0018596	
0.00182475	0.00182475	
0.00178148	0.00178148	
0.00177193	0.00177193	
0.00173833	0.00173833	
0.0016956	0.0016956	
0.00168968	0.00168968	
0.00165499	0.00165499	
0.00162427	0.00162427	
0.00160058	0.00160058	
0.00159101	0.00159101	
0.00156453	0.00156453	
0.00153287	0.00153287	
0.00146401	0.00146401	
0.00144258	0.00144258	
0.00142482	0.00142482	
0.00137482	0.00137482	
0.001348	0.001348	
0.00132484	0.00132484	
0.00130029	0.00130029	
0.00125465	0.00125465	
0.00124361	0.00124361	
0.00121121	0.00121121	
0.00120673	0.00120673	
0.00114354	0.00114354	
0.0011447	0.0011447	
0.00110517	0.00110517	
0.0010572	0.0010572	
0.0010339	0.0010339	
0.00102071	0.00102071	
0.00101957	0.00101957	
0.000972046	0.000972046	
0.000962681	0.000962681	
0.000955346	0.000955346	
0.000914742	0.000914742	
0.000910354	0.000910354	
0.000888573	0.000888573	
0.000859724	0.000859724	
0.000872352	0.000872352	
0.000893702	0.000893702	
0.000890458	0.000890458	
0.000859093	0.000859093	
0.000854394	0.000854394	
0.000836961	0.000836961	
0.000864076	0.000864076	
0.000862164	0.000862164	
0.000871037	0.000871037	
0.00087783	0.00087783	
0.000855091	0.000855091	
0.000923443	0.000923443	
0.000890812	0.000890812	
0.000895807	0.000895807	
0.000937358	0.000937358	
0.00092589	0.00092589	
0.000920696	0.000920696	
0.000970266	0.000970266	
0.000961744	0.000961744	
0.000985576	0.000985576	
0.00103152	0.00103152	
0.00103036	0.00103036	
0.00107565	0.00107565	
0.00106288	0.00106288	
0.00110216	0.00110216	
0.00108837	0.00108837	
0.0011097	0.0011097	
0.00113317	0.00113317	
0.00114092	0.00114092	
0.00118435	0.00118435	
0.00118251	0.00118251	
0.00116382	0.00116382	
0.00120579	0.00120579	
0.00118798	0.00118798	
0.00120357	0.00120357	
0.00122911	0.00122911	
0.00121233	0.00121233	
0.00122215	0.00122215	
0.00122996	0.00122996	
0.00123926	0.00123926	
0.0012224	0.0012224	
0.00125943	0.00125943	
0.00123707	0.00123707	
0.0012409	0.0012409	
0.00121699	0.00121699	
0.00125966	0.00125966	
0.00123812	0.00123812	
0.00124367	0.00124367	
0.00127434	0.00127434	
0.00125593	0.00125593	
0.00127014	0.00127014	
0.00127047	0.00127047	
0.00127204	0.00127204	
0.00124934	0.00124934	
0.00122962	0.00122962	
0.00126851	0.00126851	
0.00124821	0.00124821	
0.00124516	0.00124516	
0.00122768	0.00122768	
0.00126536	0.00126536	
0.00124146	0.00124146	
0.00121569	0.00121569	
0.00121572	0.00121572	
0.00123577	0.00123577	
0.00120037	0.00120037	
0.00120729	0.00120729	
0.00118105	0.00118105	
0.00117396	0.00117396	
0.001155	0.001155	
0.0011654	0.0011654	
0.00116877	0.00116877	
0.00114853	0.00114853	
0.00115095	0.00115095	
0.00109099	0.00109099	
0.00109949	0.00109949	
0.00107142	0.00107142	
0.00106009	0.00106009	
0.00109678	0.00109678	
0.00108531	0.00108531	
0.00106781	0.00106781	
0.00106732	0.00106732	
0.001067	0.001067	
0.00104193	0.00104193	
0.00105237	0.00105237	
0.00103856	0.00103856	
0.00104592	0.00104592	
0.00103589	0.00103589	
0.00107978	0.00107978	
0.00102822	0.00102822	
0.00102872	0.00102872	
0.00102684	0.00102684	
0.00101933	0.00101933	
0.00103193	0.00103193	
0.00105263	0.00105263	
0.00104089	0.00104089	
0.00105662	0.00105662	
0.00104422	0.00104422	
0.00105351	0.00105351	
0.00103476	0.00103476	
0.000996561	0.000996561	
0.00098663	0.00098663	
0.00100569	0.00100569	
0.000997677	0.000997677	
0.0009835	0.0009835	
0.00100604	0.00100604	
0.000993963	0.000993963	
0.000981201	0.000981201	
0.000980091	0.000980091	
0.000988113	0.000988113	
0.000943628	0.000943628	
0.000946064	0.000946064	
0.000935783	0.000935783	
0.000936914	0.000936914	
0.000946693	0.000946693	
0.00093865	0.00093865	
0.000940759	0.000940759	
0.000926155	0.000926155	
0.000925539	0.000925539	
0.000942023	0.000942023	
0.000897548	0.000897548	
0.000899629	0.000899629	
0.000888703	0.000888703	
0.000881109	0.000881109	
0.000887181	0.000887181	
0.000899919	0.000899919	
0.000888974	0.000888974	
0.000891366	0.000891366	
0.000881234	0.000881234	
0.000906799	0.000906799	
0.000900257	0.000900257	
0.000902201	0.000902201	
0.000891154	0.000891154	
0.000893274	0.000893274	
0.000902882	0.000902882	
0.000905926	0.000905926	
0.000907635	0.000907635	
0.000898789	0.000898789	
0.000900766	0.000900766	
0.000915636	0.000915636	
0.000880419	0.000880419	
0.000882932	0.000882932	
0.00087728	0.00087728	
0.000895835	0.000895835	
0.000884295	0.000884295	
0.000888016	0.000888016	
0.000840413	0.000840413	
0.000851775	0.000851775	
0.000863945	0.000863945	
0.000867784	0.000867784	
0.000834408	0.000834408	
0.000825395	0.000825395	
0.000856892	0.000856892	
0.000846026	0.000846026	
0.000826926	0.000826926	
0.000819225	0.000819225	
0.000831476	0.000831476	
0.00082778	0.00082778	
0.000795943	0.000795943	
0.000813193	0.000813193	
0.000781179	0.000781179	
0.00080124	0.00080124	
0.000785103	0.000785103	
0.000754906	0.000754906	
0.000749482	0.000749482	
0.000755754	0.000755754	
0.000741367	0.000741367	
0.000704628	0.000704628	
0.000723442	0.000723442	
0.000673797	0.000673797	
0.000679716	0.000679716	
0.000667184	0.000667184	
0.000682042	0.000682042	
0.000645335	0.000645335	
0.000620514	0.000620514	
0.000624925	0.000624925	
0.00060089	0.00060089	
0.000577778	0.000577778	
0.000600068	0.000600068	
0.000576988	0.000576988	
0.000554796	0.000554796	
0.000563498	0.000563498	
0.000541825	0.000541825	
0.00051276	0.00051276	
0.000527782	0.000527782	
0.000532416	0.000532416	
0.000537963	0.000537963	
0.000517272	0.000517272	
0.000489152	0.000489152	
0.000494433	0.000494433	
0.000475416	0.000475416	
0.000448906	0.000448906	
0.000455248	0.000455248	
0.000437738	0.000437738	
0.000451597	0.000451597	
0.000434228	0.000434228	
0.000409302	0.000409302	
0.000449727	0.000449727	
0.000424038	0.000424038	
0.000435999	0.000435999	
0.000411006	0.000411006	
0.000419286	0.000419286	
0.000432858	0.000432858	
0.00041621	0.00041621	
0.000448468	0.000448468	
0.000422829	0.000422829	
0.000426637	0.000426637	
0.000442497	0.000442497	
0.000427414	0.000427414	
0.000435053	0.000435053	
0.000446405	0.000446405	
0.000429235	0.000429235	
0.000438896	0.000438896	
0.000469338	0.000469338	
0.000479362	0.000479362	
0.000450944	0.000450944	
0.000463946	0.000463946	
0.00046968	0.00046968	
0.000443397	0.000443397	
0.000458623	0.000458623	
0.000461	0.000461	
0.000499215	0.000499215	
0.000505661	0.000505661	
0.000514612	0.000514612	
0.00052304	0.00052304	
0.0005268	0.0005268	
0.000552338	0.000552338	
0.000559138	0.000559138	
0.00056167	0.00056167	
0.000570043	0.000570043	
0.000574244	0.000574244	
0.000599427	0.000599427	
0.000604401	0.000604401	
0.000573123	0.000573123	
0.000579276	0.000579276	
0.000595729	0.000595729	
0.000563014	0.000563014	
0.000603552	0.000603552	
0.000606587	0.000606587	
0.000633431	0.000633431	
0.000632764	0.000632764	
0.000616065	0.000616065	
0.000658869	0.000658869	
0.00065705	0.00065705	
0.000663986	0.000663986	
0.00069401	0.00069401	
0.000691315	0.000691315	
0.000694656	0.000694656	
0.000715379	0.000715379	
0.000711373	0.000711373	
0.000778525	0.000778525	
0.000764531	0.000764531	
0.000773068	0.000773068	
0.000791582	0.000791582	
0.000784629	0.000784629	
0.000805948	0.000805948	
0.00082318	0.00082318	
0.000817254	0.000817254	
0.000835965	0.000835965	
0.000817344	0.000817344	
0.000821921	0.000821921	
0.000867801	0.000867801	
0.00086078	0.00086078	
0.000855147	0.000855147	
0.000839938	0.000839938	
0.000837653	0.000837653	
0.000846921	0.000846921	
0.000806156	0.000806156	
0.000841479	0.000841479	
0.000835622	0.000835622	
0.000833179	0.000833179	
0.000825235	0.000825235	
0.000820939	0.000820939	
0.000791613	0.000791613	
0.000780588	0.000780588	
0.000750566	0.000750566	
0.000747568	0.000747568	
0.000742913	0.000742913	
0.000752048	0.000752048	
0.000751205	0.000751205	
0.000692107	0.000692107	
0.000699538	0.000699538	
0.000700712	0.000700712	
0.000650734	0.000650734	
0.000653617	0.000653617	
0.000654339	0.000654339	
0.000640352	0.000640352	
0.000643793	0.000643793	
0.000609092	0.000609092	
0.000625448	0.000625448	
0.000625306	0.000625306	
0.000639277	0.000639277	
0.000606505	0.000606505	
0.000617671	0.000617671	
0.000621973	0.000621973	
0.000598051	0.000598051	
0.00060073	0.00060073	
0.000611464	0.000611464	
0.000587946	0.000587946	
0.00060351	0.00060351	
0.00060372	0.00060372	
0.0005805	0.0005805	
0.00059649	0.00059649	
0.000601116	0.000601116	
0.000614051	0.000614051	
0.000644699	0.000644699	
0.000627851	0.000627851	
0.000657793	0.000657793	
0.000656064	0.000656064	
0.000630831	0.000630831	
0.000639247	0.000639247	
0.000646237	0.000646237	
0.000649405	0.000649405	
0.000660455	0.000660455	
0.000628488	0.000628488	
0.000628188	0.000628188	
0.000640217	0.000640217	
0.000648908	0.000648908	
0.000650208	0.000650208	
0.000619305	0.000619305	
0.000627522	0.000627522	
0.000631393	0.000631393	
0.00064264	0.00064264	
0.000617924	0.000617924	
0.000618181	0.000618181	
0.000611741	0.000611741	
0.000624211	0.000624211	
0.000624218	0.000624218	
0.000634337	0.000634337	
0.000667954	0.000667954	
0.000612068	0.000612068	
0.000644648	0.000644648	
0.000631417	0.000631417	
0.000667081	0.000667081	
0.00063148	0.00063148	
0.000643531	0.000643531	
0.000652361	0.000652361	
0.000619105	0.000619105	
0.000630956	0.000630956	
0.000606688	0.000606688	
0.000617604	0.000617604	
0.00059385	0.00059385	
0.00057101	0.00057101	
0.000597983	0.000597983	
0.000574984	0.000574984	
0.000552869	0.000552869	
0.000563601	0.000563601	
0.000541924	0.000541924	
0.00055916	0.00055916	
0.000559668	0.000559668	
0.000529978	0.000529978	
0.000545729	0.000545729	
0.00052474	0.00052474	
0.000504557	0.000504557	
0.000517144	0.000517144	
0.000520264	0.000520264	
0.000527745	0.000527745	
0.000509699	0.000509699	
0.000542505	0.000542505	
0.000521639	0.000521639	
0.000501576	0.000501576	
0.000482285	0.000482285	
0.000509165	0.000509165	
0.000501805	0.000501805	
0.000482505	0.000482505	
0.000498211	0.000498211	
0.000491796	0.000491796	
0.000510587	0.000510587	
0.000511689	0.000511689	
0.000492008	0.000492008	
0.000520969	0.000520969	
0.000500932	0.000500932	
0.000473505	0.000473505	
0.000474359	0.000474359	
0.000500316	0.000500316	
0.00049152	0.00049152	
0.000472616	0.000472616	
0.00051833	0.00051833	
0.000498395	0.000498395	
0.000490474	0.000490474	
0.00047161	0.00047161	
0.000507579	0.000507579	
0.00051101	0.00051101	
0.000491356	0.000491356	
0.000492494	0.000492494	
0.00050728	0.00050728	
0.000508466	0.000508466	
0.000480752	0.000480752	
0.0004862	0.0004862	
0.000503616	0.000503616	
0.000503606	0.000503606	
0.000508933	0.000508933	
0.000489358	0.000489358	
0.000492214	0.000492214	
0.000509396	0.000509396	
0.000510401	0.000510401	
0.00049077	0.00049077	
0.000463571	0.000463571	
0.000467578	0.000467578	
0.000481094	0.000481094	
0.000485175	0.000485175	
0.000466515	0.000466515	
0.000461746	0.000461746	
0.000480097	0.000480097	
0.000484785	0.000484785	
0.00046614	0.00046614	
0.000461378	0.000461378	
0.000479266	0.000479266	
0.000460833	0.000460833	
0.000456273	0.000456273	
0.000472275	0.000472275	
0.000473103	0.000473103	
0.000454907	0.000454907	
0.000489581	0.000489581	
0.000470751	0.000470751	
0.000472959	0.000472959	
0.000478102	0.000478102	
0.000459714	0.000459714	
0.000488562	0.000488562	
0.000471531	0.000471531	
0.000473702	0.000473702	
0.000483424	0.000483424	
0.000486716	0.000486716	
0.000494186	0.000494186	
0.000498056	0.000498056	
0.000502225	0.000502225	
0.000504787	0.000504787	
0.000511723	0.000511723	
0.000485815	0.000485815	
0.000526245	0.000526245	
0.000497856	0.000497856	
0.000522625	0.000522625	
0.000538595	0.000538595	
0.000509732	0.000509732	
0.000533729	0.000533729	
0.000507119	0.000507119	
0.000512508	0.000512508	
0.000505929	0.000505929	
0.00052492	0.00052492	
0.000530257	0.000530257	
0.00049997	0.00049997	
0.00051041	0.00051041	
0.000536574	0.000536574	
0.000518334	0.000518334	
0.000523279	0.000523279	
0.000493427	0.000493427	
0.00053644	0.00053644	
0.000537486	0.000537486	
0.000509014	0.000509014	
0.000517333	0.000517333	
0.000497436	0.000497436	
0.000522134	0.000522134	
0.000529778	0.000529778	
0.000511326	0.000511326	
0.000519383	0.000519383	
0.000523164	0.000523164	
0.000504802	0.000504802	
0.000537247	0.000537247	
0.000508456	0.000508456	
0.000522539	0.000522539	
0.000525719	0.000525719	
0.000533374	0.000533374	
0.00051286	0.00051286	
0.00051864	0.00051864	
0.000511497	0.000511497	
0.000527834	0.000527834	
0.000499394	0.000499394	
0.000507419	0.000507419	
0.000530927	0.000530927	
0.000504129	0.000504129	
0.000512604	0.000512604	
0.000520584	0.000520584	
0.000521832	0.000521832	
0.000517359	0.000517359	
0.000517538	0.000517538	
0.000500817	0.000500817	
0.000534015	0.000534015	
0.000522551	0.000522551	
0.000507393	0.000507393	
0.000539501	0.000539501	
0.000554731	0.000554731	
0.000556645	0.000556645	
0.000565306	0.000565306	
0.00057368	0.00057368	
0.000556546	0.000556546	
0.000559642	0.000559642	
0.000598382	0.000598382	
0.000552435	0.000552435	
0.000607565	0.000607565	
0.000584197	0.000584197	
0.000576336	0.000576336	
0.000601922	0.000601922	
0.000613936	0.000613936	
0.000613551	0.000613551	
0.000593763	0.000593763	
0.000617416	0.000617416	
0.000619088	0.000619088	
0.00063393	0.00063393	
0.000632277	0.000632277	
0.000635292	0.000635292	
0.000613087	0.000613087	
0.000633697	0.000633697	
0.000642834	0.000642834	
0.000631606	0.000631606	
0.000613544	0.000613544	
0.000625863	0.000625863	
0.000627031	0.000627031	
0.000615472	0.000615472	
0.000627427	0.000627427	
0.000591507	0.000591507	
0.000621287	0.000621287	
0.000633297	0.000633297	
0.000599078	0.000599078	
0.000599403	0.000599403	
0.000576349	0.000576349	
0.000607004	0.000607004	
0.000575069	0.000575069	
0.000576619	0.000576619	
0.000554441	0.000554441	
0.000565067	0.000565067	
0.000602038	0.000602038	
0.000580311	0.000580311	
0.000582129	0.000582129	
0.000553518	0.000553518	
0.000563703	0.000563703	
0.000562348	0.000562348	
0.000571048	0.000571048	
0.000546527	0.000546527	
0.000555201	0.000555201	
0.000533847	0.000533847	
0.000558691	0.000558691	
0.000537203	0.000537203	
0.000544142	0.000544142	
0.000554676	0.000554676	
0.00053557	0.00053557	
0.000561563	0.000561563	
0.000575221	0.000575221	
0.000553097	0.000553097	
0.000559579	0.000559579	
0.00057392	0.00057392	
0.000572162	0.000572162	
0.000571752	0.000571752	
0.000591954	0.000591954	
0.000581387	0.000581387	
0.000594267	0.000594267	
0.000603151	0.000603151	
0.000571842	0.000571842	
0.000605916	0.000605916	
0.000574502	0.000574502	
0.000583676	0.000583676	
0.000582686	0.000582686	
0.000587844	0.000587844	
0.000567323	0.000567323	
0.000571146	0.000571146	
0.00058281	0.00058281	
0.000585727	0.000585727	
0.000586983	0.000586983	
0.000564406	0.000564406	
0.000542698	0.000542698	
0.00056913	0.00056913	
0.000547241	0.000547241	
0.000559654	0.000559654	
0.00055784	0.00055784	
0.000561737	0.000561737	
0.000540132	0.000540132	
0.000554716	0.000554716	
0.000554905	0.000554905	
0.000525456	0.000525456	
0.000542827	0.000542827	
0.000520027	0.000520027	
0.000537768	0.000537768	
0.000517085	0.000517085	
0.000518388	0.000518388	
0.000522058	0.000522058	
0.000501979	0.000501979	
0.000518487	0.000518487	
0.000498545	0.000498545	
0.000479371	0.000479371	
0.000508463	0.000508463	
0.000488907	0.000488907	
0.000470103	0.000470103	
0.000481361	0.000481361	
0.000462847	0.000462847	
0.000445045	0.000445045	
0.000463737	0.000463737	
0.000467089	0.000467089	
0.000441021	0.000441021	
0.000459236	0.000459236	
0.000441573	0.000441573	
0.000426977	0.000426977	
0.000446359	0.000446359	
0.000429192	0.000429192	
0.000412684	0.000412684	
0.000428044	0.000428044	
0.000398925	0.000398925	
0.000383582	0.000383582	
0.000396531	0.000396531	
0.00038128	0.00038128	
0.000366615	0.000366615	
0.00038785	0.00038785	
0.000372932	0.000372932	
0.000358589	0.000358589	
0.000344797	0.000344797	
0.000363231	0.000363231	
0.00034116	0.00034116	
0.000328038	0.000328038	
0.000370372	0.000370372	
0.000333034	0.000333034	
0.000378645	0.000378645	
0.000364082	0.000364082	
0.000350078	0.000350078	
0.000328349	0.000328349	
0.000351511	0.000351511	
0.000337992	0.000337992	
0.000356841	0.000356841	
0.000335018	0.000335018	
0.000322132	0.000322132	
0.000309743	0.000309743	
0.000335373	0.000335373	
0.000314211	0.000314211	
0.000302126	0.000302126	
0.000324718	0.000324718	
0.000312229	0.000312229	
0.000291957	0.000291957	
0.000280728	0.000280728	
0.000302881	0.000302881	
0.000291231	0.000291231	
0.000270361	0.000270361	
0.000299678	0.000299678	
0.000288152	0.000288152	
0.000268972	0.000268972	
0.000258627	0.000258627	
0.00024868	0.00024868	
0.000266855	0.000266855	
0.000248494	0.000248494	
0.000259225	0.000259225	
0.000284565	0.000284565	
0.00027362	0.00027362	
0.000254999	0.000254999	
0.000280799	0.000280799	
0.000269999	0.000269999	
0.000251707	0.000251707	
0.00027543	0.00027543	
0.000278918	0.000278918	
0.00026819	0.00026819	
0.000285547	0.000285547	
0.000274564	0.000274564	
0.000299767	0.000299767	
0.000300336	0.000300336	
0.000323914	0.000323914	
0.000303362	0.000303362	
0.000323351	0.000323351	
0.000325733	0.000325733	
0.000344394	0.000344394	
0.000323055	0.000323055	
0.000346379	0.000346379	
0.00032323	0.00032323	
0.000365957	0.000365957	
0.000379531	0.000379531	
0.000364934	0.000364934	
0.000342807	0.000342807	
0.000385211	0.000385211	
0.000395048	0.000395048	
0.000393256	0.000393256	
0.000413862	0.000413862	
0.000388122	0.000388122	
0.000430331	0.000430331	
0.000437021	0.000437021	
0.000420212	0.000420212	
0.000427423	0.000427423	
0.000448786	0.000448786	
0.00044457	0.00044457	
0.000452925	0.000452925	
0.000471213	0.000471213	
0.000462289	0.000462289	
0.000482135	0.000482135	
0.00048728	0.00048728	
0.000490594	0.000490594	
0.000501535	0.000501535	
0.000482245	0.000482245	
0.000487997	0.000487997	
0.000492749	0.000492749	
0.000495097	0.000495097	
0.000497631	0.000497631	
0.00050418	0.00050418	
0.000478462	0.000478462	
0.000510445	0.000510445	
0.000514027	0.000514027	
0.000481843	0.000481843	
0.000523226	0.000523226	
0.000493289	0.000493289	
0.000533182	0.000533182	
0.000504595	0.000504595	
0.00051012	0.00051012	
0.000539215	0.000539215	
0.000510397	0.000510397	
0.000521886	0.000521886	
0.000542036	0.000542036	
0.000508788	0.000508788	
0.000549367	0.000549367	
0.000551897	0.000551897	
0.000554321	0.000554321	
0.000557877	0.000557877	
0.000563538	0.000563538	
0.000579086	0.000579086	
0.000592688	0.000592688	
0.000603014	0.000603014	
0.000614661	0.000614661	
0.000582947	0.000582947	
0.000616956	0.000616956	
0.000617012	0.000617012	
0.00064189	0.00064189	
0.000651121	0.000651121	
0.000617844	0.000617844	
0.000623443	0.000623443	
0.000635086	0.000635086	
0.00062958	0.00062958	
0.000619539	0.000619539	
0.000631163	0.000631163	
0.000644251	0.000644251	
0.0006614	0.0006614	
0.000627895	0.000627895	
0.000641563	0.000641563	
0.000627695	0.000627695	
0.000632842	0.000632842	
0.000660772	0.000660772	
0.000627293	0.000627293	
0.000642682	0.000642682	
0.000609898	0.000609898	
0.000626023	0.000626023	
0.000604484	0.000604484	
0.000627301	0.000627301	
0.000605252	0.000605252	
0.000609338	0.000609338	
0.000585902	0.000585902	
0.000618004	0.000618004	
0.000584607	0.000584607	
0.000599274	0.000599274	
0.000577812	0.000577812	
0.000601641	0.000601641	
0.000580546	0.000580546	
0.000556172	0.000556172	
0.000562324	0.000562324	
0.000540697	0.000540697	
0.000552966	0.000552966	
0.000542735	0.000542735	
0.000554924	0.000554924	
0.00052552	0.00052552	
0.000541235	0.000541235	
0.000518044	0.000518044	
0.000492432	0.000492432	
0.00050453	0.00050453	
0.000500843	0.000500843	
0.000497288	0.000497288	
0.000492154	0.000492154	
0.000473225	0.000473225	
0.000486681	0.000486681	
0.000467962	0.000467962	
0.000451715	0.000451715	
0.000461851	0.000461851	
0.000442172	0.000442172	
0.000462647	0.000462647	
0.000457948	0.000457948	
0.000419016	0.000419016	
0.000424219	0.000424219	
0.000438932	0.000438932	
0.000413991	0.000413991	
0.000398068	0.000398068	
0.000382758	0.000382758	
0.000394003	0.000394003	
0.000378849	0.000378849	
0.000384687	0.000384687	
0.000396938	0.000396938	
0.000381671	0.000381671	
0.000366991	0.000366991	
0.000344653	0.000344653	
0.000363047	0.000363047	
0.000371382	0.000371382	
0.000357098	0.000357098	
0.000333741	0.000333741	
0.000356303	0.000356303	
0.000342599	0.000342599	
0.000366085	0.000366085	
0.000352005	0.000352005	
0.000340676	0.000340676	
0.000325364	0.000325364	
0.000338022	0.000338022	
0.000325021	0.000325021	
0.00031252	0.00031252	
0.000320905	0.000320905	
0.000344117	0.000344117	
0.000322661	0.000322661	
