0	0	
-3.47406e-14	-3.47406e-14	
1.86743e-15	1.86743e-15	
-1.41427e-12	-1.41427e-12	
-9.65373e-12	-9.65373e-12	
-2.10427e-11	-2.10427e-11	
-5.41264e-11	-5.41264e-11	
-9.77023e-11	-9.77023e-11	
-1.93589e-10	-1.93589e-10	
-3.09862e-10	-3.09862e-10	
-5.27922e-10	-5.27922e-10	
-8.3342e-10	-8.3342e-10	
-1.27063e-09	-1.27063e-09	
-1.84793e-09	-1.84793e-09	
-2.62882e-09	-2.62882e-09	
-3.659e-09	-3.659e-09	
-4.95101e-09	-4.95101e-09	
-6.59435e-09	-6.59435e-09	
-8.65023e-09	-8.65023e-09	
-1.11852e-08	-1.11852e-08	
-1.41961e-08	-1.41961e-08	
-1.79143e-08	-1.79143e-08	
-2.23425e-08	-2.23425e-08	
-2.77191e-08	-2.77191e-08	
-3.39959e-08	-3.39959e-08	
-4.14637e-08	-4.14637e-08	
-5.02602e-08	-5.02602e-08	
-6.02858e-08	-6.02858e-08	
-7.19231e-08	-7.19231e-08	
-8.52546e-08	-8.52546e-08	
-1.00516e-07	-1.00516e-07	
-1.17879e-07	-1.17879e-07	
-1.37518e-07	-1.37518e-07	
-1.59949e-07	-1.59949e-07	
-1.85037e-07	-1.85037e-07	
-2.12973e-07	-2.12973e-07	
-2.44387e-07	-2.44387e-07	
-2.7906e-07	-2.7906e-07	
-3.17703e-07	-3.17703e-07	
-3.60031e-07	-3.60031e-07	
-4.07044e-07	-4.07044e-07	
-4.57974e-07	-4.57974e-07	
-5.1325e-07	-5.1325e-07	
-5.73096e-07	-5.73096e-07	
-6.36696e-07	-6.36696e-07	
-7.05316e-07	-7.05316e-07	
-7.78894e-07	-7.78894e-07	
-8.57961e-07	-8.57961e-07	
-9.42759e-07	-9.42759e-07	
-1.03209e-06	-1.03209e-06	
-1.12764e-06	-1.12764e-06	
-1.22966e-06	-1.22966e-06	
-1.33796e-06	-1.33796e-06	
-1.45186e-06	-1.45186e-06	
-1.57108e-06	-1.57108e-06	
-1.68971e-06	-1.68971e-06	
-1.82199e-06	-1.82199e-06	
-1.95835e-06	-1.95835e-06	
-2.10066e-06	-2.10066e-06	
-2.24908e-06	-2.24908e-06	
-2.39661e-06	-2.39661e-06	
-2.54789e-06	-2.54789e-06	
-2.70301e-06	-2.70301e-06	
-2.86278e-06	-2.86278e-06	
-3.02968e-06	-3.02968e-06	
-3.20056e-06	-3.20056e-06	
-3.37637e-06	-3.37637e-06	
-3.55631e-06	-3.55631e-06	
-3.74044e-06	-3.74044e-06	
-3.92984e-06	-3.92984e-06	
-4.12357e-06	-4.12357e-06	
-4.32281e-06	-4.32281e-06	
-4.52653e-06	-4.52653e-06	
-4.73483e-06	-4.73483e-06	
-4.94415e-06	-4.94415e-06	
-5.15829e-06	-5.15829e-06	
-5.37341e-06	-5.37341e-06	
-5.58952e-06	-5.58952e-06	
-5.80524e-06	-5.80524e-06	
-6.02204e-06	-6.02204e-06	
-6.23996e-06	-6.23996e-06	
-6.45902e-06	-6.45902e-06	
-6.67763e-06	-6.67763e-06	
-6.89752e-06	-6.89752e-06	
-7.11871e-06	-7.11871e-06	
-7.33945e-06	-7.33945e-06	
-7.56165e-06	-7.56165e-06	
-7.78537e-06	-7.78537e-06	
-8.01067e-06	-8.01067e-06	
-8.22925e-06	-8.22925e-06	
-8.4476e-06	-8.4476e-06	
-8.668e-06	-8.668e-06	
-8.8882e-06	-8.8882e-06	
-9.10115e-06	-9.10115e-06	
-9.31668e-06	-9.31668e-06	
-9.52474e-06	-9.52474e-06	
-9.73581e-06	-9.73581e-06	
-9.93921e-06	-9.93921e-06	
-1.0135e-05	-1.0135e-05	
-1.03232e-05	-1.03232e-05	
-1.0504e-05	-1.0504e-05	
-1.06773e-05	-1.06773e-05	
-1.08434e-05	-1.08434e-05	
-1.10021e-05	-1.10021e-05	
-1.10913e-05	-1.10913e-05	
-1.11753e-05	-1.11753e-05	
-1.12542e-05	-1.12542e-05	
-1.1328e-05	-1.1328e-05	
-1.13969e-05	-1.13969e-05	
-1.14608e-05	-1.14608e-05	
-1.15199e-05	-1.15199e-05	
-1.15345e-05	-1.15345e-05	
-1.15457e-05	-1.15457e-05	
-1.15953e-05	-1.15953e-05	
-1.15973e-05	-1.15973e-05	
-1.15962e-05	-1.15962e-05	
-1.15919e-05	-1.15919e-05	
-1.15846e-05	-1.15846e-05	
-1.16786e-05	-1.16786e-05	
-1.1766e-05	-1.1766e-05	
-1.17624e-05	-1.17624e-05	
-1.18422e-05	-1.18422e-05	
-1.19157e-05	-1.19157e-05	
-1.19831e-05	-1.19831e-05	
-1.19512e-05	-1.19512e-05	
-1.20122e-05	-1.20122e-05	
-1.20443e-05	-1.20443e-05	
-1.18658e-05	-1.18658e-05	
-1.16899e-05	-1.16899e-05	
-1.14858e-05	-1.14858e-05	
-1.12035e-05	-1.12035e-05	
-1.09278e-05	-1.09278e-05	
-1.06584e-05	-1.06584e-05	
-1.03952e-05	-1.03952e-05	
-1.01381e-05	-1.01381e-05	
-9.97821e-06	-9.97821e-06	
-9.7276e-06	-9.7276e-06	
-9.39511e-06	-9.39511e-06	
-9.0717e-06	-9.0717e-06	
-8.75716e-06	-8.75716e-06	
-8.45129e-06	-8.45129e-06	
-8.1539e-06	-8.1539e-06	
-7.8648e-06	-7.8648e-06	
-7.42649e-06	-7.42649e-06	
-7.00215e-06	-7.00215e-06	
-6.59144e-06	-6.59144e-06	
-6.37864e-06	-6.37864e-06	
-5.98335e-06	-5.98335e-06	
-5.60108e-06	-5.60108e-06	
-5.06372e-06	-5.06372e-06	
-4.54534e-06	-4.54534e-06	
-4.04545e-06	-4.04545e-06	
-3.56358e-06	-3.56358e-06	
-2.99868e-06	-2.99868e-06	
-2.26011e-06	-2.26011e-06	
-1.54988e-06	-1.54988e-06	
-8.67237e-07	-8.67237e-07	
-2.11432e-07	-2.11432e-07	
6.16896e-07	6.16896e-07	
1.41178e-06	1.41178e-06	
2.31144e-06	2.31144e-06	
3.32542e-06	3.32542e-06	
4.35623e-06	4.35623e-06	
5.87459e-06	5.87459e-06	
7.20596e-06	7.20596e-06	
8.70503e-06	8.70503e-06	
1.02791e-05	1.02791e-05	
1.17843e-05	1.17843e-05	
1.36044e-05	1.36044e-05	
1.53437e-05	1.53437e-05	
1.72497e-05	1.72497e-05	
1.90694e-05	1.90694e-05	
2.10306e-05	2.10306e-05	
2.33449e-05	2.33449e-05	
2.56981e-05	2.56981e-05	
2.82228e-05	2.82228e-05	
3.09451e-05	3.09451e-05	
3.3998e-05	3.3998e-05	
3.72335e-05	3.72335e-05	
4.06e-05	4.06e-05	
4.4608e-05	4.4608e-05	
4.90614e-05	4.90614e-05	
5.45119e-05	5.45119e-05	
6.02103e-05	6.02103e-05	
6.68509e-05	6.68509e-05	
7.42698e-05	7.42698e-05	
8.22003e-05	8.22003e-05	
9.15588e-05	9.15588e-05	
0.000102325	0.000102325	
0.000113908	0.000113908	
0.000127613	0.000127613	
0.000142377	0.000142377	
0.000159056	0.000159056	
0.000178107	0.000178107	
0.000199761	0.000199761	
0.000223601	0.000223601	
0.000250792	0.000250792	
0.00028041	0.00028041	
0.000313563	0.000313563	
0.000350428	0.000350428	
0.00039135	0.00039135	
0.000436498	0.000436498	
0.000485125	0.000485125	
0.000538259	0.000538259	
0.0005973	0.0005973	
0.000661654	0.000661654	
0.000731518	0.000731518	
0.000806989	0.000806989	
0.00088889	0.00088889	
0.000977886	0.000977886	
0.00107371	0.00107371	
0.00117651	0.00117651	
0.00128717	0.00128717	
0.00140537	0.00140537	
0.00153162	0.00153162	
0.00166619	0.00166619	
0.00181006	0.00181006	
0.00196289	0.00196289	
0.00212587	0.00212587	
0.00229914	0.00229914	
0.00248189	0.00248189	
0.0026746	0.0026746	
0.00287728	0.00287728	
0.00309186	0.00309186	
0.00331795	0.00331795	
0.00355446	0.00355446	
0.00380185	0.00380185	
0.00406073	0.00406073	
0.00433273	0.00433273	
0.00461752	0.00461752	
0.00491455	0.00491455	
0.00522284	0.00522284	
0.00554347	0.00554347	
0.0058765	0.0058765	
0.00622196	0.00622196	
0.00658026	0.00658026	
0.00695376	0.00695376	
0.00734098	0.00734098	
0.00774108	0.00774108	
0.0081552	0.0081552	
0.00858377	0.00858377	
0.00902491	0.00902491	
0.00947906	0.00947906	
0.00994863	0.00994863	
0.0104345	0.0104345	
0.0109353	0.0109353	
0.0114509	0.0114509	
0.0119816	0.0119816	
0.0125273	0.0125273	
0.0130887	0.0130887	
0.0136667	0.0136667	
0.0142618	0.0142618	
0.0148759	0.0148759	
0.0155046	0.0155046	
0.0161458	0.0161458	
0.0168053	0.0168053	
0.0174818	0.0174818	
0.0181739	0.0181739	
0.0188826	0.0188826	
0.0196037	0.0196037	
0.020343	0.020343	
0.0211008	0.0211008	
0.0218787	0.0218787	
0.0226745	0.0226745	
0.0234843	0.0234843	
0.0243156	0.0243156	
0.0251654	0.0251654	
0.0260382	0.0260382	
0.0269305	0.0269305	
0.0278421	0.0278421	
0.0287748	0.0287748	
0.0297319	0.0297319	
0.0307136	0.0307136	
0.0317226	0.0317226	
0.0327554	0.0327554	
0.0338173	0.0338173	
0.0349029	0.0349029	
0.0360168	0.0360168	
0.0371573	0.0371573	
0.0383299	0.0383299	
0.0395282	0.0395282	
0.0407568	0.0407568	
0.042017	0.042017	
0.0433035	0.0433035	
0.0446211	0.0446211	
0.0459643	0.0459643	
0.0473422	0.0473422	
0.0487503	0.0487503	
0.0501908	0.0501908	
0.0516675	0.0516675	
0.0531769	0.0531769	
0.054722	0.054722	
0.0562987	0.0562987	
0.0579113	0.0579113	
0.0595593	0.0595593	
0.0612414	0.0612414	
0.06296	0.06296	
0.0647122	0.0647122	
0.0664991	0.0664991	
0.0683236	0.0683236	
0.0701824	0.0701824	
0.0720852	0.0720852	
0.0740292	0.0740292	
0.0760162	0.0760162	
0.0780455	0.0780455	
0.0801114	0.0801114	
0.0822217	0.0822217	
0.084374	0.084374	
0.0865651	0.0865651	
0.0887972	0.0887972	
0.0910685	0.0910685	
0.0933794	0.0933794	
0.0957309	0.0957309	
0.0981191	0.0981191	
0.100542	0.100542	
0.102998	0.102998	
0.105494	0.105494	
0.108034	0.108034	
0.110606	0.110606	
0.113214	0.113214	
0.115859	0.115859	
0.118545	0.118545	
0.121267	0.121267	
0.124035	0.124035	
0.126842	0.126842	
0.1297	0.1297	
0.132599	0.132599	
0.135544	0.135544	
0.13853	0.13853	
0.141566	0.141566	
0.144643	0.144643	
0.147763	0.147763	
0.150934	0.150934	
0.154152	0.154152	
0.15742	0.15742	
0.160741	0.160741	
0.164121	0.164121	
0.167557	0.167557	
0.171049	0.171049	
0.17461	0.17461	
0.17824	0.17824	
0.181939	0.181939	
0.185716	0.185716	
0.189568	0.189568	
0.193495	0.193495	
0.197515	0.197515	
0.201624	0.201624	
0.205836	0.205836	
0.210148	0.210148	
0.214556	0.214556	
0.219061	0.219061	
0.223657	0.223657	
0.228343	0.228343	
0.233125	0.233125	
0.238001	0.238001	
0.242986	0.242986	
0.248073	0.248073	
0.253273	0.253273	
0.258585	0.258585	
0.264012	0.264012	
0.269562	0.269562	
0.275225	0.275225	
0.281008	0.281008	
0.286916	0.286916	
0.292959	0.292959	
0.299131	0.299131	
0.305426	0.305426	
0.311827	0.311827	
0.318338	0.318338	
0.324946	0.324946	
0.331658	0.331658	
0.338475	0.338475	
0.345404	0.345404	
0.352435	0.352435	
0.359564	0.359564	
0.36679	0.36679	
0.374118	0.374118	
0.381546	0.381546	
0.389077	0.389077	
0.39671	0.39671	
0.404458	0.404458	
0.412322	0.412322	
0.420316	0.420316	
0.428451	0.428451	
0.436724	0.436724	
0.445144	0.445144	
0.453723	0.453723	
0.462458	0.462458	
0.471349	0.471349	
0.480405	0.480405	
0.489618	0.489618	
0.498995	0.498995	
0.508527	0.508527	
0.518216	0.518216	
0.528066	0.528066	
0.538064	0.538064	
0.548226	0.548226	
0.558544	0.558544	
0.569029	0.569029	
0.579685	0.579685	
0.590513	0.590513	
0.60152	0.60152	
0.612709	0.612709	
0.624065	0.624065	
0.635591	0.635591	
0.6473	0.6473	
0.659198	0.659198	
0.671284	0.671284	
0.683554	0.683554	
0.695982	0.695982	
0.708552	0.708552	
0.721282	0.721282	
0.734165	0.734165	
0.747227	0.747227	
0.760461	0.760461	
0.773862	0.773862	
0.787418	0.787418	
0.801149	0.801149	
0.815054	0.815054	
0.829132	0.829132	
0.843363	0.843363	
0.857746	0.857746	
0.872293	0.872293	
0.887016	0.887016	
0.901936	0.901936	
0.917077	0.917077	
0.932446	0.932446	
0.94802	0.94802	
0.963822	0.963822	
0.979873	0.979873	
0.996167	0.996167	
1.0127	1.0127	
1.02947	1.02947	
1.0465	1.0465	
1.06383	1.06383	
1.08146	1.08146	
1.09942	1.09942	
1.11769	1.11769	
1.13628	1.13628	
1.15516	1.15516	
1.17432	1.17432	
1.19374	1.19374	
1.21344	1.21344	
1.23344	1.23344	
1.25377	1.25377	
1.27443	1.27443	
1.2954	1.2954	
1.31668	1.31668	
1.33828	1.33828	
1.36018	1.36018	
1.38239	1.38239	
1.4049	1.4049	
1.42772	1.42772	
1.45081	1.45081	
1.47414	1.47414	
1.4977	1.4977	
1.52146	1.52146	
1.54537	1.54537	
1.5694	1.5694	
1.59353	1.59353	
1.61782	1.61782	
1.64226	1.64226	
1.66685	1.66685	
1.69159	1.69159	
1.71643	1.71643	
1.74139	1.74139	
1.76646	1.76646	
1.79161	1.79161	
1.81682	1.81682	
1.84209	1.84209	
1.86749	1.86749	
1.89305	1.89305	
1.91885	1.91885	
1.94498	1.94498	
1.97148	1.97148	
1.99838	1.99838	
2.02568	2.02568	
2.05339	2.05339	
2.0815	2.0815	
2.11008	2.11008	
2.13918	2.13918	
2.16885	2.16697	
2.19911	2.19263	
2.22999	2.21793	
2.26143	2.24288	
2.29337	2.26748	
2.32573	2.29174	
2.35855	2.31565	
2.39182	2.33923	
2.42553	2.36248	
2.45964	2.38541	
2.49408	2.40801	
2.52881	2.4303	
2.56375	2.45228	
2.59886	2.47395	
2.63407	2.49531	
2.66934	2.51638	
2.70469	2.53715	
2.74011	2.55763	
2.77556	2.57782	
2.81099	2.59773	
2.84634	2.61736	
2.88162	2.63672	
2.91689	2.65581	
2.95224	2.67462	
2.98778	2.69318	
3.02355	2.71147	
3.05962	2.72951	
3.09599	2.7473	
3.13268	2.76484	
3.16967	2.78213	
3.20696	2.79918	
3.24457	2.81599	
3.28245	2.83257	
3.32059	2.84891	
3.35891	2.86503	
3.39733	2.88092	
3.43588	2.89658	
3.47461	2.91203	
3.51352	2.92726	
3.55261	2.94228	
3.59184	2.95709	
3.63113	2.97169	
3.67047	2.98609	
3.70983	3.00028	
3.74928	3.01428	
3.78892	3.02808	
3.82879	3.04169	
3.86885	3.0551	
3.9091	3.06833	
3.94957	3.08137	
3.99032	3.09423	
4.03136	3.10692	
4.07262	3.11942	
4.11394	3.13175	
4.15527	3.1439	
4.19656	3.15589	
4.23778	3.16771	
4.27896	3.17936	
4.32008	3.19085	
4.3611	3.20217	
4.40194	3.21334	
4.44255	3.22436	
4.48286	3.23522	
4.52285	3.24592	
4.5625	3.25648	
4.60174	3.26689	
4.64062	3.27715	
4.67922	3.28727	
4.71766	3.29725	
4.75599	3.30709	
4.79423	3.31679	
4.83243	3.32636	
4.87067	3.33579	
4.90905	3.34509	
4.94758	3.35425	
4.9862	3.36329	
5.02484	3.37221	
5.06345	3.381	
5.10202	3.38966	
5.14058	3.39821	
5.17915	3.40663	
5.21761	3.41494	
5.25584	3.42313	
5.29382	3.43121	
5.33156	3.43917	
5.36913	3.44702	
5.40656	3.45476	
5.44393	3.4624	
5.48134	3.46992	
5.51889	3.47734	
5.55671	3.48466	
5.59491	3.49188	
5.63348	3.49899	
5.6724	3.506	
5.71157	3.51292	
5.75092	3.51974	
5.79046	3.52646	
5.83011	3.53309	
5.86974	3.53963	
5.90924	3.54607	
5.94847	3.55243	
5.98741	3.5587	
6.02595	3.56487	
6.06406	3.57097	
6.10172	3.57697	
6.13885	3.58289	
6.17542	3.58873	
6.21143	3.59449	
6.24689	3.60017	
6.28184	3.60577	
6.31629	3.61129	
6.35038	3.61673	
6.38425	3.62209	
6.418	3.62738	
6.45167	3.6326	
6.48526	3.63774	
6.51878	3.64282	
6.5522	3.64782	
6.58546	3.65275	
6.61851	3.65761	
6.65133	3.6624	
6.6839	3.66713	
6.71624	3.67179	
6.7484	3.67638	
6.7804	3.68091	
6.81219	3.68538	
6.8437	3.68979	
6.875	3.69413	
6.90626	3.69841	
6.93748	3.70263	
6.96863	3.7068	
6.99968	3.7109	
7.03068	3.71495	
7.06175	3.71894	
7.09289	3.72287	
7.12404	3.72675	
7.15508	3.73058	
7.18597	3.73435	
7.21668	3.73807	
7.24724	3.74174	
7.27772	3.74535	
7.30807	3.74892	
7.33823	3.75243	
7.36815	3.7559	
7.39785	3.75932	
7.42728	3.76269	
7.45638	3.76601	
7.48504	3.76928	
7.51319	3.77251	
7.54087	3.7757	
7.56813	3.77884	
7.59502	3.78194	
7.62167	3.78499	
7.64824	3.788	
7.67477	3.79097	
7.70132	3.79389	
7.72788	3.79678	
7.75439	3.79962	
7.78071	3.80243	
7.80674	3.8052	
7.83247	3.80792	
7.85797	3.81061	
7.88321	3.81326	
7.90812	3.81588	
7.9326	3.81845	
7.9567	3.821	
7.98043	3.8235	
8.00379	3.82597	
8.02682	3.82841	
8.0495	3.83081	
8.07196	3.83318	
8.09421	3.83552	
8.11635	3.83782	
8.13839	3.84009	
8.1603	3.84233	
8.18209	3.84454	
8.20381	3.84671	
8.22543	3.84886	
8.24697	3.85097	
8.26835	3.85306	
8.2895	3.85512	
8.31046	3.85715	
8.33127	3.85915	
8.35205	3.86112	
8.37282	3.86306	
8.39351	3.86498	
8.4141	3.86687	
8.43456	3.86873	
8.45489	3.87057	
8.47507	3.87238	
8.49508	3.87417	
8.51478	3.87593	
8.53409	3.87767	
8.55298	3.87938	
8.57158	3.88107	
8.59	3.88274	
8.60827	3.88438	
8.62626	3.886	
8.64391	3.88759	
8.66125	3.88917	
8.67841	3.89072	
8.69539	3.89225	
8.7122	3.89376	
8.72883	3.89524	
8.74526	3.89671	
8.76146	3.89816	
8.77735	3.89958	
8.79292	3.90099	
8.80817	3.90237	
8.82306	3.90374	
8.83757	3.90509	
8.85181	3.90642	
8.86598	3.90773	
8.8802	3.90902	
8.89462	3.91029	
8.90926	3.91155	
8.92412	3.91279	
8.93924	3.91401	
8.95469	3.91521	
8.97038	3.9164	
8.98625	3.91757	
9.00223	3.91872	
9.01822	3.91986	
9.03409	3.92098	
9.04974	3.92209	
9.06519	3.92318	
9.08044	3.92426	
9.09545	3.92532	
9.11015	3.92636	
9.12448	3.92739	
9.13837	3.92841	
9.15182	3.92941	
9.16477	3.9304	
9.17717	3.93137	
9.18901	3.93233	
9.20017	3.93328	
9.21077	3.93422	
9.22099	3.93514	
9.23101	3.93604	
9.24101	3.93694	
9.25109	3.93782	
9.26131	3.93869	
9.27166	3.93955	
9.28221	3.9404	
9.29295	3.94123	
9.30377	3.94206	
9.31452	3.94287	
9.32515	3.94367	
9.33561	3.94445	
9.34589	3.94523	
9.35594	3.946	
9.36565	3.94676	
9.37504	3.9475	
9.38407	3.94824	
9.39277	3.94896	
9.40106	3.94968	
9.409	3.95038	
9.4167	3.95107	
9.42424	3.95176	
9.43171	3.95243	
9.43913	3.9531	
9.44655	3.95376	
9.454	3.9544	
9.46159	3.95504	
9.46938	3.95567	
9.47737	3.95629	
9.48559	3.9569	
9.49401	3.95751	
9.50253	3.9581	
9.51093	3.95869	
9.51913	3.95927	
9.52709	3.95984	
9.53472	3.9604	
9.54201	3.96095	
9.54887	3.9615	
9.5553	3.96204	
9.56127	3.96257	
9.5668	3.9631	
9.57188	3.96361	
9.57658	3.96412	
9.58103	3.96462	
9.58533	3.96512	
9.58943	3.96561	
9.5932	3.96609	
9.5967	3.96656	
9.6001	3.96703	
9.60363	3.96749	
9.60739	3.96795	
9.61137	3.9684	
9.61552	3.96884	
9.61968	3.96928	
9.62374	3.96971	
9.62761	3.97013	
9.63114	3.97055	
9.63431	3.97096	
9.63711	3.97137	
9.63948	3.97177	
9.64134	3.97216	
9.6426	3.97255	
9.64334	3.97294	
9.64365	3.97169	
9.64365	3.96786	
9.64343	3.96337	
9.64309	3.95822	
9.64268	3.95244	
9.6422	3.94605	
9.64162	3.93906	
9.64105	3.9315	
9.64071	3.92337	
9.64083	3.91471	
9.6416	3.90552	
9.64299	3.89583	
9.64484	3.88564	
9.64701	3.87497	
9.64947	3.86385	
9.65213	3.85228	
9.65487	3.84027	
9.65753	3.82785	
9.65995	3.81503	
9.66194	3.80182	
9.66336	3.78824	
9.66418	3.77429	
9.66438	3.75999	
9.66405	3.74536	
9.66327	3.7304	
9.66203	3.71513	
9.66023	3.69956	
9.65777	3.6837	
9.65467	3.66756	
9.65105	3.65115	
9.64704	3.63449	
9.64285	3.61759	
9.63871	3.60044	
9.63474	3.58308	
9.631	3.56549	
9.62735	3.5477	
9.62371	3.52971	
9.62002	3.51154	
9.61628	3.49318	
9.61249	3.47465	
9.60865	3.45597	
9.60466	3.43712	
9.60052	3.41813	
9.59613	3.39901	
9.59142	3.37975	
9.58628	3.36037	
9.58065	3.34087	
9.57446	3.32127	
9.56768	3.30156	
9.56027	3.28175	
9.55221	3.26186	
9.54348	3.24189	
9.53421	3.22184	
9.52459	3.20172	
9.51478	3.18153	
9.50496	3.16129	
9.49516	3.141	
9.48547	3.12065	
9.47587	3.10027	
9.4662	3.07984	
9.45633	3.05939	
9.44617	3.03891	
9.43562	3.01841	
9.42477	2.99789	
9.41367	2.97735	
9.40229	2.95681	
9.39057	2.93626	
9.37843	2.91572	
9.36579	2.89518	
9.35258	2.87464	
9.33872	2.85412	
9.32408	2.83361	
9.30864	2.81312	
9.29241	2.79265	
9.27544	2.77221	
9.2578	2.7518	
9.23949	2.73142	
9.22061	2.71107	
9.20131	2.69077	
9.18174	2.6705	
9.16207	2.65028	
9.14244	2.63011	
9.12297	2.60998	
9.10373	2.58991	
9.08474	2.56989	
9.06607	2.54993	
9.04764	2.53002	
9.0294	2.51018	
9.01126	2.4904	
8.99318	2.47069	
8.97511	2.45105	
8.95698	2.43147	
8.93869	2.41197	
8.92022	2.39254	
8.90154	2.37318	
8.88259	2.3539	
8.8633	2.3347	
8.84351	2.31559	
8.82303	2.29655	
8.80174	2.27759	
8.77967	2.25872	
8.75684	2.23994	
8.73328	2.22124	
8.7091	2.20263	
8.68443	2.18411	
8.65942	2.16568	
8.6342	2.14734	
8.60874	2.12909	
8.58305	2.11094	
8.55709	2.09288	
8.53083	2.07492	
8.50427	2.05705	
8.47749	2.03928	
8.45051	2.02161	
8.42336	2.00404	
8.39595	1.98656	
8.36821	1.96919	
8.3401	1.95192	
8.31171	1.93475	
8.28306	1.91768	
8.25418	1.90071	
8.22504	1.88384	
8.19561	1.86708	
8.16582	1.85042	
8.1357	1.83386	
8.10529	1.81741	
8.07465	1.80106	
8.04382	1.78482	
8.01282	1.76869	
7.98162	1.75265	
7.95028	1.73673	
7.9188	1.7209	
7.8873	1.70519	
7.85578	1.68958	
7.8243	1.67408	
7.79287	1.65868	
7.76147	1.64339	
7.73009	1.6282	
7.69866	1.61312	
7.66723	1.59815	
7.63581	1.58328	
7.60439	1.56852	
7.57296	1.55386	
7.54147	1.53931	
7.5099	1.52487	
7.47831	1.51053	
7.44676	1.4963	
7.41524	1.48217	
7.3838	1.46815	
7.3524	1.45423	
7.32097	1.44041	
7.28944	1.4267	
7.25769	1.4131	
7.22576	1.3996	
7.19367	1.3862	
7.16146	1.37291	
7.12914	1.35972	
7.09668	1.34663	
7.06409	1.33365	
7.03138	1.32076	
6.99846	1.30798	
6.96532	1.2953	
6.93197	1.28272	
6.89842	1.27025	
6.8647	1.25787	
6.83086	1.24559	
6.79688	1.23341	
6.76284	1.22134	
6.72869	1.20936	
6.69441	1.19747	
6.65995	1.18569	
6.62529	1.17401	
6.59043	1.16242	
6.55538	1.15093	
6.52018	1.13953	
6.48484	1.12823	
6.44937	1.11703	
6.41383	1.10592	
6.37828	1.0949	
6.34268	1.08398	
6.30706	1.07315	
6.27141	1.06241	
6.23576	1.05177	
6.20013	1.04122	
6.16449	1.03076	
6.12879	1.02039	
6.09303	1.01011	
6.05722	0.999922	
6.02138	0.989823	
5.98555	0.979812	
5.94977	0.969889	
5.91408	0.960054	
5.8785	0.950307	
5.84301	0.940646	
5.80764	0.931071	
5.77234	0.921582	
5.73716	0.912177	
5.70216	0.902858	
5.6673	0.893622	
5.63258	0.88447	
5.59797	0.8754	
5.56344	0.866414	
5.52905	0.857508	
5.4948	0.848685	
5.4607	0.839941	
5.42677	0.831278	
5.39297	0.822695	
5.35931	0.814191	
5.32576	0.805765	
5.29231	0.797418	
5.25887	0.789147	
5.22542	0.780954	
5.19187	0.772837	
5.15826	0.764796	
5.12465	0.75683	
5.09107	0.748938	
5.05758	0.741121	
5.0242	0.733378	
4.99089	0.725707	
4.95763	0.71811	
4.9244	0.710584	
4.89117	0.703129	
4.85803	0.695746	
4.825	0.688433	
4.7921	0.681189	
4.75934	0.674015	
4.7267	0.66691	
4.69419	0.659873	
4.66183	0.652904	
4.62965	0.646002	
4.59765	0.639166	
4.56586	0.632397	
4.53427	0.625693	
4.50286	0.619054	
4.47161	0.61248	
4.4405	0.60597	
4.40953	0.599523	
4.3787	0.59314	
4.34807	0.586818	
4.31762	0.580559	
4.28735	0.574362	
4.25723	0.568225	
4.22726	0.562149	
4.19739	0.556132	
4.16759	0.550175	
4.13787	0.544277	
4.10826	0.538438	
4.07882	0.532657	
4.04955	0.526933	
4.02044	0.521266	
3.99152	0.515655	
3.96274	0.510101	
3.93411	0.504602	
3.90558	0.499158	
3.87718	0.493769	
3.84895	0.488433	
3.82088	0.483152	
3.79301	0.477924	
3.76534	0.472748	
3.73781	0.467625	
3.71045	0.462553	
3.68322	0.457533	
3.65611	0.452564	
3.62908	0.447645	
3.60214	0.442776	
3.57529	0.437957	
3.54855	0.433186	
3.5219	0.428465	
3.49539	0.423791	
3.46899	0.419166	
3.4427	0.414588	
3.41652	0.410056	
3.39042	0.405572	
3.36445	0.401133	
3.33857	0.39674	
3.31278	0.392392	
3.28706	0.388089	
3.26142	0.383831	
3.23582	0.379616	
3.2103	0.375445	
3.18487	0.371318	
3.15949	0.367233	
3.13419	0.36319	
3.10894	0.35919	
3.08374	0.355231	
3.0586	0.351313	
3.03346	0.347436	
3.00831	0.3436	
2.98314	0.339804	
2.95793	0.336047	
2.9327	0.33233	
2.90748	0.328651	
2.88224	0.325012	
2.85698	0.32141	
2.83174	0.317846	
2.80646	0.31432	
2.7812	0.310831	
2.75597	0.307379	
2.7308	0.303963	
2.70568	0.300583	
2.68066	0.297239	
2.65572	0.29393	
2.63086	0.290656	
2.60612	0.287417	
2.58149	0.284213	
2.55699	0.281042	
2.53259	0.277905	
2.50832	0.274801	
2.48416	0.271731	
2.46009	0.268693	
2.4361	0.265688	
2.41218	0.262714	
2.38832	0.259773	
2.3645	0.256863	
2.34075	0.253984	
2.31704	0.251136	
2.2934	0.248318	
2.26982	0.24553	
2.24631	0.242773	
2.22287	0.240045	
2.19948	0.237347	
2.17618	0.234677	
2.15301	0.232036	
2.12993	0.229424	
2.10697	0.22684	
2.08415	0.224284	
2.06147	0.221755	
2.03896	0.219254	
2.01662	0.21678	
1.99442	0.214332	
1.97237	0.211911	
1.95047	0.209517	
1.92872	0.207148	
1.90711	0.204805	
1.88563	0.202488	
1.86431	0.200195	
1.8431	0.197928	
1.82203	0.195685	
1.80105	0.193467	
1.78018	0.191273	
1.75938	0.189103	
1.73868	0.186957	
1.71808	0.184834	
1.69759	0.182734	
1.67724	0.180657	
1.657	0.178603	
1.63688	0.176572	
1.61689	0.174563	
1.59705	0.172576	
1.57736	0.17061	
1.55785	0.168667	
1.5385	0.166744	
1.51933	0.164843	
1.50035	0.162963	
1.48157	0.161103	
1.46298	0.159264	
1.44456	0.157445	
1.42633	0.155646	
1.40828	0.153867	
1.39041	0.152108	
1.37273	0.150368	
1.35523	0.148648	
1.3379	0.146946	
1.32073	0.145263	
1.30372	0.143599	
1.28687	0.141954	
1.27017	0.140326	
1.25364	0.138717	
1.23728	0.137126	
1.2211	0.135552	
1.20511	0.133996	
1.18929	0.132457	
1.17367	0.130935	
1.15827	0.12943	
1.1431	0.127942	
1.12814	0.126471	
1.1134	0.125016	
1.0989	0.123577	
1.08465	0.122154	
1.07064	0.120747	
1.05687	0.119356	
1.04332	0.11798	
1.02999	0.11662	
1.0169	0.115275	
1.00404	0.113945	
0.9914	0.11263	
0.978955	0.11133	
0.96673	0.110044	
0.954712	0.108773	
0.942903	0.107516	
0.931291	0.106273	
0.919884	0.105045	
0.908688	0.103829	
0.897714	0.102628	
0.886942	0.10144	
0.876389	0.100266	
0.866052	0.0991045	
0.855939	0.0979563	
0.846047	0.0968211	
0.836375	0.0956987	
0.826937	0.094589	
0.817722	0.0934918	
0.808739	0.092407	
0.799959	0.0913345	
0.791405	0.0902741	
0.783071	0.0892257	
0.774932	0.0881891	
0.766993	0.0871643	
0.75923	0.0861511	
0.751644	0.0851494	
0.74422	0.0841591	
0.736981	0.0831799	
0.729898	0.0822119	
0.722957	0.0812549	
0.71619	0.0803088	
0.709568	0.0793734	
0.703079	0.0784486	
0.6967	0.0775344	
0.69047	0.0766306	
0.684365	0.075737	
0.678404	0.0748536	
0.672591	0.0739803	
0.666904	0.073117	
0.661326	0.0722634	
0.655874	0.0714197	
0.650551	0.0705855	
0.645334	0.0697609	
0.640235	0.0689457	
0.635228	0.0681398	
0.630281	0.0673431	
0.62542	0.0665555	
0.620662	0.0657769	
0.616007	0.0650072	
0.611441	0.0642464	
0.606955	0.0634942	
0.602532	0.0627507	
0.598158	0.0620157	
0.593832	0.0612891	
0.589582	0.0605708	
0.585406	0.0598608	
0.581283	0.0591589	
0.577219	0.0584651	
0.573214	0.0577793	
0.569243	0.0571013	
0.565287	0.0564311	
0.561372	0.0557687	
0.557508	0.0551138	
0.553675	0.0544665	
0.549866	0.0538266	
0.54609	0.0531941	
0.542335	0.0525689	
0.538575	0.0519509	
0.534825	0.05134	
0.531105	0.0507362	
0.527406	0.0501393	
0.523715	0.0495493	
0.520015	0.0489661	
0.516336	0.0483896	
0.512648	0.0478198	
0.508926	0.0472566	
0.5052	0.0466999	
0.501473	0.0461496	
0.497748	0.0456057	
0.494006	0.045068	
0.490256	0.0445366	
0.486524	0.0440114	
0.482783	0.0434922	
0.479001	0.042979	
0.47521	0.0424718	
0.471395	0.0419705	
0.467564	0.0414749	
0.463727	0.0409852	
0.459864	0.0405011	
0.455967	0.0400226	
0.452045	0.0395496	
0.44811	0.0390822	
0.44416	0.0386202	
0.440186	0.0381635	
0.436189	0.0377122	
0.432173	0.0372661	
0.428123	0.0368252	
0.424055	0.0363894	
0.419975	0.0359587	
0.415872	0.035533	
0.411747	0.0351123	
0.407584	0.0346964	
0.403395	0.0342854	
0.399179	0.0338792	
0.394927	0.0334777	
0.390656	0.0330809	
0.386368	0.0326887	
0.382045	0.0323011	
0.377709	0.0319181	
0.373345	0.0315394	
0.36897	0.0311653	
0.364586	0.0307954	
0.36018	0.0304299	
0.355763	0.0300687	
0.351326	0.0297117	
0.346872	0.0293589	
0.342398	0.0290101	
0.337909	0.0286655	
0.333414	0.0283249	
0.328888	0.0279883	
0.324354	0.0276556	
0.319828	0.0273268	
0.315289	0.0270019	
0.310747	0.0266808	
0.306205	0.0263634	
0.301672	0.0260498	
0.297151	0.0257398	
0.292645	0.0254334	
0.288162	0.0251307	
0.283709	0.0248315	
0.279282	0.0245358	
0.274894	0.0242436	
0.27054	0.0239548	
0.266228	0.0236694	
0.261957	0.0233874	
0.257748	0.0231087	
0.253584	0.0228332	
0.249464	0.022561	
0.245403	0.022292	
0.241396	0.0220261	
0.237431	0.0217634	
0.233548	0.0215038	
0.229717	0.0212472	
0.225956	0.0209936	
0.222274	0.0207431	
0.218675	0.0204955	
0.215169	0.0202507	
0.211761	0.0200089	
0.208475	0.0197699	
0.205298	0.0195338	
0.202239	0.0193004	
0.199299	0.0190698	
0.196449	0.0188419	
0.193693	0.0186167	
0.19105	0.0183941	
0.188521	0.0181742	
0.186106	0.0179568	
0.183785	0.0177421	
0.181587	0.0175298	
0.17949	0.0173201	
0.177496	0.0171129	
0.175606	0.0169081	
0.173815	0.0167057	
0.172125	0.0165057	
0.170521	0.0163081	
0.169015	0.0161128	
0.167616	0.0159198	
0.166329	0.0157291	
0.165172	0.0155407	
0.164137	0.0153545	
0.163221	0.0151705	
0.162426	0.0149886	
0.161709	0.014809	
0.161082	0.0146314	
0.160519	0.014456	
0.160012	0.0142826	
0.159562	0.0141113	
0.159172	0.0139421	
0.158848	0.0137748	
0.158584	0.0136095	
0.158373	0.0134462	
0.158165	0.0132848	
0.15798	0.0131253	
0.157786	0.0129678	
0.157596	0.012812	
0.15741	0.0126582	
0.157199	0.0125062	
0.156982	0.0123559	
0.156749	0.0122075	
0.156484	0.0120608	
0.156187	0.0119159	
0.155867	0.0117727	
0.155506	0.0116312	
0.15511	0.0114913	
0.154658	0.0113532	
0.154178	0.0112166	
0.153633	0.0110817	
0.153035	0.0109485	
0.152359	0.0108167	
0.151616	0.0106866	
0.150793	0.010558	
0.149903	0.010431	
0.148932	0.0103054	
0.147887	0.0101814	
0.146768	0.0100588	
0.145552	0.00993769	
0.144265	0.00981802	
0.142901	0.00969978	
0.141451	0.00958295	
0.139936	0.00946751	
0.13836	0.00935345	
0.136723	0.00924075	
0.135031	0.00912939	
0.133277	0.00901936	
0.131454	0.00891065	
0.129602	0.00880323	
0.127712	0.00869709	
0.125797	0.00859223	
0.123878	0.00848861	
0.121942	0.00838623	
0.120004	0.00828508	
0.11807	0.00818513	
0.116141	0.00808638	
0.114216	0.0079888	
0.112306	0.0078924	
0.110415	0.00779714	
0.108535	0.00770303	
0.106676	0.00761004	
0.104836	0.00751816	
0.103023	0.00742738	
0.101245	0.00733769	
0.0994859	0.00724907	
0.0977471	0.00716151	
0.0960343	0.007075	
0.0943415	0.00698953	
0.0926747	0.00690507	
0.0910449	0.00682163	
0.0894272	0.00673919	
0.0878348	0.00665774	
0.0862616	0.00657726	
0.0847208	0.00649775	
0.0831973	0.00641919	
0.081707	0.00634157	
0.0802321	0.00626488	
0.0787886	0.00618911	
0.0773612	0.00611425	
0.0759646	0.00604028	
0.0745776	0.00596721	
0.0732338	0.00589501	
0.0719119	0.00582367	
0.0706201	0.0057532	
0.0693406	0.00568356	
0.0681095	0.00561477	
0.0668915	0.0055468	
0.0657046	0.00547964	
0.0645363	0.00541329	
0.0633989	0.00534774	
0.0622914	0.00528298	
0.0612128	0.00521899	
0.060162	0.00515578	
0.059151	0.00509332	
0.0581789	0.00503161	
0.0572431	0.00497064	
0.0563539	0.00491041	
0.0555116	0.0048509	
0.0547003	0.00479211	
0.0539563	0.00473402	
0.0532393	0.00467663	
0.0525726	0.00461994	
0.0519419	0.00456392	
0.0513569	0.00450858	
0.0508175	0.0044539	
0.0503322	0.00439989	
0.0498947	0.00434652	
0.0494986	0.00429379	
0.0491708	0.0042417	
0.0488867	0.00419024	
0.0486444	0.00413939	
0.0484414	0.00408916	
0.0482796	0.00403954	
0.0481609	0.00399051	
0.0480755	0.00394207	
0.0480253	0.00389422	
0.0480045	0.00384694	
0.0480196	0.00380023	
0.0480518	0.00375408	
0.0480898	0.0037085	
0.048159	0.00366346	
0.0482321	0.00361896	
0.0483151	0.003575	
0.0483964	0.00353157	
0.0484741	0.00348867	
0.0485275	0.00344628	
0.0485678	0.0034044	
0.0485892	0.00336303	
0.0485919	0.00332216	
0.0485653	0.00328178	
0.0485174	0.00324189	
0.0484405	0.00320248	
0.0483388	0.00316355	
0.0482034	0.00312508	
0.0480435	0.00308708	
0.047835	0.00304954	
0.0475993	0.00301245	
0.0473251	0.00297581	
0.0470137	0.00293962	
0.0466728	0.00290386	
0.0463166	0.00286853	
0.0459282	0.00283363	
0.0455027	0.00279915	
0.0450561	0.00276509	
0.0445711	0.00273144	
0.0440619	0.0026982	
0.0435292	0.00266536	
0.0429677	0.00263291	
0.0423693	0.00260086	
0.0417311	0.0025692	
0.0410707	0.00253792	
0.0403914	0.00250702	
0.0396885	0.00247649	
0.0389682	0.00244633	
0.0382334	0.00241653	
0.0374852	0.0023871	
0.0367253	0.00235802	
0.0359594	0.0023293	
0.0352013	0.00230092	
0.0344321	0.00227289	
0.0336707	0.00224519	
0.0329483	0.00221783	
0.0322349	0.00219081	
0.0315317	0.00216411	
0.030845	0.00213773	
0.0301866	0.00211167	
0.0295432	0.00206666	
0.0289143	0.00202267	
0.0282996	0.00197967	
0.0277061	0.00193815	
0.0271257	0.00189755	
0.0265581	0.00185784	
0.0260029	0.001819	
0.0254728	0.00178192	
0.0249538	0.00174562	
0.0244458	0.00171008	
0.0239484	0.00167528	
0.0234614	0.00164122	
0.0229784	0.00160743	
0.0225057	0.00157436	
0.022043	0.001542	
0.0215903	0.00151033	
0.0211472	0.00147933	
0.0207074	0.00144856	
0.0202833	0.0014189	
0.0198621	0.00138943	
0.01945	0.0013606	
0.0190602	0.00133334	
0.0186785	0.00130663	
0.0183045	0.00128047	
0.0179382	0.00125485	
0.0175793	0.00122974	
0.0172278	0.00120515	
0.0168961	0.00118195	
0.0165708	0.00115919	
0.0162516	0.00113686	
0.0159384	0.00111495	
0.0156312	0.00109346	
0.0153298	0.00107238	
0.0150341	0.00105169	
0.014744	0.0010314	
0.0144659	0.00101195	
0.0141929	0.000992848	
0.0139248	0.000974093	
0.0136616	0.000955679	
0.0134031	0.000937601	
0.0131494	0.000919851	
0.0129003	0.000902426	
0.0126558	0.000885319	
0.0124157	0.000868525	
0.01218	0.000852039	
0.0119487	0.000835856	
0.0117216	0.00081997	
0.0114987	0.000804376	
0.0112935	0.000790025	
0.011085	0.00077544	
0.0108801	0.000761106	
0.0106788	0.00074702	
0.0104809	0.000733178	
0.0102865	0.000719577	
0.0100954	0.000706214	
0.00990126	0.000692631	
0.00972393	0.000680226	
0.00954156	0.000667469	
0.00937033	0.000655491	
0.00919397	0.000643154	
0.00904228	0.000632542	
0.00888472	0.000621521	
0.00873726	0.000611205	
0.00858391	0.000600478	
0.0084461	0.000590838	
0.0083176	0.000581848	
0.00819021	0.000572937	
0.00807034	0.000564551	
0.0079435	0.000555678	
0.00782573	0.00054744	
0.00769164	0.00053806	
0.00758285	0.000530449	
0.00748237	0.000523421	
0.00737425	0.000515857	
0.00727457	0.000508884	
0.00718044	0.000502299	
0.00708631	0.000495715	
0.00698557	0.000488668	
0.00689995	0.000482678	
0.00681405	0.000476669	
0.00674849	0.000472083	
0.00667366	0.000466848	
0.00661199	0.000462534	
0.00656297	0.000459105	
0.00651967	0.000456076	
0.00647874	0.000453213	
0.00643531	0.000450175	
0.00640345	0.000447946	
0.00639039	0.000447032	
0.00637882	0.000446223	
0.00637651	0.000446062	
0.00638407	0.000446591	
0.00639238	0.000447172	
0.0064092	0.000448348	
0.00643441	0.000450112	
0.00646604	0.000452324	
0.00650519	0.000455063	
0.00655103	0.00045827	
0.00660335	0.00046193	
0.0066511	0.00046527	
0.00671449	0.000469704	
0.00678343	0.000474527	
0.00685607	0.000479609	
0.0069276	0.000484612	
0.00699374	0.000489239	
0.00707101	0.000494644	
0.00715521	0.000500535	
0.00723352	0.000506013	
0.00731525	0.00051173	
0.00741031	0.00051838	
0.00749904	0.000524587	
0.00758655	0.000530708	
0.00766671	0.000536316	
0.00775083	0.000542201	
0.00783843	0.000548328	
0.00791519	0.000553698	
0.00798762	0.000558765	
0.00807952	0.000565194	
0.00815874	0.000570736	
0.00822736	0.000575536	
0.0083002	0.000580631	
0.00836269	0.000585003	
0.00842873	0.000589622	
0.0084847	0.000593538	
0.00854456	0.000597725	
0.00859462	0.000601227	
0.00864952	0.000605068	
0.00869484	0.000608238	
0.00874465	0.000611722	
0.00878508	0.00061455	
0.00881665	0.000616759	
0.00884745	0.000618913	
0.00888438	0.000621497	
0.00891166	0.000623405	
0.00893072	0.000624738	
0.00894202	0.000625529	
0.0089594	0.000626745	
0.0089691	0.000627423	
0.00898573	0.000628586	
0.00899469	0.000629213	
0.00899641	0.000629334	
0.00900494	0.00062993	
0.00900625	0.000630022	
0.00901553	0.000630671	
0.00901754	0.000630812	
0.00902577	0.000631388	
0.00902679	0.000631459	
0.00902099	0.000631053	
0.00902301	0.000631194	
0.00901817	0.000630856	
0.00902129	0.000631074	
0.00903824	0.00063226	
0.00903943	0.000632343	
0.00904824	0.000632959	
0.00904258	0.000632563	
0.0090518	0.000633208	
0.00906722	0.000634287	
0.00906793	0.000634337	
0.00907552	0.000634868	
0.00909017	0.000635893	
0.0091109	0.000637343	
0.00913716	0.00063918	
0.00915508	0.000640433	
0.00918038	0.000642203	
0.00921015	0.000644286	
0.00924583	0.000646782	
0.00927255	0.000648651	
0.00930513	0.00065093	
0.00934306	0.000653583	
0.00938482	0.000656505	
0.00944603	0.000660786	
0.00950967	0.000665238	
0.00957105	0.000669532	
0.00963534	0.000674029	
0.00971686	0.000679732	
0.00980005	0.000685551	
0.00989929	0.000692494	
0.0100082	0.000700116	
0.0101225	0.000708107	
0.0102508	0.000717083	
0.0103921	0.000726966	
0.0105464	0.000737765	
0.0107261	0.000750332	
0.0109151	0.000763552	
0.0111269	0.000778371	
0.0113609	0.000794741	
0.011615	0.000812511	
0.0118744	0.00083066	
0.0121522	0.000850091	
0.0124607	0.000871673	
0.0127843	0.000894314	
0.0131369	0.000918974	
0.0135015	0.000944482	
0.0138917	0.000971781	
0.0143049	0.00100068	
0.014734	0.0010307	
0.0151971	0.0010631	
0.0156797	0.00109686	
0.0161925	0.00113273	
0.0167485	0.00117162	
0.0173442	0.00121329	
0.0179646	0.00125669	
0.0186058	0.00130155	
0.019267	0.0013478	
0.01996	0.00139628	
0.0206977	0.00144789	
0.0214623	0.00150137	
0.0222434	0.00155601	
0.0230757	0.00161424	
0.0239425	0.00167487	
0.0248344	0.00173726	
0.0257604	0.00180204	
0.026713	0.00186868	
0.027683	0.00193654	
0.0286896	0.00200695	
0.0297438	0.0020807	
0.0308295	0.00215664	
0.0319702	0.00223644	
0.0331491	0.00231891	
0.0343348	0.00240185	
0.0355395	0.00248612	
0.0367748	0.00257254	
0.0380239	0.00265992	
0.0393001	0.00274919	
0.0406005	0.00152769	
0.0419225	0.00142529	
0.0432927	0.00132547	
0.0446388	0.0012282	
0.0456887	0.0011334	
0.0463906	0.00104104	
0.0467393	0.00095106	
0.0467411	0.000863413	
0.0463194	0.000778051	
0.045431	0.000694926	
0.0440109	0.000613993	
0.0419843	0.000535205	
0.0393014	0.000458519	
0.0359457	0.00038389	
0.031872	0.000311275	
0.0271188	0.000264854	
0.0216736	0.000211674	
0.0155661	0.000152025	
0.00876125	8.5566e-05	
0.00132696	1.29597e-05	
-0.00669579	-6.53939e-05	
-0.0152614	-0.000149049	
-0.0243253	-0.000237571	
-0.0339152	-0.00033123	
-0.0439896	-0.0439896	
-0.054558	-0.054558	
-0.0655524	-0.0655524	
-0.0750409	-0.0750409	
-0.0733354	-0.0733354	
-0.0541064	-0.0541064	
-0.016182	-0.016182	
0.0394872	0.0394872	
0.111955	0.0421816	
0.201204	0.0409616	
0.308221	0.0397678	
0.43298	0.0385996	
0.567629	0.0374566	
0.706594	0.0363382	
0.849806	0.0352441	
0.99894	0.0341736	
1.15392	0.0331265	
1.31365	0.0321021	
1.47539	0.0311002	
1.63562	0.0301202	
1.79061	0.0291617	
1.93714	0.0282244	
2.07286	0.0273077	
2.19649	0.0264114	
2.30781	0.025535	
2.40762	0.0246782	
2.49741	0.0238405	
2.57899	0.0230216	
2.65384	0.0222211	
2.72336	0.0214386	
2.78865	0.0206739	
2.85021	0.0199265	
2.90787	0.0191962	
2.96106	0.0184825	
3.00894	0.0177852	
3.05105	0.0171039	
3.08711	0.0164384	
3.11728	0.0157882	
3.14208	0.0151532	
3.16197	0.014533	
3.17723	0.0139273	
3.1881	0.0133358	
3.19456	0.0127583	
3.19656	0.0121945	
3.19417	0.011644	
3.18762	0.0111067	
3.1775	0.0105823	
3.16459	0.0100704	
3.14965	0.00957093	
3.13345	0.00908356	
3.11674	0.00860805	
3.10019	0.00814417	
3.08453	0.00769168	
3.07042	0.00725036	
3.05858	0.00681997	
3.04945	0.00640029	
3.04334	0.00599111	
3.0404	0.00559221	
3.04066	0.00520339	
3.04396	0.00482443	
3.04993	0.00445514	
3.05821	0.00409532	
3.0683	0.00374477	
3.07946	0.0034033	
3.09104	0.00307072	
3.10237	0.00274686	
3.11296	0.00243152	
3.12248	0.00212454	
3.13058	0.00182573	
3.13699	0.00153494	
3.1415	0.00125198	
3.14403	0.000976706	
3.14469	0.000708945	
3.14371	0.000448543	
3.14128	0.000195344	
3.13777	5.0803e-05	
3.13355	0.000290048	
3.12904	0.000522538	
3.12455	0.000748416	
3.12036	0.000967822	
3.11668	0.0011809	
3.11375	0.00138777	
3.11187	0.00158858	
3.11128	0.00178346	
3.11218	0.00197253	
3.11443	0.00215592	
3.11777	0.00233375	
3.1217	0.00250615	
3.12578	0.00267323	
3.12961	0.0028351	
3.13286	0.00299189	
3.13533	0.0031437	
3.13677	0.00329065	
3.13708	0.00343283	
3.13627	0.00357036	
3.13426	0.00370334	
3.13097	0.00383187	
3.12639	0.00395605	
3.12048	0.00407598	
3.11319	0.00419175	
3.10466	0.00430346	
3.0951	0.0044112	
3.08469	0.00451505	
3.07363	0.00461512	
3.06207	0.00471147	
3.05024	0.00480421	
3.03827	0.00489341	
3.02628	0.00497915	
3.01434	0.00506151	
3.00239	0.00514058	
2.99039	0.00521642	
2.97821	0.00528912	
2.96571	0.00535874	
2.95271	0.00542537	
2.93895	0.00548907	
2.92424	0.0055499	
2.90854	0.00560795	
2.89178	0.00566327	
2.87395	0.00571594	
2.85497	0.005766	
2.8348	0.00581354	
2.8134	0.0058586	
2.79075	0.00590126	
2.76697	0.00594156	
2.74214	0.00597958	
2.71647	0.00601535	
2.69017	0.00604895	
2.66341	0.00608041	
2.63628	0.00610981	
2.60882	0.00613718	
2.58107	0.00616259	
2.55311	0.00618608	
2.52502	0.00620769	
2.49677	0.00622748	
2.46836	0.0062455	
2.4398	0.00626179	
2.41105	0.0062764	
2.38212	0.00628937	
2.35299	0.00630074	
2.32369	0.00631056	
2.29418	0.00631887	
2.26446	0.0063257	
2.23442	0.00633111	
2.20398	0.00633512	
2.17303	0.00633778	
2.14154	0.00633912	
2.10955	0.00633918	
2.07708	0.006338	
2.04424	0.00633561	
2.01111	0.00633204	
1.97781	0.00632733	
1.94443	0.00632152	
1.91105	0.00631463	
1.87777	0.00630669	
1.84462	0.00629774	
1.8116	0.0062878	
1.77884	0.00627691	
1.74637	0.0062651	
1.71424	0.00625239	
1.68249	0.00623881	
1.65116	0.00622438	
1.62026	0.00620915	
1.58981	0.00619312	
1.55979	0.00617632	
1.53019	0.00615879	
1.50097	0.00614053	
1.47213	0.00612159	
1.44363	0.00610198	
1.41547	0.00608172	
1.38766	0.00606083	
1.36016	0.00603935	
1.33294	0.00601728	
1.30603	0.00599464	
1.27951	0.00597147	
1.25339	0.00594778	
1.22773	0.00592358	
1.20254	0.0058989	
1.17788	0.00587376	
1.15375	0.00584816	
1.13017	0.00582214	
1.10715	0.00579571	
1.0847	0.00576888	
1.06287	0.00574167	
1.04163	0.00571409	
1.02098	0.00568617	
1.00093	0.00565792	
0.981447	0.00562935	
0.962518	0.00560047	
0.944109	0.00557131	
0.926171	0.00554187	
0.908678	0.00551217	
0.891613	0.00548221	
0.874944	0.00545203	
0.858621	0.00542162	
0.842625	0.005391	
0.826944	0.00536018	
0.811544	0.00532917	
0.796421	0.00529799	
0.781565	0.00526664	
0.766992	0.00523513	
0.752667	0.00520349	
0.738617	0.00517171	
0.724821	0.0051398	
0.711289	0.00510778	
0.698015	0.00507566	
0.684988	0.00504344	
0.672216	0.00501113	
0.659696	0.00497875	
0.647408	0.0049463	
0.635349	0.00491378	
0.623515	0.00488122	
0.611889	0.00484861	
0.600468	0.00481596	
0.589249	0.00478328	
0.578228	0.00475058	
0.567411	0.00471787	
0.556778	0.00468514	
0.546342	0.00465241	
0.5361	0.00461969	
0.526041	0.00458698	
0.516161	0.00455429	
0.506467	0.00452162	
0.496947	0.00448897	
0.487584	0.00445636	
0.478391	0.00442379	
0.469351	0.00439127	
0.460475	0.0043588	
0.45176	0.00432638	
0.4432	0.00429402	
0.43479	0.00426172	
0.426538	0.00422949	
0.41845	0.00419734	
0.410503	0.00416527	
0.402702	0.00413327	
0.395038	0.00410137	
0.387529	0.00406955	
0.380159	0.00403782	
0.372917	0.00400619	
0.365816	0.00397467	
0.358859	0.00394324	
0.35203	0.00391193	
0.345328	0.00388072	
0.338748	0.00384962	
0.332291	0.00381865	
0.325961	0.00378779	
0.31974	0.00375705	
0.31365	0.00372644	
0.307671	0.00369595	
0.301804	0.0036656	
0.296048	0.00363537	
0.290399	0.00360528	
0.284861	0.00357532	
0.279434	0.00354551	
0.274106	0.00351583	
0.26889	0.00348629	
0.26377	0.0034569	
0.258745	0.00342765	
0.253827	0.00339855	
0.249	0.0033696	
0.244268	0.0033408	
0.239622	0.00331215	
0.235069	0.00328366	
0.230613	0.00325532	
0.226247	0.00322713	
0.221979	0.0031991	
0.217803	0.00317123	
0.21372	0.00314352	
0.209736	0.00311596	
0.205835	0.00308857	
0.202035	0.00306134	
0.19834	0.00303427	
0.19474	0.00300737	
0.191224	0.00298062	
0.187799	0.00295405	
0.184454	0.00292764	
0.181183	0.00290139	
0.177995	0.00287531	
0.174868	0.0028494	
0.171807	0.00282365	
0.168807	0.00279807	
0.165864	0.00277266	
0.162964	0.00274742	
0.16012	0.00272235	
0.157343	0.00269744	
0.154626	0.0026727	
0.151966	0.00264814	
0.149359	0.00262374	
0.146803	0.00259951	
0.144294	0.00257544	
0.141833	0.00255155	
0.139419	0.00252783	
0.137059	0.00250427	
0.134745	0.00248089	
0.132487	0.00245767	
0.130279	0.00243462	
0.128137	0.00241174	
0.126056	0.00238903	
0.124024	0.00236648	
0.122054	0.0023441	
0.120143	0.00232189	
0.118297	0.00229985	
0.116518	0.00227797	
0.114808	0.00225626	
0.113148	0.00223471	
0.11153	0.00221333	
0.109948	0.00219212	
0.1084	0.00217107	
0.106878	0.00215018	
0.105397	0.00212945	
0.103934	0.00210889	
0.102489	0.0020885	
0.101063	0.00206826	
0.0996478	0.00204818	
0.0982586	0.00202827	
0.0968824	0.00200851	
0.0955246	0.00198892	
0.0941726	0.00196948	
0.0928486	0.0019502	
0.0915305	0.00193108	
0.0902188	0.00191212	
0.0889273	0.00189331	
0.0876428	0.00187466	
0.0863658	0.00185616	
0.0851134	0.00183782	
0.0838815	0.00181963	
0.0826569	0.00180159	
0.0814473	0.00178371	
0.0802538	0.00176597	
0.0790879	0.00174839	
0.0779293	0.00173095	
0.0767782	0.00171367	
0.0756353	0.00169653	
0.0745008	0.00167954	
0.0733956	0.0016627	
0.0723048	0.001646	
0.0712147	0.00162945	
0.0701407	0.00161304	
0.0690754	0.00159678	
0.0680253	0.00158065	
0.0669841	0.00156467	
0.0659796	0.00154883	
0.0649893	0.00153313	
0.0640195	0.00151757	
0.0630635	0.00150215	
0.0621272	0.00148686	
0.0612107	0.00147171	
0.0603132	0.0014567	
0.0594499	0.00144182	
0.0586041	0.00142708	
0.0577752	0.00141247	
0.0569645	0.00139799	
0.0561639	0.00138364	
0.0553944	0.00136942	
0.0546338	0.00135534	
0.0538876	0.00134138	
0.0531517	0.00132755	
0.0524301	0.00131384	
0.0517021	0.00130027	
0.0509992	0.00128681	
0.0503112	0.00127349	
0.0496246	0.00126028	
0.048932	0.0012472	
0.0482634	0.00123424	
0.0476051	0.0012214	
0.0469613	0.00120868	
0.0463317	0.00119608	
0.045731	0.0011836	
0.0451435	0.00117124	
0.0445799	0.00115899	
0.0440357	0.00114686	
0.0435185	0.00113485	
0.0430265	0.00112294	
0.0425501	0.00111115	
0.0420903	0.00109948	
0.0416469	0.00108791	
0.0412231	0.00107646	
0.0408139	0.00106511	
0.0404303	0.00105388	
0.0400513	0.00104275	
0.0396889	0.00103173	
0.0393437	0.00102081	
0.0390476	0.00101001	
0.0387645	0.000999301	
0.0385075	0.000988701	
0.0382701	0.000978203	
0.0380557	0.000967808	
0.0378631	0.000957515	
0.0377115	0.000947321	
0.0375863	0.000937228	
0.0374717	0.000927233	
0.037382	0.000917337	
0.037302	0.000907538	
0.0372458	0.000897835	
0.0372219	0.000888228	
0.0372174	0.000878716	
0.037232	0.000869298	
0.0372558	0.000859974	
0.0372884	0.000850742	
0.0373425	0.000841602	
0.0374163	0.000832552	
0.0374963	0.000823593	
0.0375816	0.000814723	
0.0376798	0.000805942	
0.0377828	0.000797249	
0.0378895	0.000788643	
0.037988	0.000780124	
0.0380903	0.00077169	
0.0381838	0.000763341	
0.0382805	0.000755076	
0.0383781	0.000746894	
0.0384751	0.000738795	
0.0385591	0.000730779	
0.0386257	0.000722843	
0.0386806	0.000714988	
0.038707	0.000707213	
0.0387244	0.000699517	
0.0387242	0.000691899	
0.0386866	0.000684359	
0.0386433	0.000676896	
0.0385651	0.000669509	
0.0384749	0.000662198	
0.0383609	0.000654961	
0.0382244	0.000647799	
0.038067	0.000640711	
0.0379022	0.000633695	
0.0377183	0.000626752	
0.0375165	0.00061988	
0.0372979	0.000613079	
0.0370638	0.000606349	
0.0368151	0.000599688	
0.0365596	0.000593096	
0.0362845	0.000586572	
0.0359978	0.000580116	
0.035707	0.000573727	
0.0353993	0.000567405	
0.0350893	0.000561148	
0.034779	0.000554957	
0.0344518	0.00054883	
0.0341174	0.000542767	
0.0337849	0.000536767	
0.0334456	0.000530831	
0.0330925	0.000524956	
0.032743	0.000519143	
0.0323805	0.000513391	
0.0320227	0.0005077	
0.0316529	0.000502068	
0.0312888	0.000496496	
0.030922	0.000490982	
0.0305463	0.000485526	
0.0301691	0.000480129	
0.0297908	0.000474108	
0.0294117	0.000468074	
0.0290321	0.000462034	
0.0286524	0.000455991	
0.0282729	0.000449951	
0.0279019	0.000444047	
0.027523	0.000438017	
0.0271451	0.000432003	
0.0267765	0.000426137	
0.0264007	0.000420156	
0.0260265	0.000414201	
0.0256542	0.000408275	
0.0252774	0.000402278	
0.0249177	0.000396554	
0.0245452	0.000390627	
0.0241756	0.000384745	
0.0238173	0.000379042	
0.0234532	0.000373248	
0.0230923	0.000367504	
0.0227347	0.000361813	
0.0223804	0.000356175	
0.0220379	0.000350723	
0.02169	0.000345187	
0.0213541	0.000339841	
0.0210213	0.000334544	
0.0206834	0.000329167	
0.0203493	0.00032385	
0.0200323	0.000318805	
0.0197267	0.000313942	
0.0194299	0.000309218	
0.019121	0.000304302	
0.0188298	0.000299668	
0.0185331	0.000294946	
0.0182394	0.000290272	
0.0179488	0.000285648	
0.0176819	0.000281399	
0.0174087	0.000277052	
0.0171462	0.000272875	
0.0168777	0.000268601	
0.01662	0.0002645	
0.016363	0.00026041	
0.0161297	0.000256697	
0.0158976	0.000253004	
0.0156587	0.000249201	
0.0154217	0.000245429	
0.0151947	0.000241818	
0.0149818	0.00023843	
0.0147699	0.000235056	
0.0145589	0.000231698	
0.0143408	0.000228228	
0.0141454	0.000225117	
0.0139422	0.000221885	
0.0137484	0.0002188	
0.0135683	0.000215934	
0.0133883	0.00021307	
0.0132086	0.000210209	
0.0130416	0.000207552	
0.0128745	0.000204891	
0.0126991	0.000202101	
0.012538	0.000199537	
0.0123766	0.000196969	
0.0122234	0.00019453	
0.0120733	0.000192141	
0.0119302	0.000189864	
0.0117869	0.000187583	
0.0116562	0.000185503	
0.0115317	0.000183522	
0.0113981	0.000181396	
0.0112712	0.000179376	
0.011143	0.000177336	
0.0110062	0.000175159	
0.0108765	0.000173095	
0.0107385	0.000170898	
0.0106003	0.000168699	
0.0104695	0.000166618	
0.0103384	0.000164531	
0.010207	0.00016244	
0.0100672	0.000160215	
0.00993604	0.000158128	
0.00980489	0.000156041	
0.00967386	0.000153955	
0.00955608	0.000152081	
0.00941823	0.000149887	
0.00929435	0.000147916	
0.009177	0.000146048	
0.00905301	0.000144075	
0.0089293	0.000142106	
0.00880595	0.000140143	
0.00868303	0.000138187	
0.00856061	0.000136238	
0.00843874	0.000134299	
0.0083175	0.000132369	
0.00819693	0.000130451	
0.0080771	0.000128543	
0.00795803	0.000126649	
0.0078398	0.000124767	
0.00772242	0.000122899	
0.00760595	0.000121045	
0.00749042	0.000119207	
0.00737586	0.000117384	
0.00727074	0.000115711	
0.00715773	0.000113912	
0.00703763	0.000112001	
0.00692727	0.000110245	
0.00681802	0.000108506	
0.00671832	0.000106919	
0.00660266	0.000105079	
0.00649682	0.000103394	
0.00640059	0.000101863	
0.0062966	0.000100208	
0.00620227	9.87064e-05	
0.00611525	9.73215e-05	
0.0060286	9.59426e-05	
0.00594237	9.45703e-05	
0.00585661	9.32054e-05	
0.00576276	9.17118e-05	
0.00567853	9.03713e-05	
0.00558626	8.89029e-05	
0.00550364	8.75881e-05	
0.00542162	8.62827e-05	
0.00534649	8.50872e-05	
0.00527165	8.3896e-05	
0.00519711	8.27098e-05	
0.00512293	8.15292e-05	
0.00504914	8.03549e-05	
0.00497577	7.91872e-05	
0.00490285	7.80267e-05	
0.00483041	7.68739e-05	
0.00475848	7.57292e-05	
0.00469143	7.46621e-05	
0.00463285	7.37298e-05	
0.00457413	7.27954e-05	
0.00451533	7.18596e-05	
0.00445649	7.09232e-05	
0.00439767	6.9987e-05	
0.0043389	6.90517e-05	
0.00428022	6.81179e-05	
0.00422169	6.71863e-05	
0.00416332	6.62574e-05	
0.00410516	6.53318e-05	
0.00404723	6.44099e-05	
0.00398957	6.34924e-05	
0.00394469	6.2778e-05	
0.0038994	6.20573e-05	
0.00384561	6.12012e-05	
0.00380016	6.04779e-05	
0.00374815	5.96503e-05	
0.0037026	5.89253e-05	
0.00365057	5.80972e-05	
0.00361196	5.74827e-05	
0.00357283	5.68601e-05	
0.00353326	5.62303e-05	
0.00349329	5.55942e-05	
0.00345297	5.49526e-05	
0.00341237	5.43064e-05	
0.00337151	5.36562e-05	
0.00334297	5.32019e-05	
0.00331353	5.27334e-05	
0.00328329	5.22521e-05	
0.0032523	5.1759e-05	
0.00322064	5.1255e-05	
0.00318836	5.07414e-05	
0.00316818	5.04202e-05	
0.00314676	5.00793e-05	
0.0031242	4.97203e-05	
0.00310058	4.93443e-05	
0.00307597	4.89527e-05	
0.00304387	4.84418e-05	
0.00301789	4.80285e-05	
0.00298455	4.74978e-05	
0.00295086	4.69617e-05	
0.00292347	4.65258e-05	
0.00290274	4.61959e-05	
0.00288101	4.58501e-05	
0.00286832	4.56481e-05	
0.00284423	4.52647e-05	
0.00282934	4.50277e-05	
0.00281118	4.47388e-05	
0.00278397	4.43056e-05	
0.00275959	4.39177e-05	
0.00273115	4.34651e-05	
0.00270566	4.30595e-05	
0.00268618	4.27494e-05	
0.0026592	4.23201e-05	
0.00263835	4.19883e-05	
0.00262468	4.17707e-05	
0.00260184	4.14071e-05	
0.00258632	4.11601e-05	
0.00256176	4.07693e-05	
0.00255661	4.06873e-05	
0.00254171	4.04502e-05	
0.00253386	4.03253e-05	
0.00251644	4.0048e-05	
0.00250623	3.98855e-05	
0.0024866	3.95732e-05	
0.00247434	3.9378e-05	
0.00246091	3.91643e-05	
0.00243828	3.88042e-05	
0.00242323	3.85646e-05	
0.00239909	3.81805e-05	
0.0023888	3.80167e-05	
0.00237729	3.78336e-05	
0.00235682	3.75077e-05	
0.00234357	3.7297e-05	
0.00232932	3.70702e-05	
0.00231413	3.68284e-05	
0.00229807	3.65727e-05	
0.00228119	3.63041e-05	
0.00226356	3.60235e-05	
0.00224523	3.57319e-05	
0.00222626	3.543e-05	
0.0022067	3.51187e-05	
0.00218659	3.47987e-05	
0.00216599	3.44708e-05	
0.00214494	3.41358e-05	
0.00212347	3.37942e-05	
0.00210164	3.34467e-05	
0.00207947	3.30938e-05	
0.002057	3.27363e-05	
0.00204231	3.25025e-05	
0.00201888	3.21296e-05	
0.00199527	3.17539e-05	
0.00197955	3.15037e-05	
0.0019552	3.11162e-05	
0.00193881	3.08553e-05	
0.0019077	3.03603e-05	
0.00189114	3.00966e-05	
0.0018678	2.97253e-05	
0.00183649	2.9227e-05	
0.0018135	2.88611e-05	
0.00179046	2.84943e-05	
0.00175948	2.80013e-05	
0.00173685	2.76413e-05	
0.00171421	2.7281e-05	
0.00168368	2.6795e-05	
0.00166152	2.64424e-05	
0.00163939	2.60901e-05	
0.00161728	2.57384e-05	
0.00159523	2.53873e-05	
0.00157323	2.50373e-05	
0.00155131	2.46884e-05	
0.00152947	2.43409e-05	
0.00150774	2.3995e-05	
0.00147953	2.3546e-05	
0.0014584	2.32098e-05	
0.0014308	2.27706e-05	
0.00141029	2.24441e-05	
0.00138989	2.21194e-05	
0.00136961	2.17967e-05	
0.00134155	2.13502e-05	
0.0013286	2.11442e-05	
0.00132184	2.10365e-05	
0.00131446	2.09191e-05	
0.00130652	2.07926e-05	
0.00129028	2.05343e-05	
0.00128176	2.03987e-05	
0.00127277	2.02556e-05	
0.00125557	1.99818e-05	
0.00124617	1.98322e-05	
0.00123637	1.96762e-05	
0.00123936	1.9724e-05	
0.00124126	1.97541e-05	
0.0012421	1.97675e-05	
0.00124197	1.97653e-05	
0.0012409	1.97484e-05	
0.00123896	1.97175e-05	
0.00123619	1.96735e-05	
0.00123266	1.96172e-05	
0.00124038	1.974e-05	
0.00124672	1.9841e-05	
0.00125176	1.99212e-05	
0.00125556	1.99817e-05	
0.0012582	2.00238e-05	
0.00125974	2.00483e-05	
0.00126025	2.00563e-05	
0.00125977	2.00487e-05	
0.00125837	2.00264e-05	
0.0012561	1.99903e-05	
0.0012662	2.01511e-05	
0.00127477	2.02875e-05	
0.00128189	2.04008e-05	
0.00128763	2.04922e-05	
0.00129208	2.05629e-05	
0.00129529	2.0614e-05	
0.00129734	2.06467e-05	
0.0012983	2.06619e-05	
0.00129822	2.06607e-05	
0.00129717	2.06439e-05	
0.0012952	2.06126e-05	
0.00129237	2.05675e-05	
0.00128872	2.05094e-05	
0.00128431	2.04393e-05	
0.00127919	2.03577e-05	
0.00127339	2.02655e-05	
0.00126697	2.01632e-05	
0.00125996	2.00517e-05	
0.0012524	1.99313e-05	
0.00124433	1.98029e-05	
0.00123578	1.96669e-05	
0.00122679	1.95238e-05	
0.00123039	1.95811e-05	
0.00123285	1.96203e-05	
0.00123425	1.96425e-05	
0.00123463	1.96486e-05	
0.00123406	1.96395e-05	
0.00123259	1.96161e-05	
0.00123027	1.95793e-05	
0.00122716	1.95298e-05	
