10	1	
10	1	
10	1	
10	1	
10	1	
10	1	
10	1	
10	1	
10	1	
10	1	
10	1	
10	1	
10	1	
10	1	
10	1	
10	1	
10	1	
10	1	
10	1	
10	1	
10	1	
10	1	
10	1	
10	1	
10	1	
10	1	
10	1	
10	1	
10	1	
10	1	
10	1	
10	1	
10	1	
10	1	
10	1	
10	1	
10	1	
10	1	
10	1	
10	1	
10	1	
10	1	
10	1	
10	1	
10	1	
10	1	
10	1	
10	1	
10	1	
10	1	
10	1	
10	1	
10	1	
10	1	
10	1	
10	1	
10	1	
10	1	
10	1	
10	1	
10	1	
10	1	
10	1	
10	1	
10	1	
10	1	
10	1	
10	1	
10	1	
10	1	
10	1	
10	1	
10	1	
10	1	
10	1	
10	1	
10	1	
10	1	
10	1	
10	1	
10	1	
10	1	
10	1	
10	1	
10	1	
10	1	
10	1	
10	1	
10	1	
10	1	
10	1	
10	1	
10	1	
10	1	
10	1	
10	1	
9.99999	1	
9.99999	1	
9.99999	1	
9.99999	1	
9.99999	1	
9.99999	1	
9.99999	1	
9.99999	1	
9.99999	1	
9.99999	1	
9.99999	1	
9.99999	1	
9.99999	1	
9.99999	1	
9.99999	1	
9.99999	1	
9.99999	1	
9.99999	1	
9.99999	1	
9.99999	1	
9.99999	1	
9.99999	1	
9.99999	1	
9.99999	1	
9.99999	1	
9.99999	1	
9.99999	1	
9.99999	1	
9.99999	1	
9.99999	1	
9.99999	1	
9.99999	1	
9.99999	1	
9.99999	1	
9.99999	1	
9.99999	1	
9.99999	1	
9.99999	1	
9.99999	1	
9.99999	1	
9.99999	1	
9.99999	1	
9.99999	1	
9.99999	1	
9.99999	1	
9.99998	1	
9.99998	1	
9.99998	1	
9.99998	1	
9.99998	1	
9.99998	1	
9.99998	1	
9.99998	1	
9.99998	1	
9.99998	1	
9.99998	1	
9.99998	1	
9.99998	1	
9.99998	1	
9.99998	1	
9.99998	1	
9.99998	1	
9.99998	1	
9.99998	1	
9.99998	1	
9.99998	1	
9.99998	1	
9.99998	1	
9.99997	1	
9.99997	1	
9.99997	1	
9.99997	1	
9.99997	1	
9.99997	1	
9.99997	1	
9.99997	1	
9.99997	1	
9.99996	1	
9.99996	1	
9.99996	1	
9.99996	1	
9.99996	1	
9.99996	1	
9.99996	1	
9.99995	1	
9.99995	1	
9.99995	1	
9.99995	1	
9.99994	1	
9.99994	1	
9.99994	1	
9.99994	1	
9.99993	1	
9.99993	1	
9.99993	1	
9.99992	1	
9.99992	1	
9.99992	1	
9.99991	1	
9.99991	1	
9.9999	1	
9.9999	1	
9.99989	1	
9.99989	1	
9.99988	1	
9.99988	1	
9.99987	1	
9.99987	1	
9.99986	1	
9.99985	1	
9.99985	1	
9.99984	1	
9.99983	1	
9.99982	1	
9.99981	1	
9.99981	1	
9.9998	1	
9.99979	1	
9.99978	1	
9.99977	1	
9.99976	1	
9.99975	1	
9.99973	1	
9.99972	1	
9.99971	1	
9.99969	1	
9.99968	1	
9.99967	1	
9.99965	1	
9.99964	1	
9.99962	1	
9.9996	1	
9.99959	1	
9.99957	1	
9.99955	1	
9.99953	1	
9.99951	1	
9.99949	1	
9.99947	1	
9.99945	1	
9.99942	1	
9.9994	1	
9.99938	1	
9.99935	1	
9.99932	1	
9.9993	1	
9.99927	1	
9.99924	1	
9.99921	1	
9.99918	1	
9.99915	1	
9.99911	1	
9.99908	1	
9.99904	1	
9.99901	1	
9.99897	1	
9.99893	1	
9.99889	1	
9.99885	1	
9.99881	1	
9.99876	1	
9.99872	1	
9.99867	1	
9.99863	1	
9.99858	1	
9.99853	1	
9.99848	1	
9.99842	1	
9.99837	1	
9.99831	1	
9.99825	1	
9.99819	1	
9.99813	1	
9.99806	1	
9.998	1	
9.99793	1	
9.99786	1	
9.99779	1	
9.99772	1	
9.99764	1	
9.99756	1	
9.99748	1	
9.9974	1	
9.99731	1	
9.99722	1	
9.99713	1	
9.99704	1	
9.99695	1	
9.99685	1	
9.99675	1	
9.99664	1	
9.99654	1	
9.99643	1	
9.99632	1	
9.9962	1	
9.99608	1	
9.99596	1	
9.99583	1	
9.99571	1	
9.99557	1	
9.99544	1	
9.9953	1	
9.99516	1	
9.99501	1	
9.99486	1	
9.99471	1	
9.99455	1	
9.99439	1	
9.99422	1	
9.99405	1	
9.99388	1	
9.9937	1	
9.99352	1	
9.99334	1	
9.99315	1	
9.99295	1	
9.99275	1	
9.99255	1	
9.99234	1	
9.99213	1	
9.99191	1	
9.99169	1	
9.99147	1	
9.99124	1	
9.991	1	
9.99076	1	
9.99051	1	
9.99026	1	
9.99001	1	
9.98974	1	
9.98948	1	
9.98921	1	
9.98893	1	
9.98865	1	
9.98836	1	
9.98806	1	
9.98776	1	
9.98746	1	
9.98715	1	
9.98683	1	
9.98651	1	
9.98618	1	
9.98585	1	
9.98551	1	
9.98516	1	
9.98481	1	
9.98445	1	
9.98408	1	
9.98371	1	
9.98333	1	
9.98294	1	
9.98255	1	
9.98215	1	
9.98174	1	
9.98133	1	
9.98091	1	
9.98048	1	
9.98005	1	
9.9796	1	
9.97915	1	
9.97869	1	
9.97822	1	
9.97775	1	
9.97726	1	
9.97677	1	
9.97626	1	
9.97575	1	
9.97523	1	
9.9747	1	
9.97416	1	
9.97361	1	
9.97306	1	
9.97249	1	
9.97191	1	
9.97132	1	
9.97072	1	
9.97011	1	
9.96948	1	
9.96885	1	
9.9682	1	
9.96755	1	
9.96688	1	
9.9662	1	
9.96551	1	
9.9648	1	
9.96408	1	
9.96335	1	
9.96261	1	
9.96185	1	
9.96108	1	
9.9603	1	
9.9595	1	
9.95869	1	
9.95787	1	
9.95703	1	
9.95617	1	
9.9553	1	
9.95442	1	
9.95352	1	
9.95261	1	
9.95168	1	
9.95074	1	
9.94978	1	
9.9488	1	
9.94781	1	
9.9468	1	
9.94577	1	
9.94473	1	
9.94367	1	
9.94259	1	
9.94149	1	
9.94037	1	
9.93924	1	
9.93808	1	
9.93691	1	
9.93571	1	
9.9345	1	
9.93326	1	
9.932	1	
9.93072	1	
9.92941	1	
9.92808	1	
9.92673	1	
9.92536	1	
9.92396	1	
9.92253	1	
9.92108	1	
9.91961	1	
9.9181	1	
9.91657	1	
9.91501	1	
9.91343	1	
9.91181	1	
9.91017	1	
9.9085	1	
9.9068	1	
9.90507	1	
9.90331	1	
9.90152	1	
9.8997	1	
9.89785	1	
9.89596	1	
9.89405	1	
9.8921	1	
9.89013	1	
9.88811	1	
9.88607	1	
9.884	1	
9.88189	1	
9.87975	1	
9.87757	1	
9.87536	1	
9.87311	1	
9.87082	1	
9.8685	1	
9.86614	1	
9.86374	1	
9.86129	1	
9.85881	1	
9.85629	1	
9.85372	1	
9.85111	1	
9.84846	1	
9.84576	1	
9.84302	1	
9.84023	1	
9.83739	1	
9.8345	1	
9.83157	1	
9.82859	1	
9.82555	1	
9.82247	1	
9.81934	1	
9.81615	1	
9.81291	1	
9.80962	1	
9.80628	1	
9.80288	1	
9.79942	1	
9.79592	1	
9.79235	1	
9.78874	1	
9.78506	1	
9.78133	1	
9.77754	1	
9.7737	1	
9.7698	1	
9.76584	1	
9.76182	1	
9.75774	1	
9.7536	1	
9.7494	1	
9.74514	1	
9.74082	1	
9.73643	1	
9.73198	1	
9.72746	1	
9.72288	1	
9.71823	1	
9.71351	1	
9.70872	1	
9.70387	1	
9.69894	1	
9.69394	1	
9.68887	1	
9.68373	1	
9.67851	1	
9.67322	1	
9.66786	1	
9.66242	1	
9.6569	1	
9.6513	1	
9.64563	1	
9.63988	1	
9.63405	1	
9.62814	1	
9.62214	1	
9.61607	1	
9.60991	1	
9.60367	1	
9.59735	1	
9.59094	1	
9.58444	1	
9.57785	1	
9.57117	1	
9.5644	1	
9.55754	1	
9.55058	1	
9.54353	1	
9.53639	1	
9.52915	1	
9.52181	1	
9.51438	1	
9.50686	1	
9.49924	1	
9.49152	1	
9.48371	1	
9.4758	1	
9.4678	1	
9.4597	1	
9.4515	1	
9.44321	1	
9.43482	1	
9.42633	1	
9.41774	1	
9.40905	1	
9.40026	1	
9.39136	1	
9.38236	1	
9.37325	1	
9.36403	1	
9.35471	1	
9.34527	1	
9.33573	1	
9.32608	1	
9.31632	1	
9.30644	1	
9.29646	1	
9.28636	1	
9.27614	1	
9.26582	1	
9.25538	1	
9.24483	1	
9.23415	1	
9.22336	1	
9.21246	1	
9.20143	1	
9.19028	1	
9.17902	1	
9.16763	1	
9.15612	1	
9.14449	1	
9.13275	1	
9.12088	1	
9.10889	1	
9.09678	1	
9.08456	1	
9.07221	1	
9.05975	1	
9.04717	1	
9.03446	1	
9.02164	1	
9.00869	1	
8.99562	1	
8.98243	1	
8.96911	1	
8.95567	1	
8.9421	1	
8.9284	1	
8.91458	1	
8.90063	1	
8.88655	1	
8.87235	1	
8.85801	1	
8.84354	1	
8.82894	1	
8.81421	1	
8.79934	1	
8.78433	1	
8.7692	1	
8.75392	1	
8.73851	1	
8.72297	1	
8.70728	1	
8.69147	1	
8.67552	1	
8.65965	0.987431	
8.64385	0.974479	
8.62813	0.96176	
8.61249	0.949265	
8.59693	0.93698	
8.58144	0.924894	
8.56603	0.913012	
8.5507	0.90135	
8.53545	0.88993	
8.52027	0.878764	
8.50517	0.867867	
8.49015	0.857247	
8.47519	0.846894	
8.46032	0.836794	
8.44552	0.826914	
8.43079	0.817225	
8.41614	0.807709	
8.40156	0.798364	
8.38705	0.78919	
8.37261	0.780181	
8.35825	0.771339	
8.34396	0.762666	
8.32974	0.754172	
8.31559	0.745868	
8.30151	0.73776	
8.2875	0.729846	
8.27357	0.722118	
8.2597	0.714575	
8.2459	0.707198	
8.23217	0.699965	
8.21851	0.692862	
8.20492	0.685881	
8.19139	0.679018	
8.17794	0.672275	
8.16455	0.665657	
8.15122	0.659168	
8.13797	0.652813	
8.12478	0.646599	
8.11165	0.640529	
8.09859	0.634601	
8.0856	0.628803	
8.07267	0.623122	
8.05981	0.617544	
8.04701	0.612054	
8.03428	0.606641	
8.02161	0.601304	
8.009	0.596047	
7.99645	0.590879	
7.98397	0.585806	
7.97155	0.580838	
7.95919	0.57598	
7.9469	0.571235	
7.93466	0.566599	
7.92249	0.56207	
7.91038	0.557643	
7.89832	0.553308	
7.88633	0.549057	
7.8744	0.544883	
7.86253	0.540778	
7.85072	0.536741	
7.83896	0.532774	
7.82727	0.528885	
7.81563	0.525085	
7.80405	0.521382	
7.79253	0.517772	
7.78107	0.514247	
7.76967	0.510798	
7.75832	0.507415	
7.74703	0.504085	
7.73579	0.500801	
7.72461	0.497558	
7.71349	0.494353	
7.70242	0.49119	
7.69141	0.488071	
7.68045	0.485001	
7.66955	0.481983	
7.6587	0.479024	
7.64791	0.476124	
7.63717	0.473284	
7.62648	0.470499	
7.61585	0.467766	
7.60527	0.465076	
7.59474	0.462418	
7.58427	0.459785	
7.57385	0.457172	
7.56348	0.454582	
7.55316	0.45202	
7.5429	0.449491	
7.53268	0.447002	
7.52252	0.444557	
7.51241	0.44216	
7.50234	0.439813	
7.49233	0.437512	
7.48237	0.435253	
7.47246	0.433031	
7.4626	0.430842	
7.45278	0.428683	
7.44302	0.426554	
7.4333	0.424452	
7.42364	0.422377	
7.41402	0.420324	
7.40445	0.418293	
7.39493	0.416287	
7.38545	0.414307	
7.37603	0.412358	
7.36665	0.410444	
7.35731	0.408568	
7.34803	0.40673	
7.33879	0.404928	
7.32959	0.403161	
7.32044	0.401427	
7.31134	0.399724	
7.30229	0.398052	
7.29327	0.396408	
7.28431	0.394792	
7.27539	0.393203	
7.26651	0.391639	
7.25768	0.390099	
7.24889	0.388586	
7.24014	0.387101	
7.23144	0.385647	
7.22279	0.384224	
7.21417	0.38283	
7.2056	0.381464	
7.19707	0.380126	
7.18859	0.378815	
7.18014	0.377531	
7.17174	0.376272	
7.16338	0.375037	
7.15507	0.373822	
7.14679	0.372625	
7.13856	0.371443	
7.13037	0.370274	
7.12221	0.369119	
7.1141	0.367977	
7.10603	0.366847	
7.098	0.365727	
7.09001	0.364618	
7.08206	0.36352	
7.07415	0.362437	
7.06628	0.36137	
7.05845	0.360322	
7.05066	0.359289	
7.0429	0.358271	
7.03519	0.35727	
7.02751	0.356287	
7.01988	0.355323	
7.01228	0.354378	
7.00472	0.353451	
6.99719	0.352537	
6.98971	0.351636	
6.98226	0.350749	
6.97485	0.349876	
6.96747	0.349014	
6.96013	0.348161	
6.95283	0.347315	
6.94557	0.346476	
6.93834	0.345645	
6.93115	0.344822	
6.92399	0.34401	
6.91687	0.343211	
6.90979	0.342425	
6.90274	0.341654	
6.89573	0.340897	
6.88875	0.340156	
6.8818	0.339435	
6.8749	0.338733	
6.86802	0.338053	
6.86118	0.337394	
6.85438	0.336757	
6.8476	0.336139	
6.84087	0.33554	
6.83416	0.334953	
6.82749	0.334378	
6.82085	0.333811	
6.81425	0.333252	
6.80768	0.332696	
6.80114	0.332138	
6.79463	0.331579	
6.78816	0.331016	
6.78172	0.330454	
6.77531	0.329893	
6.76893	0.329335	
6.76259	0.328783	
6.75628	0.328239	
6.75	0.327702	
6.74375	0.327175	
6.73753	0.326657	
6.73134	0.326151	
6.72518	0.325661	
6.71906	0.325187	
6.71296	0.324732	
6.7069	0.324293	
6.70086	0.323869	
6.69486	0.323456	
6.68888	0.32305	
6.68294	0.322645	
6.67702	0.322238	
6.67114	0.321828	
6.66528	0.321415	
6.65946	0.320997	
6.65366	0.320573	
6.64789	0.320142	
6.64215	0.319704	
6.63644	0.319259	
6.63076	0.31881	
6.6251	0.318359	
6.61948	0.317909	
6.61388	0.317463	
6.60831	0.317026	
6.60277	0.316604	
6.59726	0.316198	
6.59177	0.315808	
6.58631	0.315437	
6.58088	0.315085	
6.57548	0.314753	
6.5701	0.314442	
6.56475	0.314153	
6.55942	0.313883	
6.55413	0.313629	
6.54886	0.313388	
6.54361	0.313157	
6.53839	0.312932	
6.5332	0.312713	
6.52804	0.312495	
6.5229	0.312277	
6.51778	0.312058	
6.51269	0.311837	
6.50763	0.311613	
6.50259	0.311388	
6.49758	0.311162	
6.49259	0.310934	
6.48763	0.310704	
6.48269	0.310471	
6.47778	0.31024	
6.47289	0.310011	
6.46802	0.309787	
6.46318	0.309569	
6.45837	0.309358	
6.45357	0.309153	
6.44881	0.308955	
6.44406	0.308765	
6.43934	0.308582	
6.43465	0.308404	
6.42997	0.308228	
6.42532	0.308054	
6.4207	0.307881	
6.41609	0.307708	
6.41151	0.307537	
6.40695	0.307367	
6.40242	0.3072	
6.39791	0.307034	
6.39342	0.30687	
6.38895	0.306709	
6.38451	0.306548	
6.38008	0.306387	
6.37568	0.306227	
6.3713	0.306067	
6.36695	0.305908	
6.36261	0.305747	
6.3583	0.305585	
6.35401	0.305422	
6.34974	0.30526	
6.34549	0.305097	
6.34126	0.304932	
6.33706	0.304763	
6.33287	0.304585	
6.32871	0.304398	
6.32456	0.304201	
6.32044	0.303995	
6.31634	0.303781	
6.31226	0.303564	
6.3082	0.303343	
6.30415	0.303118	
6.30013	0.302891	
6.29613	0.302661	
6.29215	0.302429	
6.28819	0.302197	
6.28425	0.301967	
6.28033	0.301741	
6.27643	0.301519	
6.27255	0.301301	
6.26868	0.301089	
6.26484	0.300883	
6.26102	0.300683	
6.25721	0.30049	
6.25342	0.300305	
6.24966	0.300128	
6.24591	0.299958	
6.24218	0.299792	
6.23847	0.299627	
6.23478	0.299461	
6.2311	0.299295	
6.22745	0.299129	
6.22381	0.298964	
6.22019	0.2988	
6.21659	0.298635	
6.21301	0.298468	
6.20944	0.298298	
6.20589	0.298125	
6.20236	0.297949	
6.19885	0.297771	
6.19536	0.297592	
6.19188	0.297412	
6.18842	0.297226	
6.18498	0.297036	
6.18156	0.296839	
6.17815	0.296637	
6.17476	0.296429	
6.17138	0.296217	
6.16803	0.296004	
6.16469	0.295789	
6.16136	0.295574	
6.15806	0.295359	
6.15477	0.295144	
6.15149	0.294927	
6.14823	0.29471	
6.14499	0.294491	
6.14177	0.294273	
6.13856	0.294059	
6.13537	0.293852	
6.13219	0.293653	
6.12903	0.29346	
6.12588	0.293271	
6.12275	0.293088	
6.11964	0.292908	
6.11654	0.292735	
6.11346	0.292569	
6.11039	0.292411	
6.10734	0.292263	
6.1043	0.292123	
6.10128	0.291989	
6.09828	0.291857	
6.09528	0.291727	
6.09231	0.291593	
6.08935	0.291452	
6.0864	0.291303	
6.08347	0.291145	
6.08055	0.290978	
6.07765	0.290802	
6.07476	0.290616	
6.07189	0.290418	
6.06903	0.29021	
6.06618	0.28999	
6.06335	0.289758	
6.06053	0.289515	
6.05773	0.289261	
6.05494	0.288997	
6.05217	0.288724	
6.04941	0.28844	
6.04666	0.288145	
6.04393	0.28784	
6.04121	0.287525	
6.0385	0.287202	
6.03581	0.286871	
6.03313	0.286534	
6.03046	0.286197	
6.02781	0.285859	
6.02517	0.285521	
6.02255	0.285178	
6.01993	0.284834	
6.01733	0.284485	
6.01475	0.284132	
6.01217	0.283776	
6.00961	0.283418	
6.00706	0.283064	
6.00453	0.282712	
6.00201	0.282364	
5.9995	0.282018	
5.997	0.281674	
5.99451	0.281332	
5.99204	0.280993	
5.98958	0.280655	
5.98713	0.280319	
5.9847	0.279983	
5.98227	0.279652	
5.97986	0.279324	
5.97746	0.278997	
5.97508	0.27867	
5.9727	0.278338	
5.97034	0.278004	
5.96799	0.277668	
5.96565	0.277325	
5.96332	0.276977	
5.961	0.276623	
5.9587	0.276267	
5.9564	0.275906	
5.95412	0.275538	
5.95185	0.275161	
5.94959	0.274778	
5.94734	0.274387	
5.94511	0.27399	
5.94288	0.273589	
5.94067	0.273185	
5.93846	0.272779	
5.93627	0.272369	
5.93409	0.271954	
5.93192	0.27153	
5.92976	0.271097	
5.92761	0.270656	
5.92547	0.270207	
5.92334	0.269753	
5.92123	0.269293	
5.91912	0.26883	
5.91703	0.268366	
5.91494	0.267899	
5.91287	0.267428	
5.9108	0.266952	
5.90875	0.266474	
5.9067	0.265995	
5.90467	0.265515	
5.90265	0.265036	
5.90063	0.264559	
5.89863	0.264087	
5.89664	0.263622	
5.89465	0.263165	
5.89268	0.262713	
5.89072	0.262263	
5.88876	0.261814	
5.88682	0.26137	
5.88489	0.260933	
5.88296	0.2605	
5.88105	0.260073	
5.87914	0.259653	
5.87725	0.259239	
5.87536	0.258831	
5.87348	0.258426	
5.87162	0.258021	
5.86976	0.257611	
5.86791	0.257194	
5.86607	0.256771	
5.86424	0.25634	
5.86242	0.255901	
5.86061	0.255456	
5.8588	0.255006	
5.85701	0.254552	
5.85522	0.254087	
5.85345	0.253612	
5.85168	0.253125	
5.84992	0.252626	
5.84817	0.252115	
5.84643	0.251595	
5.8447	0.251061	
5.84298	0.250518	
5.84126	0.249964	
5.83955	0.249398	
5.83786	0.248823	
5.83617	0.248238	
5.83449	0.247644	
5.83281	0.247044	
5.83115	0.246443	
5.82949	0.245839	
5.82785	0.245236	
5.82621	0.244638	
5.82458	0.244046	
5.82295	0.243466	
5.82134	0.242893	
5.81973	0.242329	
5.81813	0.241772	
5.81654	0.241224	
5.81496	0.240686	
5.81339	0.240158	
5.81182	0.239641	
5.81026	0.239137	
5.80871	0.238648	
5.80716	0.238174	
5.80563	0.237713	
5.8041	0.237261	
5.80258	0.236817	
5.80107	0.236378	
5.79956	0.235949	
5.79806	0.235528	
5.79657	0.235114	
5.79509	0.234703	
5.79362	0.234301	
5.79215	0.233903	
5.79069	0.233508	
5.78923	0.233113	
5.78779	0.232714	
5.78635	0.232308	
5.78492	0.231892	
5.78349	0.231466	
5.78207	0.231029	
5.78066	0.23058	
5.77926	0.230117	
5.77786	0.229644	
5.77647	0.22916	
5.77509	0.228665	
5.77372	0.228157	
5.77235	0.22764	
5.77099	0.227108	
5.76963	0.226564	
5.76828	0.22601	
5.76694	0.225448	
5.76561	0.22488	
5.76428	0.224309	
5.76296	0.223735	
5.76164	0.223161	
5.76033	0.222591	
5.75903	0.222022	
5.75774	0.221456	
5.75645	0.220891	
5.75517	0.22033	
5.75389	0.219771	
5.75262	0.219218	
5.75136	0.21867	
5.7501	0.218129	
5.74885	0.217594	
5.74761	0.21707	
5.74637	0.216559	
5.74514	0.21606	
5.74391	0.215574	
5.74269	0.215097	
5.74148	0.214631	
5.74027	0.214174	
5.73907	0.21373	
5.73787	0.213301	
5.73669	0.212887	
5.7355	0.212488	
5.73432	0.212102	
5.73315	0.211726	
5.73199	0.211361	
5.73083	0.211008	
5.72967	0.210664	
5.72852	0.210324	
5.72738	0.209989	
5.72624	0.209656	
5.72511	0.209322	
5.72399	0.208986	
5.72287	0.208653	
5.72175	0.208322	
5.72064	0.207994	
5.71954	0.207664	
5.71844	0.207334	
5.71735	0.207003	
5.71627	0.206674	
5.71518	0.206348	
5.71411	0.206024	
5.71304	0.205701	
5.71197	0.205378	
5.71091	0.205053	
5.70986	0.204726	
5.70881	0.204397	
5.70776	0.204066	
5.70673	0.203735	
5.70569	0.203404	
5.70466	0.20307	
5.70364	0.202734	
5.70262	0.202398	
5.70161	0.202061	
5.7006	0.201723	
5.6996	0.201385	
5.6986	0.201043	
5.69761	0.200697	
5.69662	0.200343	
5.69564	0.199983	
5.69466	0.199618	
5.69368	0.199252	
5.69272	0.198885	
5.69175	0.19852	
5.69079	0.198157	
5.68984	0.197795	
5.68889	0.197435	
5.68795	0.197078	
5.68701	0.196725	
5.68607	0.196372	
5.68514	0.196018	
5.68422	0.195664	
5.68329	0.195308	
5.68238	0.194952	
5.68147	0.194599	
5.68056	0.194247	
5.67966	0.193898	
5.67876	0.193553	
5.67786	0.19321	
5.67697	0.192867	
5.67609	0.192525	
5.67521	0.192184	
5.67433	0.191846	
5.67346	0.191514	
5.67259	0.191193	
5.67173	0.190883	
5.67087	0.190585	
5.67002	0.190301	
5.66917	0.190029	
5.66832	0.18977	
5.66748	0.189521	
5.66664	0.189285	
5.66581	0.189061	
5.66498	0.188853	
5.66416	0.188657	
5.66333	0.188473	
5.66252	0.1883	
5.66171	0.188137	
5.6609	0.18798	
5.66009	0.187829	
5.65929	0.187684	
5.6585	0.187549	
5.6577	0.187424	
5.65691	0.187311	
5.65613	0.18721	
5.65535	0.187118	
5.65457	0.187032	
5.6538	0.186952	
5.65303	0.186878	
5.65227	0.186805	
5.6515	0.186733	
5.65075	0.186664	
5.64999	0.186599	
5.64924	0.186538	
5.6485	0.186482	
5.64775	0.186433	
5.64702	0.186387	
5.64628	0.186343	
5.64555	0.186298	
5.64482	0.186254	
5.6441	0.186208	
5.64338	0.186163	
5.64266	0.186118	
5.64195	0.186074	
5.64124	0.186036	
5.64053	0.186004	
5.63983	0.185977	
5.63913	0.185956	
5.63843	0.185938	
5.63774	0.18592	
5.63705	0.185902	
5.63637	0.185883	
5.63569	0.185862	
5.63501	0.185839	
5.63433	0.185811	
5.63366	0.185776	
5.63299	0.185738	
5.63233	0.185697	
5.63167	0.185652	
5.63101	0.185603	
5.63035	0.185549	
5.6297	0.185493	
5.62905	0.185431	
5.62841	0.185362	
5.62776	0.185286	
5.62713	0.185206	
5.62649	0.185125	
5.62586	0.185044	
5.62523	0.184961	
5.6246	0.18488	
5.62398	0.184801	
5.62336	0.184723	
5.62274	0.184646	
5.62213	0.184568	
5.62152	0.18449	
5.62091	0.184408	
5.62031	0.184323	
5.6197	0.184234	
5.61911	0.184143	
5.61851	0.184044	
5.61792	0.183943	
5.61733	0.183843	
5.61674	0.183742	
5.61616	0.183638	
5.61558	0.183532	
5.615	0.183427	
5.61442	0.183323	
5.61385	0.18322	
5.61328	0.183119	
5.61272	0.183021	
5.61215	0.182925	
5.61159	0.182835	
5.61103	0.182749	
5.61048	0.182669	
5.60993	0.18259	
5.60938	0.182514	
5.60883	0.182444	
5.60829	0.182378	
5.60774	0.182317	
5.60721	0.182258	
5.60667	0.1822	
5.60614	0.182142	
5.60561	0.182081	
5.60508	0.182022	
5.60455	0.181963	
5.60403	0.181905	
5.60351	0.181851	
5.60299	0.1818	
5.60248	0.18175	
5.60196	0.181705	
5.60145	0.181664	
5.60095	0.181625	
5.60044	0.181591	
5.59994	0.18156	
5.59944	0.181529	
5.59894	0.181503	
5.59845	0.181483	
5.59796	0.181469	
5.59747	0.18146	
5.59698	0.181455	
5.59649	0.181449	
5.59601	0.181443	
5.59553	0.181438	
5.59505	0.181434	
5.59458	0.181431	
5.59411	0.181425	
5.59364	0.181423	
5.59317	0.181423	
5.5927	0.181425	
5.59224	0.181432	
5.59178	0.181442	
5.59132	0.181458	
5.59086	0.18148	
5.59041	0.181506	
5.58996	0.181536	
5.58951	0.181567	
5.58906	0.181603	
5.58861	0.181637	
5.58817	0.181673	
5.58773	0.181711	
5.58729	0.181747	
5.58685	0.181781	
5.58642	0.181809	
5.58599	0.181832	
5.58556	0.181846	
5.58513	0.181856	
5.5847	0.181861	
5.58428	0.181859	
5.58386	0.181855	
5.58344	0.181846	
5.58302	0.181836	
5.58261	0.181822	
5.58219	0.181809	
5.58178	0.1818	
5.58137	0.181792	
5.58097	0.18179	
5.58056	0.181791	
5.58016	0.181792	
5.57976	0.181793	
5.57936	0.18179	
5.57896	0.181785	
5.57857	0.181774	
5.57818	0.18176	
5.57779	0.181742	
5.5774	0.181714	
5.57701	0.181669	
5.57662	0.18161	
5.57624	0.181539	
5.57586	0.181459	
5.57548	0.181368	
5.5751	0.181266	
5.57473	0.181153	
5.57435	0.181031	
5.57398	0.180901	
5.57361	0.180764	
5.57324	0.18062	
5.57288	0.180474	
5.57251	0.180322	
5.57215	0.180167	
5.57179	0.180009	
5.57143	0.179842	
5.57107	0.17967	
5.57072	0.179485	
5.57036	0.179292	
5.57001	0.179092	
5.56966	0.178879	
5.56931	0.178654	
5.56897	0.178408	
5.56862	0.178145	
5.56828	0.177864	
5.56794	0.177569	
5.5676	0.177264	
5.56726	0.176949	
5.56693	0.176632	
5.56659	0.176312	
5.56626	0.175996	
5.56593	0.175682	
5.5656	0.17537	
5.56527	0.175061	
5.56494	0.174756	
5.56462	0.174457	
5.56429	0.174165	
5.56397	0.17388	
5.56365	0.1736	
5.56333	0.173324	
5.56302	0.173047	
5.5627	0.17277	
5.56239	0.172489	
5.56208	0.172207	
5.56177	0.171925	
5.56146	0.171641	
5.56115	0.171354	
5.56085	0.17106	
5.56054	0.170767	
5.56024	0.170469	
5.55994	0.170174	
5.55964	0.169882	
5.55934	0.169597	
5.55904	0.16932	
5.55875	0.16905	
5.55845	0.168787	
5.55816	0.168527	
5.55787	0.168268	
5.55758	0.168014	
5.55729	0.167761	
5.55701	0.167507	
5.55672	0.167251	
5.55644	0.166989	
5.55616	0.166722	
5.55588	0.166442	
5.5556	0.166154	
5.55532	0.165855	
5.55504	0.165546	
5.55477	0.165226	
5.55449	0.164897	
5.55422	0.164562	
5.55395	0.16422	
5.55368	0.163871	
5.55341	0.163522	
5.55314	0.163175	
5.55288	0.162834	
5.55261	0.162499	
5.55235	0.162177	
5.55209	0.161866	
5.55183	0.161568	
5.55157	0.161278	
5.55131	0.160999	
5.55105	0.160727	
5.5508	0.160465	
5.55055	0.16021	
5.55029	0.159959	
5.55004	0.159717	
5.54979	0.159481	
5.54954	0.159252	
5.54929	0.159029	
5.54905	0.158812	
5.5488	0.158599	
5.54856	0.158394	
5.54832	0.158194	
5.54807	0.158002	
5.54783	0.157818	
5.54759	0.157649	
5.54736	0.157495	
5.54712	0.157353	
5.54688	0.157226	
5.54665	0.157116	
5.54642	0.157017	
5.54618	0.15693	
5.54595	0.156848	
5.54572	0.156779	
5.5455	0.156722	
5.54527	0.156673	
5.54504	0.156634	
5.54482	0.156602	
5.54459	0.156569	
5.54437	0.156545	
5.54415	0.156521	
5.54393	0.156497	
5.54371	0.156477	
5.54349	0.156459	
5.54327	0.156439	
5.54305	0.15643	
5.54284	0.15643	
5.54262	0.156442	
5.54241	0.156465	
5.5422	0.156504	
5.54199	0.156555	
5.54178	0.156616	
5.54157	0.156696	
5.54136	0.156794	
5.54116	0.156904	
5.54095	0.157023	
5.54074	0.157156	
5.54054	0.157303	
5.54034	0.157458	
5.54014	0.157622	
5.53994	0.157797	
5.53974	0.157979	
5.53954	0.158168	
5.53934	0.158359	
5.53914	0.158558	
5.53895	0.158765	
5.53875	0.158976	
5.53856	0.15919	
5.53837	0.159415	
5.53817	0.159648	
5.53798	0.159892	
5.53779	0.16014	
5.5376	0.160394	
5.53742	0.160656	
5.53723	0.160915	
5.53704	0.161178	
5.53686	0.161444	
5.53667	0.161713	
5.53649	0.161981	
5.53631	0.162239	
5.53613	0.162492	
5.53595	0.162741	
5.53577	0.162976	
5.53559	0.1632	
5.53541	0.163413	
5.53523	0.163625	
5.53506	0.163824	
5.53488	0.16401	
5.53471	0.164182	
5.53453	0.164348	
5.53436	0.164502	
5.53419	0.164645	
5.53402	0.164779	
5.53385	0.164906	
5.53368	0.16503	
5.53351	0.165146	
5.53334	0.16525	
5.53318	0.165341	
5.53301	0.165433	
5.53284	0.165511	
5.53268	0.165574	
5.53252	0.165624	
5.53235	0.165657	
5.53219	0.165687	
5.53203	0.165706	
5.53187	0.165714	
5.53171	0.165709	
5.53155	0.165695	
5.5314	0.165684	
5.53124	0.165658	
5.53108	0.165627	
5.53093	0.165584	
5.53077	0.165538	
5.53062	0.165482	
5.53047	0.165415	
5.53031	0.165343	
5.53016	0.165264	
5.53001	0.165189	
5.52986	0.165109	
5.52971	0.165016	
5.52956	0.16491	
5.52942	0.164792	
5.52927	0.16467	
5.52912	0.164536	
5.52898	0.164389	
5.52883	0.164232	
5.52869	0.164066	
5.52854	0.163902	
5.5284	0.163729	
5.52826	0.163552	
5.52812	0.163364	
5.52798	0.163172	
5.52784	0.162978	
5.5277	0.16277	
5.52756	0.162561	
5.52742	0.162337	
5.52728	0.16211	
5.52715	0.161883	
5.52701	0.161644	
5.52688	0.161395	
5.52674	0.16114	
5.52661	0.160882	
5.52648	0.160618	
5.52634	0.160344	
5.52621	0.160052	
5.52608	0.159763	
5.52595	0.159464	
5.52582	0.159165	
5.52569	0.158855	
5.52556	0.158541	
5.52544	0.158226	
5.52531	0.157908	
5.52518	0.157585	
5.52506	0.157261	
5.52493	0.156932	
5.52481	0.156603	
5.52468	0.156262	
5.52456	0.155923	
5.52444	0.155576	
5.52431	0.155216	
5.52419	0.154846	
5.52407	0.154469	
5.52395	0.154082	
5.52383	0.153686	
5.52371	0.153291	
5.52359	0.152887	
5.52348	0.152476	
5.52336	0.152057	
5.52324	0.151636	
5.52313	0.151207	
5.52301	0.150756	
5.52289	0.150312	
5.52278	0.149861	
5.52267	0.149398	
5.52255	0.148935	
5.52244	0.148467	
5.52233	0.147996	
5.52222	0.147519	
5.5221	0.147048	
5.52199	0.146582	
5.52188	0.146114	
5.52177	0.145659	
5.52167	0.14521	
5.52156	0.144767	
5.52145	0.144333	
5.52134	0.143909	
5.52124	0.143487	
5.52113	0.143064	
5.52102	0.142645	
5.52092	0.142224	
5.52081	0.141801	
5.52071	0.14137	
5.52061	0.140945	
5.5205	0.14052	
5.5204	0.140098	
5.5203	0.139684	
5.5202	0.139273	
5.5201	0.138868	
5.52	0.138467	
5.5199	0.138078	
5.5198	0.137699	
5.5197	0.137331	
5.5196	0.136963	
5.5195	0.136607	
5.5194	0.136258	
5.51931	0.135921	
5.51921	0.135581	
5.51911	0.135256	
5.51902	0.134933	
5.51892	0.134616	
5.51883	0.134305	
5.51873	0.133999	
5.51864	0.133699	
5.51855	0.133407	
5.51846	0.133121	
5.51836	0.132856	
5.51827	0.132604	
5.51818	0.132363	
5.51809	0.132132	
5.518	0.131919	
5.51791	0.131711	
5.51782	0.131522	
5.51773	0.131342	
5.51764	0.131181	
5.51755	0.131036	
5.51747	0.130901	
5.51738	0.130781	
5.51729	0.130661	
5.5172	0.130558	
5.51712	0.130464	
5.51703	0.130373	
5.51695	0.130293	
5.51686	0.130219	
5.51678	0.130165	
5.5167	0.130125	
5.51661	0.130089	
5.51653	0.130057	
5.51645	0.130022	
5.51636	0.129983	
5.51628	0.129946	
5.5162	0.12991	
5.51612	0.129866	
5.51604	0.129819	
5.51596	0.129776	
5.51588	0.129727	
5.5158	0.129675	
5.51572	0.12963	
5.51564	0.129581	
5.51556	0.129529	
5.51549	0.129483	
5.51541	0.129439	
5.51533	0.129395	
5.51525	0.12936	
5.51518	0.129335	
5.5151	0.129308	
5.51503	0.129282	
5.51495	0.129261	
5.51488	0.129249	
5.5148	0.129243	
5.51473	0.129246	
5.51465	0.129265	
5.51458	0.129294	
5.51451	0.129324	
5.51444	0.129357	
5.51436	0.129399	
5.51429	0.129448	
5.51422	0.129505	
5.51415	0.129568	
5.51408	0.129645	
5.51401	0.129739	
5.51394	0.129842	
5.51387	0.129957	
5.5138	0.130083	
5.51373	0.13022	
5.51366	0.130367	
5.51359	0.130534	
5.51353	0.130709	
5.51346	0.130896	
5.51339	0.131097	
5.51332	0.131318	
5.51326	0.131553	
5.51319	0.131807	
5.51312	0.132066	
5.51306	0.132341	
5.51299	0.132623	
5.51293	0.132924	
5.51286	0.133238	
5.5128	0.133567	
5.51274	0.133906	
5.51267	0.134256	
5.51261	0.134609	
5.51255	0.134972	
5.51248	0.135351	
5.51242	0.135742	
5.51236	0.136144	
5.5123	0.136557	
5.51224	0.136976	
5.51217	0.137404	
5.51211	0.137836	
5.51205	0.138277	
5.51199	0.138735	
5.51193	0.139205	
5.51187	0.139682	
5.51181	0.140165	
5.51175	0.140653	
5.5117	0.141142	
5.51164	0.141629	
5.51158	0.142127	
5.51152	0.142622	
5.51146	0.143122	
5.51141	0.143625	
5.51135	0.144124	
5.51129	0.144615	
5.51124	0.145096	
5.51118	0.145567	
5.51112	0.146028	
5.51107	0.146488	
5.51101	0.146938	
5.51096	0.147379	
5.5109	0.1478	
5.51085	0.148207	
5.51079	0.148601	
5.51074	0.148983	
5.51069	0.149355	
5.51063	0.149718	
5.51058	0.150054	
5.51053	0.150371	
5.51047	0.150665	
5.51042	0.150943	
5.51037	0.151195	
5.51032	0.151415	
5.51027	0.151593	
5.51022	0.151738	
5.51016	0.151848	
5.51011	0.151923	
5.51006	0.15195	
5.51001	0.151936	
5.50996	0.151877	
5.50991	0.151782	
5.50986	0.151643	
5.50981	0.151456	
5.50976	0.151228	
5.50972	0.15097	
5.50967	0.150676	
5.50962	0.150316	
5.50957	0.149909	
5.50952	0.149459	
5.50948	0.148958	
5.50943	0.148411	
5.50938	0.147827	
5.50933	0.147204	
5.50929	0.146525	
5.50924	0.145779	
5.50919	0.144999	
5.50915	0.144172	
5.5091	0.1433	
5.50906	0.142416	
5.50901	0.141493	
5.50897	0.140543	
5.50892	0.139579	
5.50888	0.138599	
5.50883	0.137597	
5.50879	0.136609	
5.50875	0.135648	
5.5087	0.134694	
5.50866	0.133758	
5.50861	0.132845	
5.50857	0.131948	
5.50853	0.131068	
5.50849	0.130225	
5.50844	0.129406	
5.5084	0.128604	
5.50836	0.127822	
5.50832	0.127064	
5.50828	0.126324	
5.50823	0.12561	
5.50819	0.124947	
5.50815	0.124319	
5.50811	0.123714	
5.50807	0.123135	
5.50803	0.122585	
5.50799	0.122059	
5.50795	0.121553	
5.50791	0.121077	
5.50787	0.120648	
5.50783	0.120242	
5.50779	0.119866	
5.50775	0.119521	
5.50772	0.119205	
5.50768	0.118926	
5.50764	0.118665	
5.5076	0.11842	
5.50756	0.1182	
5.50752	0.117999	
5.50749	0.117824	
5.50745	0.117663	
5.50741	0.117509	
5.50737	0.117363	
5.50734	0.117233	
5.5073	0.117118	
5.50726	0.117021	
5.50723	0.116934	
5.50719	0.116869	
5.50716	0.116815	
5.50712	0.116791	
5.50708	0.116788	
5.50705	0.116811	
5.50701	0.116871	
5.50698	0.116959	
5.50694	0.117073	
5.50691	0.117225	
5.50688	0.1174	
5.50684	0.11761	
5.50681	0.117844	
5.50677	0.118107	
5.50674	0.118405	
5.5067	0.118728	
5.50667	0.119082	
5.50664	0.119468	
5.5066	0.119873	
5.50657	0.120315	
5.50654	0.120784	
5.50651	0.121278	
5.50647	0.121806	
5.50644	0.122359	
5.50641	0.122945	
5.50638	0.123562	
5.50635	0.124208	
5.50631	0.124892	
5.50628	0.125605	
5.50625	0.126344	
5.50622	0.127112	
5.50619	0.127908	
5.50616	0.128726	
5.50613	0.129561	
5.5061	0.130422	
5.50607	0.131309	
5.50603	0.13221	
5.506	0.133135	
5.50597	0.134071	
5.50594	0.135035	
5.50592	0.136008	
5.50589	0.136981	
5.50586	0.137967	
5.50583	0.138956	
5.5058	0.139947	
5.50577	0.140934	
5.50574	0.141911	
5.50571	0.142866	
5.50568	0.14381	
5.50565	0.144732	
5.50563	0.145632	
5.5056	0.146488	
5.50557	0.147322	
5.50554	0.148133	
5.50551	0.148908	
5.50549	0.149631	
5.50546	0.15031	
5.50543	0.15095	
5.5054	0.151518	
5.50538	0.152026	
5.50535	0.15246	
5.50532	0.152835	
5.5053	0.153123	
5.50527	0.153343	
5.50524	0.153481	
5.50522	0.153526	
5.50519	0.15348	
5.50517	0.153332	
5.50514	0.153102	
5.50511	0.152785	
5.50509	0.152405	
5.50506	0.151914	
5.50504	0.151331	
5.50501	0.150683	
5.50499	0.149973	
5.50496	0.149208	
5.50494	0.148347	
5.50491	0.147391	
5.50489	0.14637	
5.50486	0.145295	
5.50484	0.144189	
5.50482	0.143039	
5.50479	0.141825	
5.50477	0.140565	
5.50474	0.139293	
5.50472	0.138023	
5.5047	0.136738	
5.50467	0.135448	
5.50465	0.134163	
5.50463	0.132884	
5.5046	0.13163	
5.50458	0.130389	
5.50456	0.129168	
5.50454	0.127959	
5.50451	0.126781	
5.50449	0.125651	
5.50447	0.124559	
5.50445	0.123546	
5.50442	0.12258	
5.5044	0.121687	
5.50438	0.120862	
5.50436	0.120097	
5.50433	0.119418	
5.50431	0.118797	
5.50429	0.118273	
5.50427	0.117838	
5.50425	0.117475	
5.50423	0.117205	
5.50421	0.117018	
5.50419	0.116918	
5.50416	0.11691	
5.50414	0.116974	
5.50412	0.117126	
5.5041	0.117349	
5.50408	0.117637	
5.50406	0.117985	
5.50404	0.118381	
5.50402	0.118833	
5.504	0.119344	
5.50398	0.119898	
5.50396	0.120511	
5.50394	0.121185	
5.50392	0.121919	
5.5039	0.122715	
5.50388	0.12357	
5.50386	0.124491	
5.50384	0.125463	
5.50382	0.126478	
5.50381	0.127544	
5.50379	0.128639	
5.50377	0.129778	
5.50375	0.130953	
5.50373	0.132148	
5.50371	0.133372	
5.50369	0.134626	
5.50367	0.135901	
5.50366	0.137205	
5.50364	0.138529	
5.50362	0.139883	
5.5036	0.141238	
5.50358	0.142613	
5.50357	0.144019	
5.50355	0.145398	
5.50353	0.146777	
5.50351	0.148148	
5.50349	0.149496	
5.50348	0.150814	
5.50346	0.152086	
5.50344	0.153327	
5.50343	0.154511	
5.50341	0.155618	
5.50339	0.156631	
5.50337	0.157536	
5.50336	0.158299	
5.50334	0.158935	
5.50332	0.159423	
5.50331	0.159767	
5.50329	0.159957	
5.50327	0.16001	
5.50326	0.159909	
5.50324	0.159645	
5.50323	0.159201	
5.50321	0.158562	
5.50319	0.157781	
5.50318	0.156814	
5.50316	0.155703	
5.50315	0.154412	
5.50313	0.152957	
5.50311	0.151308	
5.5031	0.149511	
5.50308	0.147611	
5.50307	0.145621	
5.50305	0.143579	
5.50304	0.141476	
5.50302	0.139324	
5.50301	0.137139	
5.50299	0.134974	
5.50298	0.132818	
5.50296	0.130703	
5.50295	0.128641	
5.50293	0.126613	
5.50292	0.124655	
5.5029	0.12278	
5.50289	0.121015	
5.50287	0.119351	
5.50286	0.117803	
5.50285	0.11637	
5.50283	0.115045	
5.50282	0.11384	
5.5028	0.112756	
5.50279	0.111807	
5.50277	0.111017	
5.50276	0.11038	
5.50275	0.1099	
5.50273	0.109569	
5.50272	0.109397	
5.50271	0.109366	
5.50269	0.109458	
5.50268	0.109712	
5.50267	0.11011	
5.50265	0.110654	
5.50264	0.11137	
5.50263	0.11221	
5.50261	0.113169	
5.5026	0.114227	
5.50259	0.115371	
5.50257	0.116606	
5.50256	0.117917	
5.50255	0.119271	
5.50254	0.120705	
5.50252	0.122172	
5.50251	0.123704	
5.5025	0.125268	
5.50249	0.126865	
5.50247	0.128489	
5.50246	0.130124	
5.50245	0.131784	
5.50244	0.13346	
5.50242	0.135126	
5.50241	0.136823	
5.5024	0.138537	
5.50239	0.14024	
5.50238	0.141942	
5.50236	0.14361	
5.50235	0.145229	
5.50234	0.146772	
5.50233	0.148235	
5.50232	0.149601	
5.50231	0.150849	
5.50229	0.151934	
5.50228	0.152815	
5.50227	0.15348	
5.50226	0.153955	
5.50225	0.15418	
5.50224	0.154166	
5.50223	0.153885	
5.50221	0.153453	
5.5022	0.152803	
5.50219	0.151969	
5.50218	0.150984	
5.50217	0.149858	
5.50216	0.148575	
5.50215	0.147213	
5.50214	0.145731	
5.50213	0.144214	
5.50212	0.142598	
5.50211	0.140915	
5.5021	0.139199	
5.50209	0.137399	
5.50207	0.135568	
5.50206	0.133709	
5.50205	0.1318	
5.50204	0.129917	
5.50203	0.128023	
5.50202	0.126169	
5.50201	0.124353	
5.502	0.122558	
5.50199	0.120835	
5.50198	0.119234	
5.50197	0.117715	
5.50196	0.116332	
5.50195	0.115088	
5.50194	0.113973	
5.50193	0.113029	
5.50192	0.112223	
5.50191	0.111547	
5.50191	0.111033	
5.5019	0.11066	
5.50189	0.110463	
5.50188	0.110417	
5.50187	0.110553	
5.50186	0.110891	
5.50185	0.111405	
5.50184	0.11207	
5.50183	0.112926	
5.50182	0.11393	
5.50181	0.115064	
5.5018	0.116302	
5.50179	0.117639	
5.50179	0.119073	
5.50178	0.120585	
5.50177	0.122174	
5.50176	0.123846	
5.50175	0.125574	
5.50174	0.127358	
5.50173	0.1292	
5.50172	0.131073	
5.50172	0.132974	
5.50171	0.134883	
5.5017	0.136821	
5.50169	0.138734	
5.50168	0.140688	
5.50167	0.142647	
5.50166	0.144612	
5.50166	0.146542	
5.50165	0.148386	
5.50164	0.15016	
5.50163	0.151785	
5.50162	0.153208	
5.50162	0.15439	
5.50161	0.155313	
5.5016	0.155861	
5.50159	0.156094	
5.50158	0.155915	
5.50157	0.155333	
5.50157	0.154311	
5.50156	0.152873	
5.50155	0.151035	
5.50154	0.148782	
5.50154	0.146264	
5.50153	0.143542	
5.50152	0.14073	
5.50151	0.137848	
5.50151	0.134922	
5.5015	0.131957	
5.50149	0.128986	
5.50148	0.126032	
5.50148	0.123188	
5.50147	0.120429	
5.50146	0.117783	
5.50145	0.115234	
5.50145	0.112754	
5.50144	0.110396	
5.50143	0.108131	
5.50142	0.105963	
5.50142	0.103973	
5.50141	0.10214	
5.5014	0.100472	
5.5014	0.0990009	
5.50139	0.0977428	
5.50138	0.0967511	
5.50138	0.0960005	
5.50137	0.0955343	
5.50136	0.0953218	
5.50136	0.0953773	
5.50135	0.0957187	
5.50134	0.0963851	
5.50133	0.0973358	
5.50133	0.0985704	
5.50132	0.100134	
5.50131	0.101999	
5.50131	0.104163	
5.5013	0.106595	
5.5013	0.109308	
5.50129	0.112236	
5.50128	0.115288	
5.50128	0.118469	
5.50127	0.121702	
5.50126	0.125027	
5.50126	0.128422	
5.50125	0.131842	
5.50124	0.135311	
5.50124	0.138681	
5.50123	0.142042	
5.50123	0.145365	
5.50122	0.148588	
5.50121	0.151698	
5.50121	0.15453	
5.5012	0.157096	
5.5012	0.159381	
5.50119	0.161158	
5.50118	0.162483	
5.50118	0.163106	
5.50117	0.162977	
5.50117	0.162099	
5.50116	0.160486	
5.50115	0.158231	
5.50115	0.155457	
5.50114	0.152274	
5.50114	0.148665	
5.50113	0.144753	
5.50113	0.140741	
5.50112	0.13672	
5.50111	0.132769	
5.50111	0.12898	
5.5011	0.125317	
5.5011	0.121835	
5.50109	0.118584	
5.50109	0.115501	
5.50108	0.112587	
5.50108	0.109854	
5.50107	0.107314	
5.50107	0.104963	
5.50106	0.102757	
5.50105	0.100692	
5.50105	0.0987958	
5.50104	0.0970788	
5.50104	0.0955375	
5.50103	0.0942046	
5.50103	0.0930479	
5.50102	0.0920914	
5.50102	0.0913626	
5.50101	0.0907966	
5.50101	0.0904305	
5.501	0.0902437	
5.501	0.0902933	
5.50099	0.090544	
5.50099	0.091031	
5.50098	0.0917616	
5.50098	0.092714	
5.50097	0.0939391	
5.50097	0.0954497	
5.50096	0.097164	
5.50096	0.099116	
5.50095	0.101261	
5.50095	0.103578	
5.50094	0.106056	
5.50094	0.108627	
5.50094	0.111306	
5.50093	0.114048	
5.50093	0.116821	
5.50092	0.11958	
5.50092	0.122312	
5.50091	0.125039	
5.50091	0.127647	
5.5009	0.130147	
5.5009	0.132561	
5.50089	0.134745	
5.50089	0.136784	
5.50089	0.138566	
5.50088	0.14014	
5.50088	0.141501	
5.50087	0.14266	
5.50087	0.1435	
5.50086	0.144065	
5.50086	0.144311	
5.50085	0.144302	
5.50085	0.143996	
5.50085	0.14346	
5.50084	0.142785	
5.50084	0.141981	
5.50083	0.14106	
5.50083	0.139971	
5.50082	0.138786	
5.50082	0.137593	
5.50082	0.136321	
5.50081	0.135051	
5.50081	0.133713	
5.5008	0.132383	
5.5008	0.131068	
5.5008	0.129697	
5.50079	0.128346	
5.50079	0.127013	
5.50078	0.125632	
5.50078	0.124279	
5.50078	0.12297	
5.50077	0.121744	
5.50077	0.120614	
5.50077	0.119553	
5.50076	0.11868	
5.50076	0.117952	
5.50075	0.117292	
5.50075	0.116781	
5.50075	0.116355	
5.50074	0.116072	
5.50074	0.115861	
5.50074	0.115799	
5.50073	0.115797	
5.50073	0.115908	
5.50072	0.116134	
5.50072	0.116489	
5.50072	0.116946	
5.50071	0.117531	
5.50071	0.118153	
5.50071	0.118874	
5.5007	0.119652	
5.5007	0.120462	
5.5007	0.121236	
5.50069	0.122062	
5.50069	0.12292	
5.50069	0.12381	
5.50068	0.124732	
5.50068	0.125685	
5.50068	0.126668	
5.50067	0.1276	
5.50067	0.128563	
5.50067	0.129558	
5.50066	0.130585	
5.50066	0.131593	
5.50066	0.132583	
5.50065	0.133566	
5.50065	0.134583	
5.50065	0.135633	
5.50064	0.136618	
5.50064	0.137585	
5.50064	0.138587	
5.50063	0.13953	
5.50063	0.140509	
5.50063	0.141312	
5.50062	0.142047	
5.50062	0.142714	
5.50062	0.143426	
5.50061	0.14408	
5.50061	0.144666	
5.50061	0.145184	
5.5006	0.145616	
5.5006	0.145865	
5.5006	0.14587	
5.5006	0.145831	
5.50059	0.145633	
5.50059	0.145287	
5.50059	0.144673	
5.50058	0.143704	
5.50058	0.142411	
5.50058	0.14093	
5.50058	0.139068	
5.50057	0.137086	
5.50057	0.134892	
5.50057	0.132532	
5.50056	0.130068	
5.50056	0.127484	
5.50056	0.124816	
5.50056	0.12226	
5.50055	0.119728	
5.50055	0.117458	
5.50055	0.115297	
5.50054	0.113367	
5.50054	0.111717	
5.50054	0.110175	
5.50054	0.108889	
5.50053	0.107769	
5.50053	0.106776	
5.50053	0.105899	
5.50053	0.105191	
5.50052	0.104617	
5.50052	0.104168	
5.50052	0.103817	
5.50051	0.103608	
5.50051	0.103528	
5.50051	0.103527	
5.50051	0.103616	
5.5005	0.103775	
5.5005	0.104117	
5.5005	0.104562	
5.5005	0.105	
5.50049	0.105692	
5.50049	0.106436	
5.50049	0.107307	
5.50049	0.108203	
5.50048	0.109151	
5.50048	0.110151	
5.50048	0.111205	
5.50048	0.112314	
5.50048	0.113446	
5.50047	0.114636	
5.50047	0.11585	
5.50047	0.117118	
5.50047	0.117118	
5.50046	0.117118	
5.50046	0.117118	
5.50046	0.117118	
5.50046	0.117118	
5.50045	0.117118	
5.50045	0.117118	
5.50045	0.117118	
5.50045	0.117118	
5.50045	0.117118	
5.50044	0.117118	
5.50044	0.117118	
5.50044	0.117118	
5.50044	0.117118	
5.50043	0.117118	
5.50043	0.117118	
5.50043	0.117118	
5.50043	0.117118	
5.50043	0.117118	
5.50042	0.117118	
5.50042	0.117118	
5.50042	0.117118	
5.50042	0.117118	
5.50042	0.117118	
5.50041	0.117118	
5.50041	0.117118	
5.50041	0.117118	
5.50041	0.117118	
5.5004	0.117118	
5.5004	0.117118	
5.5004	0.117118	
5.5004	0.117118	
5.5004	0.117118	
5.50039	0.117118	
5.50039	0.117118	
5.50039	0.117118	
5.50039	0.117118	
5.50039	0.117118	
5.50039	0.117118	
5.50038	0.117118	
5.50038	0.117118	
5.50038	0.117118	
5.50038	0.117118	
5.50038	0.117118	
5.50037	0.117118	
5.50037	0.117118	
5.50037	0.117118	
5.50037	0.117118	
5.50037	0.117118	
5.50036	0.117118	
5.50036	0.117118	
5.50036	0.117118	
5.50036	0.117118	
5.50036	0.117118	
5.50036	0.117118	
5.50035	0.117118	
5.50035	0.117118	
5.50035	0.117118	
5.50035	0.117118	
5.50035	0.117118	
5.50034	0.117118	
5.50034	0.117118	
5.50034	0.117118	
5.50034	0.117118	
5.50034	0.117118	
5.50034	0.117118	
5.50033	0.117118	
5.50033	0.117118	
5.50033	0.117118	
5.50033	0.117118	
5.50033	0.117118	
5.50033	0.117118	
5.50032	0.117118	
5.50032	0.117118	
5.50032	0.117118	
5.50032	0.117118	
5.50032	0.117118	
5.50032	0.117118	
5.50032	0.117118	
5.50031	0.117118	
5.50031	0.117118	
5.50031	0.117118	
5.50031	0.117118	
5.50031	0.117118	
5.50031	0.117118	
5.5003	0.117118	
5.5003	0.117118	
5.5003	0.117118	
5.5003	0.117118	
5.5003	0.117118	
5.5003	0.117118	
5.5003	0.117118	
5.50029	0.117118	
5.50029	0.117118	
5.50029	0.117118	
5.50029	0.117118	
5.50029	0.117118	
5.50029	0.117118	
5.50029	0.117118	
5.50028	0.117118	
5.50028	0.117118	
5.50028	0.117118	
5.50028	0.117118	
5.50028	0.117118	
5.50028	0.117118	
5.50028	0.117118	
5.50027	0.117118	
5.50027	0.117118	
5.50027	0.117118	
5.50027	0.117118	
5.50027	0.117118	
5.50027	0.117118	
5.50027	0.117118	
5.50027	0.117118	
5.50026	0.117118	
5.50026	0.117118	
5.50026	0.117118	
5.50026	0.117118	
5.50026	0.117118	
5.50026	0.117118	
5.50026	0.117118	
5.50026	0.117118	
5.50026	0.117118	
5.50026	0.117118	
5.50026	0.117118	
5.50026	0.117118	
5.50026	0.117118	
5.50026	0.117118	
5.50026	0.117118	
5.50026	0.117118	
5.50026	0.117118	
5.50026	0.117118	
5.50026	0.117118	
5.50026	0.117118	
5.50025	0.117118	
5.50025	0.117118	
5.50025	0.117118	
5.50025	0.117118	
5.50025	0.117118	
5.50025	0.117118	
5.50025	0.117118	
5.50025	0.117118	
5.50025	0.117118	
5.50025	0.117118	
5.50026	0.117118	
5.50026	0.117118	
5.50026	0.117118	
5.50026	0.117118	
5.50026	0.117118	
5.50026	0.117118	
5.50026	0.117118	
5.50026	0.117118	
5.50026	0.117118	
5.50026	0.117118	
5.50026	0.117118	
5.50026	0.117118	
5.50026	0.117118	
5.50026	0.117118	
5.50026	0.117118	
5.50026	0.117118	
5.50026	0.117118	
5.50026	0.117118	
5.50026	0.117118	
5.50026	0.117118	
5.50026	0.117118	
5.50026	0.117118	
5.50026	0.117118	
5.50026	0.117118	
5.50026	0.117118	
5.50026	0.117118	
5.50026	0.117118	
5.50027	0.117118	
5.50027	0.117118	
5.50027	0.117118	
5.50027	0.117118	
5.50027	0.117118	
5.50027	0.117118	
5.50027	0.117118	
5.50027	0.117118	
5.50027	0.117118	
5.50027	0.117118	
5.50027	0.117118	
5.50027	0.117118	
5.50027	0.117118	
5.50027	0.117118	
5.50027	0.117118	
5.50028	0.117118	
5.50028	0.117118	
5.50028	0.117118	
5.50028	0.117118	
5.50028	0.117118	
5.50028	0.117118	
5.50028	0.117118	
5.50028	0.117118	
5.50028	0.117118	
5.50028	0.117118	
5.50028	0.117118	
5.50028	0.117118	
5.50029	0.117118	
5.50029	0.117118	
5.50029	0.117118	
5.50029	0.117118	
5.50029	0.117118	
5.50029	0.117118	
5.50029	0.117118	
5.50029	0.117118	
5.50029	0.117118	
5.50029	0.117118	
5.50029	0.117118	
5.5003	0.117118	
5.5003	0.117118	
5.5003	0.117118	
5.5003	0.117118	
5.5003	0.117118	
5.5003	0.117118	
5.5003	0.117118	
5.5003	0.117118	
5.5003	0.117118	
5.5003	0.117118	
5.50031	0.117118	
5.50031	0.117118	
5.50031	0.117118	
5.50031	0.117118	
5.50031	0.117118	
5.50031	0.117118	
5.50031	0.117118	
5.50031	0.117118	
5.50031	0.117118	
5.50031	0.117118	
5.50032	0.117118	
5.50032	0.117118	
5.50032	0.117118	
5.50032	0.117118	
5.50032	0.117118	
5.50032	0.117118	
5.50032	0.117118	
5.50032	0.117118	
5.50032	0.117118	
5.50032	0.117118	
5.50033	0.117118	
5.50033	0.117118	
5.50033	0.117118	
5.50033	0.117118	
5.50033	0.117118	
5.50033	0.117118	
5.50033	0.117118	
5.50033	0.117118	
5.50033	0.117118	
5.50034	0.117118	
5.50034	0.117118	
5.50034	0.117118	
5.50034	0.117118	
5.50034	0.117118	
5.50034	0.117118	
5.50034	0.117118	
5.50034	0.117118	
5.50034	0.117118	
5.50035	0.117118	
5.50035	0.117118	
5.50035	0.117118	
5.50035	0.117118	
5.50035	0.117118	
5.50035	0.117118	
5.50035	0.117118	
5.50035	0.117118	
5.50036	0.117118	
5.50036	0.117118	
5.50036	0.117118	
5.50036	0.117118	
5.50036	0.117118	
5.50036	0.117118	
5.50036	0.117118	
5.50036	0.117118	
5.50037	0.117118	
5.50037	0.117118	
5.50037	0.117118	
5.50037	0.117118	
5.50037	0.117118	
5.50037	0.117118	
5.50037	0.117118	
5.50038	0.117118	
5.50038	0.117118	
5.50038	0.117118	
5.50038	0.117118	
5.50038	0.117118	
5.50038	0.117118	
5.50039	0.117118	
5.50039	0.117118	
5.50039	0.117118	
5.50039	0.117118	
5.50039	0.117118	
5.50039	0.117118	
5.50039	0.117118	
5.5004	0.117118	
5.5004	0.117118	
5.5004	0.117118	
5.5004	0.117118	
5.5004	0.117118	
5.5004	0.117118	
5.50041	0.117118	
5.50041	0.117118	
5.50041	0.117118	
5.50041	0.117118	
5.50041	0.117118	
5.50041	0.117118	
5.50042	0.117118	
5.50042	0.117118	
5.50042	0.117118	
5.50042	0.117118	
5.50042	0.117118	
5.50042	0.117118	
5.50043	0.117118	
5.50043	0.117118	
5.50043	0.117118	
5.50043	0.117118	
5.50043	0.117118	
5.50044	0.117118	
5.50044	0.117118	
5.50044	0.117118	
5.50044	0.117118	
5.50044	0.117118	
5.50044	0.117118	
5.50045	0.117118	
5.50045	0.117118	
5.50045	0.117118	
5.50045	0.117118	
5.50045	0.117118	
5.50045	0.117118	
5.50046	0.117118	
5.50046	0.117118	
5.50046	0.117118	
5.50046	0.117118	
5.50046	0.117118	
5.50046	0.117118	
5.50047	0.117118	
5.50047	0.117118	
5.50047	0.117118	
5.50047	0.117118	
5.50047	0.117118	
5.50047	0.117118	
5.50048	0.117118	
5.50048	0.117118	
5.50048	0.117118	
5.50048	0.117118	
5.50048	0.117118	
5.50048	0.117118	
5.50049	0.117118	
5.50049	0.117118	
5.50049	0.117118	
5.50049	0.117118	
5.50049	0.117118	
5.50049	0.117118	
5.5005	0.117118	
5.5005	0.117118	
5.5005	0.117118	
5.5005	0.117118	
5.5005	0.117118	
5.5005	0.117118	
5.5005	0.117118	
5.50051	0.117118	
5.50051	0.117118	
5.50051	0.117118	
5.50051	0.117118	
5.50051	0.117118	
5.50051	0.117118	
5.50052	0.117118	
5.50052	0.117118	
5.50052	0.117118	
5.50052	0.117118	
5.50052	0.117118	
5.50052	0.117118	
5.50053	0.117118	
5.50053	0.117118	
5.50053	0.117118	
5.50053	0.117118	
5.50053	0.117118	
5.50054	0.117118	
5.50054	0.117118	
5.50054	0.117118	
5.50054	0.117118	
5.50054	0.117118	
5.50054	0.117118	
5.50055	0.117118	
5.50055	0.117118	
5.50055	0.117118	
5.50055	0.117118	
5.50055	0.117118	
5.50055	0.117118	
5.50056	0.117118	
5.50056	0.117118	
5.50056	0.117118	
5.50056	0.117118	
5.50056	0.117118	
5.50056	0.117118	
5.50057	0.117118	
5.50057	0.117118	
5.50057	0.117118	
5.50057	0.117118	
5.50057	0.117118	
5.50058	0.117118	
5.50058	0.117118	
5.50058	0.117118	
5.50058	0.117118	
5.50058	0.117118	
5.50058	0.117118	
5.50059	0.117118	
5.50059	0.117118	
5.50059	0.117118	
5.50059	0.117118	
5.50059	0.117118	
5.5006	0.117118	
5.5006	0.117118	
5.5006	0.117118	
5.5006	0.117118	
5.5006	0.117118	
5.50061	0.117118	
5.50061	0.117118	
5.50061	0.117118	
5.50061	0.117118	
5.50061	0.117118	
5.50061	0.117118	
5.50062	0.117118	
5.50062	0.117118	
5.50062	0.117118	
5.50062	0.117118	
5.50062	0.117118	
5.50063	0.117118	
5.50063	0.117118	
5.50063	0.117118	
5.50063	0.117118	
5.50063	0.117118	
5.50064	0.117118	
5.50064	0.117118	
5.50064	0.117118	
5.50064	0.117118	
5.50064	0.117118	
5.50065	0.117118	
5.50065	0.117118	
5.50065	0.117118	
5.50065	0.117118	
5.50065	0.117118	
5.50066	0.117118	
5.50066	0.117118	
5.50066	0.117118	
5.50066	0.117118	
5.50066	0.117118	
5.50067	0.117118	
5.50067	0.117118	
5.50067	0.117118	
5.50067	0.117118	
5.50067	0.117118	
5.50068	0.117118	
5.50068	0.117118	
5.50068	0.117118	
5.50068	0.117118	
5.50069	0.117118	
5.50069	0.117118	
5.50069	0.117118	
5.50069	0.117118	
5.50069	0.117118	
5.5007	0.117118	
5.5007	0.117118	
5.5007	0.117118	
5.5007	0.117118	
5.5007	0.117118	
5.50071	0.117118	
5.50071	0.117118	
5.50071	0.117118	
5.50071	0.117118	
5.50071	0.117118	
5.50072	0.117118	
5.50072	0.117118	
5.50072	0.117118	
5.50072	0.117118	
5.50073	0.117118	
5.50073	0.117118	
5.50073	0.117118	
5.50073	0.117118	
5.50073	0.117118	
5.50074	0.117118	
5.50074	0.117118	
5.50074	0.117118	
5.50074	0.117118	
5.50075	0.117118	
5.50075	0.117118	
5.50075	0.117118	
5.50075	0.117118	
5.50075	0.117118	
5.50076	0.117118	
5.50076	0.117118	
5.50076	0.117118	
5.50076	0.117118	
5.50077	0.117118	
5.50077	0.117118	
5.50077	0.117118	
5.50077	0.117118	
5.50078	0.117118	
5.50078	0.117118	
5.50078	0.117118	
5.50078	0.117118	
5.50078	0.117118	
5.50079	0.117118	
5.50079	0.117118	
5.50079	0.117118	
5.50079	0.117118	
5.5008	0.117118	
5.5008	0.117118	
5.5008	0.117118	
5.5008	0.117118	
5.5008	0.117118	
5.50081	0.117118	
5.50081	0.117118	
5.50081	0.117118	
5.50081	0.117118	
5.50082	0.117118	
5.50082	0.117118	
5.50082	0.117118	
5.50082	0.117118	
5.50083	0.117118	
5.50083	0.117118	
5.50083	0.117118	
5.50083	0.117118	
5.50084	0.117118	
5.50084	0.117118	
5.50084	0.117118	
5.50084	0.117118	
5.50084	0.117118	
5.50085	0.117118	
5.50085	0.117118	
5.50085	0.117118	
5.50085	0.117118	
5.50086	0.117118	
5.50086	0.117118	
5.50086	0.117118	
5.50086	0.117118	
5.50087	0.117118	
5.50087	0.117118	
5.50087	0.117118	
5.50087	0.117118	
5.50087	0.117118	
5.50088	0.117118	
5.50088	0.117118	
5.50088	0.117118	
5.50088	0.117118	
5.50089	0.117118	
5.50089	0.117118	
5.50089	0.117118	
5.50089	0.117118	
5.5009	0.117118	
5.5009	0.117118	
5.5009	0.117118	
5.5009	0.117118	
5.50091	0.117118	
5.50091	0.117118	
5.50091	0.117118	
5.50091	0.117118	
5.50091	0.117118	
5.50092	0.117118	
5.50092	0.117118	
5.50092	0.117118	
5.50092	0.117118	
5.50093	0.117118	
5.50093	0.117118	
5.50093	0.117118	
5.50093	0.117118	
5.50093	0.117118	
5.50094	0.117118	
5.50094	0.117118	
5.50094	0.117118	
5.50094	0.117118	
5.50094	0.117118	
5.50095	0.117118	
5.50095	0.117118	
5.50095	0.117118	
5.50095	0.117118	
5.50096	0.117118	
5.50096	0.117118	
5.50096	0.117118	
5.50096	0.117118	
5.50096	0.117118	
5.50097	0.117118	
5.50097	0.117118	
5.50097	0.117118	
5.50097	0.117118	
5.50098	0.117118	
5.50098	0.117118	
5.50098	0.117118	
5.50098	0.117118	
5.50098	0.117118	
5.50099	0.117118	
5.50099	0.117118	
5.50099	0.117118	
5.50099	0.117118	
5.50099	0.117118	
5.501	0.117118	
5.501	0.117118	
5.501	0.117118	
5.501	0.117118	
5.501	0.117118	
5.50101	0.117118	
5.50101	0.117118	
5.50101	0.117118	
5.50101	0.117118	
5.50102	0.117118	
5.50102	0.117118	
5.50102	0.117118	
5.50102	0.117118	
5.50102	0.117118	
5.50103	0.117118	
5.50103	0.117118	
5.50103	0.117118	
5.50103	0.117118	
5.50103	0.117118	
5.50104	0.117118	
5.50104	0.117118	
5.50104	0.117118	
5.50104	0.117118	
5.50104	0.117118	
5.50105	0.117118	
5.50105	0.117118	
5.50105	0.117118	
5.50105	0.117118	
5.50106	0.117118	
5.50106	0.117118	
5.50106	0.117118	
5.50106	0.117118	
5.50106	0.117118	
5.50107	0.117118	
5.50107	0.117118	
5.50107	0.117118	
5.50107	0.117118	
5.50107	0.117118	
5.50108	0.117118	
5.50108	0.117118	
5.50108	0.117118	
5.50108	0.117118	
5.50108	0.117118	
5.50109	0.117118	
5.50109	0.117118	
5.50109	0.117118	
5.50109	0.117118	
5.50109	0.117118	
5.5011	0.117118	
5.5011	0.117118	
5.5011	0.117118	
5.5011	0.117118	
5.50111	0.117118	
5.50111	0.117118	
5.50111	0.117118	
5.50111	0.117118	
5.50111	0.117118	
5.50112	0.117118	
5.50112	0.117118	
5.50112	0.117118	
5.50112	0.117118	
5.50112	0.117118	
5.50113	0.117118	
5.50113	0.117118	
5.50113	0.117118	
5.50113	0.117118	
5.50113	0.117118	
5.50114	0.117118	
5.50114	0.117118	
5.50114	0.117118	
5.50114	0.117118	
5.50115	0.117118	
5.50115	0.117118	
5.50115	0.117118	
5.50115	0.117118	
5.50115	0.117118	
5.50116	0.117118	
5.50116	0.117118	
5.50116	0.117118	
5.50116	0.117118	
5.50116	0.117118	
5.50117	0.117118	
5.50117	0.117118	
5.50117	0.117118	
5.50117	0.117118	
5.50118	0.117118	
5.50118	0.117118	
5.50118	0.117118	
5.50118	0.117118	
5.50118	0.117118	
5.50119	0.117118	
5.50119	0.117118	
5.50119	0.117118	
5.50119	0.117118	
5.50119	0.117118	
5.5012	0.117118	
5.5012	0.117118	
5.5012	0.117118	
5.5012	0.117118	
5.50121	0.117118	
5.50121	0.117118	
5.50121	0.117118	
5.50121	0.117118	
5.50121	0.117118	
5.50122	0.117118	
5.50122	0.117118	
5.50122	0.117118	
5.50122	0.117118	
5.50123	0.117118	
5.50123	0.117118	
5.50123	0.117118	
5.50123	0.117118	
5.50123	0.117118	
5.50124	0.117118	
5.50124	0.117118	
5.50124	0.117118	
5.50124	0.117118	
5.50124	0.117118	
5.50125	0.117118	
5.50125	0.117118	
5.50125	0.117118	
5.50125	0.117118	
5.50126	0.117118	
5.50126	0.117118	
5.50126	0.117118	
5.50126	0.117118	
5.50126	0.117118	
5.50127	0.117118	
5.50127	0.117118	
5.50127	0.117118	
5.50127	0.117118	
5.50127	0.117118	
5.50128	0.117118	
5.50128	0.117118	
5.50128	0.117118	
5.50128	0.117118	
5.50129	0.117118	
5.50129	0.117118	
5.50129	0.117118	
5.50129	0.117118	
5.50129	0.117118	
5.5013	0.117118	
5.5013	0.117118	
5.5013	0.117118	
5.5013	0.117118	
5.5013	0.117118	
5.50131	0.117118	
5.50131	0.117118	
5.50131	0.117118	
5.50131	0.117118	
5.50131	0.117118	
5.50132	0.117118	
5.50132	0.117118	
5.50132	0.117118	
5.50132	0.117118	
5.50132	0.117118	
5.50133	0.117118	
5.50133	0.117118	
5.50133	0.117118	
5.50133	0.117118	
5.50133	0.117118	
5.50134	0.117118	
5.50134	0.117118	
5.50134	0.117118	
5.50134	0.117118	
5.50134	0.117118	
5.50134	0.117118	
5.50135	0.117118	
5.50135	0.117118	
5.50135	0.117118	
5.50135	0.117118	
5.50135	0.117118	
5.50136	0.117118	
5.50136	0.117118	
5.50136	0.117118	
5.50136	0.117118	
5.50136	0.117118	
5.50137	0.117118	
5.50137	0.117118	
5.50137	0.117118	
5.50137	0.117118	
5.50137	0.117118	
5.50137	0.117118	
5.50138	0.117118	
5.50138	0.117118	
5.50138	0.117118	
5.50138	0.117118	
5.50138	0.117118	
5.50139	0.117118	
5.50139	0.117118	
5.50139	0.117118	
5.50139	0.117118	
5.50139	0.117118	
5.50139	0.117118	
5.5014	0.117118	
5.5014	0.117118	
5.5014	0.117118	
5.5014	0.117118	
5.5014	0.117118	
5.50141	0.117118	
5.50141	0.117118	
5.50141	0.117118	
5.50141	0.117118	
5.50141	0.117118	
5.50141	0.117118	
5.50142	0.117118	
5.50142	0.117118	
5.50142	0.117118	
5.50142	0.117118	
5.50142	0.117118	
5.50142	0.117118	
5.50143	0.117118	
5.50143	0.117118	
5.50143	0.117118	
5.50143	0.117118	
5.50143	0.117118	
5.50143	0.117118	
5.50144	0.117118	
5.50144	0.117118	
5.50144	0.117118	
5.50144	0.117118	
5.50144	0.117118	
5.50144	0.117118	
5.50145	0.117118	
5.50145	0.117118	
5.50145	0.117118	
5.50145	0.117118	
5.50145	0.117118	
5.50145	0.117118	
5.50145	0.117118	
5.50146	0.117118	
5.50146	0.117118	
5.50146	0.117118	
5.50146	0.117118	
5.50146	0.117118	
5.50146	0.117118	
5.50146	0.117118	
5.50147	0.117118	
5.50147	0.117118	
5.50147	0.117118	
5.50147	0.117118	
5.50147	0.117118	
5.50147	0.117118	
5.50147	0.117118	
5.50148	0.117118	
5.50148	0.117118	
5.50148	0.117118	
5.50148	0.117118	
5.50148	0.117118	
5.50148	0.117118	
5.50148	0.117118	
5.50148	0.117118	
