10	0	1	
10	0	1	
10	1.51483e-14	1	
10	3.48558e-13	1	
10	4.32608e-12	1	
10	1.52712e-11	1	
10	4.06235e-11	1	
10	9.0123e-11	1	
10	1.78378e-10	1	
10	3.29661e-10	1	
10	5.69916e-10	1	
10	9.1663e-10	1	
10	1.42094e-09	1	
10	2.11981e-09	1	
10	3.04927e-09	1	
10	4.29642e-09	1	
10	5.91432e-09	1	
10	7.97203e-09	1	
10	1.055e-08	1	
10	1.36852e-08	1	
10	1.75342e-08	1	
10	2.22747e-08	1	
10	2.80558e-08	1	
10	3.51665e-08	1	
10	4.36246e-08	1	
10	5.39194e-08	1	
10	6.62082e-08	1	
10	8.09356e-08	1	
10	9.83507e-08	1	
10	1.19054e-07	1	
10	1.43165e-07	1	
10	1.71296e-07	1	
10	2.03857e-07	1	
10	2.41256e-07	1	
10	2.84112e-07	1	
10	3.32573e-07	1	
10	3.87437e-07	1	
10	4.48922e-07	1	
10	5.17428e-07	1	
10	5.93524e-07	1	
10	6.77786e-07	1	
10	7.71051e-07	1	
10	8.73679e-07	1	
10	9.85925e-07	1	
10	1.10919e-06	1	
10	1.24304e-06	1	
10	1.38984e-06	1	
10	1.54972e-06	1	
10	1.72435e-06	1	
10	1.91456e-06	1	
10	2.12047e-06	1	
10	2.34378e-06	1	
10	2.5853e-06	1	
10	2.84465e-06	1	
10	3.12518e-06	1	
10	3.42603e-06	1	
10	3.74875e-06	1	
10	4.09342e-06	1	
10	4.45991e-06	1	
10	4.84774e-06	1	
10	5.26095e-06	1	
10	5.69605e-06	1	
10	6.1556e-06	1	
10	6.6408e-06	1	
10	7.15199e-06	1	
10	7.6881e-06	1	
10	8.2522e-06	1	
10	8.84496e-06	1	
10	9.46518e-06	1	
10	1.0114e-05	1	
10	1.07933e-05	1	
10	1.15039e-05	1	
10	1.22473e-05	1	
10	1.30236e-05	1	
10	1.38317e-05	1	
10	1.4673e-05	1	
10	1.55504e-05	1	
10	1.64607e-05	1	
10	1.74064e-05	1	
10	1.83803e-05	1	
10	1.93864e-05	1	
10	2.04278e-05	1	
10	2.15019e-05	1	
10	2.26087e-05	1	
10	2.37449e-05	1	
10	2.49167e-05	1	
10	2.61268e-05	1	
10	2.73704e-05	1	
10	2.86482e-05	1	
10	2.99563e-05	1	
10	3.12953e-05	1	
10	3.26691e-05	1	
10	3.40645e-05	1	
10	3.54871e-05	1	
10	3.69314e-05	1	
10	3.83979e-05	1	
10	3.98946e-05	1	
10	4.14156e-05	1	
10	4.29652e-05	1	
10	4.45349e-05	1	
10	4.61245e-05	1	
10	4.77418e-05	1	
10	4.93684e-05	1	
10	5.10158e-05	1	
10	5.26769e-05	1	
10	5.43511e-05	1	
10	5.60473e-05	1	
10	5.77475e-05	1	
10	5.94504e-05	1	
10	6.11688e-05	1	
10	6.28913e-05	1	
10	6.46281e-05	1	
10	6.63677e-05	1	
10	6.8107e-05	1	
10	6.98267e-05	1	
10	7.15194e-05	1	
10	7.31893e-05	1	
10	7.48206e-05	1	
10	7.6421e-05	1	
10	7.79791e-05	1	
10	7.95041e-05	1	
10	8.09995e-05	1	
10	8.24681e-05	1	
10	8.39081e-05	1	
10	8.5293e-05	1	
10	8.6646e-05	1	
10	8.79627e-05	1	
10	8.9229e-05	1	
10	9.04463e-05	1	
10	9.16061e-05	1	
10	9.2712e-05	1	
10	9.37632e-05	1	
10	9.47489e-05	1	
10	9.5685e-05	1	
10	9.65406e-05	1	
10	9.73208e-05	1	
10	9.80303e-05	1	
10	9.86553e-05	1	
10	9.92035e-05	1	
10	9.96597e-05	1	
10	0.000100011	1	
10	0.000100259	1	
10	0.000100359	1	
10	0.000100323	1	
10	0.000100145	1	
10	9.97856e-05	1	
10	9.92129e-05	1	
10	9.84425e-05	1	
10	9.74291e-05	1	
10	9.61976e-05	1	
10	9.47572e-05	1	
10	9.30286e-05	1	
10	9.10339e-05	1	
10	8.87408e-05	1	
10	8.61091e-05	1	
10	8.31546e-05	1	
10	7.97759e-05	1	
10	7.59432e-05	1	
10	7.16592e-05	1	
10	6.68693e-05	1	
10	6.15697e-05	1	
10	5.56756e-05	1	
10	4.91181e-05	1	
10	4.18853e-05	1	
10	3.39284e-05	1	
10	2.52227e-05	1	
10	1.56909e-05	1	
10	5.27093e-06	1	
10	-6.01064e-06	1	
10	-1.81963e-05	1	
10	-3.128e-05	1	
10	-4.53223e-05	1	
10	-6.03409e-05	1	
10	-7.63398e-05	1	
10	-9.33498e-05	1	
10	-0.000111396	1	
10	-0.000130398	1	
10	-0.000150307	1	
10	-0.000171105	1	
10	-0.000192797	1	
10	-0.00021539	1	
10	-0.000238902	1	
10	-0.000263407	1	
10	-0.000289015	1	
10	-0.00031587	1	
10	-0.000344029	1	
10	-0.000373652	1	
10	-0.000404847	1	
10	-0.00043778	1	
10	-0.000472558	1	
10	-0.000509381	1	
10	-0.000548344	1	
10	-0.000589559	1	
10	-0.000633138	1	
10	-0.000679207	1	
10	-0.000727913	1	
9.99999	-0.00077933	1	
9.99999	-0.000833506	1	
9.99999	-0.000890516	1	
9.99999	-0.000950567	1	
9.99999	-0.00101378	1	
9.99998	-0.0010802	1	
9.99998	-0.00114988	1	
9.99998	-0.00122294	1	
9.99998	-0.00129947	1	
9.99997	-0.00137972	1	
9.99997	-0.00146396	1	
9.99997	-0.00155235	1	
9.99997	-0.00164532	1	
9.99996	-0.0017435	1	
9.99996	-0.00184719	1	
9.99995	-0.00195667	1	
9.99995	-0.00207195	1	
9.99995	-0.00219332	1	
9.99994	-0.00232116	1	
9.99994	-0.00245559	1	
9.99993	-0.0025964	1	
9.99993	-0.00274362	1	
9.99992	-0.00289729	1	
9.99991	-0.00305808	1	
9.99991	-0.00322662	1	
9.9999	-0.00340328	1	
9.99989	-0.00358801	1	
9.99989	-0.0037807	1	
9.99988	-0.00398169	1	
9.99987	-0.00419134	1	
9.99986	-0.00440974	1	
9.99985	-0.00463707	1	
9.99984	-0.00487377	1	
9.99983	-0.0051199	1	
9.99982	-0.00537577	1	
9.99981	-0.00564186	1	
9.9998	-0.00591825	1	
9.99978	-0.00620502	1	
9.99977	-0.00650247	1	
9.99976	-0.00681046	1	
9.99974	-0.00712926	1	
9.99973	-0.00745901	1	
9.99971	-0.00779989	1	
9.9997	-0.00815269	1	
9.99968	-0.0085171	1	
9.99966	-0.00889314	1	
9.99964	-0.00928092	1	
9.99962	-0.00968074	1	
9.9996	-0.0100926	1	
9.99958	-0.0105161	1	
9.99956	-0.0109514	1	
9.99954	-0.0113985	1	
9.99951	-0.0118582	1	
9.99949	-0.0123307	1	
9.99946	-0.0128166	1	
9.99944	-0.0133167	1	
9.99941	-0.0138317	1	
9.99938	-0.0143624	1	
9.99935	-0.0149098	1	
9.99932	-0.0154747	1	
9.99929	-0.0160584	1	
9.99926	-0.0166614	1	
9.99922	-0.0172851	1	
9.99918	-0.0179309	1	
9.99915	-0.0185998	1	
9.99911	-0.0192924	1	
9.99907	-0.0200092	1	
9.99903	-0.0207506	1	
9.99898	-0.021517	1	
9.99894	-0.0223087	1	
9.99889	-0.0231259	1	
9.99885	-0.0239689	1	
9.9988	-0.0248371	1	
9.99874	-0.0257302	1	
9.99869	-0.0266478	1	
9.99864	-0.0275901	1	
9.99858	-0.0285575	1	
9.99852	-0.0295496	1	
9.99846	-0.0305667	1	
9.9984	-0.0316095	1	
9.99833	-0.032677	1	
9.99826	-0.0337693	1	
9.99819	-0.0348867	1	
9.99812	-0.0360305	1	
9.99805	-0.037201	1	
9.99797	-0.0383982	1	
9.99789	-0.0396233	1	
9.99781	-0.0408756	1	
9.99772	-0.0421544	1	
9.99764	-0.0434607	1	
9.99755	-0.0447939	1	
9.99746	-0.0461543	1	
9.99736	-0.0475439	1	
9.99726	-0.0489627	1	
9.99716	-0.0504118	1	
9.99706	-0.0518919	1	
9.99695	-0.0534028	1	
9.99684	-0.0549453	1	
9.99673	-0.0565197	1	
9.99661	-0.0581265	1	
9.99649	-0.0597665	1	
9.99637	-0.0614395	1	
9.99624	-0.0631472	1	
9.99611	-0.0648897	1	
9.99598	-0.0666673	1	
9.99584	-0.0684805	1	
9.9957	-0.0703306	1	
9.99556	-0.0722179	1	
9.99541	-0.0741433	1	
9.99526	-0.0761073	1	
9.9951	-0.0781095	1	
9.99494	-0.080151	1	
9.99478	-0.0822317	1	
9.99461	-0.0843529	1	
9.99443	-0.0865146	1	
9.99426	-0.0887184	1	
9.99408	-0.0909639	1	
9.99389	-0.0932532	1	
9.9937	-0.0955872	1	
9.9935	-0.0979664	1	
9.9933	-0.100391	1	
9.9931	-0.102861	1	
9.99288	-0.105376	1	
9.99267	-0.107935	1	
9.99245	-0.110537	1	
9.99222	-0.113184	1	
9.99199	-0.115875	1	
9.99175	-0.118612	1	
9.99151	-0.121394	1	
9.99126	-0.124221	1	
9.99101	-0.127094	1	
9.99075	-0.130015	1	
9.99048	-0.132984	1	
9.99021	-0.136004	1	
9.98993	-0.139075	1	
9.98965	-0.142201	1	
9.98936	-0.145381	1	
9.98906	-0.148618	1	
9.98875	-0.151912	1	
9.98844	-0.155265	1	
9.98813	-0.158681	1	
9.9878	-0.162163	1	
9.98747	-0.165714	1	
9.98713	-0.169335	1	
9.98679	-0.173029	1	
9.98643	-0.176794	1	
9.98607	-0.180631	1	
9.9857	-0.184542	1	
9.98532	-0.188527	1	
9.98494	-0.192589	1	
9.98455	-0.196728	1	
9.98414	-0.200948	1	
9.98373	-0.20525	1	
9.98331	-0.20964	1	
9.98289	-0.214121	1	
9.98245	-0.218696	1	
9.982	-0.223367	1	
9.98155	-0.228137	1	
9.98108	-0.233009	1	
9.9806	-0.237985	1	
9.98012	-0.243063	1	
9.97962	-0.248242	1	
9.97911	-0.25352	1	
9.9786	-0.258896	1	
9.97807	-0.26437	1	
9.97753	-0.269944	1	
9.97698	-0.275622	1	
9.97641	-0.281404	1	
9.97584	-0.287293	1	
9.97525	-0.293288	1	
9.97465	-0.299388	1	
9.97404	-0.305595	1	
9.97342	-0.311911	1	
9.97278	-0.318336	1	
9.97213	-0.324872	1	
9.97147	-0.331518	1	
9.97079	-0.338274	1	
9.9701	-0.34514	1	
9.9694	-0.352119	1	
9.96868	-0.359215	1	
9.96795	-0.366431	1	
9.9672	-0.373769	1	
9.96644	-0.381232	1	
9.96566	-0.388819	1	
9.96487	-0.396535	1	
9.96406	-0.404381	1	
9.96323	-0.412359	1	
9.96239	-0.42047	1	
9.96153	-0.428713	1	
9.96066	-0.437091	1	
9.95977	-0.445601	1	
9.95886	-0.454242	1	
9.95793	-0.463015	1	
9.95699	-0.47192	1	
9.95603	-0.480956	1	
9.95505	-0.490131	1	
9.95405	-0.499448	1	
9.95303	-0.508913	1	
9.95199	-0.518526	1	
9.95094	-0.528286	1	
9.94986	-0.538197	1	
9.94877	-0.54826	1	
9.94765	-0.558479	1	
9.94651	-0.568857	1	
9.94535	-0.579399	1	
9.94417	-0.590103	1	
9.94297	-0.600971	1	
9.94175	-0.612001	1	
9.9405	-0.623197	1	
9.93923	-0.634564	1	
9.93794	-0.646103	1	
9.93662	-0.657819	1	
9.93528	-0.66971	1	
9.93392	-0.681775	1	
9.93253	-0.694014	1	
9.93112	-0.706431	1	
9.92968	-0.719029	1	
9.92822	-0.731808	1	
9.92673	-0.744768	1	
9.92521	-0.757908	1	
9.92367	-0.771229	1	
9.9221	-0.784734	1	
9.9205	-0.798427	1	
9.91888	-0.812319	1	
9.91723	-0.826411	1	
9.91554	-0.840708	1	
9.91383	-0.855211	1	
9.91209	-0.869925	1	
9.91032	-0.884855	1	
9.90852	-0.900005	1	
9.90669	-0.91538	1	
9.90483	-0.930987	1	
9.90294	-0.946839	1	
9.90101	-0.962946	1	
9.89905	-0.979315	1	
9.89706	-0.995947	1	
9.89504	-1.01285	1	
9.89298	-1.03002	1	
9.89088	-1.04747	1	
9.88875	-1.0652	1	
9.88658	-1.08321	1	
9.88438	-1.1015	1	
9.88214	-1.12007	1	
9.87986	-1.13892	1	
9.87755	-1.15808	1	
9.87519	-1.17752	1	
9.8728	-1.19725	1	
9.87036	-1.21727	1	
9.86789	-1.23756	1	
9.86537	-1.25813	1	
9.86281	-1.27896	1	
9.86021	-1.30005	1	
9.85757	-1.32138	1	
9.85488	-1.34294	1	
9.85215	-1.36473	1	
9.84938	-1.38673	1	
9.84656	-1.40894	1	
9.8437	-1.43133	1	
9.84079	-1.45391	1	
9.83784	-1.47665	1	
9.83484	-1.49955	1	
9.8318	-1.5226	1	
9.8287	-1.54578	1	
9.82557	-1.5691	1	
9.82238	-1.59254	1	
9.81915	-1.61612	1	
9.81587	-1.63983	1	
9.81254	-1.66368	1	
9.80917	-1.68768	1	
9.80574	-1.71182	1	
9.80227	-1.7361	1	
9.79875	-1.76052	1	
9.79518	-1.78511	1	
9.79156	-1.80988	1	
9.78789	-1.83487	1	
9.78417	-1.86011	1	
9.7804	-1.88562	1	
9.77658	-1.91144	1	
9.7727	-1.93757	1	
9.76877	-1.96403	1	
9.76479	-1.99084	1	
9.76075	-2.01802	1	
9.75666	-2.04558	1	
9.75252	-2.07356	1	
9.74831	-2.10198	1	
9.74405	-2.13084	1	
9.73973	-2.16014	1	
9.73535	-2.18987	1	
9.73091	-2.22002	1	
9.72641	-2.25056	1	
9.72185	-2.28147	1	
9.71722	-2.31274	1	
9.71253	-2.34436	1	
9.70778	-2.37632	1	
9.70296	-2.4086	1	
9.69808	-2.44119	1	
9.69313	-2.47405	1	
9.68812	-2.50717	1	
9.68304	-2.54053	1	
9.67789	-2.57412	1	
9.67267	-2.60795	1	
9.66739	-2.64204	1	
9.66203	-2.6764	1	
9.65661	-2.71105	1	
9.65112	-2.74599	1	
9.64556	-2.78122	1	
9.63993	-2.81673	1	
9.63422	-2.85254	1	
9.62844	-2.88867	1	
9.62259	-2.92515	1	
9.61667	-2.962	1	
9.61067	-2.99921	1	
9.6046	-3.03679	1	
9.59845	-3.07473	1	
9.59222	-3.113	1	
9.58592	-3.15159	1	
9.57954	-3.19049	1	
9.57308	-3.22969	1	
9.56654	-3.26919	1	
9.55992	-3.309	1	
9.55322	-3.3491	1	
9.54644	-3.38948	1	
9.53958	-3.43016	1	
9.53264	-3.47113	1	
9.52562	-3.5124	1	
9.51851	-3.55398	1	
9.51132	-3.59588	1	
9.50404	-3.63813	1	
9.49668	-3.68076	1	
9.48923	-3.72378	1	
9.4817	-3.76723	1	
9.47407	-3.81114	1	
9.46636	-3.85553	1	
9.45856	-3.90043	1	
9.45067	-3.94585	1	
9.44269	-3.99177	1	
9.43461	-4.03818	1	
9.42644	-4.08502	1	
9.41818	-4.13227	1	
9.40982	-4.1799	1	
9.40136	-4.22785	1	
9.39281	-4.27608	1	
9.38416	-4.32455	1	
9.37541	-4.37321	1	
9.36657	-4.42205	1	
9.35763	-4.47102	1	
9.34859	-4.52012	1	
9.33945	-4.56934	1	
9.33021	-4.61869	1	
9.32088	-4.66819	1	
9.31144	-4.71786	1	
9.3019	-4.7677	1	
9.29227	-4.81777	1	
9.28253	-4.86809	1	
9.27269	-4.91869	1	
9.26276	-4.96959	1	
9.25271	-5.02078	1	
9.24257	-5.07225	1	
9.23232	-5.12398	1	
9.22197	-5.17598	1	
9.21151	-5.22823	1	
9.20095	-5.28073	1	
9.19028	-5.33349	1	
9.17951	-5.38652	1	
9.16863	-5.43983	1	
9.15765	-5.49342	1	
9.14655	-5.54734	1	
9.13535	-5.6016	1	
9.12403	-5.65624	1	
9.11261	-5.71129	1	
9.10108	-5.76681	1	
9.08943	-5.82281	1	
9.07767	-5.87927	1	
9.0658	-5.93618	1	
9.05381	-5.9935	1	
9.04171	-6.05118	1	
9.02949	-6.1092	1	
9.01716	-6.16749	1	
9.00471	-6.22602	1	
8.99214	-6.28478	1	
8.97945	-6.34371	1	
8.96664	-6.40282	1	
8.95372	-6.46212	1	
8.94068	-6.52159	1	
8.92751	-6.58126	1	
8.91423	-6.64111	1	
8.90083	-6.70115	1	
8.88731	-6.76141	1	
8.87366	-6.82189	1	
8.8599	-6.88259	1	
8.84601	-6.94348	1	
8.832	-7.00451	1	
8.81787	-7.06565	1	
8.80362	-7.12683	1	
8.78924	-7.18802	1	
8.77474	-7.2492	1	
8.76012	-7.31035	1	
8.74538	-7.37151	1	
8.73051	-7.43271	1	
8.71553	-7.49399	1	
8.70041	-7.55538	1	
8.68518	-7.61687	1	
8.66982	-7.67848	1	
8.65434	-7.74016	1	
8.63874	-7.80189	1	
8.62301	-7.86362	1	
8.60716	-7.92532	1	
8.59119	-7.98694	1	
8.57509	-8.04846	1	
8.55887	-8.10986	1	
8.54253	-8.17112	1	
8.52606	-8.23226	1	
8.50948	-8.29332	1	
8.49277	-8.35434	1	
8.47594	-8.41534	1	
8.45899	-8.47636	1	
8.44191	-8.53744	1	
8.42471	-8.5986	1	
8.40739	-8.65982	1	
8.38995	-8.72106	1	
8.37239	-8.78226	1	
8.3547	-8.84339	1	
8.33689	-8.90442	1	
8.31896	-8.96539	1	
8.30091	-9.02631	1	
8.28273	-9.08722	1	
8.26444	-9.1482	1	
8.24602	-9.20927	1	
8.22748	-9.27048	1	
8.20881	-9.33182	1	
8.19003	-9.39326	1	
8.17112	-9.45475	1	
8.15209	-9.51619	1	
8.13293	-9.57746	1	
8.11366	-9.63845	1	
8.09426	-9.69904	1	
8.07474	-9.75911	1	
8.0551	-9.81861	1	
8.03535	-9.87756	1	
8.01547	-9.93601	1	
7.99549	-9.99405	1	
7.97538	-10.0518	1	
7.95516	-10.1091	1	
7.93483	-10.1662	1	
7.91439	-10.2229	1	
7.89383	-10.2792	1	
7.87316	-10.3349	1	
7.85238	-10.3902	1	
7.83149	-10.4449	1	
7.81049	-10.4992	1	
7.78938	-10.553	1	
7.76817	-10.6065	1	
7.74685	-10.6596	1	
7.72543	-10.7126	1	
7.70389	-10.7655	1	
7.68226	-10.8183	1	
7.66052	-10.8711	1	
7.63867	-10.9238	1	
7.61672	-10.9761	1	
7.59466	-11.0281	1	
7.5725	-11.0794	1	
7.55024	-11.1302	1	
7.52788	-11.1804	1	
7.50542	-11.2301	1	
7.48286	-11.2793	1	
7.4602	-11.3281	1	
7.43745	-11.3767	1	
7.4146	-11.425	1	
7.39165	-11.4731	1	
7.36861	-11.5208	1	
7.34548	-11.5682	1	
7.32225	-11.6151	1	
7.29892	-11.6614	1	
7.27551	-11.707	1	
7.25201	-11.7518	1	
7.22841	-11.796	1	
7.20474	-11.8396	1	
7.18097	-11.8826	1	
7.15712	-11.9253	1	
7.13318	-11.9674	1	
7.10917	-12.009	1	
7.08507	-12.0499	1	
7.06089	-12.09	1	
7.03663	-12.1293	1	
7.01229	-12.1676	1	
6.98788	-12.205	1	
6.9634	-12.2415	1	
6.93885	-12.2772	1	
6.91422	-12.3123	1	
6.88953	-12.3468	1	
6.86477	-12.3808	1	
6.83994	-12.4143	1	
6.81504	-12.4472	1	
6.79008	-12.4796	1	
6.76506	-12.5112	1	
6.73998	-12.542	1	
6.71483	-12.572	1	
6.68963	-12.6012	1	
6.66437	-12.6296	1	
6.63906	-12.6574	1	
6.61369	-12.6846	1	
6.58827	-12.7113	1	
6.56279	-12.7373	1	
6.53727	-12.7626	1	
6.51169	-12.7871	1	
6.48607	-12.8107	1	
6.4604	-12.8332	1	
6.43469	-12.8547	1	
6.40894	-12.8752	1	
6.38315	-12.8949	1	
6.35733	-12.9137	1	
6.33146	-12.932	1	
6.30556	-12.9496	1	
6.27963	-12.9666	1	
6.25366	-12.983	1	
6.22767	-12.9985	1	
6.20164	-13.0132	1	
6.17559	-13.0268	1	
6.14951	-13.0394	1	
6.12341	-13.0509	1	
6.09728	-13.0615	1	
6.07114	-13.0711	1	
6.04498	-13.08	1	
6.01881	-13.0881	1	
5.99261	-13.0954	1	
5.96641	-13.1019	1	
5.9402	-13.1075	1	
5.91397	-13.1121	1	
5.88774	-13.1156	1	
5.8615	-13.1181	1	
5.83526	-13.1196	1	
5.80902	-13.1202	1	
5.78278	-13.1199	1	
5.75655	-13.1189	1	
5.73031	-13.1171	1	
5.70408	-13.1145	1	
5.67786	-13.111	1	
5.65165	-13.1066	1	
5.62545	-13.1012	1	
5.59926	-13.0947	1	
5.57308	-13.087	1	
5.54693	-13.0783	1	
5.52079	-13.0686	1	
5.49467	-13.058	1	
5.46858	-13.0466	1	
5.44251	-13.0345	1	
5.41647	-13.0216	1	
5.39045	-13.0079	1	
5.36446	-12.9932	1	
5.33851	-12.9775	1	
5.31259	-12.9608	1	
5.2867	-12.9431	1	
5.26085	-12.9245	1	
5.23504	-12.905	1	
5.20927	-12.8847	1	
5.18355	-12.8638	1	
5.15786	-12.8421	1	
5.13222	-12.8198	1	
5.10663	-12.7965	1	
5.08108	-12.7724	1	
5.05559	-12.7473	1	
5.03015	-12.7212	1	
5.00476	-12.694	1	
4.97943	-12.6658	1	
4.95415	-12.6368	1	
4.92894	-12.6069	1	
4.90379	-12.5762	1	
4.8787	-12.5448	1	
4.85367	-12.5124	1	
4.82871	-12.4792	1	
4.80382	-12.445	1	
4.779	-12.4098	1	
4.75426	-12.3736	1	
4.72958	-12.3364	1	
4.70499	-12.2983	1	
4.68047	-12.2594	1	
4.65603	-12.2199	1	
4.63167	-12.1797	1	
4.60739	-12.1388	1	
4.5832	-12.0973	1	
4.55909	-12.0551	1	
4.53506	-12.0122	1	
4.51113	-11.9684	1	
4.48728	-11.9238	1	
4.46352	-11.8783	1	
4.43986	-11.8321	1	
4.41629	-11.7852	1	
4.39281	-11.7376	1	
4.36943	-11.6895	1	
4.34615	-11.6407	1	
4.32297	-11.5914	1	
4.29989	-11.5414	1	
4.27691	-11.4906	1	
4.25403	-11.4391	1	
4.23125	-11.3868	1	
4.20859	-11.3337	1	
4.18603	-11.2799	1	
4.16358	-11.2253	1	
4.14123	-11.1702	1	
4.11901	-11.1145	1	
4.09689	-11.0583	1	
4.07489	-11.0016	1	
4.053	-10.9444	1	
4.03122	-10.8866	1	
4.00957	-10.8281	1	
3.98803	-10.769	1	
3.96661	-10.7093	1	
3.94531	-10.649	1	
3.92414	-10.5881	1	
3.90308	-10.5267	1	
3.88215	-10.4648	1	
3.86135	-10.4026	1	
3.84067	-10.34	1	
3.82011	-10.277	1	
3.79969	-10.2137	1	
3.77939	-10.15	1	
3.75922	-10.0858	1	
3.73917	-10.0211	1	
3.71926	-9.95603	1	
3.69948	-9.89046	1	
3.67983	-9.82448	1	
3.66032	-9.75812	1	
3.64093	-9.69145	1	
3.62168	-9.62451	1	
3.60257	-9.5573	1	
3.58359	-9.48983	1	
3.56474	-9.42209	1	
3.54604	-9.35406	1	
3.52747	-9.2857	1	
3.50903	-9.21702	1	
3.49074	-9.148	1	
3.47258	-9.07866	1	
3.45456	-9.00902	1	
3.43668	-8.93912	1	
3.41894	-8.869	1	
3.40135	-8.79871	1	
3.38389	-8.72827	1	
3.36657	-8.65772	1	
3.3494	-8.58707	1	
3.33237	-8.51631	1	
3.31548	-8.44543	1	
3.29873	-8.37443	1	
3.28212	-8.30331	1	
3.26566	-8.23207	1	
3.24934	-8.16072	1	
3.23316	-8.08929	1	
3.21712	-8.01779	1	
3.20123	-7.94626	1	
3.18548	-7.87471	1	
3.16987	-7.80318	1	
3.15441	-7.73169	1	
3.13909	-7.66024	1	
3.12391	-7.58885	1	
3.10888	-7.51752	1	
3.09398	-7.44623	1	
3.07923	-7.37497	1	
3.06463	-7.30375	1	
3.05016	-7.23256	1	
3.03584	-7.16141	1	
3.02166	-7.09032	1	
3.00762	-7.01931	1	
2.99372	-6.9484	1	
2.97997	-6.8776	1	
2.96635	-6.80694	1	
2.95288	-6.73642	1	
2.93955	-6.66607	1	
2.92636	-6.59589	1	
2.91331	-6.52589	1	
2.90039	-6.45607	1	
2.88762	-6.38645	1	
2.87499	-6.31702	1	
2.86249	-6.2478	1	
2.85013	-6.17878	1	
2.83791	-6.10999	1	
2.82583	-6.04144	1	
2.81388	-5.97313	1	
2.80207	-5.90508	1	
2.7904	-5.83731	1	
2.77886	-5.76984	1	
2.76745	-5.70266	1	
2.75618	-5.6358	1	
2.74504	-5.56926	1	
2.73404	-5.50305	1	
2.72316	-5.43717	1	
2.71242	-5.37162	1	
2.70181	-5.30642	1	
2.69132	-5.24156	1	
2.68097	-5.17704	1	
2.67074	-5.11287	1	
2.66065	-5.04906	1	
2.65068	-4.98561	1	
2.64083	-4.92252	1	
2.63111	-4.85979	1	
2.62152	-4.79745	1	
2.61204	-4.73549	1	
2.6027	-4.67392	1	
2.59347	-4.61276	1	
2.58437	-4.552	1	
2.57538	-4.49166	1	
2.56652	-4.43174	1	
2.55778	-4.37225	1	
2.54915	-4.3132	1	
2.54064	-4.25459	1	
2.53225	-4.19643	1	
2.52397	-4.13873	1	
2.51581	-4.0815	1	
2.50776	-4.02473	1	
2.49982	-3.96844	1	
2.492	-3.91263	1	
2.48428	-3.85731	1	
2.47668	-3.80249	1	
2.46918	-3.74816	1	
2.46179	-3.69434	1	
2.45451	-3.64103	1	
2.44733	-3.58822	1	
2.44026	-3.53593	1	
2.43329	-3.48415	1	
2.42643	-3.43289	1	
2.41966	-3.38214	1	
2.413	-3.33192	1	
2.40643	-3.28221	1	
2.39997	-3.23302	1	
2.3936	-3.18435	1	
2.38733	-3.1362	1	
2.38115	-3.08856	1	
2.37507	-3.04145	1	
2.36908	-2.99484	1	
2.36318	-2.94876	1	
2.35737	-2.90319	1	
2.35166	-2.85815	1	
2.34603	-2.81362	1	
2.34049	-2.76961	1	
2.33504	-2.72613	1	
2.32967	-2.68316	1	
2.32439	-2.64072	1	
2.31919	-2.59879	1	
2.31408	-2.55738	1	
2.30905	-2.51648	1	
2.30409	-2.4761	1	
2.29922	-2.43624	1	
2.29443	-2.39688	1	
2.28971	-2.35803	1	
2.28507	-2.31967	1	
2.28051	-2.28182	1	
2.27602	-2.24446	1	
2.2716	-2.20758	1	
2.26726	-2.17118	1	
2.26299	-2.13524	1	
2.25879	-2.09978	1	
2.25466	-2.06478	1	
2.2506	-2.03023	1	
2.24661	-1.99615	1	
2.24268	-1.96252	1	
2.23883	-1.92936	1	
2.23503	-1.89665	1	
2.2313	-1.8644	1	
2.22764	-1.83262	1	
2.22404	-1.80129	1	
2.22049	-1.77043	1	
2.21701	-1.74002	1	
2.21359	-1.71006	1	
2.21023	-1.68056	1	
2.20693	-1.6515	1	
2.20368	-1.62289	1	
2.20049	-1.59471	1	
2.19736	-1.56695	1	
2.19428	-1.53961	1	
2.19126	-1.51267	1	
2.18828	-1.48612	1	
2.18536	-1.45996	1	
2.1825	-1.43417	1	
2.17968	-1.40874	1	
2.17691	-1.38366	1	
2.17419	-1.35893	1	
2.17152	-1.33455	1	
2.1689	-1.3105	1	
2.16633	-1.28678	1	
2.1638	-1.26339	1	
2.16132	-1.24034	1	
2.15889	-1.21762	1	
2.1565	-1.19523	1	
2.15415	-1.17318	1	
2.15185	-1.15147	1	
2.14959	-1.13011	1	
2.14737	-1.1091	1	
2.14519	-1.08845	1	
2.14306	-1.06814	1	
2.14096	-1.04819	1	
2.1389	-1.0286	1	
2.13688	-1.00936	1	
2.1349	-0.99047	1	
2.13296	-0.971931	1	
2.13105	-0.953737	1	
2.12918	-0.935884	1	
2.12734	-0.918367	1	
2.12554	-0.90118	1	
2.12377	-0.884317	1	
2.12204	-0.867774	1	
2.12033	-0.851545	1	
2.11866	-0.835626	1	
2.11702	-0.820014	1	
2.11541	-0.804705	1	
2.11383	-0.789695	1	
2.11228	-0.77498	1	
2.11076	-0.760558	1	
2.10927	-0.746426	1	
2.1078	-0.732584	1	
2.10637	-0.719033	1	
2.10495	-0.705771	1	
2.10357	-0.692797	1	
2.10221	-0.680109	1	
2.10087	-0.667706	1	
2.09956	-0.655586	1	
2.09827	-0.643751	1	
2.09701	-0.632197	1	
2.09577	-0.620924	1	
2.09455	-0.609928	1	
2.09335	-0.599206	1	
2.09217	-0.588754	1	
2.09101	-0.578572	1	
2.08988	-0.568658	1	
2.08876	-0.55901	1	
2.08766	-0.549625	1	
2.08658	-0.540498	1	
2.08552	-0.531623	1	
2.08447	-0.522995	1	
2.08344	-0.514611	1	
2.08243	-0.506462	1	
2.08143	-0.498545	1	
2.08045	-0.490854	1	
2.07948	-0.483384	1	
2.07853	-0.476131	1	
2.07759	-0.469095	1	
2.07667	-0.46227	1	
2.07576	-0.455655	1	
2.07486	-0.449247	1	
2.07397	-0.443044	1	
2.0731	-0.437042	1	
2.07223	-0.43124	1	
2.07138	-0.425635	1	
2.07054	-0.420226	1	
2.06971	-0.41501	1	
2.06889	-0.409983	1	
2.06808	-0.405145	1	
2.06728	-0.400492	1	
2.06649	-0.396023	1	
2.06571	-0.391731	1	
2.06493	-0.387613	1	
2.06416	-0.383665	1	
2.0634	-0.37988	1	
2.06265	-0.376252	1	
2.06191	-0.372775	1	
2.06117	-0.369441	1	
2.06043	-0.366245	1	
2.05971	-0.363176	1	
2.05899	-0.360229	1	
2.05827	-0.357397	1	
2.05756	-0.354673	1	
2.05686	-0.352051	1	
2.05616	-0.349525	1	
2.05547	-0.347088	1	
2.05478	-0.344737	1	
2.05409	-0.342466	1	
2.05341	-0.340272	1	
2.05274	-0.338153	1	
2.05206	-0.336105	1	
2.05139	-0.334125	1	
2.05073	-0.332211	1	
2.05007	-0.33036	1	
2.04941	-0.328571	1	
2.04876	-0.326841	1	
2.04811	-0.325168	1	
2.04746	-0.323548	1	
2.04682	-0.321981	1	
2.04618	-0.320463	1	
2.04554	-0.318994	1	
2.0449	-0.317569	1	
2.04427	-0.316186	1	
2.04364	-0.314843	1	
2.04301	-0.313536	1	
2.04239	-0.312264	1	
2.04177	-0.311025	1	
2.04115	-0.309815	1	
2.04053	-0.308632	1	
2.03992	-0.307472	1	
2.0393	-0.306333	1	
2.03869	-0.305211	1	
2.03808	-0.304104	1	
2.03748	-0.303009	1	
2.03687	-0.301924	1	
2.03627	-0.300847	1	
2.03567	-0.299777	1	
2.03508	-0.298713	1	
2.03448	-0.297655	1	
2.03389	-0.2966	1	
2.0333	-0.295548	1	
2.03271	-0.294497	1	
2.03212	-0.293444	1	
2.03154	-0.29239	1	
2.03095	-0.291334	1	
2.03037	-0.290276	1	
2.02979	-0.289215	1	
2.02922	-0.288152	1	
2.02864	-0.287087	1	
2.02807	-0.286021	1	
2.0275	-0.284954	1	
2.02693	-0.283889	1	
2.02637	-0.282824	1	
2.0258	-0.281763	1	
2.02524	-0.280707	1	
2.02468	-0.279656	1	
2.02413	-0.278615	1	
2.02357	-0.277583	1	
2.02302	-0.276561	1	
2.02247	-0.27555	1	
2.02192	-0.274548	1	
2.02137	-0.273556	1	
2.02083	-0.272572	1	
2.02028	-0.271594	1	
2.01974	-0.270619	1	
2.0192	-0.269646	1	
2.01866	-0.268673	1	
2.01813	-0.267698	1	
2.0176	-0.266719	1	
2.01706	-0.265734	1	
2.01654	-0.264743	1	
2.01601	-0.263743	1	
2.01548	-0.262734	1	
2.01496	-0.261716	1	
2.01444	-0.260691	1	
2.01392	-0.259661	1	
2.0134	-0.258625	1	
2.01289	-0.257587	1	
2.01237	-0.256548	1	
2.01186	-0.25551	1	
2.01135	-0.254475	1	
2.01085	-0.253445	1	
2.01034	-0.252421	1	
2.00984	-0.251403	1	
2.00934	-0.250392	1	
2.00884	-0.249389	1	
2.00834	-0.248394	1	
2.00785	-0.247406	1	
2.00735	-0.246423	1	
2.00686	-0.245445	1	
2.00637	-0.24447	1	
2.00589	-0.243499	1	
2.0054	-0.242529	1	
2.00492	-0.241562	1	
2.00444	-0.240595	1	
2.00396	-0.239626	1	
2.00348	-0.238655	1	
2.00301	-0.237681	1	
2.00253	-0.236701	1	
2.00206	-0.235715	1	
2.00159	-0.234722	1	
2.00112	-0.233719	1	
2.00066	-0.232708	1	
2.0002	-0.231686	1	
1.99973	-0.230656	1	
1.99927	-0.229618	1	
1.99882	-0.228571	1	
1.99836	-0.227515	1	
1.99791	-0.226451	1	
1.99746	-0.22538	1	
1.99701	-0.2243	1	
1.99656	-0.223211	1	
1.99612	-0.222116	1	
1.99568	-0.221012	1	
1.99524	-0.219904	1	
1.9948	-0.218793	1	
1.99436	-0.217679	1	
1.99393	-0.216566	1	
1.9935	-0.215454	1	
1.99307	-0.214346	1	
1.99265	-0.213242	1	
1.99222	-0.212143	1	
1.9918	-0.211052	1	
1.99138	-0.20997	1	
1.99096	-0.208897	1	
1.99055	-0.207833	1	
1.99013	-0.206781	1	
1.98972	-0.205741	1	
1.98931	-0.204714	1	
1.9889	-0.203701	1	
1.9885	-0.202701	1	
1.9881	-0.201715	1	
1.98769	-0.200742	1	
1.98729	-0.199782	1	
1.9869	-0.198834	1	
1.9865	-0.197897	1	
1.98611	-0.196967	1	
1.98571	-0.196045	1	
1.98532	-0.195128	1	
1.98494	-0.194215	1	
1.98455	-0.193306	1	
1.98416	-0.192398	1	
1.98378	-0.191491	1	
1.9834	-0.190582	1	
1.98302	-0.189672	1	
1.98264	-0.188762	1	
1.98227	-0.18785	1	
1.98189	-0.186938	1	
1.98152	-0.186027	1	
1.98115	-0.185118	1	
1.98078	-0.184212	1	
1.98042	-0.183312	1	
1.98005	-0.18242	1	
1.97969	-0.181539	1	
1.97933	-0.18067	1	
1.97897	-0.179816	1	
1.97861	-0.178978	1	
1.97825	-0.178159	1	
1.9779	-0.177361	1	
1.97755	-0.176584	1	
1.97719	-0.17583	1	
1.97684	-0.175099	1	
1.97649	-0.174391	1	
1.97615	-0.173709	1	
1.9758	-0.173052	1	
1.97546	-0.172419	1	
1.97511	-0.171807	1	
1.97477	-0.171216	1	
1.97443	-0.170645	1	
1.97409	-0.170092	1	
1.97375	-0.169557	1	
1.97341	-0.169039	1	
1.97307	-0.168537	1	
1.97274	-0.168049	1	
1.9724	-0.167573	1	
1.97207	-0.167109	1	
1.97174	-0.166654	1	
1.9714	-0.166208	1	
1.97107	-0.165768	1	
1.97074	-0.165334	1	
1.97041	-0.164904	1	
1.97008	-0.164476	1	
1.96975	-0.164048	1	
1.96943	-0.16362	1	
1.9691	-0.163188	1	
1.96878	-0.162753	1	
1.96845	-0.162312	1	
1.96813	-0.161866	1	
1.9678	-0.161415	1	
1.96748	-0.160957	1	
1.96716	-0.160491	1	
1.96684	-0.160018	1	
1.96652	-0.159537	1	
1.9662	-0.159049	1	
1.96589	-0.158555	1	
1.96557	-0.158054	1	
1.96526	-0.157548	1	
1.96494	-0.157037	1	
1.96463	-0.156523	1	
1.96432	-0.156007	1	
1.96401	-0.15549	1	
1.9637	-0.154974	1	
1.96339	-0.15446	1	
1.96308	-0.153949	1	
1.96277	-0.153442	1	
1.96247	-0.15294	1	
1.96216	-0.152444	1	
1.96186	-0.151953	1	
1.96155	-0.151468	1	
1.96125	-0.150986	1	
1.96095	-0.150508	1	
1.96065	-0.150033	1	
1.96035	-0.149561	1	
1.96005	-0.14909	1	
1.95976	-0.148619	1	
1.95946	-0.148147	1	
1.95917	-0.147671	1	
1.95887	-0.147191	1	
1.95858	-0.146705	1	
1.95828	-0.146212	1	
1.95799	-0.145711	1	
1.9577	-0.1452	1	
1.95741	-0.144679	1	
1.95713	-0.144148	1	
1.95684	-0.143606	1	
1.95655	-0.143053	1	
1.95627	-0.142488	1	
1.95598	-0.141912	1	
1.9557	-0.141324	1	
1.95542	-0.140726	1	
1.95514	-0.140117	1	
1.95486	-0.139499	1	
1.95458	-0.13887	1	
1.95431	-0.138233	1	
1.95403	-0.137586	1	
1.95376	-0.13693	1	
1.95348	-0.136264	1	
1.95321	-0.135589	1	
1.95294	-0.134905	1	
1.95267	-0.134211	1	
1.95241	-0.133509	1	
1.95214	-0.132801	1	
1.95188	-0.132086	1	
1.95162	-0.131367	1	
1.95135	-0.130646	1	
1.95109	-0.129924	1	
1.95084	-0.129202	1	
1.95058	-0.128482	1	
1.95032	-0.127765	1	
1.95007	-0.127053	1	
1.94982	-0.126348	1	
1.94957	-0.125649	1	
1.94932	-0.124958	1	
1.94907	-0.124275	1	
1.94882	-0.123602	1	
1.94857	-0.122939	1	
1.94833	-0.122285	1	
1.94809	-0.12164	1	
1.94784	-0.121005	1	
1.9476	-0.120379	1	
1.94736	-0.119763	1	
1.94713	-0.119156	1	
1.94689	-0.118558	1	
1.94665	-0.117966	1	
1.94642	-0.117381	1	
1.94618	-0.116801	1	
1.94595	-0.116225	1	
1.94572	-0.115652	1	
1.94549	-0.115083	1	
1.94526	-0.114515	1	
1.94503	-0.113949	1	
1.94481	-0.113384	1	
1.94458	-0.112821	1	
1.94436	-0.112258	1	
1.94413	-0.111696	1	
1.94391	-0.111135	1	
1.94369	-0.110576	1	
1.94347	-0.110019	1	
1.94325	-0.109463	1	
1.94303	-0.10891	1	
1.94282	-0.108359	1	
1.9426	-0.107811	1	
1.94239	-0.107266	1	
1.94217	-0.106724	1	
1.94196	-0.106184	1	
1.94175	-0.105646	1	
1.94154	-0.10511	1	
1.94133	-0.104576	1	
1.94112	-0.104044	1	
1.94091	-0.103515	1	
1.94071	-0.102987	1	
1.9405	-0.102462	1	
1.9403	-0.10194	1	
1.9401	-0.10142	1	
1.93989	-0.100902	1	
1.93969	-0.100389	1	
1.93949	-0.0998811	1	
1.9393	-0.0993777	1	
1.9391	-0.0988781	1	
1.9389	-0.0983826	1	
1.9387	-0.0978917	1	
1.93851	-0.0974057	1	
1.93832	-0.0969235	1	
1.93812	-0.0964444	1	
1.93793	-0.0959675	1	
1.93774	-0.0954913	1	
1.93755	-0.095014	1	
1.93736	-0.0945345	1	
1.93717	-0.0940521	1	
1.93699	-0.0935657	1	
1.9368	-0.0930747	1	
1.93661	-0.0925778	1	
1.93643	-0.0920744	1	
1.93625	-0.0915647	1	
1.93607	-0.0910476	1	
1.93588	-0.0905227	1	
1.9357	-0.0899905	1	
1.93553	-0.0894509	1	
1.93535	-0.0889039	1	
1.93517	-0.0883505	1	
1.935	-0.0877914	1	
1.93482	-0.0872276	1	
1.93465	-0.0866604	1	
1.93448	-0.0860912	1	
1.9343	-0.0855205	1	
1.93413	-0.08495	1	
1.93397	-0.0843811	1	
1.9338	-0.0838139	1	
1.93363	-0.0832491	1	
1.93347	-0.0826873	1	
1.9333	-0.0821287	1	
1.93314	-0.0815738	1	
1.93298	-0.0810231	1	
1.93282	-0.0804759	1	
1.93266	-0.0799316	1	
1.9325	-0.0793903	1	
1.93234	-0.0788514	1	
1.93218	-0.0783144	1	
1.93203	-0.0777794	1	
1.93187	-0.0772461	1	
1.93172	-0.0767141	1	
1.93157	-0.0761831	1	
1.93142	-0.0756534	1	
1.93127	-0.075125	1	
1.93112	-0.0745979	1	
1.93097	-0.0740721	1	
1.93082	-0.073548	1	
1.93068	-0.0730263	1	
1.93053	-0.0725074	1	
1.93039	-0.071992	1	
1.93024	-0.0714809	1	
1.9301	-0.0709739	1	
1.92996	-0.0704711	1	
1.92982	-0.0699725	1	
1.92968	-0.0694784	1	
1.92954	-0.0689889	1	
1.92941	-0.0685038	1	
1.92927	-0.0680228	1	
1.92914	-0.0675464	1	
1.929	-0.0670746	1	
1.92887	-0.0666069	1	
1.92874	-0.0661434	1	
1.9286	-0.065684	1	
1.92847	-0.065228	1	
1.92834	-0.0647749	1	
1.92822	-0.0643243	1	
1.92809	-0.0638762	1	
1.92796	-0.0634304	1	
1.92783	-0.0629869	1	
1.92771	-0.0625457	1	
1.92759	-0.062107	1	
1.92746	-0.0616708	1	
1.92734	-0.0612368	1	
1.92722	-0.0608052	1	
1.9271	-0.0603752	1	
1.92698	-0.0599464	1	
1.92686	-0.0595184	1	
1.92674	-0.0590906	1	
1.92662	-0.0586632	1	
1.92651	-0.0582358	1	
1.92639	-0.0578082	1	
1.92628	-0.0573803	1	
1.92616	-0.0569518	1	
1.92605	-0.0565223	1	
1.92594	-0.0560917	1	
1.92583	-0.0556594	1	
1.92572	-0.055225	1	
1.92561	-0.0547884	1	
1.9255	-0.0543495	1	
1.92539	-0.0539077	1	
1.92528	-0.0534632	1	
1.92518	-0.0530162	1	
1.92507	-0.0525667	1	
1.92497	-0.0521149	1	
1.92486	-0.0516609	1	
1.92476	-0.051205	1	
1.92466	-0.050748	1	
1.92456	-0.0502901	1	
1.92446	-0.049832	1	
1.92436	-0.0493742	1	
1.92426	-0.0489169	1	
1.92417	-0.0484603	1	
1.92407	-0.0480049	1	
1.92397	-0.0475509	1	
1.92388	-0.0470986	1	
1.92379	-0.0466477	1	
1.92369	-0.0461983	1	
1.9236	-0.0457497	1	
1.92351	-0.045302	1	
1.92342	-0.0448547	1	
1.92333	-0.0444076	1	
1.92325	-0.0439606	1	
1.92316	-0.0435134	1	
1.92307	-0.0430657	1	
1.92299	-0.0426177	1	
1.9229	-0.0421692	1	
1.92282	-0.04172	1	
1.92274	-0.04127	1	
1.92266	-0.0408198	1	
1.92258	-0.0403698	1	
1.9225	-0.0399204	1	
1.92242	-0.0394722	1	
1.92234	-0.0390261	1	
1.92226	-0.0385824	1	
1.92218	-0.0381419	1	
1.92211	-0.0377052	1	
1.92203	-0.0372729	1	
1.92196	-0.0368455	1	
1.92189	-0.0364234	1	
1.92182	-0.0360068	1	
1.92175	-0.0355959	1	
1.92167	-0.0351903	1	
1.92161	-0.0347901	1	
1.92154	-0.0343955	1	
1.92147	-0.0340065	1	
1.9214	-0.033623	1	
1.92133	-0.0332451	1	
1.92127	-0.032873	1	
1.9212	-0.0325066	1	
1.92114	-0.0321464	1	
1.92108	-0.0317925	1	
1.92101	-0.0314452	1	
1.92095	-0.0311045	1	
1.92089	-0.0307705	1	
1.92083	-0.0304431	1	
1.92077	-0.0301228	1	
1.92071	-0.0298103	1	
1.92065	-0.0295057	1	
1.92059	-0.0292096	1	
1.92053	-0.0289221	1	
1.92048	-0.0286437	1	
1.92042	-0.0283747	1	
1.92036	-0.0281155	1	
1.92031	-0.0278662	1	
1.92025	-0.027627	1	
1.9202	-0.0273979	1	
1.92014	-0.0271787	1	
1.92009	-0.0269694	1	
1.92004	-0.0267696	1	
1.91998	-0.0265793	1	
1.91993	-0.0263977	1	
1.91988	-0.0262245	1	
1.91982	-0.0260587	1	
1.91977	-0.0258995	1	
1.91972	-0.0257468	1	
1.91967	-0.0255998	1	
1.91962	-0.025458	1	
1.91957	-0.025321	1	
1.91952	-0.0251884	1	
1.91947	-0.0250602	1	
1.91942	-0.0249367	1	
1.91937	-0.0248176	1	
1.91932	-0.0247028	1	
1.91927	-0.0245922	1	
1.91922	-0.0244854	1	
1.91917	-0.0243827	1	
1.91912	-0.0242838	1	
1.91908	-0.0241887	1	
1.91903	-0.0240969	1	
1.91898	-0.0240082	1	
1.91893	-0.0239223	1	
1.91888	-0.023839	1	
1.91884	-0.0237581	1	
1.91879	-0.0236793	1	
1.91874	-0.0236017	1	
1.91869	-0.023525	1	
1.91865	-0.0234482	1	
1.9186	-0.0233711	1	
1.91855	-0.0232931	1	
1.91851	-0.0232141	1	
1.91846	-0.0231338	1	
1.91842	-0.0230521	1	
1.91837	-0.0229685	1	
1.91832	-0.022883	1	
1.91828	-0.0227953	1	
1.91823	-0.0227055	1	
1.91819	-0.0226138	1	
1.91814	-0.0225202	1	
1.9181	-0.0224249	1	
1.91805	-0.0223285	1	
1.91801	-0.022231	1	
1.91796	-0.0221328	1	
1.91792	-0.0220341	1	
1.91788	-0.021935	1	
1.91783	-0.0218354	1	
1.91779	-0.0217353	1	
1.91775	-0.0216344	1	
1.9177	-0.0215323	1	
1.91766	-0.0214287	1	
1.91762	-0.0213232	1	
1.91758	-0.021216	1	
1.91753	-0.0211067	1	
1.91749	-0.020995	1	
1.91745	-0.020881	1	
1.91741	-0.0207649	1	
1.91737	-0.0206469	1	
1.91733	-0.0205271	1	
1.91728	-0.0204059	1	
1.91724	-0.0202834	1	
1.9172	-0.0201597	1	
1.91716	-0.0200355	1	
1.91712	-0.0199107	1	
1.91708	-0.0197859	1	
1.91704	-0.0196613	1	
1.91701	-0.0195373	1	
1.91697	-0.0194143	1	
1.91693	-0.019293	1	
1.91689	-0.0191736	1	
1.91685	-0.0190563	1	
1.91681	-0.018941	1	
1.91678	-0.018828	1	
1.91674	-0.0187175	1	
1.9167	-0.0186099	1	
1.91666	-0.0185057	1	
1.91663	-0.0184052	1	
1.91659	-0.0183088	1	
1.91655	-0.0182172	1	
1.91652	-0.0181307	1	
1.91648	-0.0180503	1	
1.91645	-0.0179764	1	
1.91641	-0.0179096	1	
1.91638	-0.0178496	1	
1.91634	-0.0177968	1	
1.9163	-0.0177513	1	
1.91627	-0.0177128	1	
1.91623	-0.0176813	1	
1.9162	-0.0176566	1	
1.91616	-0.0176383	1	
1.91613	-0.0176263	1	
1.91609	-0.0176205	1	
1.91606	-0.0176208	1	
1.91602	-0.0176267	1	
1.91599	-0.0176381	1	
1.91595	-0.0176547	1	
1.91592	-0.0176765	1	
1.91588	-0.0177027	1	
1.91584	-0.0177328	1	
1.91581	-0.0177665	1	
1.91577	-0.0178034	1	
1.91574	-0.0178432	1	
1.9157	-0.017885	1	
1.91567	-0.0179289	1	
1.91563	-0.0179748	1	
1.91559	-0.0180227	1	
1.91556	-0.0180727	1	
1.91552	-0.0181244	1	
1.91549	-0.018178	1	
1.91545	-0.0182334	1	
1.91541	-0.0182906	1	
1.91538	-0.0183495	1	
1.91534	-0.0184103	1	
1.9153	-0.0184731	1	
1.91526	-0.0185376	1	
1.91523	-0.0186036	1	
1.91519	-0.0186709	1	
1.91515	-0.0187393	1	
1.91512	-0.0188088	1	
1.91508	-0.0188792	1	
1.91504	-0.01895	1	
1.915	-0.0190205	1	
1.91496	-0.01909	1	
1.91493	-0.0191581	1	
1.91489	-0.0192244	1	
1.91485	-0.0192892	1	
1.91481	-0.0193516	1	
1.91477	-0.0194114	1	
1.91473	-0.0194679	1	
1.91469	-0.0195212	1	
1.91465	-0.0195712	1	
1.91461	-0.0196179	1	
1.91457	-0.0196615	1	
1.91454	-0.0197017	1	
1.9145	-0.0197383	1	
1.91446	-0.0197712	1	
1.91442	-0.0198003	1	
1.91438	-0.0198262	1	
1.91434	-0.0198492	1	
1.9143	-0.0198691	1	
1.91426	-0.0198859	1	
1.91422	-0.0198996	1	
1.91418	-0.0199103	1	
1.91414	-0.019918	1	
1.9141	-0.0199228	1	
1.91406	-0.0199247	1	
1.91402	-0.0199239	1	
1.91398	-0.0199204	1	
1.91394	-0.0199143	1	
1.9139	-0.0199053	1	
1.91386	-0.0198936	1	
1.91382	-0.0198796	1	
1.91378	-0.0198636	1	
1.91374	-0.0198455	1	
1.9137	-0.0198254	1	
1.91366	-0.0198033	1	
1.91362	-0.0197792	1	
1.91358	-0.0197534	1	
1.91354	-0.0197262	1	
1.9135	-0.0196983	1	
1.91346	-0.0196699	1	
1.91342	-0.0196411	1	
1.91339	-0.0196118	1	
1.91335	-0.0195823	1	
1.91331	-0.0195528	1	
1.91327	-0.0195233	1	
1.91323	-0.0194942	1	
1.91319	-0.0194655	1	
1.91315	-0.0194373	1	
1.91311	-0.0194096	1	
1.91307	-0.0193825	1	
1.91304	-0.0193564	1	
1.913	-0.0193312	1	
1.91296	-0.0193075	1	
1.91292	-0.0192848	1	
1.91288	-0.0192629	1	
1.91284	-0.0192416	1	
1.9128	-0.0192207	1	
1.91277	-0.0192004	1	
1.91273	-0.0191807	1	
1.91269	-0.0191619	1	
1.91265	-0.0191432	1	
1.91261	-0.0191251	1	
1.91257	-0.0191073	1	
1.91254	-0.0190901	1	
1.9125	-0.019074	1	
1.91246	-0.0190595	1	
1.91242	-0.0190469	1	
1.91238	-0.0190364	1	
1.91235	-0.0190282	1	
1.91231	-0.0190223	1	
1.91227	-0.019019	1	
1.91223	-0.0190189	1	
1.91219	-0.0190219	1	
1.91216	-0.0190278	1	
1.91212	-0.0190364	1	
1.91208	-0.0190471	1	
1.91204	-0.0190599	1	
1.912	-0.019074	1	
1.91196	-0.0190888	1	
1.91193	-0.0191042	1	
1.91189	-0.0191194	1	
1.91185	-0.0191342	1	
1.91181	-0.0191482	1	
1.91177	-0.0191611	1	
1.91173	-0.0191727	1	
1.9117	-0.0191823	1	
1.91166	-0.0191895	1	
1.91162	-0.0191943	1	
1.91158	-0.0191964	1	
1.91154	-0.0191955	1	
1.9115	-0.0191916	1	
1.91147	-0.0191848	1	
1.91143	-0.0191751	1	
1.91139	-0.0191624	1	
1.91135	-0.0191467	1	
1.91131	-0.019128	1	
1.91127	-0.0191062	1	
1.91124	-0.0190812	1	
1.9112	-0.019053	1	
1.91116	-0.0190215	1	
1.91112	-0.0189867	1	
1.91108	-0.0189489	1	
1.91105	-0.0189077	1	
1.91101	-0.0188635	1	
1.91097	-0.0188161	1	
1.91093	-0.0187657	1	
1.9109	-0.0187125	1	
1.91086	-0.0186564	1	
1.91082	-0.0185976	1	
1.91078	-0.0185357	1	
1.91075	-0.018471	1	
1.91071	-0.0184035	1	
1.91067	-0.0183332	1	
1.91064	-0.01826	1	
1.9106	-0.0181839	1	
1.91057	-0.0181049	1	
1.91053	-0.0180228	1	
1.91049	-0.0179377	1	
1.91046	-0.0178498	1	
1.91042	-0.0177589	1	
1.91039	-0.0176653	1	
1.91035	-0.017569	1	
1.91032	-0.0174704	1	
1.91028	-0.0173698	1	
1.91025	-0.0172671	1	
1.91021	-0.0171626	1	
1.91018	-0.0170561	1	
1.91015	-0.0169474	1	
1.91011	-0.016837	1	
1.91008	-0.0167247	1	
1.91004	-0.0166109	1	
1.91001	-0.0164955	1	
1.90998	-0.0163792	1	
1.90995	-0.0162619	1	
1.90991	-0.0161438	1	
1.90988	-0.0160254	1	
1.90985	-0.015907	1	
1.90982	-0.0157889	1	
1.90979	-0.0156712	1	
1.90976	-0.0155542	1	
1.90973	-0.0154382	1	
1.90969	-0.0153233	1	
1.90966	-0.0152094	1	
1.90963	-0.0150967	1	
1.9096	-0.0149853	1	
1.90957	-0.014875	1	
1.90954	-0.0147658	1	
1.90952	-0.0146578	1	
1.90949	-0.014551	1	
1.90946	-0.0144454	1	
1.90943	-0.0143411	1	
1.9094	-0.0142383	1	
1.90937	-0.0141372	1	
1.90934	-0.0140381	1	
1.90932	-0.0139412	1	
1.90929	-0.0138466	1	
1.90926	-0.0137544	1	
1.90923	-0.0136647	1	
1.90921	-0.0135779	1	
1.90918	-0.0134942	1	
1.90915	-0.0134135	1	
1.90913	-0.0133358	1	
1.9091	-0.0132614	1	
1.90907	-0.01319	1	
1.90905	-0.0131217	1	
1.90902	-0.0130566	1	
1.90899	-0.0129948	1	
1.90897	-0.0129361	1	
1.90894	-0.0128806	1	
1.90892	-0.0128281	1	
1.90889	-0.0127787	1	
1.90887	-0.0127325	1	
1.90884	-0.0126892	1	
1.90882	-0.0126487	1	
1.90879	-0.0126111	1	
1.90877	-0.012576	1	
1.90874	-0.0125429	1	
1.90872	-0.012512	1	
1.90869	-0.0124831	1	
1.90867	-0.0124562	1	
1.90864	-0.012431	1	
1.90862	-0.0124073	1	
1.90859	-0.012385	1	
1.90857	-0.0123639	1	
1.90854	-0.0123441	1	
1.90852	-0.0123257	1	
1.90849	-0.0123085	1	
1.90847	-0.0122929	1	
1.90844	-0.0122785	1	
1.90842	-0.0122653	1	
1.90839	-0.0122531	1	
1.90837	-0.0122419	1	
1.90835	-0.0122315	1	
1.90832	-0.0122218	1	
1.9083	-0.0122125	1	
1.90827	-0.0122035	1	
1.90825	-0.0121941	1	
1.90822	-0.0121843	1	
1.9082	-0.0121737	1	
1.90817	-0.0121619	1	
1.90815	-0.0121486	1	
1.90813	-0.0121335	1	
1.9081	-0.0121166	1	
1.90808	-0.0120977	1	
1.90805	-0.0120764	1	
1.90803	-0.0120529	1	
1.90801	-0.0120272	1	
1.90798	-0.0119994	1	
1.90796	-0.0119697	1	
1.90793	-0.0119384	1	
1.90791	-0.0119057	1	
1.90789	-0.0118717	1	
1.90786	-0.0118365	1	
1.90784	-0.0118003	1	
1.90782	-0.0117631	1	
1.90779	-0.0117251	1	
1.90777	-0.0116865	1	
1.90775	-0.0116476	1	
1.90772	-0.0116086	1	
1.9077	-0.0115699	1	
1.90768	-0.0115316	1	
1.90765	-0.0114942	1	
1.90763	-0.0114579	1	
1.90761	-0.0114228	1	
1.90758	-0.0113891	1	
1.90756	-0.011357	1	
1.90754	-0.0113262	1	
1.90752	-0.0112966	1	
1.90749	-0.0112683	1	
1.90747	-0.0112408	1	
1.90745	-0.0112137	1	
1.90743	-0.0111869	1	
1.9074	-0.0111604	1	
1.90738	-0.0111341	1	
1.90736	-0.011108	1	
1.90734	-0.0110822	1	
1.90732	-0.0110566	1	
1.90729	-0.0110315	1	
1.90727	-0.0110066	1	
1.90725	-0.0109823	1	
1.90723	-0.0109583	1	
1.90721	-0.0109347	1	
1.90718	-0.0109115	1	
1.90716	-0.0108886	1	
1.90714	-0.010866	1	
1.90712	-0.0108433	1	
1.9071	-0.0108203	1	
1.90708	-0.010797	1	
1.90705	-0.010773	1	
1.90703	-0.0107485	1	
1.90701	-0.0107236	1	
1.90699	-0.0106985	1	
1.90697	-0.010673	1	
1.90695	-0.0106473	1	
1.90693	-0.0106213	1	
1.9069	-0.0105955	1	
1.90688	-0.0105698	1	
1.90686	-0.0105442	1	
1.90684	-0.0105185	1	
1.90682	-0.0104932	1	
1.9068	-0.0104682	1	
1.90678	-0.0104433	1	
1.90676	-0.0104186	1	
1.90674	-0.0103943	1	
1.90672	-0.0103706	1	
1.9067	-0.0103471	1	
1.90667	-0.0103239	1	
1.90665	-0.0103007	1	
1.90663	-0.0102775	1	
1.90661	-0.010254	1	
1.90659	-0.0102299	1	
1.90657	-0.010205	1	
1.90655	-0.010179	1	
1.90653	-0.0101514	1	
1.90651	-0.0101223	1	
1.90649	-0.0100916	1	
1.90647	-0.0100593	1	
1.90645	-0.0100252	1	
1.90643	-0.00998913	1	
1.90641	-0.00995114	1	
1.90639	-0.009911	1	
1.90637	-0.00986885	1	
1.90635	-0.00982482	1	
1.90633	-0.00977865	1	
1.90631	-0.00973063	1	
1.90629	-0.00968068	1	
1.90627	-0.00962894	1	
1.90625	-0.00957551	1	
1.90624	-0.00952055	1	
1.90622	-0.00946425	1	
1.9062	-0.00940674	1	
1.90618	-0.00934804	1	
1.90616	-0.00928818	1	
1.90614	-0.00922711	1	
1.90612	-0.00916473	1	
1.90611	-0.00910104	1	
1.90609	-0.00903609	1	
1.90607	-0.00896976	1	
1.90605	-0.00890193	1	
1.90603	-0.00883252	1	
1.90602	-0.00876139	1	
1.906	-0.00868844	1	
1.90598	-0.00861379	1	
1.90596	-0.00853735	1	
1.90595	-0.00845921	1	
1.90593	-0.00837925	1	
1.90591	-0.00829736	1	
1.9059	-0.00821378	1	
1.90588	-0.00812878	1	
1.90587	-0.00804227	1	
1.90585	-0.00795456	1	
1.90583	-0.0078658	1	
1.90582	-0.00777632	1	
1.9058	-0.00768632	1	
1.90579	-0.00759601	1	
1.90577	-0.00750576	1	
1.90576	-0.00741582	1	
1.90574	-0.00732641	1	
1.90573	-0.00723785	1	
1.90571	-0.00715032	1	
1.9057	-0.00706377	1	
1.90569	-0.00697876	1	
1.90567	-0.00689474	1	
1.90566	-0.00681181	1	
1.90565	-0.00673022	1	
1.90563	-0.00665016	1	
1.90562	-0.00657149	1	
1.90561	-0.00649435	1	
1.90559	-0.00641867	1	
1.90558	-0.00634453	1	
1.90557	-0.00627188	1	
1.90556	-0.00620068	1	
1.90554	-0.00613098	1	
1.90553	-0.00606285	1	
1.90552	-0.00599618	1	
1.90551	-0.00593095	1	
1.9055	-0.00586748	1	
1.90548	-0.00580577	1	
1.90547	-0.00574589	1	
1.90546	-0.00568798	1	
1.90545	-0.00563202	1	
1.90544	-0.0055777	1	
1.90543	-0.00552503	1	
1.90542	-0.00547395	1	
1.90541	-0.00542444	1	
1.9054	-0.00537645	1	
1.90538	-0.00532992	1	
1.90537	-0.00528489	1	
1.90536	-0.0052414	1	
1.90535	-0.00519922	1	
1.90534	-0.00515838	1	
1.90533	-0.00511902	1	
1.90532	-0.00508109	1	
1.90531	-0.00504469	1	
1.9053	-0.00500978	1	
1.90529	-0.00497626	1	
1.90528	-0.00494404	1	
1.90527	-0.00491287	1	
1.90526	-0.00488241	1	
1.90525	-0.00485262	1	
1.90524	-0.00482357	1	
1.90523	-0.00479511	1	
1.90522	-0.00476713	1	
1.90522	-0.00473951	1	
1.90521	-0.00471216	1	
1.9052	-0.0046849	1	
1.90519	-0.00465782	1	
1.90518	-0.00463068	1	
1.90517	-0.00460367	1	
1.90516	-0.00457672	1	
1.90515	-0.00454982	1	
1.90514	-0.00452291	1	
1.90513	-0.00449583	1	
1.90512	-0.0044686	1	
1.90511	-0.00444095	1	
1.90511	-0.00441287	1	
1.9051	-0.0043844	1	
1.90509	-0.00435547	1	
1.90508	-0.00432625	1	
1.90507	-0.00429673	1	
1.90506	-0.00426681	1	
1.90505	-0.00423632	1	
1.90505	-0.00420558	1	
1.90504	-0.00417457	1	
1.90503	-0.00414308	1	
1.90502	-0.00411117	1	
1.90501	-0.00407898	1	
1.905	-0.00404647	1	
1.905	-0.0040135	1	
1.90499	-0.0039801	1	
1.90498	-0.0039464	1	
1.90497	-0.00391229	1	
1.90496	-0.00387786	1	
1.90496	-0.00384325	1	
1.90495	-0.00380833	1	
1.90494	-0.00377325	1	
1.90493	-0.00373803	1	
1.90493	-0.00370279	1	
1.90492	-0.00366741	1	
1.90491	-0.003632	1	
1.90491	-0.0035967	1	
1.9049	-0.00356158	1	
1.90489	-0.00352671	1	
1.90488	-0.00349213	1	
1.90488	-0.00345779	1	
1.90487	-0.0034238	1	
1.90486	-0.0033901	1	
1.90486	-0.00335695	1	
1.90485	-0.00332412	1	
1.90484	-0.00329188	1	
1.90484	-0.00326019	1	
1.90483	-0.00322893	1	
1.90482	-0.00319802	1	
1.90482	-0.0031678	1	
1.90481	-0.00313791	1	
1.90481	-0.00310859	1	
1.9048	-0.00307981	1	
1.90479	-0.00305171	1	
1.90479	-0.00302413	1	
1.90478	-0.00299696	1	
1.90478	-0.00297027	1	
1.90477	-0.00294409	1	
1.90476	-0.0029181	1	
1.90476	-0.00289234	1	
1.90475	-0.00286701	1	
1.90475	-0.00284197	1	
1.90474	-0.00281711	1	
1.90474	-0.0027926	1	
1.90473	-0.00276829	1	
1.90472	-0.00274445	1	
1.90472	-0.00272063	1	
1.90471	-0.00269712	1	
1.90471	-0.00267381	1	
1.9047	-0.00265083	1	
1.9047	-0.00262797	1	
1.90469	-0.00260525	1	
1.90469	-0.00258259	1	
1.90468	-0.0025602	1	
1.90468	-0.00253785	1	
1.90467	-0.00251552	1	
1.90467	-0.00249328	1	
1.90466	-0.00247102	1	
1.90466	-0.00244869	1	
1.90465	-0.00242623	1	
1.90465	-0.00240374	1	
1.90464	-0.00238126	1	
1.90464	-0.00235873	1	
1.90463	-0.00233619	1	
1.90463	-0.00231363	1	
1.90462	-0.0022911	1	
1.90462	-0.00226865	1	
1.90461	-0.00224626	1	
1.90461	-0.00222396	1	
1.90461	-0.0022018	1	
1.9046	-0.00217969	1	
1.9046	-0.00215773	1	
1.90459	-0.00213581	1	
1.90459	-0.00211389	1	
1.90458	-0.00209208	1	
1.90458	-0.00207043	1	
1.90458	-0.00204875	1	
1.90457	-0.00202717	1	
1.90457	-0.00200575	1	
1.90456	-0.00198458	1	
1.90456	-0.00196366	1	
1.90456	-0.00194307	1	
1.90455	-0.0019228	1	
1.90455	-0.0019029	1	
1.90455	-0.00188335	1	
1.90454	-0.00186419	1	
1.90454	-0.00184527	1	
1.90453	-0.00182654	1	
1.90453	-0.00180814	1	
1.90453	-0.00179	1	
1.90452	-0.00177223	1	
1.90452	-0.00175476	1	
1.90452	-0.00173756	1	
1.90451	-0.00172049	1	
1.90451	-0.00170376	1	
1.90451	-0.00168737	1	
1.9045	-0.00167149	1	
1.9045	-0.00165592	1	
1.9045	-0.00164074	1	
1.90449	-0.00162613	1	
1.90449	-0.00161212	1	
1.90449	-0.00159869	1	
1.90448	-0.00158592	1	
1.90448	-0.00157389	1	
1.90448	-0.00156236	1	
1.90447	-0.00155136	1	
1.90447	-0.00154094	1	
1.90447	-0.00153096	1	
1.90446	-0.00152137	1	
1.90446	-0.00151227	1	
1.90446	-0.00150355	1	
1.90446	-0.00149529	1	
1.90445	-0.00148729	1	
1.90445	-0.00147954	1	
1.90445	-0.00147212	1	
1.90444	-0.00146499	1	
1.90444	-0.00145808	1	
1.90444	-0.00145151	1	
1.90444	-0.00144521	1	
1.90443	-0.00143911	1	
1.90443	-0.00143341	1	
1.90443	-0.00142839	1	
1.90442	-0.00142389	1	
1.90442	-0.00142002	1	
1.90442	-0.00141679	1	
1.90442	-0.0014141	1	
1.90441	-0.00141204	1	
1.90441	-0.00141048	1	
1.90441	-0.00140946	1	
1.9044	-0.00140887	1	
1.9044	-0.00140868	1	
1.9044	-0.00140858	1	
1.9044	-0.00140845	1	
1.90439	-0.00140812	1	
1.90439	-0.00140777	1	
1.90439	-0.0014072	1	
1.90438	-0.00140633	1	
1.90438	-0.00140531	1	
1.90438	-0.00140418	1	
1.90438	-0.00140292	1	
1.90437	-0.00140123	1	
1.90437	-0.00139909	1	
1.90437	-0.00139657	1	
1.90436	-0.00139387	1	
1.90436	-0.00139101	1	
1.90436	-0.00138773	1	
1.90436	-0.0013841	1	
1.90435	-0.00138012	1	
1.90435	-0.00137572	1	
1.90435	-0.00137105	1	
1.90435	-0.00136584	1	
1.90434	-0.00136034	1	
1.90434	-0.00135431	1	
1.90434	-0.0013478	1	
1.90433	-0.00134092	1	
1.90433	-0.00133352	1	
1.90433	-0.00132574	1	
1.90433	-0.0013179	1	
1.90432	-0.00130975	1	
1.90432	-0.00130128	1	
1.90432	-0.00129269	1	
1.90432	-0.00128371	1	
1.90431	-0.0012744	1	
1.90431	-0.00126489	1	
1.90431	-0.00125518	1	
1.90431	-0.0012453	1	
1.9043	-0.00123501	1	
1.9043	-0.00122438	1	
1.9043	-0.00121332	1	
1.9043	-0.00120197	1	
1.90429	-0.00119049	1	
1.90429	-0.00117888	1	
1.90429	-0.00116715	1	
1.90429	-0.00115556	1	
1.90428	-0.00114406	1	
1.90428	-0.0011325	1	
1.90428	-0.0011212	1	
1.90428	-0.0011101	1	
1.90428	-0.00109935	1	
1.90427	-0.0010891	1	
1.90427	-0.00107935	1	
1.90427	-0.00107014	1	
1.90427	-0.00106144	1	
1.90427	-0.00105353	1	
1.90426	-0.00104619	1	
1.90426	-0.00103949	1	
1.90426	-0.00103339	1	
1.90426	-0.00102783	1	
1.90425	-0.00102292	1	
1.90425	-0.0010187	1	
1.90425	-0.00101493	1	
1.90425	-0.00101172	1	
1.90425	-0.00100902	1	
1.90424	-0.00100692	1	
1.90424	-0.00100539	1	
1.90424	-0.00100442	1	
1.90424	-0.00100406	1	
1.90424	-0.00100419	1	
1.90423	-0.00100487	1	
1.90423	-0.00100587	1	
1.90423	-0.00100727	1	
1.90423	-0.00100904	1	
1.90423	-0.0010111	1	
1.90422	-0.00101351	1	
1.90422	-0.00101611	1	
1.90422	-0.00101879	1	
1.90422	-0.00102172	1	
1.90422	-0.00102469	1	
1.90421	-0.00102775	1	
1.90421	-0.00103063	1	
1.90421	-0.00103321	1	
1.90421	-0.00103559	1	
1.90421	-0.00103776	1	
1.9042	-0.00103966	1	
1.9042	-0.00104132	1	
1.9042	-0.00104293	1	
1.9042	-0.00104451	1	
1.9042	-0.00104596	1	
1.90419	-0.00104726	1	
1.90419	-0.00104859	1	
1.90419	-0.0010497	1	
1.90419	-0.00105054	1	
1.90419	-0.00105102	1	
1.90418	-0.00105113	1	
1.90418	-0.00105111	1	
1.90418	-0.00105072	1	
1.90418	-0.00105001	1	
1.90417	-0.00104921	1	
1.90417	-0.00104852	1	
1.90417	-0.00104739	1	
1.90417	-0.00104616	1	
1.90417	-0.00104486	1	
1.90416	-0.00104317	1	
1.90416	-0.00104111	1	
1.90416	-0.00103852	1	
1.90416	-0.00103557	1	
1.90416	-0.00103212	1	
1.90415	-0.00102824	1	
1.90415	-0.00102385	1	
1.90415	-0.00101922	1	
1.90415	-0.00101433	1	
1.90415	-0.00100934	1	
1.90414	-0.00100423	1	
1.90414	-0.000999189	1	
1.90414	-0.000994289	1	
1.90414	-0.000989667	1	
1.90414	-0.00098551	1	
1.90413	-0.00098165	1	
1.90413	-0.000978185	1	
1.90413	-0.000975084	1	
1.90413	-0.000972268	1	
1.90413	-0.000970051	1	
1.90412	-0.000968334	1	
1.90412	-0.00096687	1	
1.90412	-0.000965866	1	
1.90412	-0.000965198	1	
1.90412	-0.000964694	1	
1.90411	-0.000964523	1	
1.90411	-0.000964632	1	
1.90411	-0.000965152	1	
1.90411	-0.000965731	1	
1.90411	-0.000966598	1	
1.9041	-0.000967708	1	
1.9041	-0.000969055	1	
1.9041	-0.000970501	1	
1.9041	-0.00097198	1	
1.9041	-0.000973622	1	
1.9041	-0.000975381	1	
1.90409	-0.000977364	1	
1.90409	-0.000979461	1	
1.90409	-0.000981685	1	
1.90409	-0.000984256	1	
1.90409	-0.000987076	1	
1.90408	-0.000990161	1	
1.90408	-0.000993259	1	
1.90408	-0.000996661	1	
1.90408	-0.00100035	1	
1.90408	-0.00100422	1	
1.90407	-0.0010083	1	
1.90407	-0.0010125	1	
1.90407	-0.00101707	1	
1.90407	-0.00102197	1	
1.90407	-0.00102739	1	
1.90406	-0.00103307	1	
1.90406	-0.00103912	1	
1.90406	-0.00104567	1	
1.90406	-0.00105265	1	
1.90405	-0.00105995	1	
1.90405	-0.00106756	1	
1.90405	-0.00107549	1	
1.90405	-0.00108388	1	
1.90405	-0.00109266	1	
1.90404	-0.00110187	1	
1.90404	-0.0011115	1	
1.90404	-0.00112145	1	
1.90404	-0.00113152	1	
1.90403	-0.00114177	1	
1.90403	-0.00115222	1	
1.90403	-0.00116269	1	
1.90403	-0.0011732	1	
1.90403	-0.00118348	1	
1.90402	-0.00119366	1	
1.90402	-0.0012037	1	
1.90402	-0.00121337	1	
1.90402	-0.00122283	1	
1.90401	-0.00123225	1	
1.90401	-0.00124153	1	
1.90401	-0.00125075	1	
1.90401	-0.00125994	1	
1.904	-0.0012691	1	
1.904	-0.00127819	1	
1.904	-0.00128728	1	
1.904	-0.00129621	1	
1.90399	-0.00130507	1	
1.90399	-0.00131393	1	
1.90399	-0.00132275	1	
1.90399	-0.00133136	1	
1.90398	-0.00133968	1	
1.90398	-0.00134788	1	
1.90398	-0.00135568	1	
1.90397	-0.00136328	1	
1.90397	-0.00137054	1	
1.90397	-0.00137743	1	
1.90397	-0.001384	1	
1.90396	-0.00139019	1	
1.90396	-0.00139598	1	
1.90396	-0.0014013	1	
1.90395	-0.00140634	1	
1.90395	-0.00141094	1	
1.90395	-0.00141505	1	
1.90395	-0.00141866	1	
1.90394	-0.00142179	1	
1.90394	-0.00142454	1	
1.90394	-0.00142664	1	
1.90393	-0.0014281	1	
1.90393	-0.00142883	1	
1.90393	-0.00142881	1	
1.90393	-0.00142797	1	
1.90392	-0.00142629	1	
1.90392	-0.00142412	1	
1.90392	-0.00142122	1	
1.90391	-0.00141768	1	
1.90391	-0.00141346	1	
1.90391	-0.00140856	1	
1.90391	-0.00140302	1	
1.9039	-0.00139708	1	
1.9039	-0.00139071	1	
1.9039	-0.00138391	1	
1.9039	-0.00137668	1	
1.90389	-0.00136927	1	
1.90389	-0.00136149	1	
1.90389	-0.00135333	1	
1.90388	-0.00134503	1	
1.90388	-0.0013364	1	
1.90388	-0.0013276	1	
1.90388	-0.00131865	1	
1.90387	-0.00130988	1	
1.90387	-0.00130119	1	
1.90387	-0.00129256	1	
1.90387	-0.00128396	1	
1.90386	-0.00127544	1	
1.90386	-0.00126709	1	
1.90386	-0.00125883	1	
1.90386	-0.00125056	1	
1.90385	-0.00124213	1	
1.90385	-0.0012337	1	
1.90385	-0.00122524	1	
1.90385	-0.0012166	1	
1.90384	-0.00120797	1	
1.90384	-0.00119922	1	
1.90384	-0.00119065	1	
1.90384	-0.00118215	1	
1.90383	-0.0011739	1	
1.90383	-0.00116565	1	
1.90383	-0.00115769	1	
1.90383	-0.0011498	1	
1.90383	-0.00114214	1	
1.90382	-0.00113483	1	
1.90382	-0.00112781	1	
1.90382	-0.00112119	1	
1.90382	-0.00111503	1	
1.90381	-0.00110926	1	
1.90381	-0.00110391	1	
1.90381	-0.00109917	1	
1.90381	-0.00109482	1	
1.90381	-0.00109063	1	
1.9038	-0.00108669	1	
1.9038	-0.00108308	1	
1.9038	-0.00107986	1	
1.9038	-0.00107683	1	
1.90379	-0.00107416	1	
1.90379	-0.00107176	1	
1.90379	-0.00106967	1	
1.90379	-0.00106797	1	
1.90379	-0.00106676	1	
1.90378	-0.00106569	1	
1.90378	-0.00106492	1	
1.90378	-0.00106446	1	
1.90378	-0.00106421	1	
1.90378	-0.00106419	1	
1.90377	-0.0010641	1	
1.90377	-0.00106407	1	
1.90377	-0.00106418	1	
1.90377	-0.00106412	1	
1.90376	-0.00106381	1	
1.90376	-0.00106338	1	
1.90376	-0.0010626	1	
1.90376	-0.00106177	1	
1.90376	-0.00106055	1	
1.90375	-0.00105921	1	
1.90375	-0.0010579	1	
1.90375	-0.00105647	1	
1.90375	-0.00105527	1	
1.90375	-0.0010543	1	
1.90374	-0.00105375	1	
1.90374	-0.0010537	1	
1.90374	-0.00105437	1	
1.90374	-0.0010553	1	
1.90373	-0.00105683	1	
1.90373	-0.00105858	1	
1.90373	-0.00106043	1	
1.90373	-0.00106207	1	
1.90373	-0.00106353	1	
1.90372	-0.0010648	1	
1.90372	-0.00106582	1	
1.90372	-0.0010665	1	
1.90372	-0.00106671	1	
1.90372	-0.0010664	1	
1.90371	-0.00106544	1	
1.90371	-0.0010638	1	
1.90371	-0.00106154	1	
1.90371	-0.00105871	1	
1.90371	-0.00105542	1	
1.9037	-0.00105175	1	
1.9037	-0.00104756	1	
1.9037	-0.00104304	1	
1.9037	-0.00103821	1	
1.90369	-0.00103307	1	
1.90369	-0.00102772	1	
1.90369	-0.0010222	1	
1.90369	-0.00101645	1	
1.90369	-0.00101052	1	
1.90368	-0.00100464	1	
1.90368	-0.000998651	1	
1.90368	-0.000992441	1	
1.90368	-0.000986065	1	
1.90368	-0.000979698	1	
1.90367	-0.000973208	1	
1.90367	-0.000966535	1	
1.90367	-0.000959746	1	
1.90367	-0.000952667	1	
1.90367	-0.000945463	1	
1.90367	-0.000938184	1	
1.90366	-0.000930952	1	
1.90366	-0.000923506	1	
1.90366	-0.000915926	1	
1.90366	-0.000908239	1	
1.90366	-0.000900368	1	
1.90365	-0.000892336	1	
1.90365	-0.000884308	1	
1.90365	-0.000876451	1	
1.90365	-0.000868545	1	
1.90365	-0.000860585	1	
1.90365	-0.000852484	1	
1.90364	-0.000844448	1	
1.90364	-0.000836256	1	
1.90364	-0.000827981	1	
1.90364	-0.000819849	1	
1.90364	-0.000811688	1	
1.90364	-0.000803659	1	
1.90363	-0.000795821	1	
1.90363	-0.000788118	1	
1.90363	-0.000780614	1	
1.90363	-0.000773355	1	
1.90363	-0.000766641	1	
1.90363	-0.000760327	1	
1.90362	-0.000754498	1	
1.90362	-0.00074905	1	
1.90362	-0.000744071	1	
1.90362	-0.00073956	1	
1.90362	-0.000735467	1	
1.90362	-0.000731794	1	
1.90362	-0.000728503	1	
1.90361	-0.000725584	1	
1.90361	-0.000723044	1	
1.90361	-0.000720927	1	
1.90361	-0.00071903	1	
1.90361	-0.000717559	1	
1.90361	-0.000716362	1	
1.90361	-0.000715656	1	
1.9036	-0.000715184	1	
1.9036	-0.000714987	1	
1.9036	-0.000715085	1	
1.9036	-0.000715312	1	
1.9036	-0.000715683	1	
1.9036	-0.000716087	1	
1.9036	-0.000716666	1	
1.90359	-0.000717247	1	
1.90359	-0.00071802	1	
1.90359	-0.000718723	1	
1.90359	-0.000719622	1	
1.90359	-0.000720601	1	
1.90359	-0.000721633	1	
1.90359	-0.00072271	1	
1.90358	-0.000723633	1	
1.90358	-0.000724592	1	
1.90358	-0.000725578	1	
1.90358	-0.000726363	1	
1.90358	-0.000727046	1	
1.90358	-0.000727653	1	
1.90358	-0.000728206	1	
1.90357	-0.000728602	1	
1.90357	-0.000728833	1	
1.90357	-0.00072905	1	
1.90357	-0.000729144	1	
1.90357	-0.000729107	1	
1.90357	-0.00072886	1	
1.90357	-0.000728689	1	
1.90356	-0.000728264	1	
1.90356	-0.000727909	1	
1.90356	-0.000727524	1	
1.90356	-0.000726914	1	
1.90356	-0.000726028	1	
1.90356	-0.000725084	1	
1.90356	-0.000724029	1	
1.90355	-0.000722617	1	
1.90355	-0.000721142	1	
1.90355	-0.000719331	1	
1.90355	-0.00071723	1	
1.90355	-0.000714794	1	
1.90355	-0.000711987	1	
1.90355	-0.000708937	1	
1.90354	-0.000705865	1	
1.90354	-0.000702613	1	
1.90354	-0.000699142	1	
1.90354	-0.000695377	1	
1.90354	-0.000691413	1	
1.90354	-0.000687284	1	
1.90354	-0.000683098	1	
1.90353	-0.000678798	1	
1.90353	-0.000674507	1	
1.90353	-0.000670233	1	
1.90353	-0.000665923	1	
1.90353	-0.00066176	1	
1.90353	-0.000657551	1	
1.90353	-0.00065339	1	
1.90352	-0.000649333	1	
1.90352	-0.00064539	1	
1.90352	-0.0006414	1	
1.90352	-0.000637435	1	
1.90352	-0.000633751	1	
1.90352	-0.000630173	1	
1.90352	-0.000626623	1	
1.90352	-0.000623044	1	
1.90351	-0.000619498	1	
1.90351	-0.000615969	1	
1.90351	-0.000612423	1	
1.90351	-0.000608815	1	
1.90351	-0.000605111	1	
1.90351	-0.000601422	1	
1.90351	-0.000597699	1	
1.90351	-0.000593904	1	
1.9035	-0.000589902	1	
1.9035	-0.000585867	1	
1.9035	-0.000581992	1	
1.9035	-0.000578087	1	
1.9035	-0.000574119	1	
1.9035	-0.000570065	1	
1.9035	-0.000565909	1	
1.9035	-0.000561883	1	
1.9035	-0.000557885	1	
1.90349	-0.000553949	1	
1.90349	-0.000549947	1	
1.90349	-0.000545937	1	
1.90349	-0.000542158	1	
1.90349	-0.000538494	1	
1.90349	-0.000534807	1	
1.90349	-0.000531287	1	
1.90349	-0.000527979	1	
1.90349	-0.000524792	1	
1.90349	-0.000521762	1	
1.90348	-0.000518809	1	
1.90348	-0.000516044	1	
1.90348	-0.000513376	1	
1.90348	-0.000510737	1	
1.90348	-0.000508197	1	
1.90348	-0.000505686	1	
1.90348	-0.000503041	1	
1.90348	-0.000500252	1	
1.90348	-0.00049744	1	
1.90348	-0.00049457	1	
1.90347	-0.000491617	1	
1.90347	-0.000488562	1	
1.90347	-0.000485618	1	
1.90347	-0.000482848	1	
1.90347	-0.000480168	1	
1.90347	-0.000477415	1	
1.90347	-0.000474697	1	
1.90347	-0.000471967	1	
1.90347	-0.000469237	1	
1.90347	-0.000466687	1	
1.90346	-0.000464355	1	
1.90346	-0.000462146	1	
1.90346	-0.000459986	1	
1.90346	-0.000457821	1	
1.90346	-0.000455608	1	
1.90346	-0.000453441	1	
1.90346	-0.000451266	1	
1.90346	-0.000449153	1	
1.90346	-0.000446963	1	
1.90346	-0.000444756	1	
1.90346	-0.000442495	1	
1.90345	-0.000440207	1	
1.90345	-0.00043793	1	
1.90345	-0.000435541	1	
1.90345	-0.000433113	1	
1.90345	-0.000430536	1	
1.90345	-0.000427863	1	
1.90345	-0.000425085	1	
1.90345	-0.000422113	1	
1.90345	-0.000419173	1	
1.90345	-0.000416229	1	
1.90345	-0.000413171	1	
1.90345	-0.00040998	1	
1.90344	-0.000406586	1	
1.90344	-0.00040302	1	
1.90344	-0.000399306	1	
1.90344	-0.000395464	1	
1.90344	-0.000391737	1	
1.90344	-0.000388206	1	
1.90344	-0.000384806	1	
1.90344	-0.000381489	1	
1.90344	-0.000378216	1	
1.90344	-0.00037486	1	
1.90344	-0.000371643	1	
1.90344	-0.000368563	1	
1.90344	-0.000365567	1	
1.90343	-0.000362832	1	
1.90343	-0.000360394	1	
1.90343	-0.000358384	1	
1.90343	-0.000356575	1	
1.90343	-0.000354977	1	
1.90343	-0.000353635	1	
1.90343	-0.000352542	1	
1.90343	-0.000351774	1	
1.90343	-0.000351331	1	
1.90343	-0.000351085	1	
1.90343	-0.000350871	1	
1.90343	-0.000350855	1	
1.90343	-0.000350935	1	
1.90343	-0.000351386	1	
1.90342	-0.000352317	1	
1.90342	-0.000353545	1	
1.90342	-0.00035528	1	
1.90342	-0.000357367	1	
1.90342	-0.000359799	1	
1.90342	-0.00036253	1	
1.90342	-0.000365672	1	
1.90342	-0.00036925	1	
1.90342	-0.000373103	1	
1.90342	-0.000377529	1	
1.90342	-0.000382276	1	
1.90342	-0.000387235	1	
1.90342	-0.00039259	1	
1.90341	-0.000398335	1	
1.90341	-0.000404313	1	
1.90341	-0.000410247	1	
1.90341	-0.000416493	1	
1.90341	-0.000422653	1	
1.90341	-0.000428864	1	
1.90341	-0.000435235	1	
1.90341	-0.000441625	1	
1.90341	-0.000448017	1	
1.90341	-0.000454418	1	
1.90341	-0.000460912	1	
1.90341	-0.000467498	1	
1.9034	-0.000474268	1	
1.9034	-0.000481258	1	
1.9034	-0.000488258	1	
1.9034	-0.000495274	1	
1.9034	-0.000502262	1	
1.9034	-0.000509463	1	
1.9034	-0.000516784	1	
1.9034	-0.000524192	1	
1.9034	-0.000531498	1	
1.9034	-0.000538908	1	
1.90339	-0.000546162	1	
1.90339	-0.000553468	1	
1.90339	-0.000560684	1	
1.90339	-0.000567783	1	
1.90339	-0.000574571	1	
1.90339	-0.000580957	1	
1.90339	-0.000587264	1	
1.90339	-0.00059302	1	
1.90338	-0.00059849	1	
1.90338	-0.000603687	1	
1.90338	-0.000608602	1	
1.90338	-0.000613049	1	
1.90338	-0.000617125	1	
1.90338	-0.000621046	1	
1.90338	-0.000624833	1	
1.90338	-0.000628319	1	
1.90338	-0.000631483	1	
1.90337	-0.000634317	1	
1.90337	-0.000637011	1	
1.90337	-0.000639599	1	
1.90337	-0.000641944	1	
1.90337	-0.000644275	1	
1.90337	-0.000646564	1	
1.90337	-0.00064882	1	
1.90336	-0.000651095	1	
1.90336	-0.000653259	1	
1.90336	-0.000655557	1	
1.90336	-0.000657876	1	
1.90336	-0.00066012	1	
1.90336	-0.00066199	1	
1.90336	-0.000663714	1	
1.90336	-0.000665348	1	
1.90335	-0.000666881	1	
1.90335	-0.000668304	1	
1.90335	-0.000669742	1	
1.90335	-0.000671262	1	
1.90335	-0.000672705	1	
1.90335	-0.000674296	1	
1.90335	-0.000675879	1	
1.90334	-0.000677375	1	
1.90334	-0.000678916	1	
1.90334	-0.000680712	1	
1.90334	-0.000682577	1	
1.90334	-0.000684633	1	
1.90334	-0.000686924	1	
1.90334	-0.000689382	1	
1.90334	-0.000692062	1	
1.90333	-0.000695038	1	
1.90333	-0.000698095	1	
1.90333	-0.000701423	1	
1.90333	-0.000704809	1	
1.90333	-0.000708306	1	
1.90333	-0.000712089	1	
1.90333	-0.000715934	1	
1.90332	-0.000719888	1	
1.90332	-0.000723769	1	
1.90332	-0.000727788	1	
1.90332	-0.000731971	1	
1.90332	-0.000736158	1	
1.90332	-0.000740217	1	
1.90331	-0.000744342	1	
1.90331	-0.000748698	1	
1.90331	-0.000752962	1	
1.90331	-0.000757436	1	
1.90331	-0.000762024	1	
1.90331	-0.000766742	1	
1.90331	-0.000771422	1	
1.9033	-0.000776143	1	
1.9033	-0.000780701	1	
1.9033	-0.000785231	1	
1.9033	-0.000789842	1	
1.9033	-0.000794362	1	
1.9033	-0.000798868	1	
1.90329	-0.000803189	1	
1.90329	-0.000807411	1	
1.90329	-0.000811508	1	
1.90329	-0.000815444	1	
1.90329	-0.000819087	1	
1.90329	-0.000822616	1	
1.90329	-0.000826017	1	
1.90328	-0.000829279	1	
1.90328	-0.000832409	1	
1.90328	-0.000835482	1	
1.90328	-0.000838492	1	
1.90328	-0.000841498	1	
1.90328	-0.000844599	1	
1.90327	-0.00084769	1	
1.90327	-0.000850863	1	
1.90327	-0.000854067	1	
1.90327	-0.000857549	1	
1.90327	-0.000860893	1	
1.90326	-0.00086426	1	
1.90326	-0.000867305	1	
1.90326	-0.000870153	1	
1.90326	-0.000872894	1	
1.90326	-0.000875326	1	
1.90326	-0.000877457	1	
1.90325	-0.000879232	1	
1.90325	-0.000880585	1	
1.90325	-0.000881469	1	
1.90325	-0.000882207	1	
1.90325	-0.000882586	1	
1.90325	-0.000882557	1	
1.90324	-0.000882217	1	
1.90324	-0.000881515	1	
1.90324	-0.000880528	1	
1.90324	-0.000879327	1	
1.90324	-0.000877846	1	
1.90323	-0.000876157	1	
1.90323	-0.000874328	1	
1.90323	-0.000872283	1	
1.90323	-0.000870216	1	
1.90323	-0.000868025	1	
1.90323	-0.000865682	1	
1.90322	-0.000863095	1	
1.90322	-0.000860449	1	
1.90322	-0.0008577	1	
1.90322	-0.00085476	1	
1.90322	-0.000851388	1	
1.90322	-0.000847804	1	
1.90321	-0.000844022	1	
1.90321	-0.000840008	1	
1.90321	-0.000835757	1	
1.90321	-0.000831148	1	
1.90321	-0.000826104	1	
1.90321	-0.00082056	1	
1.9032	-0.000814602	1	
1.9032	-0.000808175	1	
1.9032	-0.000801475	1	
1.9032	-0.000794538	1	
1.9032	-0.00078729	1	
1.9032	-0.000779673	1	
1.90319	-0.000771644	1	
1.90319	-0.000763311	1	
1.90319	-0.000754624	1	
1.90319	-0.00074545	1	
1.90319	-0.000736041	1	
1.90319	-0.000726389	1	
1.90319	-0.000716541	1	
1.90318	-0.000706314	1	
1.90318	-0.000695794	1	
1.90318	-0.000684893	1	
1.90318	-0.00067384	1	
1.90318	-0.000662771	1	
1.90318	-0.000651518	1	
1.90318	-0.000640098	1	
1.90318	-0.000628492	1	
1.90317	-0.000616736	1	
1.90317	-0.000604707	1	
1.90317	-0.000592677	1	
1.90317	-0.000580607	1	
1.90317	-0.000568503	1	
1.90317	-0.000556326	1	
1.90317	-0.000544004	1	
1.90317	-0.000531654	1	
1.90316	-0.000519412	1	
1.90316	-0.000507238	1	
1.90316	-0.000495158	1	
1.90316	-0.000482969	1	
1.90316	-0.00047067	1	
1.90316	-0.000458489	1	
1.90316	-0.000446322	1	
1.90316	-0.000434142	1	
1.90316	-0.000421938	1	
1.90316	-0.000409689	1	
1.90316	-0.000397433	1	
1.90316	-0.000385233	1	
1.90315	-0.000373128	1	
1.90315	-0.000361305	1	
1.90315	-0.00034967	1	
1.90315	-0.000338313	1	
1.90315	-0.000327145	1	
1.90315	-0.000316248	1	
1.90315	-0.000305618	1	
1.90315	-0.000295161	1	
1.90315	-0.000285014	1	
1.90315	-0.000275253	1	
1.90315	-0.000265853	1	
1.90315	-0.000256922	1	
1.90315	-0.000248351	1	
1.90315	-0.000240211	1	
1.90315	-0.000232526	1	
1.90315	-0.000225242	1	
1.90315	-0.000218261	1	
1.90314	-0.000211559	1	
1.90314	-0.000205014	1	
1.90314	-0.000198798	1	
1.90314	-0.000192765	1	
1.90314	-0.000186915	1	
1.90314	-0.000181509	1	
1.90314	-0.00017638	1	
1.90314	-0.000171723	1	
1.90314	-0.000167506	1	
1.90314	-0.000163559	1	
1.90314	-0.000160059	1	
1.90314	-0.000156864	1	
1.90314	-0.000154338	1	
1.90314	-0.000152237	1	
1.90314	-0.000150349	1	
1.90314	-0.000148891	1	
1.90314	-0.00014788	1	
1.90314	-0.000147174	1	
1.90314	-0.00014682	1	
1.90314	-0.000146714	1	
1.90314	-0.000146846	1	
1.90314	-0.000147133	1	
1.90314	-0.000147733	1	
1.90314	-0.00014834	1	
1.90314	-0.000149142	1	
1.90314	-0.00015001	1	
1.90314	-0.000151116	1	
1.90314	-0.000152167	1	
1.90314	-0.000153361	1	
1.90314	-0.000154626	1	
1.90314	-0.00015572	1	
1.90313	-0.000156773	1	
1.90313	-0.000158027	1	
1.90313	-0.000159473	1	
1.90313	-0.000160837	1	
1.90313	-0.000162305	1	
1.90313	-0.000163811	1	
1.90313	-0.000165439	1	
1.90313	-0.000167285	1	
1.90313	-0.000169225	1	
1.90313	-0.00017111	1	
1.90313	-0.000173119	1	
1.90313	-0.00017508	1	
1.90313	-0.000177061	1	
1.90313	-0.000179007	1	
1.90313	-0.000180876	1	
1.90313	-0.000183031	1	
1.90313	-0.000185242	1	
1.90313	-0.00018744	1	
1.90313	-0.000189482	1	
1.90313	-0.000191446	1	
1.90313	-0.000193222	1	
1.90313	-0.000194899	1	
1.90313	-0.000196359	1	
1.90313	-0.000197609	1	
1.90313	-0.00019868	1	
1.90313	-0.000199573	1	
1.90313	-0.000200341	1	
1.90313	-0.000200973	1	
1.90312	-0.000201357	1	
1.90312	-0.000201518	1	
1.90312	-0.000201604	1	
1.90312	-0.000201603	1	
1.90312	-0.0002014	1	
1.90312	-0.000201017	1	
1.90312	-0.000200687	1	
1.90312	-0.000200372	1	
1.90312	-0.000200068	1	
1.90312	-0.000199745	1	
1.90312	-0.000199382	1	
1.90312	-0.000198964	1	
1.90312	-0.000198478	1	
1.90312	-0.000197939	1	
1.90312	-0.000197383	1	
1.90312	-0.000196791	1	
1.90312	-0.00019615	1	
1.90312	-0.000195449	1	
1.90312	-0.000194696	1	
1.90312	-0.00019412	1	
1.90312	-0.000193561	1	
1.90312	-0.000193085	1	
1.90312	-0.000192556	1	
1.90312	-0.000191964	1	
1.90312	-0.00019132	1	
1.90311	-0.000190616	1	
1.90311	-0.000189846	1	
1.90311	-0.000189008	1	
1.90311	-0.000188099	1	
1.90311	-0.000187334	1	
1.90311	-0.00018678	1	
1.90311	-0.00018626	1	
1.90311	-0.000185743	1	
1.90311	-0.000185435	1	
1.90311	-0.000185261	1	
1.90311	-0.000185162	1	
1.90311	-0.000185093	1	
1.90311	-0.000185141	1	
1.90311	-0.000185249	1	
1.90311	-0.000185193	1	
1.90311	-0.000185063	1	
1.90311	-0.000184822	1	
1.90311	-0.000184597	1	
1.90311	-0.000184358	1	
1.90311	-0.000184084	1	
1.90311	-0.000183758	1	
1.90311	-0.000183494	1	
1.90311	-0.000183329	1	
1.90311	-0.00018335	1	
1.90311	-0.000183484	1	
1.90311	-0.000183673	1	
1.90311	-0.000184	1	
1.9031	-0.000184398	1	
1.9031	-0.000184818	1	
1.9031	-0.000185221	1	
1.9031	-0.000185478	1	
1.9031	-0.000185594	1	
1.9031	-0.000185575	1	
1.9031	-0.000185773	1	
1.9031	-0.000186107	1	
1.9031	-0.000186434	1	
1.9031	-0.000186799	1	
1.9031	-0.000187162	1	
1.9031	-0.000187413	1	
1.9031	-0.000187626	1	
1.9031	-0.000187702	1	
1.9031	-0.000187723	1	
1.9031	-0.000187795	1	
1.9031	-0.0001881	1	
1.9031	-0.000188449	1	
1.9031	-0.000188799	1	
1.9031	-0.000189117	1	
1.9031	-0.000189378	1	
1.9031	-0.00018958	1	
1.9031	-0.000189692	1	
1.9031	-0.000189704	1	
1.9031	-0.000189614	1	
1.9031	-0.000189471	1	
1.9031	-0.000189339	1	
1.90309	-0.000189331	1	
1.90309	-0.000189469	1	
1.90309	-0.000189606	1	
1.90309	-0.000189792	1	
1.90309	-0.000189801	1	
1.90309	-0.000189648	1	
1.90309	-0.000189645	1	
1.90309	-0.000189642	1	
1.90309	-0.000189818	1	
1.90309	-0.000190019	1	
1.90309	-0.000190251	1	
1.90309	-0.000190473	1	
1.90309	-0.000190658	1	
1.90309	-0.000190783	1	
1.90309	-0.000191093	1	
1.90309	-0.000191686	1	
1.90309	-0.000192281	1	
1.90309	-0.000192923	1	
1.90309	-0.000193528	1	
1.90309	-0.000194158	1	
1.90309	-0.000194692	1	
1.90309	-0.000195331	1	
1.90309	-0.000196012	1	
1.90309	-0.000196813	1	
1.90309	-0.000197706	1	
1.90309	-0.000198627	1	
1.90308	-0.000199528	1	
1.90308	-0.000200767	1	
1.90308	-0.000202215	1	
1.90308	-0.000203772	1	
1.90308	-0.000205406	1	
1.90308	-0.000207048	1	
1.90308	-0.000208631	1	
1.90308	-0.000210159	1	
1.90308	-0.000211865	1	
1.90308	-0.000213564	1	
1.90308	-0.000215294	1	
1.90308	-0.000216953	1	
1.90308	-0.000218507	1	
1.90308	-0.000219929	1	
1.90308	-0.000221371	1	
1.90308	-0.000222669	1	
1.90308	-0.000224134	1	
1.90308	-0.000225617	1	
1.90308	-0.000227063	1	
1.90308	-0.000228428	1	
1.90308	-0.000229806	1	
1.90308	-0.000231178	1	
1.90308	-0.000232495	1	
1.90307	-0.000233638	1	
1.90307	-0.000234728	1	
1.90307	-0.00023585	1	
1.90307	-0.00023686	1	
1.90307	-0.000237947	1	
1.90307	-0.000239178	1	
1.90307	-0.000240468	1	
1.90307	-0.000241786	1	
1.90307	-0.000243297	1	
1.90307	-0.000244892	1	
1.90307	-0.000246434	1	
1.90307	-0.000247977	1	
1.90307	-0.000249368	1	
1.90307	-0.000250914	1	
1.90307	-0.000252423	1	
1.90307	-0.000254018	1	
1.90307	-0.000255621	1	
1.90307	-0.000257063	1	
1.90307	-0.000258329	1	
1.90307	-0.000259406	1	
1.90306	-0.000260463	1	
1.90306	-0.000261451	1	
1.90306	-0.000262551	1	
1.90306	-0.000263682	1	
1.90306	-0.000264676	1	
1.90306	-0.00026564	1	
1.90306	-0.000266532	1	
1.90306	-0.000267316	1	
1.90306	-0.000268189	1	
1.90306	-0.000269076	1	
1.90306	-0.000269901	1	
1.90306	-0.000270897	1	
1.90306	-0.000272012	1	
1.90306	-0.00027316	1	
1.90306	-0.000274281	1	
1.90306	-0.000275136	1	
1.90306	-0.000276054	1	
1.90306	-0.000276868	1	
1.90306	-0.000277601	1	
1.90305	-0.000278551	1	
1.90305	-0.000279521	1	
1.90305	-0.00028045	1	
1.90305	-0.000281296	1	
1.90305	-0.000281921	1	
1.90305	-0.000282329	1	
1.90305	-0.000282526	1	
1.90305	-0.000282783	1	
1.90305	-0.000282943	1	
1.90305	-0.000283107	1	
1.90305	-0.000283229	1	
1.90305	-0.000283169	1	
1.90305	-0.00028293	1	
1.90305	-0.000282516	1	
1.90305	-0.000281826	1	
1.90305	-0.000281117	1	
1.90305	-0.000280482	1	
1.90305	-0.000279815	1	
1.90304	-0.00027909	1	
1.90304	-0.000278289	1	
1.90304	-0.000277411	1	
1.90304	-0.000276537	1	
1.90304	-0.000275541	1	
1.90304	-0.000274637	1	
1.90304	-0.000273807	1	
1.90304	-0.000273095	1	
1.90304	-0.000272438	1	
1.90304	-0.000271603	1	
1.90304	-0.000270602	1	
1.90304	-0.000269448	1	
1.90304	-0.000268353	1	
1.90304	-0.000267178	1	
1.90304	-0.000265917	1	
1.90304	-0.000264685	1	
1.90304	-0.00026345	1	
1.90304	-0.000262358	1	
1.90303	-0.000261251	1	
1.90303	-0.000260107	1	
1.90303	-0.000259117	1	
1.90303	-0.000258216	1	
1.90303	-0.000257234	1	
1.90303	-0.000256163	1	
1.90303	-0.000255131	1	
1.90303	-0.000254102	1	
1.90303	-0.000252952	1	
1.90303	-0.000251687	1	
1.90303	-0.000250312	1	
1.90303	-0.000248724	1	
1.90303	-0.000247086	1	
1.90303	-0.000245394	1	
1.90303	-0.000243644	1	
1.90303	-0.000241834	1	
1.90303	-0.000240001	1	
1.90303	-0.000238347	1	
1.90303	-0.00023681	1	
1.90303	-0.00023526	1	
1.90302	-0.000233672	1	
1.90302	-0.000231953	1	
1.90302	-0.000230207	1	
1.90302	-0.000228556	1	
1.90302	-0.000226961	1	
1.90302	-0.000225415	1	
1.90302	-0.00022389	1	
1.90302	-0.000222366	1	
1.90302	-0.000220827	1	
1.90302	-0.000219263	1	
1.90302	-0.000217665	1	
1.90302	-0.000216145	1	
1.90302	-0.00021467	1	
1.90302	-0.00021334	1	
1.90302	-0.000212103	1	
1.90302	-0.000210918	1	
1.90302	-0.000209757	1	
1.90302	-0.000208594	1	
1.90302	-0.000207313	1	
1.90302	-0.000205927	1	
1.90302	-0.000204447	1	
1.90302	-0.000202884	1	
1.90302	-0.00020159	1	
1.90301	-0.000200401	1	
1.90301	-0.000199358	1	
1.90301	-0.000198325	1	
1.90301	-0.000197264	1	
1.90301	-0.000196166	1	
1.90301	-0.000195024	1	
1.90301	-0.00019387	1	
1.90301	-0.000192775	1	
1.90301	-0.000191626	1	
1.90301	-0.000190505	1	
1.90301	-0.000189607	1	
1.90301	-0.000188781	1	
1.90301	-0.000188068	1	
1.90301	-0.000187467	1	
1.90301	-0.000186929	1	
1.90301	-0.000186418	1	
1.90301	-0.000185904	1	
1.90301	-0.000185366	1	
1.90301	-0.000184707	1	
1.90301	-0.000184141	1	
1.90301	-0.000183439	1	
1.90301	-0.000182747	1	
1.90301	-0.000182169	1	
1.90301	-0.000181658	1	
1.90301	-0.000181311	1	
1.90301	-0.000181064	1	
1.90301	-0.000180868	1	
1.903	-0.000180686	1	
1.903	-0.00018049	1	
1.903	-0.000180257	1	
1.903	-0.000180097	1	
1.903	-0.000179966	1	
1.903	-0.000179831	1	
1.903	-0.000179786	1	
1.903	-0.000179705	1	
1.903	-0.000179799	1	
1.903	-0.000179997	1	
1.903	-0.000180368	1	
1.903	-0.000180955	1	
1.903	-0.000181589	1	
1.903	-0.000182225	1	
1.903	-0.000183047	1	
1.903	-0.000184021	1	
1.903	-0.000185069	1	
1.903	-0.00018604	1	
1.903	-0.000187047	1	
1.903	-0.000188072	1	
1.903	-0.000189168	1	
1.903	-0.000190177	1	
1.903	-0.000191342	1	
1.903	-0.000192674	1	
1.903	-0.000193996	1	
1.903	-0.000195397	1	
1.903	-0.000196722	1	
1.90299	-0.000197943	1	
1.90299	-0.00019904	1	
1.90299	-0.000200131	1	
1.90299	-0.000201172	1	
1.90299	-0.000202177	1	
1.90299	-0.000203332	1	
1.90299	-0.000204557	1	
1.90299	-0.000205788	1	
1.90299	-0.000206978	1	
1.90299	-0.000208091	1	
1.90299	-0.000209102	1	
1.90299	-0.000209991	1	
1.90299	-0.000210747	1	
1.90299	-0.000211485	1	
1.90299	-0.000212388	1	
1.90299	-0.000213374	1	
1.90299	-0.000214377	1	
1.90299	-0.000215398	1	
1.90299	-0.000216183	1	
1.90299	-0.000216846	1	
1.90299	-0.000217278	1	
1.90299	-0.000217597	1	
1.90299	-0.000217917	1	
1.90299	-0.000218325	1	
1.90298	-0.000218858	1	
1.90298	-0.000219349	1	
1.90298	-0.000219867	1	
1.90298	-0.000220267	1	
1.90298	-0.000220541	1	
1.90298	-0.000220684	1	
1.90298	-0.00022082	1	
1.90298	-0.000221139	1	
1.90298	-0.000221557	1	
1.90298	-0.000222107	1	
1.90298	-0.000222523	1	
1.90298	-0.000222898	1	
1.90298	-0.000223106	1	
1.90298	-0.000223274	1	
1.90298	-0.000223378	1	
1.90298	-0.000223397	1	
1.90298	-0.000223319	1	
1.90298	-0.000223349	1	
1.90298	-0.000223426	1	
1.90298	-0.000223504	1	
1.90298	-0.000223776	1	
1.90298	-0.000224156	1	
1.90297	-0.000224512	1	
1.90297	-0.000224879	1	
1.90297	-0.000225362	1	
1.90297	-0.000226018	1	
1.90297	-0.000226724	1	
1.90297	-0.000227464	1	
1.90297	-0.000228146	1	
1.90297	-0.000228896	1	
1.90297	-0.000229772	1	
1.90297	-0.000230699	1	
1.90297	-0.000231542	1	
1.90297	-0.000232316	1	
1.90297	-0.000233077	1	
1.90297	-0.000233864	1	
1.90297	-0.000234368	1	
1.90297	-0.000234698	1	
1.90297	-0.000234777	1	
1.90297	-0.000234838	1	
1.90297	-0.000234897	1	
1.90297	-0.000234917	1	
1.90297	-0.000234995	1	
1.90297	-0.000234974	1	
1.90296	-0.000235069	1	
1.90296	-0.000235216	1	
1.90296	-0.000235364	1	
1.90296	-0.00023569	1	
1.90296	-0.000236159	1	
1.90296	-0.000236695	1	
1.90296	-0.000237353	1	
1.90296	-0.000238057	1	
1.90296	-0.000239098	1	
1.90296	-0.000240391	1	
1.90296	-0.000241823	1	
1.90296	-0.000243424	1	
1.90296	-0.000245098	1	
1.90296	-0.000246989	1	
1.90296	-0.000248984	1	
1.90296	-0.000251265	1	
1.90296	-0.00025371	1	
1.90296	-0.000256211	1	
1.90296	-0.000258907	1	
1.90296	-0.00026168	1	
1.90295	-0.000264657	1	
1.90295	-0.000267605	1	
1.90295	-0.000270455	1	
1.90295	-0.000273282	1	
1.90295	-0.00027624	1	
1.90295	-0.000279109	1	
1.90295	-0.000281834	1	
1.90295	-0.000284597	1	
1.90295	-0.000287437	1	
1.90295	-0.00029038	1	
1.90295	-0.000293358	1	
1.90295	-0.000296284	1	
1.90295	-0.00029922	1	
1.90295	-0.000302084	1	
1.90295	-0.000304612	1	
1.90295	-0.000306902	1	
1.90295	-0.000309194	1	
1.90294	-0.000311508	1	
1.90294	-0.000313654	1	
1.90294	-0.000315631	1	
1.90294	-0.000317501	1	
1.90294	-0.000319129	1	
1.90294	-0.000320721	1	
1.90294	-0.000322347	1	
1.90294	-0.000323834	1	
1.90294	-0.000325135	1	
1.90294	-0.000326262	1	
1.90294	-0.000327286	1	
1.90294	-0.000328307	1	
1.90294	-0.000329251	1	
1.90294	-0.000329983	1	
1.90294	-0.000330833	1	
1.90294	-0.000331713	1	
1.90293	-0.000332453	1	
1.90293	-0.00033303	1	
1.90293	-0.000333425	1	
1.90293	-0.000333629	1	
1.90293	-0.000333636	1	
1.90293	-0.000333686	1	
1.90293	-0.000333718	1	
1.90293	-0.000333685	1	
1.90293	-0.000333554	1	
1.90293	-0.000333199	1	
1.90293	-0.000332629	1	
1.90293	-0.000332192	1	
1.90293	-0.000331809	1	
1.90293	-0.000331423	1	
1.90293	-0.000330887	1	
1.90292	-0.000330196	1	
1.90292	-0.000329574	1	
1.90292	-0.000328976	1	
1.90292	-0.000328568	1	
1.90292	-0.000328258	1	
1.90292	-0.000327977	1	
1.90292	-0.000327692	1	
1.90292	-0.000327679	1	
1.90292	-0.000327849	1	
1.90292	-0.000328422	1	
1.90292	-0.000329145	1	
1.90292	-0.000330045	1	
1.90292	-0.000331018	1	
1.90292	-0.000332103	1	
1.90292	-0.000333334	1	
1.90291	-0.000334608	1	
1.90291	-0.00033585	1	
1.90291	-0.000336897	1	
1.90291	-0.000337997	1	
1.90291	-0.000339202	1	
1.90291	-0.000340328	1	
1.90291	-0.000341325	1	
1.90291	-0.000342162	1	
1.90291	-0.000343029	1	
1.90291	-0.00034387	1	
1.90291	-0.000344628	1	
1.90291	-0.000345262	1	
1.90291	-0.000345644	1	
1.90291	-0.000345778	1	
1.90291	-0.000345891	1	
1.9029	-0.00034587	1	
1.9029	-0.000345777	1	
1.9029	-0.000345391	1	
1.9029	-0.000344822	1	
1.9029	-0.000344254	1	
1.9029	-0.000343531	1	
1.9029	-0.000342777	1	
1.9029	-0.000342178	1	
1.9029	-0.000341546	1	
1.9029	-0.000340887	1	
1.9029	-0.000340387	1	
1.9029	-0.000339859	1	
1.9029	-0.000339438	1	
1.9029	-0.000339052	1	
1.90289	-0.00033878	1	
1.90289	-0.000338624	1	
1.90289	-0.000338553	1	
1.90289	-0.00033872	1	
1.90289	-0.000338953	1	
1.90289	-0.000339225	1	
1.90289	-0.0003396	1	
1.90289	-0.000340125	1	
1.90289	-0.0003408	1	
1.90289	-0.000341478	1	
1.90289	-0.000342326	1	
1.90289	-0.000343373	1	
1.90289	-0.000344635	1	
1.90289	-0.000346034	1	
1.90289	-0.000347511	1	
1.90288	-0.000349323	1	
1.90288	-0.000351356	1	
1.90288	-0.000353692	1	
1.90288	-0.000356219	1	
1.90288	-0.000359183	1	
1.90288	-0.000362429	1	
1.90288	-0.000365919	1	
1.90288	-0.000369758	1	
1.90288	-0.000373807	1	
1.90288	-0.000378173	1	
1.90288	-0.000382894	1	
1.90288	-0.000387815	1	
1.90288	-0.000393029	1	
1.90287	-0.000398691	1	
1.90287	-0.000404703	1	
1.90287	-0.000410974	1	
1.90287	-0.00041756	1	
1.90287	-0.000424371	1	
1.90287	-0.000431468	1	
1.90287	-0.000438757	1	
1.90287	-0.000446079	1	
1.90287	-0.000453492	1	
1.90287	-0.000461071	1	
1.90287	-0.000468825	1	
1.90287	-0.000476674	1	
1.90286	-0.000484694	1	
1.90286	-0.000492793	1	
1.90286	-0.000501133	1	
1.90286	-0.000509519	1	
1.90286	-0.000517881	1	
1.90286	-0.000526269	1	
1.90286	-0.000534619	1	
1.90286	-0.00054293	1	
1.90286	-0.000551372	1	
1.90285	-0.000559648	1	
1.90285	-0.000567817	1	
1.90285	-0.000575774	1	
1.90285	-0.000583593	1	
1.90285	-0.000591505	1	
1.90285	-0.000599347	1	
1.90285	-0.000607158	1	
1.90285	-0.000614896	1	
1.90285	-0.000622523	1	
1.90284	-0.000630346	1	
1.90284	-0.000638047	1	
1.90284	-0.000645672	1	
1.90284	-0.000653114	1	
1.90284	-0.000660513	1	
1.90284	-0.000667571	1	
1.90284	-0.000674687	1	
1.90283	-0.000681495	1	
1.90283	-0.000688234	1	
1.90283	-0.000694815	1	
1.90283	-0.000701135	1	
1.90283	-0.000707456	1	
1.90283	-0.000713477	1	
1.90283	-0.000719299	1	
1.90282	-0.000724709	1	
1.90282	-0.000729756	1	
1.90282	-0.00073444	1	
1.90282	-0.0007386	1	
1.90282	-0.000742333	1	
1.90282	-0.000745588	1	
1.90282	-0.000748347	1	
1.90281	-0.000750587	1	
1.90281	-0.00075242	1	
1.90281	-0.000753935	1	
1.90281	-0.000754968	1	
1.90281	-0.000755455	1	
1.90281	-0.000755331	1	
1.90281	-0.000754423	1	
1.9028	-0.000752614	1	
1.9028	-0.000749849	1	
1.9028	-0.000746318	1	
1.9028	-0.000741513	1	
1.9028	-0.000735198	1	
1.9028	-0.000727306	1	
1.9028	-0.000717833	1	
1.90279	-0.000707128	1	
1.90279	-0.000695219	1	
1.90279	-0.000682255	1	
1.90279	-0.00066846	1	
1.90279	-0.000653902	1	
1.90279	-0.00063863	1	
1.90279	-0.000622593	1	
1.90278	-0.000605868	1	
1.90278	-0.000588425	1	
1.90278	-0.000570574	1	
1.90278	-0.000552331	1	
1.90278	-0.000533832	1	
1.90278	-0.00051497	1	
1.90278	-0.000495872	1	
1.90278	-0.000476483	1	
1.90278	-0.000456732	1	
1.90278	-0.000436551	1	
1.90277	-0.00041581	1	
1.90277	-0.000394611	1	
1.90277	-0.000372965	1	
1.90277	-0.00035119	1	
1.90277	-0.000329301	1	
1.90277	-0.000307354	1	
1.90277	-0.000285469	1	
1.90277	-0.000263644	1	
1.90277	-0.000241982	1	
1.90277	-0.00022067	1	
1.90277	-0.000199845	1	
1.90277	-0.000179608	1	
1.90277	-0.000159921	1	
1.90277	-0.000140862	1	
1.90277	-0.000122597	1	
1.90277	-0.000105132	1	
1.90277	-8.83539e-05	1	
1.90277	-7.22838e-05	1	
1.90277	-5.69303e-05	1	
1.90277	-4.21962e-05	1	
1.90277	-2.81007e-05	1	
1.90277	-1.48681e-05	1	
1.90277	-2.4435e-06	1	
1.90277	9.00241e-06	1	
1.90277	1.95708e-05	1	
1.90277	2.91273e-05	1	
1.90277	3.75731e-05	1	
1.90277	4.50737e-05	1	
1.90277	5.15497e-05	1	
1.90277	5.71671e-05	1	
1.90277	6.19215e-05	1	
1.90277	6.58759e-05	1	
1.90277	6.91727e-05	1	
1.90277	7.20024e-05	1	
1.90277	7.43524e-05	1	
1.90277	7.63834e-05	1	
1.90277	7.80556e-05	1	
1.90277	7.95075e-05	1	
1.90277	8.07638e-05	1	
1.90277	8.18452e-05	1	
1.90277	8.27694e-05	1	
1.90277	8.35514e-05	1	
1.90277	8.4204e-05	1	
1.90277	8.47386e-05	1	
1.90277	8.49432e-05	1	
1.90277	8.48839e-05	1	
1.90277	8.46132e-05	1	
1.90277	8.41738e-05	1	
1.90277	8.34775e-05	1	
1.90277	8.25831e-05	1	
1.90277	8.12747e-05	1	
1.90277	7.96574e-05	1	
1.90277	7.78148e-05	1	
1.90277	7.58127e-05	1	
1.90277	7.37031e-05	1	
1.90277	7.15267e-05	1	
1.90277	6.94013e-05	1	
1.90277	6.72436e-05	1	
1.90277	6.50776e-05	1	
1.90277	6.30074e-05	1	
1.90277	6.08903e-05	1	
1.90277	5.88453e-05	1	
1.90277	5.65642e-05	1	
1.90277	5.4217e-05	1	
1.90277	5.184e-05	1	
1.90277	4.93685e-05	1	
1.90277	4.6941e-05	1	
1.90277	4.44449e-05	1	
1.90277	4.19203e-05	1	
1.90277	3.93518e-05	1	
1.90277	3.67751e-05	1	
1.90277	3.42179e-05	1	
1.90277	3.15768e-05	1	
1.90277	2.88997e-05	1	
1.90277	2.6181e-05	1	
1.90277	2.34597e-05	1	
1.90277	2.06417e-05	1	
1.90277	1.77816e-05	1	
1.90277	1.49216e-05	1	
1.90277	1.20454e-05	1	
1.90277	8.9689e-06	1	
1.90277	5.77725e-06	1	
1.90277	2.48255e-06	1	
1.90277	-8.5049e-07	1	
1.90277	-4.17209e-06	1	
1.90277	-7.44436e-06	1	
1.90277	-1.06388e-05	1	
1.90277	-1.37696e-05	1	
1.90277	-1.68126e-05	1	
1.90277	-1.97501e-05	1	
1.90277	-2.27849e-05	1	
1.90277	-2.58934e-05	1	
1.90277	-2.91402e-05	1	
1.90277	-3.24477e-05	1	
1.90277	-3.57561e-05	1	
1.90277	-3.90633e-05	1	
1.90277	-4.24264e-05	1	
1.90277	-4.5682e-05	1	
1.90277	-4.88106e-05	1	
1.90277	-5.17982e-05	1	
1.90277	-5.47732e-05	1	
1.90277	-5.77327e-05	1	
1.90277	-6.05523e-05	1	
1.90277	-6.3479e-05	1	
1.90277	-6.65328e-05	1	
1.90277	-6.95444e-05	1	
1.90277	-7.24773e-05	1	
1.90277	-7.53957e-05	1	
1.90277	-7.82069e-05	1	
1.90277	-8.09847e-05	1	
1.90277	-8.37275e-05	1	
1.90277	-8.63983e-05	1	
1.90277	-8.89695e-05	1	
1.90277	-9.14211e-05	1	
1.90277	-9.37392e-05	1	
1.90277	-9.58728e-05	1	
1.90277	-9.79058e-05	1	
1.90277	-9.98237e-05	1	
1.90277	-0.000101617	1	
1.90277	-0.00010354	1	
1.90277	-0.000105543	1	
1.90277	-0.000107546	1	
1.90277	-0.000109509	1	
1.90277	-0.000111401	1	
1.90277	-0.0001132	1	
1.90277	-0.00011491	1	
1.90277	-0.000116639	1	
1.90277	-0.000118344	1	
1.90277	-0.000119908	1	
1.90277	-0.000121414	1	
1.90277	-0.000122754	1	
1.90277	-0.000124019	1	
1.90277	-0.000125416	1	
1.90277	-0.000126924	1	
1.90277	-0.000128477	1	
1.90277	-0.000130028	1	
1.90277	-0.000131458	1	
1.90276	-0.00013284	1	
1.90276	-0.00013407	1	
1.90276	-0.000135228	1	
1.90276	-0.000136299	1	
1.90276	-0.000137229	1	
1.90276	-0.000138323	1	
1.90276	-0.000139507	1	
1.90276	-0.000140641	1	
1.90276	-0.000141785	1	
1.90276	-0.000142818	1	
1.90276	-0.000143817	1	
1.90276	-0.000144672	1	
1.90276	-0.000145514	1	
1.90276	-0.000146229	1	
1.90276	-0.000146942	1	
1.90276	-0.000147706	1	
1.90276	-0.00014862	1	
1.90276	-0.000149698	1	
1.90276	-0.0001507	1	
1.90276	-0.000151688	1	
1.90276	-0.000152551	1	
1.90276	-0.000153368	1	
1.90276	-0.000154116	1	
1.90276	-0.00015478	1	
1.90276	-0.000155397	1	
1.90276	-0.000155858	1	
1.90276	-0.000156262	1	
1.90276	-0.000156503	1	
1.90276	-0.000156904	1	
1.90276	-0.000157307	1	
1.90276	-0.000157773	1	
1.90276	-0.000158252	1	
1.90276	-0.000158626	1	
1.90275	-0.00015906	1	
1.90275	-0.000159427	1	
1.90275	-0.000159848	1	
1.90275	-0.000160252	1	
1.90275	-0.00016055	1	
1.90275	-0.00016074	1	
1.90275	-0.000160869	1	
1.90275	-0.000161009	1	
1.90275	-0.000161047	1	
1.90275	-0.000160985	1	
1.90275	-0.000160908	1	
1.90275	-0.000160711	1	
1.90275	-0.000160487	1	
1.90275	-0.000160359	1	
1.90275	-0.000160279	1	
1.90275	-0.000160213	1	
1.90275	-0.000160135	1	
1.90275	-0.000160107	1	
1.90275	-0.000160011	1	
1.90275	-0.000160047	1	
1.90275	-0.000160074	1	
1.90275	-0.000160071	1	
1.90275	-0.00016002	1	
1.90275	-0.00015991	1	
1.90275	-0.000159733	1	
1.90275	-0.000159826	1	
1.90275	-0.000160098	1	
1.90275	-0.000160478	1	
1.90275	-0.00016091	1	
1.90275	-0.000161352	1	
1.90275	-0.000161772	1	
1.90275	-0.000162145	1	
1.90274	-0.000162455	1	
1.90274	-0.000162689	1	
1.90274	-0.000162837	1	
1.90274	-0.000162895	1	
1.90274	-0.00016286	1	
1.90274	-0.000162857	1	
1.90274	-0.000163077	1	
1.90274	-0.000163438	1	
1.90274	-0.000163875	1	
1.90274	-0.000164665	1	
1.90274	-0.000165574	1	
1.90274	-0.000166539	1	
1.90274	-0.000167509	1	
1.90274	-0.000168555	1	
1.90274	-0.000169511	1	
1.90274	-0.000170472	1	
1.90274	-0.000171525	1	
1.90274	-0.000172829	1	
1.90274	-0.00017428	1	
1.90274	-0.000175798	1	
1.90274	-0.000177214	1	
1.90274	-0.000178617	1	
1.90274	-0.000180045	1	
1.90274	-0.00018137	1	
1.90274	-0.000182793	1	
1.90274	-0.000184248	1	
1.90274	-0.000185782	1	
1.90274	-0.000187643	1	
1.90273	-0.000189615	1	
1.90273	-0.000191921	1	
1.90273	-0.000194559	1	
1.90273	-0.000197386	1	
1.90273	-0.000200291	1	
1.90273	-0.000203189	1	
1.90273	-0.000206312	1	
1.90273	-0.000209502	1	
1.90273	-0.000212797	1	
1.90273	-0.000216006	1	
1.90273	-0.000219393	1	
1.90273	-0.000222839	1	
1.90273	-0.000226372	1	
1.90273	-0.000229989	1	
1.90273	-0.000233494	1	
1.90273	-0.000236978	1	
1.90273	-0.000240277	1	
1.90273	-0.000243451	1	
1.90273	-0.000246489	1	
1.90273	-0.000249442	1	
1.90273	-0.000252284	1	
1.90273	-0.000254899	1	
1.90273	-0.000257591	1	
1.90272	-0.000260179	1	
1.90272	-0.000262746	1	
1.90272	-0.000265134	1	
1.90272	-0.000267318	1	
1.90272	-0.000269498	1	
1.90272	-0.000271783	1	
1.90272	-0.000274172	1	
1.90272	-0.000276475	1	
1.90272	-0.000278804	1	
1.90272	-0.000281082	1	
1.90272	-0.000283251	1	
1.90272	-0.00028527	1	
1.90272	-0.00028737	1	
1.90272	-0.000289463	1	
1.90272	-0.000291482	1	
1.90272	-0.000293417	1	
1.90272	-0.000295344	1	
1.90272	-0.000297198	1	
1.90271	-0.000298974	1	
1.90271	-0.000300623	1	
1.90271	-0.000302112	1	
1.90271	-0.000303416	1	
1.90271	-0.00030456	1	
1.90271	-0.000305606	1	
1.90271	-0.000306437	1	
1.90271	-0.000307131	1	
1.90271	-0.000307715	1	
1.90271	-0.000308292	1	
1.90271	-0.000309018	1	
1.90271	-0.000309801	1	
1.90271	-0.000310571	1	
1.90271	-0.000311274	1	
1.90271	-0.000312004	1	
1.90271	-0.000312697	1	
1.9027	-0.000313527	1	
1.9027	-0.000314404	1	
1.9027	-0.000315298	1	
1.9027	-0.000316146	1	
1.9027	-0.000316902	1	
1.9027	-0.000317532	1	
1.9027	-0.00031814	1	
1.9027	-0.000318677	1	
1.9027	-0.000319104	1	
1.9027	-0.000319612	1	
1.9027	-0.000320127	1	
1.9027	-0.000320593	1	
1.9027	-0.000321096	1	
1.9027	-0.000321482	1	
1.9027	-0.000321817	1	
1.9027	-0.000321971	1	
1.90269	-0.000322028	1	
1.90269	-0.000322086	1	
1.90269	-0.000322093	1	
1.90269	-0.000322015	1	
1.90269	-0.000321959	1	
1.90269	-0.000322086	1	
1.90269	-0.000322302	1	
1.90269	-0.000322442	1	
1.90269	-0.000322566	1	
1.90269	-0.000322536	1	
1.90269	-0.000322433	1	
1.90269	-0.000322175	1	
1.90269	-0.000321932	1	
1.90269	-0.000321563	1	
1.90269	-0.000321011	1	
1.90268	-0.000320581	1	
1.90268	-0.000320117	1	
1.90268	-0.000319759	1	
1.90268	-0.000319346	1	
1.90268	-0.000318765	1	
1.90268	-0.000318099	1	
1.90268	-0.000317247	1	
1.90268	-0.000316421	1	
1.90268	-0.000315577	1	
1.90268	-0.000314682	1	
1.90268	-0.000313711	1	
1.90268	-0.000312648	1	
1.90268	-0.000311481	1	
1.90268	-0.000310203	1	
1.90268	-0.00030881	1	
1.90268	-0.0003073	1	
1.90267	-0.000305895	1	
1.90267	-0.00030454	1	
1.90267	-0.000303112	1	
1.90267	-0.000301681	1	
1.90267	-0.000300261	1	
1.90267	-0.000298903	1	
1.90267	-0.000297481	1	
1.90267	-0.000296064	1	
1.90267	-0.000294624	1	
1.90267	-0.000293139	1	
1.90267	-0.000291593	1	
1.90267	-0.000289897	1	
1.90267	-0.000288143	1	
1.90267	-0.000286244	1	
1.90267	-0.000284296	1	
1.90267	-0.00028229	1	
1.90267	-0.000280143	1	
1.90266	-0.000277953	1	
1.90266	-0.000275635	1	
1.90266	-0.000273287	1	
1.90266	-0.000270824	1	
1.90266	-0.000268342	1	
1.90266	-0.000265756	1	
1.90266	-0.000263162	1	
1.90266	-0.000260555	1	
1.90266	-0.000258198	1	
1.90266	-0.000256102	1	
1.90266	-0.000254107	1	
1.90266	-0.000252256	1	
1.90266	-0.000250499	1	
1.90266	-0.000248713	1	
1.90266	-0.000246971	1	
1.90266	-0.000245165	1	
1.90266	-0.000243377	1	
1.90266	-0.000241505	1	
1.90266	-0.000239556	1	
1.90266	-0.000237619	1	
1.90265	-0.000235721	1	
1.90265	-0.00023384	1	
1.90265	-0.00023196	1	
1.90265	-0.000230068	1	
1.90265	-0.000228155	1	
1.90265	-0.000226215	1	
1.90265	-0.000224244	1	
1.90265	-0.000222239	1	
1.90265	-0.000220412	1	
1.90265	-0.000218709	1	
1.90265	-0.000217173	1	
1.90265	-0.000215661	1	
1.90265	-0.000214155	1	
1.90265	-0.000212639	1	
1.90265	-0.0002111	1	
1.90265	-0.000209618	1	
1.90265	-0.000207996	1	
1.90265	-0.00020634	1	
1.90265	-0.000204646	1	
1.90265	-0.000203257	1	
1.90265	-0.000202172	1	
1.90265	-0.00020121	1	
1.90265	-0.000200322	1	
1.90264	-0.000199391	1	
1.90264	-0.000198489	1	
1.90264	-0.000197509	1	
1.90264	-0.000196532	1	
1.90264	-0.000195581	1	
1.90264	-0.000194715	1	
1.90264	-0.000193811	1	
1.90264	-0.000192859	1	
1.90264	-0.000191938	1	
1.90264	-0.000190938	1	
1.90264	-0.00019017	1	
1.90264	-0.000189519	1	
1.90264	-0.000188934	1	
1.90264	-0.000188377	1	
1.90264	-0.00018782	1	
1.90264	-0.000187448	1	
1.90264	-0.000187111	1	
1.90264	-0.000186817	1	
1.90264	-0.000186531	1	
1.90264	-0.000186227	1	
1.90264	-0.000185972	1	
1.90264	-0.000185641	1	
1.90264	-0.000185359	1	
1.90264	-0.000185087	1	
1.90264	-0.000184835	1	
1.90264	-0.000184572	1	
1.90263	-0.000184499	1	
1.90263	-0.00018454	1	
1.90263	-0.000184769	1	
1.90263	-0.000185109	1	
1.90263	-0.0001855	1	
1.90263	-0.000185897	1	
1.90263	-0.000186266	1	
1.90263	-0.000186582	1	
1.90263	-0.000186824	1	
1.90263	-0.000186981	1	
1.90263	-0.000187087	1	
1.90263	-0.000187124	1	
1.90263	-0.000187081	1	
1.90263	-0.000187071	1	
1.90263	-0.000187058	1	
1.90263	-0.000187015	1	
1.90263	-0.00018715	1	
1.90263	-0.000187388	1	
1.90263	-0.000187673	1	
1.90263	-0.000187961	1	
1.90263	-0.000188221	1	
1.90263	-0.000188427	1	
1.90263	-0.000188563	1	
1.90263	-0.000188614	1	
1.90263	-0.000188786	1	
1.90263	-0.00018893	1	
1.90263	-0.000189234	1	
1.90262	-0.000189627	1	
1.90262	-0.000190055	1	
1.90262	-0.000190474	1	
1.90262	-0.000190853	1	
1.90262	-0.000191169	1	
1.90262	-0.000191321	1	
1.90262	-0.000191403	1	
1.90262	-0.000191626	1	
1.90262	-0.000191925	1	
1.90262	-0.000192249	1	
1.90262	-0.000192683	1	
1.90262	-0.000193167	1	
1.90262	-0.000193653	1	
1.90262	-0.000194106	1	
1.90262	-0.000194499	1	
1.90262	-0.00019473	1	
1.90262	-0.00019489	1	
1.90262	-0.000194881	1	
1.90262	-0.0001948	1	
