10	0	1	
10	0	1	
10	0	1	
10	0	1	
10	0	1	
10	0	1	
10	0	1	
10	0	1	
10	0	1	
10	0	1	
10	0	1	
10	0	1	
10	0	1	
10	0	1	
10	0	1	
10	0	1	
10	0	1	
10	0	1	
10	0	1	
10	0	1	
10	0	1	
10	0	1	
10	0	1	
10	0	1	
10	0	1	
10	0	1	
10	0	1	
10	0	1	
10	0	1	
10	0	1	
10	0	1	
10	0	1	
10	0	1	
10	0	1	
10	0	1	
10	0	1	
10	0	1	
10	0	1	
10	0	1	
10	0	1	
10	0	1	
10	0	1	
10	0	1	
10	0	1	
10	0	1	
10	0	1	
10	0	1	
10	0	1	
10	0	1	
10	0	1	
10	0	1	
10	0	1	
10	0	1	
10	0	1	
10	0	1	
10	0	1	
10	0	1	
10	0	1	
10	0	1	
10	0	1	
10	0	1	
10	0	1	
10	0	1	
10	0	1	
10	0	1	
10	0	1	
10	0	1	
10	0	1	
10	0	1	
10	0	1	
10	0	1	
10	0	1	
10	0	1	
10	0	1	
10	0	1	
10	0	1	
10	0	1	
10	0	1	
10	0	1	
10	0	1	
10	0	1	
10	0	1	
10	0	1	
10	0	1	
10	0	1	
10	0	1	
10	0	1	
10	0	1	
10	0	1	
10	0	1	
10	0	1	
10	0	1	
10	0	1	
10	0	1	
10	0	1	
10	0	1	
10	0	1	
10	0	1	
10	0	1	
10	0	1	
10	0	1	
10	0	1	
10	0	1	
10	0	1	
10	0	1	
10	0	1	
10	0	1	
10	0	1	
10	0	1	
10	0	1	
10	0	1	
10	0	1	
10	0	1	
10	0	1	
10	0	1	
10	0	1	
10	0	1	
10	0	1	
10	0	1	
10	0	1	
10	0	1	
10	0	1	
10	0	1	
10	0	1	
10	0	1	
10	0	1	
10	0	1	
10	0	1	
10	0	1	
10	0	1	
10	0	1	
10	0	1	
10	0	1	
10	0	1	
10	0	1	
10	0	1	
10	0	1	
10	0	1	
10	0	1	
10	0	1	
10	0	1	
10	0	1	
10	0	1	
10	0	1	
10	0	1	
10	0	1	
10	0	1	
10	0	1	
10	0	1	
10	0	1	
10	0	1	
10	0	1	
10	0	1	
10	0	1	
10	0	1	
10	0	1	
10	0	1	
10	0	1	
10	0	1	
10	0	1	
10	0	1	
10	0	1	
10	0	1	
10	0	1	
10	0	1	
10	0	1	
10	0	1	
10	0	1	
10	0	1	
10	0	1	
10	0	1	
10	0	1	
10	0	1	
10	0	1	
10	0	1	
10	0	1	
10	0	1	
10	0	1	
10	0	1	
10	0	1	
10	0	1	
10	0	1	
10	0	1	
10	0	1	
10	0	1	
10	0	1	
10	0	1	
10	0	1	
10	0	1	
10	0	1	
10	0	1	
10	0	1	
10	0	1	
10	0	1	
10	0	1	
10	0	1	
10	0	1	
10	0	1	
10	0	1	
10	0	1	
10	0	1	
10	0	1	
10	0	1	
10	0	1	
10	0	1	
10	0	1	
10	0	1	
10	0	1	
10	0	1	
10	0	1	
10	0	1	
10	0	1	
10	0	1	
10	0	1	
10	0	1	
10	0	1	
10	0	1	
10	0	1	
10	0	1	
10	0	1	
10	0	1	
10	0	1	
10	0	1	
10	0	1	
10	0	1	
10	0	1	
10	0	1	
10	0	1	
10	0	1	
10	0	1	
10	0	1	
10	0	1	
10	0	1	
10	0	1	
10	0	1	
10	0	1	
10	0	1	
10	0	1	
10	0	1	
10	0	1	
10	0	1	
10	0	1	
10	0	1	
10	0	1	
10	0	1	
10	0	1	
10	0	1	
10	0	1	
10	0	1	
10	0	1	
10	0	1	
10	0	1	
10	0	1	
10	0	1	
10	0	1	
10	0	1	
10	0	1	
10	0	1	
10	0	1	
10	0	1	
10	0	1	
10	0	1	
10	0	1	
10	0	1	
10	0	1	
10	0	1	
10	0	1	
10	0	1	
10	0	1	
10	0	1	
10	0	1	
10	0	1	
10	0	1	
10	0	1	
10	0	1	
10	0	1	
10	0	1	
10	0	1	
10	0	1	
10	0	1	
10	0	1	
9.99998	-0.00808125	1	
9.99995	-0.0147735	1	
9.99991	-0.0203601	1	
9.99986	-0.0250682	1	
9.99981	-0.0290789	1	
9.99974	-0.0325378	1	
9.99967	-0.0355613	1	
9.99959	-0.0382427	1	
9.99951	-0.040657	1	
9.99943	-0.0428648	1	
9.99934	-0.0449136	1	
9.99924	-0.0468431	1	
9.99914	-0.0486852	1	
9.99904	-0.0504638	1	
9.99894	-0.0521998	1	
9.99883	-0.05391	1	
9.99872	-0.0556068	1	
9.99861	-0.0573009	1	
9.99849	-0.0590012	1	
9.99837	-0.0607142	1	
9.99824	-0.0624462	1	
9.99811	-0.0642014	1	
9.99798	-0.0659833	1	
9.99785	-0.0677955	1	
9.99771	-0.0696397	1	
9.99756	-0.0715199	1	
9.99742	-0.0734381	1	
9.99727	-0.0753965	1	
9.99711	-0.0773975	1	
9.99695	-0.0794423	1	
9.99679	-0.0815323	1	
9.99662	-0.0836681	1	
9.99645	-0.0858504	1	
9.99627	-0.088079	1	
9.99609	-0.0903532	1	
9.99591	-0.0926729	1	
9.99572	-0.0950372	1	
9.99552	-0.0974454	1	
9.99532	-0.0998975	1	
9.99512	-0.102394	1	
9.99491	-0.104936	1	
9.99469	-0.107521	1	
9.99447	-0.110152	1	
9.99425	-0.112827	1	
9.99402	-0.115546	1	
9.99378	-0.118309	1	
9.99354	-0.121117	1	
9.99329	-0.123972	1	
9.99304	-0.126875	1	
9.99278	-0.129827	1	
9.99251	-0.132828	1	
9.99224	-0.135879	1	
9.99196	-0.138982	1	
9.99168	-0.142141	1	
9.99139	-0.145358	1	
9.99109	-0.148637	1	
9.99078	-0.151977	1	
9.99047	-0.15538	1	
9.99016	-0.158846	1	
9.98983	-0.162374	1	
9.9895	-0.165967	1	
9.98916	-0.169629	1	
9.98881	-0.173361	1	
9.98846	-0.177166	1	
9.9881	-0.181049	1	
9.98773	-0.185013	1	
9.98735	-0.18906	1	
9.98696	-0.193194	1	
9.98657	-0.197419	1	
9.98616	-0.201736	1	
9.98575	-0.206152	1	
9.98533	-0.210669	1	
9.9849	-0.215292	1	
9.98446	-0.220021	1	
9.98401	-0.224854	1	
9.98355	-0.229791	1	
9.98308	-0.234831	1	
9.9826	-0.239974	1	
9.98211	-0.245222	1	
9.98161	-0.250576	1	
9.9811	-0.256036	1	
9.98057	-0.261604	1	
9.98004	-0.267277	1	
9.97949	-0.273056	1	
9.97894	-0.278941	1	
9.97836	-0.284932	1	
9.97778	-0.29103	1	
9.97719	-0.297235	1	
9.97658	-0.303547	1	
9.97596	-0.30997	1	
9.97533	-0.316504	1	
9.97468	-0.32315	1	
9.97402	-0.329908	1	
9.97335	-0.336781	1	
9.97266	-0.34377	1	
9.97196	-0.350879	1	
9.97124	-0.358109	1	
9.97051	-0.365462	1	
9.96977	-0.372937	1	
9.96901	-0.380533	1	
9.96823	-0.388251	1	
9.96744	-0.396093	1	
9.96663	-0.404059	1	
9.9658	-0.41215	1	
9.96496	-0.42036	1	
9.96411	-0.42869	1	
9.96323	-0.437135	1	
9.96234	-0.445695	1	
9.96143	-0.454369	1	
9.96051	-0.46316	1	
9.95956	-0.472073	1	
9.9586	-0.481114	1	
9.95762	-0.490282	1	
9.95662	-0.499579	1	
9.9556	-0.509006	1	
9.95456	-0.518564	1	
9.95351	-0.528256	1	
9.95243	-0.538086	1	
9.95134	-0.548056	1	
9.95022	-0.558164	1	
9.94908	-0.568412	1	
9.94792	-0.578798	1	
9.94675	-0.589328	1	
9.94555	-0.600005	1	
9.94432	-0.610837	1	
9.94308	-0.621827	1	
9.94182	-0.632978	1	
9.94053	-0.644289	1	
9.93921	-0.655758	1	
9.93788	-0.667385	1	
9.93652	-0.679174	1	
9.93514	-0.691127	1	
9.93373	-0.703246	1	
9.9323	-0.715532	1	
9.93085	-0.727988	1	
9.92937	-0.740617	1	
9.92786	-0.753423	1	
9.92632	-0.766408	1	
9.92477	-0.779574	1	
9.92318	-0.79292	1	
9.92157	-0.806443	1	
9.91993	-0.82015	1	
9.91826	-0.834048	1	
9.91656	-0.848143	1	
9.91484	-0.862437	1	
9.91308	-0.876934	1	
9.9113	-0.891636	1	
9.90949	-0.906554	1	
9.90764	-0.9217	1	
9.90577	-0.937082	1	
9.90386	-0.952706	1	
9.90193	-0.968575	1	
9.89996	-0.984697	1	
9.89796	-1.00108	1	
9.89592	-1.01771	1	
9.89385	-1.03461	1	
9.89175	-1.05179	1	
9.88961	-1.06925	1	
9.88743	-1.087	1	
9.88523	-1.10505	1	
9.88298	-1.12339	1	
9.88069	-1.14202	1	
9.87837	-1.16095	1	
9.87601	-1.18016	1	
9.87361	-1.19966	1	
9.87117	-1.21945	1	
9.86869	-1.23951	1	
9.86617	-1.25984	1	
9.86361	-1.28042	1	
9.86101	-1.30125	1	
9.85837	-1.32231	1	
9.85568	-1.34359	1	
9.85295	-1.36511	1	
9.85018	-1.38685	1	
9.84736	-1.40882	1	
9.8445	-1.43101	1	
9.84159	-1.45341	1	
9.83864	-1.47603	1	
9.83564	-1.49886	1	
9.8326	-1.52191	1	
9.82951	-1.54518	1	
9.82637	-1.56866	1	
9.82318	-1.59233	1	
9.81995	-1.61617	1	
9.81667	-1.64019	1	
9.81334	-1.66438	1	
9.80996	-1.68873	1	
9.80654	-1.71325	1	
9.80306	-1.73796	1	
9.79954	-1.76287	1	
9.79596	-1.78798	1	
9.79233	-1.81332	1	
9.78866	-1.83889	1	
9.78493	-1.86471	1	
9.78115	-1.8908	1	
9.77731	-1.91717	1	
9.77342	-1.94385	1	
9.76948	-1.97086	1	
9.76548	-1.99821	1	
9.76143	-2.02589	1	
9.75733	-2.05392	1	
9.75316	-2.08231	1	
9.74894	-2.11105	1	
9.74466	-2.14013	1	
9.74032	-2.16954	1	
9.73592	-2.1993	1	
9.73146	-2.22938	1	
9.72694	-2.2598	1	
9.72236	-2.29056	1	
9.71772	-2.32165	1	
9.71301	-2.35307	1	
9.70824	-2.38479	1	
9.70341	-2.41682	1	
9.69851	-2.44916	1	
9.69355	-2.48181	1	
9.68852	-2.51478	1	
9.68342	-2.5481	1	
9.67826	-2.58179	1	
9.67303	-2.61587	1	
9.66772	-2.65037	1	
9.66235	-2.6853	1	
9.65691	-2.72068	1	
9.6514	-2.75649	1	
9.64581	-2.79274	1	
9.64016	-2.82941	1	
9.63442	-2.86648	1	
9.62861	-2.90395	1	
9.62273	-2.9418	1	
9.61677	-2.98	1	
9.61073	-3.01853	1	
9.60462	-3.05736	1	
9.59843	-3.09646	1	
9.59215	-3.13578	1	
9.5858	-3.1753	1	
9.57937	-3.21501	1	
9.57286	-3.25491	1	
9.56627	-3.295	1	
9.5596	-3.33529	1	
9.55285	-3.37578	1	
9.54602	-3.41648	1	
9.5391	-3.45738	1	
9.53211	-3.49853	1	
9.52503	-3.53996	1	
9.51786	-3.58172	1	
9.51062	-3.62384	1	
9.50328	-3.66635	1	
9.49586	-3.70927	1	
9.48836	-3.75265	1	
9.48077	-3.79651	1	
9.47309	-3.84087	1	
9.46531	-3.88571	1	
9.45745	-3.93104	1	
9.4495	-3.97684	1	
9.44145	-4.02309	1	
9.43331	-4.06979	1	
9.42508	-4.11693	1	
9.41675	-4.16449	1	
9.40832	-4.21241	1	
9.3998	-4.26068	1	
9.39118	-4.30925	1	
9.38247	-4.35812	1	
9.37365	-4.40725	1	
9.36474	-4.45665	1	
9.35573	-4.50629	1	
9.34662	-4.55618	1	
9.3374	-4.60634	1	
9.32809	-4.65678	1	
9.31867	-4.70753	1	
9.30916	-4.7586	1	
9.29954	-4.80999	1	
9.28981	-4.86171	1	
9.27999	-4.91373	1	
9.27005	-4.96601	1	
9.26002	-5.01852	1	
9.24987	-5.07125	1	
9.23963	-5.12419	1	
9.22927	-5.17732	1	
9.21881	-5.23059	1	
9.20824	-5.28399	1	
9.19757	-5.33751	1	
9.18678	-5.39118	1	
9.17589	-5.44502	1	
9.1649	-5.49906	1	
9.15379	-5.55335	1	
9.14257	-5.60796	1	
9.13125	-5.66292	1	
9.11981	-5.71825	1	
9.10826	-5.77395	1	
9.0966	-5.83	1	
9.08483	-5.88639	1	
9.07294	-5.94308	1	
9.06094	-6.00009	1	
9.04883	-6.05741	1	
9.0366	-6.11507	1	
9.02425	-6.17309	1	
9.01179	-6.23146	1	
8.99921	-6.29022	1	
8.98651	-6.34937	1	
8.97369	-6.40896	1	
8.96076	-6.46898	1	
8.9477	-6.529	0.999659	
8.93453	-6.58607	0.997097	
8.92125	-6.64024	0.994151	
8.90786	-6.6916	0.990858	
8.89438	-6.7402	0.987262	
8.88081	-6.78613	0.983394	
8.86715	-6.82943	0.979282	
8.85341	-6.87019	0.974945	
8.83959	-6.90846	0.970394	
8.8257	-6.9443	0.965645	
8.81175	-6.97778	0.960717	
8.79773	-7.00895	0.955623	
8.78366	-7.03788	0.950369	
8.76953	-7.06462	0.944967	
8.75535	-7.08922	0.939419	
8.74112	-7.11175	0.933723	
8.72686	-7.13225	0.927902	
8.71256	-7.15078	0.92198	
8.69822	-7.16739	0.915976	
8.68386	-7.18213	0.909912	
8.66947	-7.19505	0.903805	
8.65506	-7.20619	0.897669	
8.64062	-7.21561	0.891519	
8.62618	-7.22336	0.885347	
8.61172	-7.22947	0.879138	
8.59725	-7.23399	0.872873	
8.58278	-7.23697	0.866536	
8.5683	-7.23845	0.860123	
8.55382	-7.23847	0.853636	
8.53935	-7.23706	0.847078	
8.52488	-7.23428	0.840463	
8.51042	-7.23016	0.833817	
8.49597	-7.22474	0.827159	
8.48153	-7.21805	0.820503	
8.46712	-7.21013	0.81385	
8.45271	-7.20103	0.807193	
8.43833	-7.19077	0.800532	
8.42397	-7.17938	0.793869	
8.40964	-7.16691	0.787208	
8.39533	-7.15338	0.780542	
8.38105	-7.13883	0.773868	
8.36681	-7.12328	0.767191	
8.35259	-7.10678	0.760521	
8.33842	-7.08934	0.753862	
8.32427	-7.07101	0.747224	
8.31017	-7.0518	0.740622	
8.29611	-7.03174	0.73407	
8.28208	-7.01087	0.727586	
8.26811	-6.98921	0.721183	
8.25417	-6.96679	0.714867	
8.24029	-6.94363	0.708635	
8.22645	-6.91975	0.702475	
8.21266	-6.89519	0.696373	
8.19892	-6.86997	0.690315	
8.18523	-6.8441	0.684297	
8.17159	-6.81762	0.678315	
8.15801	-6.79054	0.67237	
8.14449	-6.76289	0.66647	
8.13102	-6.73469	0.660628	
8.1176	-6.70596	0.654855	
8.10425	-6.67672	0.649162	
8.09096	-6.64699	0.643551	
8.07772	-6.61678	0.638022	
8.06455	-6.58613	0.632568	
8.05144	-6.55505	0.627184	
8.03839	-6.52355	0.621857	
8.02541	-6.49165	0.616576	
8.01249	-6.45937	0.611331	
7.99964	-6.42673	0.606116	
7.98685	-6.39375	0.600929	
7.97413	-6.36044	0.595771	
7.96148	-6.32681	0.590648	
7.94889	-6.29288	0.585573	
7.93637	-6.25867	0.580564	
7.92392	-6.2242	0.575628	
7.91155	-6.18946	0.570766	
7.89924	-6.15449	0.565974	
7.887	-6.11929	0.561243	
7.87483	-6.08387	0.556561	
7.86273	-6.04826	0.551918	
7.85071	-6.01246	0.547303	
7.83876	-5.97648	0.54271	
7.82688	-5.94033	0.53814	
7.81507	-5.90404	0.533596	
7.80333	-5.8676	0.529084	
7.79167	-5.83104	0.52461	
7.78008	-5.79435	0.52018	
7.76857	-5.75756	0.515795	
7.75712	-5.72066	0.511457	
7.74576	-5.68368	0.507162	
7.73446	-5.64662	0.502909	
7.72325	-5.6095	0.498696	
7.7121	-5.57231	0.494522	
7.70103	-5.53507	0.490384	
7.69003	-5.49779	0.486284	
7.67911	-5.46047	0.482219	
7.66827	-5.42313	0.478187	
7.6575	-5.38578	0.474186	
7.6468	-5.34841	0.470221	
7.63618	-5.31104	0.466297	
7.62563	-5.27368	0.462423	
7.61516	-5.23633	0.458604	
7.60476	-5.19899	0.454846	
7.59444	-5.16169	0.451149	
7.58419	-5.12442	0.447507	
7.57401	-5.08718	0.443914	
7.56391	-5.04999	0.440367	
7.55389	-5.01286	0.436857	
7.54394	-4.97578	0.433379	
7.53406	-4.93876	0.429931	
7.52425	-4.90182	0.426512	
7.51452	-4.86494	0.423121	
7.50487	-4.82815	0.419757	
7.49529	-4.79144	0.416421	
7.48578	-4.75481	0.413116	
7.47634	-4.71828	0.409846	
7.46698	-4.68185	0.406617	
7.45768	-4.64553	0.403431	
7.44847	-4.6093	0.400288	
7.43932	-4.57319	0.397187	
7.43024	-4.5372	0.394125	
7.42124	-4.50132	0.3911	
7.41231	-4.46556	0.388109	
7.40345	-4.42993	0.385148	
7.39466	-4.39443	0.382214	
7.38594	-4.35907	0.379308	
7.3773	-4.32384	0.376431	
7.36872	-4.28874	0.373583	
7.36021	-4.25379	0.370763	
7.35177	-4.21899	0.367972	
7.3434	-4.18433	0.365212	
7.33511	-4.14982	0.362485	
7.32687	-4.11547	0.35979	
7.31871	-4.08127	0.357127	
7.31062	-4.04723	0.354495	
7.30259	-4.01334	0.351894	
7.29463	-3.97963	0.349323	
7.28674	-3.94607	0.346779	
7.27891	-3.91268	0.34426	
7.27115	-3.87946	0.341764	
7.26346	-3.84641	0.339292	
7.25584	-3.81353	0.336848	
7.24827	-3.78082	0.334432	
7.24078	-3.74829	0.332044	
7.23335	-3.71593	0.329685	
7.22598	-3.68375	0.327354	
7.21867	-3.65175	0.325052	
7.21143	-3.61994	0.322778	
7.20426	-3.5883	0.320532	
7.19714	-3.55684	0.318311	
7.19009	-3.52557	0.316119	
7.1831	-3.49448	0.313956	
7.17618	-3.46358	0.311822	
7.16931	-3.43287	0.309717	
7.16251	-3.40234	0.307639	
7.15576	-3.372	0.305589	
7.14908	-3.34185	0.303565	
7.14245	-3.31189	0.301566	
7.13589	-3.28211	0.299591	
7.12939	-3.25253	0.297639	
7.12294	-3.22314	0.295708	
7.11655	-3.19394	0.293798	
7.11022	-3.16493	0.291909	
7.10395	-3.13612	0.290038	
7.09773	-3.10749	0.288184	
7.09158	-3.07906	0.286344	
7.08547	-3.05082	0.284515	
7.07943	-3.02277	0.282697	
7.07344	-2.99492	0.280891	
7.0675	-2.96726	0.279101	
7.06163	-2.93979	0.277328	
7.0558	-2.91252	0.275573	
7.05003	-2.88544	0.273838	
7.04431	-2.85855	0.272123	
7.03865	-2.83185	0.270429	
7.03304	-2.80535	0.268755	
7.02748	-2.77903	0.267102	
7.02197	-2.75291	0.265467	
7.01652	-2.72698	0.263853	
7.01112	-2.70125	0.262257	
7.00577	-2.6757	0.260682	
7.00046	-2.65035	0.259127	
6.99521	-2.62518	0.257591	
6.99001	-2.60021	0.256073	
6.98486	-2.57543	0.254572	
6.97976	-2.55083	0.253086	
6.97471	-2.52642	0.251614	
6.9697	-2.50221	0.250156	
6.96475	-2.47817	0.248708	
6.95984	-2.45433	0.247269	
6.95498	-2.43067	0.245837	
6.95016	-2.4072	0.24441	
6.9454	-2.38392	0.242989	
6.94067	-2.36082	0.241575	
6.936	-2.3379	0.240169	
6.93137	-2.31517	0.238775	
6.92678	-2.29262	0.237395	
6.92224	-2.27025	0.23603	
6.91775	-2.24806	0.234683	
6.91329	-2.22605	0.233354	
6.90889	-2.20423	0.232043	
6.90452	-2.18258	0.230749	
6.9002	-2.16111	0.229474	
6.89592	-2.13982	0.228217	
6.89168	-2.1187	0.226982	
6.88749	-2.09776	0.225768	
6.88333	-2.077	0.224574	
6.87922	-2.05641	0.223401	
6.87515	-2.036	0.222247	
6.87112	-2.01575	0.221109	
6.86712	-1.99568	0.219988	
6.86317	-1.97578	0.21888	
6.85926	-1.95605	0.217783	
6.85539	-1.93649	0.216692	
6.85155	-1.91709	0.215605	
6.84776	-1.89787	0.214523	
6.844	-1.87881	0.213445	
6.84028	-1.85991	0.212373	
6.8366	-1.84118	0.211304	
6.83295	-1.82262	0.210238	
6.82934	-1.80421	0.209175	
6.82577	-1.78597	0.208115	
6.82224	-1.76789	0.207059	
6.81874	-1.74997	0.206008	
6.81527	-1.7322	0.204966	
6.81184	-1.7146	0.203935	
6.80845	-1.69715	0.202918	
6.80509	-1.67986	0.201915	
6.80176	-1.66272	0.200927	
6.79847	-1.64574	0.199951	
6.79521	-1.62891	0.198988	
6.79199	-1.61223	0.198037	
6.7888	-1.5957	0.197097	
6.78564	-1.57932	0.196171	
6.78251	-1.5631	0.195257	
6.77942	-1.54701	0.194354	
6.77636	-1.53108	0.193462	
6.77333	-1.51529	0.192577	
6.77033	-1.49965	0.191698	
6.76736	-1.48415	0.190821	
6.76442	-1.4688	0.189948	
6.76151	-1.45359	0.189078	
6.75864	-1.43851	0.188211	
6.75579	-1.42358	0.187348	
6.75297	-1.40879	0.186486	
6.75018	-1.39413	0.185626	
6.74743	-1.37962	0.184768	
6.74469	-1.36523	0.183911	
6.74199	-1.35099	0.183055	
6.73932	-1.33688	0.182203	
6.73667	-1.3229	0.181355	
6.73406	-1.30905	0.180513	
6.73146	-1.29533	0.179676	
6.7289	-1.28175	0.178843	
6.72636	-1.26829	0.178014	
6.72385	-1.25496	0.177188	
6.72137	-1.24176	0.176369	
6.71891	-1.22869	0.175555	
6.71648	-1.21574	0.174745	
6.71408	-1.20291	0.17394	
6.7117	-1.19021	0.173138	
6.70934	-1.17763	0.172339	
6.70701	-1.16517	0.171544	
6.7047	-1.15283	0.170752	
6.70242	-1.14061	0.169961	
6.70017	-1.12852	0.169172	
6.69793	-1.11653	0.168386	
6.69572	-1.10467	0.167601	
6.69354	-1.09292	0.16682	
6.69138	-1.08128	0.166042	
6.68924	-1.06976	0.165268	
6.68712	-1.05835	0.1645	
6.68502	-1.04706	0.163739	
6.68295	-1.03587	0.162984	
6.6809	-1.0248	0.162235	
6.67888	-1.01383	0.161491	
6.67687	-1.00297	0.160754	
6.67489	-0.992224	0.160023	
6.67292	-0.98158	0.1593	
6.67098	-0.971043	0.158583	
6.66906	-0.960609	0.157872	
6.66716	-0.95028	0.157167	
6.66528	-0.940054	0.156468	
6.66342	-0.92993	0.155777	
6.66158	-0.919907	0.155093	
6.65976	-0.909984	0.154417	
6.65796	-0.900161	0.153749	
6.65618	-0.890436	0.153088	
6.65442	-0.880809	0.152432	
6.65267	-0.871279	0.151781	
6.65095	-0.861846	0.151136	
6.64924	-0.852507	0.150494	
6.64756	-0.843263	0.149859	
6.64589	-0.834112	0.149231	
6.64424	-0.825054	0.148609	
6.64261	-0.816088	0.147994	
6.64099	-0.807213	0.147387	
6.6394	-0.798429	0.146787	
6.63782	-0.789734	0.146196	
6.63625	-0.781127	0.145614	
6.63471	-0.772608	0.145041	
6.63318	-0.764177	0.144478	
6.63167	-0.755832	0.143923	
6.63017	-0.747572	0.143377	
6.6287	-0.739397	0.142839	
6.62723	-0.731306	0.14231	
6.62579	-0.723298	0.141787	
6.62436	-0.715373	0.141273	
6.62294	-0.707529	0.140765	
6.62154	-0.699767	0.140262	
6.62016	-0.692084	0.139766	
6.61879	-0.684481	0.139275	
6.61743	-0.676957	0.138792	
6.6161	-0.669511	0.138315	
6.61477	-0.662142	0.137843	
6.61346	-0.654849	0.137379	
6.61217	-0.647633	0.136921	
6.61088	-0.640491	0.136469	
6.60962	-0.633424	0.136023	
6.60837	-0.626431	0.135584	
6.60713	-0.619511	0.13515	
6.6059	-0.612663	0.134725	
6.60469	-0.605886	0.134309	
6.60349	-0.599181	0.133902	
6.60231	-0.592546	0.133505	
6.60113	-0.585981	0.133118	
6.59997	-0.579484	0.132739	
6.59883	-0.573056	0.132366	
6.59769	-0.566696	0.132	
6.59657	-0.560402	0.13164	
6.59547	-0.554175	0.131286	
6.59437	-0.548014	0.130938	
6.59329	-0.541918	0.130593	
6.59221	-0.535886	0.130253	
6.59115	-0.529918	0.129919	
6.59011	-0.524014	0.129591	
6.58907	-0.518172	0.12927	
6.58805	-0.512392	0.128956	
6.58703	-0.506673	0.128648	
6.58603	-0.501016	0.128349	
6.58504	-0.495418	0.128056	
6.58406	-0.48988	0.127771	
6.58309	-0.484401	0.127496	
6.58213	-0.478981	0.127229	
6.58119	-0.473619	0.126972	
6.58025	-0.468313	0.126723	
6.57932	-0.463065	0.126486	
6.57841	-0.457873	0.12626	
6.5775	-0.452736	0.126043	
6.57661	-0.447655	0.125838	
6.57572	-0.442628	0.12564	
6.57485	-0.437655	0.12545	
6.57398	-0.432735	0.125267	
6.57312	-0.427869	0.125089	
6.57228	-0.423055	0.124915	
6.57144	-0.418292	0.124746	
6.57061	-0.413581	0.124582	
6.5698	-0.408921	0.12442	
6.56899	-0.404312	0.124261	
6.56819	-0.399752	0.124105	
6.5674	-0.395241	0.123953	
6.56662	-0.390779	0.123806	
6.56584	-0.386366	0.123663	
6.56508	-0.382	0.123523	
6.56432	-0.377682	0.123388	
6.56358	-0.373411	0.123258	
6.56284	-0.369186	0.123133	
6.56211	-0.365007	0.123014	
6.56139	-0.360873	0.122901	
6.56067	-0.356785	0.122797	
6.55997	-0.352741	0.122699	
6.55927	-0.348741	0.122609	
6.55858	-0.344785	0.122527	
6.5579	-0.340872	0.122452	
6.55723	-0.337001	0.122382	
6.55656	-0.333173	0.122319	
6.5559	-0.329387	0.122259	
6.55525	-0.325643	0.122203	
6.55461	-0.321939	0.122151	
6.55397	-0.318276	0.122103	
6.55334	-0.314653	0.122059	
6.55272	-0.31107	0.122019	
6.5521	-0.307527	0.121983	
6.55149	-0.304022	0.121951	
6.55089	-0.300556	0.121924	
6.5503	-0.297128	0.121901	
6.54971	-0.293737	0.121883	
6.54913	-0.290384	0.121871	
6.54856	-0.287068	0.121865	
6.54799	-0.283789	0.121864	
6.54743	-0.280546	0.121869	
6.54687	-0.277338	0.121883	
6.54632	-0.274166	0.121904	
6.54578	-0.27103	0.121933	
6.54525	-0.267927	0.12197	
6.54472	-0.26486	0.122012	
6.54419	-0.261826	0.122062	
6.54368	-0.258826	0.122117	
6.54316	-0.255859	0.122177	
6.54266	-0.252925	0.122242	
6.54216	-0.250023	0.122312	
6.54166	-0.247154	0.122385	
6.54117	-0.244317	0.122462	
6.54069	-0.241511	0.122543	
6.54021	-0.238737	0.122625	
6.53974	-0.235993	0.122712	
6.53928	-0.23328	0.122803	
6.53882	-0.230597	0.122895	
6.53836	-0.227944	0.122992	
6.53791	-0.225321	0.123092	
6.53746	-0.222727	0.123196	
6.53702	-0.220162	0.123305	
6.53659	-0.217626	0.12342	
6.53616	-0.215118	0.123538	
6.53573	-0.212638	0.12366	
6.53531	-0.210186	0.123786	
6.5349	-0.207761	0.123918	
6.53449	-0.205364	0.124053	
6.53408	-0.202993	0.124195	
6.53368	-0.200649	0.124341	
6.53328	-0.198331	0.124491	
6.53289	-0.196039	0.124643	
6.5325	-0.193773	0.124799	
6.53212	-0.191533	0.124958	
6.53174	-0.189318	0.125119	
6.53137	-0.187127	0.125281	
6.531	-0.184962	0.125445	
6.53063	-0.18282	0.125611	
6.53027	-0.180703	0.125778	
6.52991	-0.17861	0.125946	
6.52956	-0.17654	0.126114	
6.52921	-0.174493	0.126284	
6.52886	-0.17247	0.126457	
6.52852	-0.17047	0.12663	
6.52819	-0.168492	0.126806	
6.52785	-0.166536	0.126982	
6.52752	-0.164603	0.127161	
6.5272	-0.162691	0.12734	
6.52688	-0.160802	0.127519	
6.52656	-0.158933	0.127699	
6.52625	-0.157086	0.127881	
6.52593	-0.155259	0.128061	
6.52563	-0.153454	0.12824	
6.52532	-0.151669	0.128417	
6.52502	-0.149904	0.128591	
6.52473	-0.148159	0.128762	
6.52444	-0.146434	0.128928	
6.52415	-0.144728	0.129088	
6.52386	-0.143042	0.129241	
6.52358	-0.141375	0.129388	
6.5233	-0.139727	0.12953	
6.52302	-0.138098	0.129664	
6.52275	-0.136487	0.129787	
6.52248	-0.134895	0.129902	
6.52221	-0.133321	0.130006	
6.52195	-0.131765	0.130101	
6.52169	-0.130226	0.130183	
6.52143	-0.128705	0.130252	
6.52118	-0.127202	0.130311	
6.52093	-0.125715	0.130355	
6.52068	-0.124246	0.130384	
6.52043	-0.122793	0.130397	
6.52019	-0.121357	0.130397	
6.51995	-0.119938	0.130381	
6.51971	-0.118535	0.130348	
6.51948	-0.117147	0.130296	
6.51925	-0.115776	0.130224	
6.51902	-0.11442	0.13013	
6.51879	-0.11308	0.130016	
6.51857	-0.111755	0.129885	
6.51835	-0.110446	0.129734	
6.51813	-0.109151	0.129558	
6.51791	-0.107871	0.129358	
6.5177	-0.106606	0.129136	
6.51749	-0.105356	0.128887	
6.51728	-0.10412	0.128614	
6.51707	-0.102898	0.128321	
6.51687	-0.10169	0.128004	
6.51667	-0.100496	0.12766	
6.51647	-0.0993155	0.127292	
6.51627	-0.0981488	0.126899	
6.51608	-0.0969955	0.126481	
6.51589	-0.0958556	0.126045	
6.5157	-0.0947287	0.125589	
6.51551	-0.0936149	0.12511	
6.51533	-0.0925138	0.124611	
6.51514	-0.0914255	0.124097	
6.51496	-0.0903497	0.123563	
6.51478	-0.0892864	0.123015	
6.51461	-0.0882353	0.122446	
6.51443	-0.0871963	0.121859	
6.51426	-0.0861694	0.121257	
6.51409	-0.0851543	0.12064	
6.51392	-0.0841509	0.120015	
6.51376	-0.0831592	0.119374	
6.51359	-0.0821789	0.118719	
6.51343	-0.08121	0.118053	
6.51327	-0.0802522	0.117379	
6.51311	-0.0793056	0.116702	
6.51295	-0.0783699	0.116014	
6.5128	-0.0774451	0.115318	
6.51265	-0.0765309	0.114607	
6.5125	-0.0756274	0.113889	
6.51235	-0.0747344	0.113165	
6.5122	-0.0738517	0.112434	
6.51205	-0.0729792	0.111693	
6.51191	-0.0721169	0.110945	
6.51177	-0.0712646	0.110194	
6.51162	-0.0704221	0.109439	
6.51149	-0.0695895	0.108679	
6.51135	-0.0687665	0.107913	
6.51121	-0.0679531	0.107144	
6.51108	-0.0671492	0.106373	
6.51094	-0.0663546	0.105598	
6.51081	-0.0655693	0.104821	
6.51068	-0.064793	0.104037	
6.51056	-0.0640259	0.103261	
6.51043	-0.0632676	0.102486	
6.5103	-0.0625182	0.101715	
6.51018	-0.0617775	0.100942	
6.51006	-0.0610455	0.100173	
6.50994	-0.0603219	0.0994111	
6.50982	-0.0596069	0.0986511	
6.5097	-0.0589001	0.0978968	
6.50958	-0.0582016	0.0971431	
6.50947	-0.0575113	0.096397	
6.50936	-0.056829	0.0956548	
6.50924	-0.0561546	0.0949195	
6.50913	-0.0554882	0.0941905	
6.50902	-0.0548295	0.0934683	
6.50891	-0.0541785	0.0927587	
6.50881	-0.0535352	0.092058	
6.5087	-0.0528993	0.0913662	
6.5086	-0.0522709	0.0906856	
6.50849	-0.0516499	0.0900174	
6.50839	-0.0510361	0.0893643	
6.50829	-0.0504295	0.0887282	
6.50819	-0.04983	0.0881062	
6.50809	-0.0492375	0.0875024	
6.508	-0.0486519	0.0869164	
6.5079	-0.0480732	0.0863481	
6.5078	-0.0475013	0.0857983	
6.50771	-0.0469361	0.0852722	
6.50762	-0.0463775	0.0847684	
6.50753	-0.0458255	0.0842825	
6.50744	-0.04528	0.0838153	
6.50735	-0.0447408	0.0833685	
6.50726	-0.044208	0.0829419	
6.50717	-0.0436814	0.0825396	
6.50708	-0.043161	0.0821574	
6.507	-0.0426467	0.081795	
6.50691	-0.0421385	0.0814502	
6.50683	-0.0416362	0.0811291	
6.50675	-0.0411399	0.0808293	
6.50667	-0.0406494	0.0805534	
6.50659	-0.0401646	0.0802993	
6.50651	-0.0396855	0.0800657	
6.50643	-0.0392121	0.079854	
6.50635	-0.0387443	0.0796659	
6.50628	-0.0382819	0.0795002	
6.5062	-0.037825	0.0793581	
6.50612	-0.0373735	0.0792406	
6.50605	-0.0369273	0.0791456	
6.50598	-0.0364863	0.0790734	
6.50591	-0.0360506	0.0790253	
6.50584	-0.0356199	0.0789983	
6.50576	-0.0351944	0.0789948	
6.50569	-0.0347739	0.079013	
6.50563	-0.0343583	0.0790519	
6.50556	-0.0339476	0.0791083	
6.50549	-0.0335418	0.0791841	
6.50542	-0.0331408	0.0792804	
6.50536	-0.0327445	0.0793938	
6.50529	-0.0323529	0.0795239	
6.50523	-0.0319659	0.0796721	
6.50517	-0.0315834	0.0798348	
6.50511	-0.0312055	0.0800128	
6.50504	-0.0308321	0.0802087	
6.50498	-0.030463	0.0804183	
6.50492	-0.0300984	0.0806443	
6.50486	-0.029738	0.080882	
6.5048	-0.0293819	0.0811334	
6.50475	-0.02903	0.0813997	
6.50469	-0.0286823	0.0816778	
6.50463	-0.0283387	0.0819682	
6.50458	-0.0279992	0.0822694	
6.50452	-0.0276637	0.082582	
6.50447	-0.0273321	0.082908	
6.50441	-0.0270045	0.0832451	
6.50436	-0.0266807	0.0835913	
6.50431	-0.0263608	0.0839508	
6.50425	-0.0260447	0.0843201	
6.5042	-0.0257324	0.0846993	
6.50415	-0.0254237	0.0850883	
6.5041	-0.0251187	0.0854857	
6.50405	-0.0248173	0.085893	
6.504	-0.0245195	0.0863099	
6.50395	-0.0242252	0.0867316	
6.50391	-0.0239344	0.0871644	
6.50386	-0.0236471	0.0876056	
6.50381	-0.0233631	0.0880551	
6.50377	-0.0230826	0.0885109	
6.50372	-0.0228053	0.0889786	
6.50368	-0.0225314	0.0894485	
6.50363	-0.0222607	0.0899268	
6.50359	-0.0219933	0.0904076	
6.50354	-0.021729	0.0908925	
6.5035	-0.0214678	0.0913859	
6.50346	-0.0212098	0.0918833	
6.50342	-0.0209548	0.0923829	
6.50338	-0.0207029	0.0928864	
6.50333	-0.0204539	0.0933887	
6.50329	-0.020208	0.0938931	
6.50325	-0.0199649	0.0943962	
6.50321	-0.0197247	0.0948958	
6.50318	-0.0194874	0.0953864	
6.50314	-0.019253	0.095868	
6.5031	-0.0190213	0.0963316	
6.50306	-0.0187923	0.0967879	
6.50302	-0.0185661	0.0972225	
6.50299	-0.0183426	0.0976248	
6.50295	-0.0181218	0.098004	
6.50292	-0.0179036	0.0983436	
6.50288	-0.017688	0.0986387	
6.50284	-0.0174749	0.0988863	
6.50281	-0.0172644	0.0990861	
6.50278	-0.0170564	0.0992214	
6.50274	-0.0168509	0.0992854	
6.50271	-0.0166479	0.0992758	
6.50268	-0.0164472	0.0991997	
6.50264	-0.016249	0.0990345	
6.50261	-0.0160531	0.0987861	
6.50258	-0.0158596	0.0984613	
6.50255	-0.0156683	0.098047	
6.50252	-0.0154794	0.0975552	
6.50249	-0.0152927	0.0969933	
6.50246	-0.0151083	0.0963459	
6.50243	-0.014926	0.0956217	
6.5024	-0.0147459	0.0948218	
6.50237	-0.014568	0.0939551	
6.50234	-0.0143922	0.0930159	
6.50231	-0.0142185	0.0920244	
6.50228	-0.0140469	0.0909898	
6.50226	-0.0138773	0.0898945	
6.50223	-0.0137098	0.0887521	
6.5022	-0.0135442	0.0875614	
6.50217	-0.0133807	0.0863418	
6.50215	-0.0132191	0.0851041	
6.50212	-0.0130594	0.0838509	
6.5021	-0.0129017	0.0825685	
6.50207	-0.0127458	0.0812793	
6.50205	-0.0125918	0.079974	
6.50202	-0.0124397	0.0786722	
6.502	-0.0122893	0.0773876	
6.50197	-0.0121408	0.0761096	
6.50195	-0.011994	0.074848	
6.50192	-0.011849	0.0735973	
6.5019	-0.0117058	0.0723865	
6.50188	-0.0115642	0.0712242	
6.50185	-0.0114244	0.0701029	
6.50183	-0.0112862	0.0690207	
6.50181	-0.0111497	0.0679736	
6.50179	-0.0110149	0.066976	
6.50177	-0.0108816	0.0660184	
6.50174	-0.0107499	0.0650977	
6.50172	-0.0106199	0.0642368	
6.5017	-0.0104913	0.0634203	
6.50168	-0.0103644	0.0626481	
6.50166	-0.0102389	0.0619254	
6.50164	-0.010115	0.0612537	
6.50162	-0.00999251	0.0606311	
6.5016	-0.00987152	0.0600571	
6.50158	-0.00975199	0.0595275	
6.50156	-0.00963389	0.0590447	
6.50154	-0.00951721	0.0586116	
6.50152	-0.00940193	0.0582259	
6.50151	-0.00928803	0.0578845	
6.50149	-0.00917551	0.0575845	
6.50147	-0.00906433	0.0573242	
6.50145	-0.0089545	0.0571044	
6.50143	-0.00884598	0.0569216	
6.50142	-0.00873877	0.0567728	
6.5014	-0.00863285	0.0566629	
6.50138	-0.0085282	0.05659	
6.50136	-0.00842481	0.0565439	
6.50135	-0.00832266	0.0565337	
6.50133	-0.00822174	0.0565434	
6.50132	-0.00812204	0.0565867	
6.5013	-0.00802353	0.0566537	
6.50128	-0.00792622	0.0567458	
6.50127	-0.00783007	0.0568646	
6.50125	-0.00773508	0.0570075	
6.50124	-0.00764123	0.0571697	
6.50122	-0.00754852	0.0573527	
6.50121	-0.00745692	0.0575548	
6.50119	-0.00736642	0.0577793	
6.50118	-0.00727702	0.0580243	
6.50116	-0.00718869	0.0582918	
6.50115	-0.00710142	0.058576	
6.50114	-0.00701521	0.0588807	
6.50112	-0.00693004	0.0592045	
6.50111	-0.00684589	0.0595512	
6.50109	-0.00676276	0.0599153	
6.50108	-0.00668062	0.0603051	
6.50107	-0.00659948	0.0607101	
6.50105	-0.00651932	0.0611354	
6.50104	-0.00644013	0.0615802	
6.50103	-0.00636188	0.0620413	
6.50102	-0.00628459	0.062528	
6.501	-0.00620822	0.0630361	
6.50099	-0.00613278	0.0635636	
6.50098	-0.00605825	0.0641078	
6.50097	-0.00598462	0.0646658	
6.50096	-0.00591187	0.0652406	
6.50094	-0.00584001	0.0658297	
6.50093	-0.00576901	0.0664367	
6.50092	-0.00569887	0.067053	
6.50091	-0.00562957	0.0676742	
6.5009	-0.00556112	0.0683105	
6.50089	-0.00549349	0.068955	
6.50088	-0.00542667	0.0696046	
6.50087	-0.00536067	0.0702661	
6.50086	-0.00529546	0.0709327	
6.50084	-0.00523104	0.0716033	
6.50083	-0.00516739	0.0722869	
6.50082	-0.00510452	0.0729758	
6.50081	-0.00504241	0.0736742	
6.5008	-0.00498104	0.0743768	
6.50079	-0.00492042	0.0750837	
6.50078	-0.00486054	0.0757949	
6.50078	-0.00480137	0.0764939	
6.50077	-0.00474292	0.077195	
6.50076	-0.00468518	0.0778854	
6.50075	-0.00462814	0.0785536	
6.50074	-0.00457179	0.0792065	
6.50073	-0.00451612	0.0798461	
6.50072	-0.00446112	0.0804309	
6.50071	-0.00440679	0.0809821	
6.5007	-0.00435312	0.0814756	
6.50069	-0.00430009	0.081879	
6.50069	-0.00424771	0.0822246	
6.50068	-0.00419596	0.0824693	
6.50067	-0.00414484	0.0826238	
6.50066	-0.00409434	0.0826756	
6.50065	-0.00404444	0.0826154	
6.50064	-0.00399516	0.0824366	
6.50064	-0.00394647	0.0821151	
6.50063	-0.00389837	0.0816951	
6.50062	-0.00385085	0.0811469	
6.50061	-0.00380391	0.0804872	
6.50061	-0.00375754	0.0797477	
6.5006	-0.00371172	0.0789	
6.50059	-0.00366647	0.077956	
6.50058	-0.00362176	0.0769271	
6.50058	-0.0035776	0.0758259	
6.50057	-0.00353397	0.0746545	
6.50056	-0.00349087	0.0734559	
6.50056	-0.00344829	0.072204	
6.50055	-0.00340623	0.0709117	
6.50054	-0.00336467	0.0696107	
6.50054	-0.00332363	0.0682966	
6.50053	-0.00328308	0.0669709	
6.50052	-0.00324302	0.065633	
6.50052	-0.00320345	0.0643174	
6.50051	-0.00316435	0.0630313	
6.5005	-0.00312574	0.0617795	
6.5005	-0.00308759	0.0605825	
6.50049	-0.0030499	0.059451	
6.50049	-0.00301267	0.0583649	
6.50048	-0.0029759	0.0573316	
6.50047	-0.00293957	0.0563774	
6.50047	-0.00290368	0.0555223	
6.50046	-0.00286823	0.054753	
6.50046	-0.0028332	0.0540613	
6.50045	-0.00279861	0.0534474	
6.50045	-0.00276443	0.0529042	
6.50044	-0.00273067	0.0524309	
6.50043	-0.00269731	0.0520317	
6.50043	-0.00266437	0.0516933	
6.50042	-0.00263182	0.0514204	
6.50042	-0.00259967	0.0512198	
6.50041	-0.00256791	0.0510838	
6.50041	-0.00253654	0.0509911	
6.5004	-0.00250554	0.0509443	
6.5004	-0.00247493	0.0509672	
6.50039	-0.00244468	0.0510376	
6.50039	-0.00241481	0.0511553	
6.50038	-0.00238529	0.0513053	
6.50038	-0.00235614	0.0515025	
6.50037	-0.00232734	0.0517227	
6.50037	-0.00229889	0.0519641	
6.50037	-0.00227079	0.0522263	
6.50036	-0.00224302	0.0525204	
6.50036	-0.00222081	0.0525204	
6.50035	-0.00220305	0.0525204	
6.50035	-0.00218883	0.0525204	
6.50034	-0.00217746	0.0525204	
6.50034	-0.00216837	0.0525204	
6.50033	-0.00216109	0.0525204	
6.50033	-0.00215527	0.0525204	
6.50033	-0.00215061	0.0525204	
6.50032	-0.00214688	0.0525204	
6.50032	-0.0021439	0.0525204	
6.50031	-0.00214152	0.0525204	
6.50031	-0.00213961	0.0525204	
6.5003	-0.00213808	0.0525204	
6.5003	-0.00213686	0.0525204	
6.5003	-0.00213588	0.0525204	
6.50029	-0.0021351	0.0525204	
6.50029	-0.00213448	0.0525204	
6.50028	-0.00213398	0.0525204	
6.50028	-0.00213358	0.0525204	
6.50027	-0.00213326	0.0525204	
6.50027	-0.002133	0.0525204	
6.50027	-0.0021328	0.0525204	
6.50026	-0.00213263	0.0525204	
6.50026	-0.0021325	0.0525204	
6.50025	-0.0021324	0.0525204	
6.50025	-0.00213231	0.0525204	
6.50025	-0.00213225	0.0525204	
6.50024	-0.00213219	0.0525204	
6.50024	-0.00213215	0.0525204	
6.50023	-0.00213211	0.0525204	
6.50023	-0.00213209	0.0525204	
6.50022	-0.00213207	0.0525204	
6.50022	-0.00213205	0.0525204	
6.50022	-0.00213203	0.0525204	
6.50021	-0.00213202	0.0525204	
6.50021	-0.00213201	0.0525204	
6.5002	-0.00213201	0.0525204	
6.5002	-0.002132	0.0525204	
6.50019	-0.002132	0.0525204	
6.50019	-0.00213199	0.0525204	
6.50019	-0.00213199	0.0525204	
6.50018	-0.00213199	0.0525204	
6.50018	-0.00213198	0.0525204	
6.50017	-0.00213198	0.0525204	
6.50017	-0.00213198	0.0525204	
6.50016	-0.00213198	0.0525204	
6.50016	-0.00213198	0.0525204	
6.50016	-0.00213198	0.0525204	
6.50015	-0.00213198	0.0525204	
6.50015	-0.00213198	0.0525204	
6.50014	-0.00213198	0.0525204	
6.50014	-0.00213198	0.0525204	
6.50013	-0.00213198	0.0525204	
6.50013	-0.00213198	0.0525204	
6.50013	-0.00213198	0.0525204	
6.50012	-0.00213198	0.0525204	
6.50012	-0.00213198	0.0525204	
6.50011	-0.00213198	0.0525204	
6.50011	-0.00213198	0.0525204	
6.5001	-0.00213198	0.0525204	
6.5001	-0.00213198	0.0525204	
6.5001	-0.00213198	0.0525204	
6.50009	-0.00213198	0.0525204	
6.50009	-0.00213198	0.0525204	
6.50008	-0.00213198	0.0525204	
6.50008	-0.00213198	0.0525204	
6.50007	-0.00213198	0.0525204	
6.50007	-0.00213198	0.0525204	
6.50007	-0.00213198	0.0525204	
6.50006	-0.00213198	0.0525204	
6.50006	-0.00213198	0.0525204	
6.50005	-0.00213198	0.0525204	
6.50005	-0.00213198	0.0525204	
6.50004	-0.00213198	0.0525204	
6.50004	-0.00213198	0.0525204	
6.50004	-0.00213198	0.0525204	
6.50003	-0.00213198	0.0525204	
6.50003	-0.00213198	0.0525204	
6.50002	-0.00213198	0.0525204	
6.50002	-0.00213198	0.0525204	
6.50001	-0.00213198	0.0525204	
6.50001	-0.00213198	0.0525204	
6.50001	-0.00213198	0.0525204	
6.5	-0.00213198	0.0525204	
6.5	-0.00213198	0.0525204	
6.49999	-0.00213198	0.0525204	
6.49999	-0.00213198	0.0525204	
6.49998	-0.00213198	0.0525204	
6.49998	-0.00213198	0.0525204	
6.49998	-0.00213198	0.0525204	
6.49997	-0.00213198	0.0525204	
6.49997	-0.00213198	0.0525204	
6.49996	-0.00213198	0.0525204	
6.49996	-0.00213198	0.0525204	
6.49996	-0.00213198	0.0525204	
6.49995	-0.00213198	0.0525204	
6.49995	-0.00213198	0.0525204	
6.49994	-0.00213198	0.0525204	
6.49994	-0.00213198	0.0525204	
6.49993	-0.00213198	0.0525204	
6.49993	-0.00213198	0.0525204	
6.49993	-0.00213198	0.0525204	
6.49992	-0.00213198	0.0525204	
6.49992	-0.00213198	0.0525204	
6.49991	-0.00213198	0.0525204	
6.49991	-0.00213198	0.0525204	
6.4999	-0.00213198	0.0525204	
6.4999	-0.00213198	0.0525204	
6.4999	-0.00213198	0.0525204	
6.49989	-0.00213198	0.0525204	
6.49989	-0.00213198	0.0525204	
6.49988	-0.00213198	0.0525204	
6.49988	-0.00213198	0.0525204	
6.49987	-0.00213198	0.0525204	
6.49987	-0.00213198	0.0525204	
6.49987	-0.00213198	0.0525204	
6.49986	-0.00213198	0.0525204	
6.49986	-0.00213198	0.0525204	
6.49985	-0.00213198	0.0525204	
6.49985	-0.00213198	0.0525204	
6.49984	-0.00213198	0.0525204	
6.49984	-0.00213198	0.0525204	
6.49984	-0.00213198	0.0525204	
6.49983	-0.00213198	0.0525204	
6.49983	-0.00213198	0.0525204	
6.49982	-0.00213198	0.0525204	
6.49982	-0.00213198	0.0525204	
6.49981	-0.00213198	0.0525204	
6.49981	-0.00213198	0.0525204	
6.49981	-0.00213198	0.0525204	
6.4998	-0.00213198	0.0525204	
6.4998	-0.00213198	0.0525204	
6.49979	-0.00213198	0.0525204	
6.49979	-0.00213198	0.0525204	
6.49978	-0.00213198	0.0525204	
6.49978	-0.00213198	0.0525204	
6.49978	-0.00213198	0.0525204	
6.49977	-0.00213198	0.0525204	
6.49977	-0.00213198	0.0525204	
6.49976	-0.00213198	0.0525204	
6.49976	-0.00213198	0.0525204	
6.49975	-0.00213198	0.0525204	
6.49975	-0.00213198	0.0525204	
6.49975	-0.00213198	0.0525204	
6.49974	-0.00213198	0.0525204	
6.49974	-0.00213198	0.0525204	
6.49973	-0.00213198	0.0525204	
6.49973	-0.00213198	0.0525204	
6.49972	-0.00213198	0.0525204	
6.49972	-0.00213198	0.0525204	
6.49972	-0.00213198	0.0525204	
6.49971	-0.00213198	0.0525204	
6.49971	-0.00213198	0.0525204	
6.4997	-0.00213198	0.0525204	
6.4997	-0.00213198	0.0525204	
6.49969	-0.00213198	0.0525204	
6.49969	-0.00213198	0.0525204	
6.49969	-0.00213198	0.0525204	
6.49968	-0.00213198	0.0525204	
6.49968	-0.00213198	0.0525204	
6.49967	-0.00213198	0.0525204	
6.49967	-0.00213198	0.0525204	
6.49967	-0.00213198	0.0525204	
6.49966	-0.00213198	0.0525204	
6.49966	-0.00213198	0.0525204	
6.49965	-0.00213198	0.0525204	
6.49965	-0.00213198	0.0525204	
6.49964	-0.00213198	0.0525204	
6.49964	-0.00213198	0.0525204	
6.49964	-0.00213198	0.0525204	
6.49963	-0.00213198	0.0525204	
6.49963	-0.00213198	0.0525204	
6.49962	-0.00213198	0.0525204	
6.49962	-0.00213198	0.0525204	
6.49961	-0.00213198	0.0525204	
6.49961	-0.00213198	0.0525204	
6.49961	-0.00213198	0.0525204	
6.4996	-0.00213198	0.0525204	
6.4996	-0.00213198	0.0525204	
6.49959	-0.00213198	0.0525204	
6.49959	-0.00213198	0.0525204	
6.49958	-0.00213198	0.0525204	
6.49958	-0.00213198	0.0525204	
6.49958	-0.00213198	0.0525204	
6.49957	-0.00213198	0.0525204	
6.49957	-0.00213198	0.0525204	
6.49956	-0.00213198	0.0525204	
6.49956	-0.00213198	0.0525204	
6.49955	-0.00213198	0.0525204	
6.49955	-0.00213198	0.0525204	
6.49955	-0.00213198	0.0525204	
6.49954	-0.00213198	0.0525204	
6.49954	-0.00213198	0.0525204	
6.49953	-0.00213198	0.0525204	
6.49953	-0.00213198	0.0525204	
6.49952	-0.00213198	0.0525204	
6.49952	-0.00213198	0.0525204	
6.49952	-0.00213198	0.0525204	
6.49951	-0.00213198	0.0525204	
6.49951	-0.00213198	0.0525204	
6.4995	-0.00213198	0.0525204	
6.4995	-0.00213198	0.0525204	
6.49949	-0.00213198	0.0525204	
6.49949	-0.00213198	0.0525204	
6.49949	-0.00213198	0.0525204	
6.49948	-0.00213198	0.0525204	
6.49948	-0.00213198	0.0525204	
6.49947	-0.00213198	0.0525204	
6.49947	-0.00213198	0.0525204	
6.49946	-0.00213198	0.0525204	
6.49946	-0.00213198	0.0525204	
6.49946	-0.00213198	0.0525204	
6.49945	-0.00213198	0.0525204	
6.49945	-0.00213198	0.0525204	
6.49944	-0.00213198	0.0525204	
6.49944	-0.00213198	0.0525204	
6.49943	-0.00213198	0.0525204	
6.49943	-0.00213198	0.0525204	
6.49943	-0.00213198	0.0525204	
6.49942	-0.00213198	0.0525204	
6.49942	-0.00213198	0.0525204	
6.49941	-0.00213198	0.0525204	
6.49941	-0.00213198	0.0525204	
6.4994	-0.00213198	0.0525204	
6.4994	-0.00213198	0.0525204	
6.4994	-0.00213198	0.0525204	
6.49939	-0.00213198	0.0525204	
6.49939	-0.00213198	0.0525204	
6.49938	-0.00213198	0.0525204	
6.49938	-0.00213198	0.0525204	
6.49938	-0.00213198	0.0525204	
6.49937	-0.00213198	0.0525204	
6.49937	-0.00213198	0.0525204	
6.49936	-0.00213198	0.0525204	
6.49936	-0.00213198	0.0525204	
6.49935	-0.00213198	0.0525204	
6.49935	-0.00213198	0.0525204	
6.49935	-0.00213198	0.0525204	
6.49934	-0.00213198	0.0525204	
6.49934	-0.00213198	0.0525204	
6.49933	-0.00213198	0.0525204	
6.49933	-0.00213198	0.0525204	
6.49932	-0.00213198	0.0525204	
6.49932	-0.00213198	0.0525204	
6.49932	-0.00213198	0.0525204	
6.49931	-0.00213198	0.0525204	
6.49931	-0.00213198	0.0525204	
6.4993	-0.00213198	0.0525204	
6.4993	-0.00213198	0.0525204	
6.49929	-0.00213198	0.0525204	
6.49929	-0.00213198	0.0525204	
6.49929	-0.00213198	0.0525204	
6.49928	-0.00213198	0.0525204	
6.49928	-0.00213198	0.0525204	
6.49927	-0.00213198	0.0525204	
6.49927	-0.00213198	0.0525204	
6.49926	-0.00213198	0.0525204	
6.49926	-0.00213198	0.0525204	
6.49926	-0.00213198	0.0525204	
6.49925	-0.00213198	0.0525204	
6.49925	-0.00213198	0.0525204	
6.49924	-0.00213198	0.0525204	
6.49924	-0.00213198	0.0525204	
6.49923	-0.00213198	0.0525204	
6.49923	-0.00213198	0.0525204	
6.49923	-0.00213198	0.0525204	
6.49922	-0.00213198	0.0525204	
6.49922	-0.00213198	0.0525204	
6.49921	-0.00213198	0.0525204	
6.49921	-0.00213198	0.0525204	
6.4992	-0.00213198	0.0525204	
6.4992	-0.00213198	0.0525204	
6.4992	-0.00213198	0.0525204	
6.49919	-0.00213198	0.0525204	
6.49919	-0.00213198	0.0525204	
6.49918	-0.00213198	0.0525204	
6.49918	-0.00213198	0.0525204	
6.49917	-0.00213198	0.0525204	
6.49917	-0.00213198	0.0525204	
6.49917	-0.00213198	0.0525204	
6.49916	-0.00213198	0.0525204	
6.49916	-0.00213198	0.0525204	
6.49915	-0.00213198	0.0525204	
6.49915	-0.00213198	0.0525204	
6.49915	-0.00213198	0.0525204	
6.49914	-0.00213198	0.0525204	
6.49914	-0.00213198	0.0525204	
6.49913	-0.00213198	0.0525204	
6.49913	-0.00213198	0.0525204	
6.49912	-0.00213198	0.0525204	
6.49912	-0.00213198	0.0525204	
6.49911	-0.00213198	0.0525204	
6.49911	-0.00213198	0.0525204	
6.49911	-0.00213198	0.0525204	
6.4991	-0.00213198	0.0525204	
6.4991	-0.00213198	0.0525204	
6.49909	-0.00213198	0.0525204	
6.49909	-0.00213198	0.0525204	
6.49909	-0.00213198	0.0525204	
6.49908	-0.00213198	0.0525204	
6.49908	-0.00213198	0.0525204	
6.49907	-0.00213198	0.0525204	
6.49907	-0.00213198	0.0525204	
6.49906	-0.00213198	0.0525204	
6.49906	-0.00213198	0.0525204	
6.49906	-0.00213198	0.0525204	
6.49905	-0.00213198	0.0525204	
6.49905	-0.00213198	0.0525204	
6.49904	-0.00213198	0.0525204	
6.49904	-0.00213198	0.0525204	
6.49903	-0.00213198	0.0525204	
6.49903	-0.00213198	0.0525204	
6.49903	-0.00213198	0.0525204	
6.49902	-0.00213198	0.0525204	
6.49902	-0.00213198	0.0525204	
6.49901	-0.00213198	0.0525204	
6.49901	-0.00213198	0.0525204	
6.499	-0.00213198	0.0525204	
6.499	-0.00213198	0.0525204	
6.499	-0.00213198	0.0525204	
6.49899	-0.00213198	0.0525204	
6.49899	-0.00213198	0.0525204	
6.49898	-0.00213198	0.0525204	
6.49898	-0.00213198	0.0525204	
6.49897	-0.00213198	0.0525204	
6.49897	-0.00213198	0.0525204	
6.49897	-0.00213198	0.0525204	
6.49896	-0.00213198	0.0525204	
6.49896	-0.00213198	0.0525204	
6.49895	-0.00213198	0.0525204	
6.49895	-0.00213198	0.0525204	
6.49894	-0.00213198	0.0525204	
6.49894	-0.00213198	0.0525204	
6.49894	-0.00213198	0.0525204	
6.49893	-0.00213198	0.0525204	
6.49893	-0.00213198	0.0525204	
6.49892	-0.00213198	0.0525204	
6.49892	-0.00213198	0.0525204	
6.49891	-0.00213198	0.0525204	
6.49891	-0.00213198	0.0525204	
6.49891	-0.00213198	0.0525204	
6.4989	-0.00213198	0.0525204	
6.4989	-0.00213198	0.0525204	
6.49889	-0.00213198	0.0525204	
6.49889	-0.00213198	0.0525204	
6.49888	-0.00213198	0.0525204	
6.49888	-0.00213198	0.0525204	
6.49888	-0.00213198	0.0525204	
6.49887	-0.00213198	0.0525204	
6.49887	-0.00213198	0.0525204	
6.49886	-0.00213198	0.0525204	
6.49886	-0.00213198	0.0525204	
6.49886	-0.00213198	0.0525204	
6.49885	-0.00213198	0.0525204	
6.49885	-0.00213198	0.0525204	
6.49884	-0.00213198	0.0525204	
6.49884	-0.00213198	0.0525204	
6.49883	-0.00213198	0.0525204	
6.49883	-0.00213198	0.0525204	
6.49883	-0.00213198	0.0525204	
6.49882	-0.00213198	0.0525204	
6.49882	-0.00213198	0.0525204	
6.49881	-0.00213198	0.0525204	
6.49881	-0.00213198	0.0525204	
6.4988	-0.00213198	0.0525204	
6.4988	-0.00213198	0.0525204	
6.4988	-0.00213198	0.0525204	
6.49879	-0.00213198	0.0525204	
6.49879	-0.00213198	0.0525204	
6.49878	-0.00213198	0.0525204	
6.49878	-0.00213198	0.0525204	
6.49877	-0.00213198	0.0525204	
6.49877	-0.00213198	0.0525204	
6.49877	-0.00213198	0.0525204	
6.49876	-0.00213198	0.0525204	
6.49876	-0.00213198	0.0525204	
6.49875	-0.00213198	0.0525204	
6.49875	-0.00213198	0.0525204	
6.49874	-0.00213198	0.0525204	
6.49874	-0.00213198	0.0525204	
6.49874	-0.00213198	0.0525204	
6.49873	-0.00213198	0.0525204	
6.49873	-0.00213198	0.0525204	
6.49872	-0.00213198	0.0525204	
6.49872	-0.00213198	0.0525204	
6.49871	-0.00213198	0.0525204	
6.49871	-0.00213198	0.0525204	
6.49871	-0.00213198	0.0525204	
6.4987	-0.00213198	0.0525204	
6.4987	-0.00213198	0.0525204	
6.49869	-0.00213198	0.0525204	
6.49869	-0.00213198	0.0525204	
6.49868	-0.00213198	0.0525204	
6.49868	-0.00213198	0.0525204	
6.49868	-0.00213198	0.0525204	
6.49867	-0.00213198	0.0525204	
6.49867	-0.00213198	0.0525204	
6.49866	-0.00213198	0.0525204	
6.49866	-0.00213198	0.0525204	
6.49865	-0.00213198	0.0525204	
6.49865	-0.00213198	0.0525204	
6.49865	-0.00213198	0.0525204	
6.49864	-0.00213198	0.0525204	
6.49864	-0.00213198	0.0525204	
6.49863	-0.00213198	0.0525204	
6.49863	-0.00213198	0.0525204	
6.49862	-0.00213198	0.0525204	
6.49862	-0.00213198	0.0525204	
6.49862	-0.00213198	0.0525204	
6.49861	-0.00213198	0.0525204	
6.49861	-0.00213198	0.0525204	
6.4986	-0.00213198	0.0525204	
6.4986	-0.00213198	0.0525204	
6.49859	-0.00213198	0.0525204	
6.49859	-0.00213198	0.0525204	
6.49859	-0.00213198	0.0525204	
6.49858	-0.00213198	0.0525204	
6.49858	-0.00213198	0.0525204	
6.49857	-0.00213198	0.0525204	
6.49857	-0.00213198	0.0525204	
6.49857	-0.00213198	0.0525204	
6.49856	-0.00213198	0.0525204	
6.49856	-0.00213198	0.0525204	
6.49855	-0.00213198	0.0525204	
6.49855	-0.00213198	0.0525204	
6.49854	-0.00213198	0.0525204	
6.49854	-0.00213198	0.0525204	
6.49854	-0.00213198	0.0525204	
6.49853	-0.00213198	0.0525204	
6.49853	-0.00213198	0.0525204	
6.49852	-0.00213198	0.0525204	
6.49852	-0.00213198	0.0525204	
6.49851	-0.00213198	0.0525204	
6.49851	-0.00213198	0.0525204	
6.49851	-0.00213198	0.0525204	
6.4985	-0.00213198	0.0525204	
6.4985	-0.00213198	0.0525204	
6.49849	-0.00213198	0.0525204	
6.49849	-0.00213198	0.0525204	
6.49848	-0.00213198	0.0525204	
6.49848	-0.00213198	0.0525204	
6.49848	-0.00213198	0.0525204	
6.49847	-0.00213198	0.0525204	
6.49847	-0.00213198	0.0525204	
6.49846	-0.00213198	0.0525204	
6.49846	-0.00213198	0.0525204	
6.49845	-0.00213198	0.0525204	
6.49845	-0.00213198	0.0525204	
6.49845	-0.00213198	0.0525204	
6.49844	-0.00213198	0.0525204	
6.49844	-0.00213198	0.0525204	
6.49843	-0.00213198	0.0525204	
6.49843	-0.00213198	0.0525204	
6.49842	-0.00213198	0.0525204	
6.49842	-0.00213198	0.0525204	
6.49842	-0.00213198	0.0525204	
6.49841	-0.00213198	0.0525204	
6.49841	-0.00213198	0.0525204	
6.4984	-0.00213198	0.0525204	
6.4984	-0.00213198	0.0525204	
6.49839	-0.00213198	0.0525204	
6.49839	-0.00213198	0.0525204	
6.49839	-0.00213198	0.0525204	
6.49838	-0.00213198	0.0525204	
6.49838	-0.00213198	0.0525204	
6.49837	-0.00213198	0.0525204	
6.49837	-0.00213198	0.0525204	
6.49836	-0.00213198	0.0525204	
6.49836	-0.00213198	0.0525204	
6.49836	-0.00213198	0.0525204	
6.49835	-0.00213198	0.0525204	
6.49835	-0.00213198	0.0525204	
6.49834	-0.00213198	0.0525204	
6.49834	-0.00213198	0.0525204	
6.49833	-0.00213198	0.0525204	
6.49833	-0.00213198	0.0525204	
6.49833	-0.00213198	0.0525204	
6.49832	-0.00213198	0.0525204	
6.49832	-0.00213198	0.0525204	
6.49831	-0.00213198	0.0525204	
6.49831	-0.00213198	0.0525204	
6.4983	-0.00213198	0.0525204	
6.4983	-0.00213198	0.0525204	
6.4983	-0.00213198	0.0525204	
6.49829	-0.00213198	0.0525204	
6.49829	-0.00213198	0.0525204	
6.49828	-0.00213198	0.0525204	
6.49828	-0.00213198	0.0525204	
6.49828	-0.00213198	0.0525204	
6.49827	-0.00213198	0.0525204	
6.49827	-0.00213198	0.0525204	
6.49826	-0.00213198	0.0525204	
6.49826	-0.00213198	0.0525204	
6.49825	-0.00213198	0.0525204	
6.49825	-0.00213198	0.0525204	
6.49825	-0.00213198	0.0525204	
6.49824	-0.00213198	0.0525204	
6.49824	-0.00213198	0.0525204	
6.49823	-0.00213198	0.0525204	
6.49823	-0.00213198	0.0525204	
6.49822	-0.00213198	0.0525204	
6.49822	-0.00213198	0.0525204	
6.49822	-0.00213198	0.0525204	
6.49821	-0.00213198	0.0525204	
6.49821	-0.00213198	0.0525204	
6.4982	-0.00213198	0.0525204	
6.4982	-0.00213198	0.0525204	
6.49819	-0.00213198	0.0525204	
6.49819	-0.00213198	0.0525204	
6.49819	-0.00213198	0.0525204	
6.49818	-0.00213198	0.0525204	
6.49818	-0.00213198	0.0525204	
6.49817	-0.00213198	0.0525204	
6.49817	-0.00213198	0.0525204	
6.49816	-0.00213198	0.0525204	
6.49816	-0.00213198	0.0525204	
6.49816	-0.00213198	0.0525204	
6.49815	-0.00213198	0.0525204	
6.49815	-0.00213198	0.0525204	
6.49814	-0.00213198	0.0525204	
6.49814	-0.00213198	0.0525204	
6.49813	-0.00213198	0.0525204	
6.49813	-0.00213198	0.0525204	
6.49813	-0.00213198	0.0525204	
6.49812	-0.00213198	0.0525204	
6.49812	-0.00213198	0.0525204	
6.49811	-0.00213198	0.0525204	
6.49811	-0.00213198	0.0525204	
6.4981	-0.00213198	0.0525204	
6.4981	-0.00213198	0.0525204	
6.4981	-0.00213198	0.0525204	
6.49809	-0.00213198	0.0525204	
6.49809	-0.00213198	0.0525204	
6.49808	-0.00213198	0.0525204	
6.49808	-0.00213198	0.0525204	
6.49807	-0.00213198	0.0525204	
6.49807	-0.00213198	0.0525204	
6.49807	-0.00213198	0.0525204	
6.49806	-0.00213198	0.0525204	
6.49806	-0.00213198	0.0525204	
6.49805	-0.00213198	0.0525204	
6.49805	-0.00213198	0.0525204	
6.49804	-0.00213198	0.0525204	
6.49804	-0.00213198	0.0525204	
6.49804	-0.00213198	0.0525204	
6.49803	-0.00213198	0.0525204	
6.49803	-0.00213198	0.0525204	
6.49802	-0.00213198	0.0525204	
6.49802	-0.00213198	0.0525204	
6.49801	-0.00213198	0.0525204	
6.49801	-0.00213198	0.0525204	
6.49801	-0.00213198	0.0525204	
6.498	-0.00213198	0.0525204	
6.498	-0.00213198	0.0525204	
6.49799	-0.00213198	0.0525204	
6.49799	-0.00213198	0.0525204	
6.49798	-0.00213198	0.0525204	
6.49798	-0.00213198	0.0525204	
6.49798	-0.00213198	0.0525204	
6.49797	-0.00213198	0.0525204	
6.49797	-0.00213198	0.0525204	
6.49796	-0.00213198	0.0525204	
6.49796	-0.00213198	0.0525204	
6.49796	-0.00213198	0.0525204	
6.49795	-0.00213198	0.0525204	
6.49795	-0.00213198	0.0525204	
6.49794	-0.00213198	0.0525204	
6.49794	-0.00213198	0.0525204	
6.49793	-0.00213198	0.0525204	
6.49793	-0.00213198	0.0525204	
6.49793	-0.00213198	0.0525204	
6.49792	-0.00213198	0.0525204	
6.49792	-0.00213198	0.0525204	
6.49791	-0.00213198	0.0525204	
6.49791	-0.00213198	0.0525204	
6.4979	-0.00213198	0.0525204	
6.4979	-0.00213198	0.0525204	
6.4979	-0.00213198	0.0525204	
6.49789	-0.00213198	0.0525204	
6.49789	-0.00213198	0.0525204	
6.49788	-0.00213198	0.0525204	
6.49788	-0.00213198	0.0525204	
6.49787	-0.00213198	0.0525204	
6.49787	-0.00213198	0.0525204	
6.49787	-0.00213198	0.0525204	
6.49786	-0.00213198	0.0525204	
6.49786	-0.00213198	0.0525204	
6.49785	-0.00213198	0.0525204	
6.49785	-0.00213198	0.0525204	
6.49784	-0.00213198	0.0525204	
6.49784	-0.00213198	0.0525204	
6.49784	-0.00213198	0.0525204	
6.49783	-0.00213198	0.0525204	
6.49783	-0.00213198	0.0525204	
6.49782	-0.00213198	0.0525204	
6.49782	-0.00213198	0.0525204	
6.49781	-0.00213198	0.0525204	
6.49781	-0.00213198	0.0525204	
6.49781	-0.00213198	0.0525204	
6.4978	-0.00213198	0.0525204	
6.4978	-0.00213198	0.0525204	
6.49779	-0.00213198	0.0525204	
6.49779	-0.00213198	0.0525204	
6.49778	-0.00213198	0.0525204	
6.49778	-0.00213198	0.0525204	
6.49778	-0.00213198	0.0525204	
6.49777	-0.00213198	0.0525204	
6.49777	-0.00213198	0.0525204	
6.49776	-0.00213198	0.0525204	
6.49776	-0.00213198	0.0525204	
6.49776	-0.00213198	0.0525204	
6.49775	-0.00213198	0.0525204	
6.49775	-0.00213198	0.0525204	
6.49774	-0.00213198	0.0525204	
6.49774	-0.00213198	0.0525204	
6.49773	-0.00213198	0.0525204	
6.49773	-0.00213198	0.0525204	
6.49773	-0.00213198	0.0525204	
6.49772	-0.00213198	0.0525204	
6.49772	-0.00213198	0.0525204	
6.49771	-0.00213198	0.0525204	
6.49771	-0.00213198	0.0525204	
6.4977	-0.00213198	0.0525204	
6.4977	-0.00213198	0.0525204	
6.49769	-0.00213198	0.0525204	
6.49769	-0.00213198	0.0525204	
6.49769	-0.00213198	0.0525204	
6.49768	-0.00213198	0.0525204	
6.49768	-0.00213198	0.0525204	
6.49767	-0.00213198	0.0525204	
6.49767	-0.00213198	0.0525204	
6.49767	-0.00213198	0.0525204	
6.49766	-0.00213198	0.0525204	
6.49766	-0.00213198	0.0525204	
6.49765	-0.00213198	0.0525204	
6.49765	-0.00213198	0.0525204	
6.49764	-0.00213198	0.0525204	
6.49764	-0.00213198	0.0525204	
6.49764	-0.00213198	0.0525204	
6.49763	-0.00213198	0.0525204	
6.49763	-0.00213198	0.0525204	
6.49762	-0.00213198	0.0525204	
6.49762	-0.00213198	0.0525204	
6.49761	-0.00213198	0.0525204	
6.49761	-0.00213198	0.0525204	
6.49761	-0.00213198	0.0525204	
6.4976	-0.00213198	0.0525204	
6.4976	-0.00213198	0.0525204	
6.49759	-0.00213198	0.0525204	
6.49759	-0.00213198	0.0525204	
6.49758	-0.00213198	0.0525204	
6.49758	-0.00213198	0.0525204	
6.49758	-0.00213198	0.0525204	
6.49757	-0.00213198	0.0525204	
6.49757	-0.00213198	0.0525204	
6.49756	-0.00213198	0.0525204	
6.49756	-0.00213198	0.0525204	
6.49755	-0.00213198	0.0525204	
6.49755	-0.00213198	0.0525204	
6.49755	-0.00213198	0.0525204	
6.49754	-0.00213198	0.0525204	
6.49754	-0.00213198	0.0525204	
6.49753	-0.00213198	0.0525204	
6.49753	-0.00213198	0.0525204	
6.49752	-0.00213198	0.0525204	
6.49752	-0.00213198	0.0525204	
6.49752	-0.00213198	0.0525204	
6.49751	-0.00213198	0.0525204	
6.49751	-0.00213198	0.0525204	
6.4975	-0.00213198	0.0525204	
6.4975	-0.00213198	0.0525204	
6.49749	-0.00213198	0.0525204	
6.49749	-0.00213198	0.0525204	
6.49749	-0.00213198	0.0525204	
6.49748	-0.00213198	0.0525204	
6.49748	-0.00213198	0.0525204	
6.49747	-0.00213198	0.0525204	
6.49747	-0.00213198	0.0525204	
6.49747	-0.00213198	0.0525204	
6.49746	-0.00213198	0.0525204	
6.49746	-0.00213198	0.0525204	
6.49745	-0.00213198	0.0525204	
6.49745	-0.00213198	0.0525204	
6.49744	-0.00213198	0.0525204	
6.49744	-0.00213198	0.0525204	
6.49744	-0.00213198	0.0525204	
6.49743	-0.00213198	0.0525204	
6.49743	-0.00213198	0.0525204	
6.49742	-0.00213198	0.0525204	
6.49742	-0.00213198	0.0525204	
6.49741	-0.00213198	0.0525204	
6.49741	-0.00213198	0.0525204	
6.49741	-0.00213198	0.0525204	
6.4974	-0.00213198	0.0525204	
6.4974	-0.00213198	0.0525204	
6.49739	-0.00213198	0.0525204	
6.49739	-0.00213198	0.0525204	
6.49738	-0.00213198	0.0525204	
6.49738	-0.00213198	0.0525204	
6.49738	-0.00213198	0.0525204	
6.49737	-0.00213198	0.0525204	
6.49737	-0.00213198	0.0525204	
6.49736	-0.00213198	0.0525204	
6.49736	-0.00213198	0.0525204	
6.49735	-0.00213198	0.0525204	
6.49735	-0.00213198	0.0525204	
6.49735	-0.00213198	0.0525204	
6.49734	-0.00213198	0.0525204	
6.49734	-0.00213198	0.0525204	
6.49733	-0.00213198	0.0525204	
6.49733	-0.00213198	0.0525204	
6.49732	-0.00213198	0.0525204	
6.49732	-0.00213198	0.0525204	
6.49732	-0.00213198	0.0525204	
6.49731	-0.00213198	0.0525204	
6.49731	-0.00213198	0.0525204	
6.4973	-0.00213198	0.0525204	
6.4973	-0.00213198	0.0525204	
6.49729	-0.00213198	0.0525204	
6.49729	-0.00213198	0.0525204	
6.49729	-0.00213198	0.0525204	
6.49728	-0.00213198	0.0525204	
6.49728	-0.00213198	0.0525204	
6.49727	-0.00213198	0.0525204	
6.49727	-0.00213198	0.0525204	
6.49726	-0.00213198	0.0525204	
6.49726	-0.00213198	0.0525204	
6.49726	-0.00213198	0.0525204	
6.49725	-0.00213198	0.0525204	
6.49725	-0.00213198	0.0525204	
6.49724	-0.00213198	0.0525204	
6.49724	-0.00213198	0.0525204	
6.49723	-0.00213198	0.0525204	
6.49723	-0.00213198	0.0525204	
6.49723	-0.00213198	0.0525204	
6.49722	-0.00213198	0.0525204	
6.49722	-0.00213198	0.0525204	
6.49721	-0.00213198	0.0525204	
6.49721	-0.00213198	0.0525204	
6.4972	-0.00213198	0.0525204	
6.4972	-0.00213198	0.0525204	
6.4972	-0.00213198	0.0525204	
6.49719	-0.00213198	0.0525204	
6.49719	-0.00213198	0.0525204	
6.49718	-0.00213198	0.0525204	
6.49718	-0.00213198	0.0525204	
6.49717	-0.00213198	0.0525204	
6.49717	-0.00213198	0.0525204	
6.49717	-0.00213198	0.0525204	
6.49716	-0.00213198	0.0525204	
6.49716	-0.00213198	0.0525204	
6.49715	-0.00213198	0.0525204	
6.49715	-0.00213198	0.0525204	
6.49715	-0.00213198	0.0525204	
6.49714	-0.00213198	0.0525204	
6.49714	-0.00213198	0.0525204	
6.49713	-0.00213198	0.0525204	
6.49713	-0.00213198	0.0525204	
6.49712	-0.00213198	0.0525204	
6.49712	-0.00213198	0.0525204	
6.49712	-0.00213198	0.0525204	
6.49711	-0.00213198	0.0525204	
6.49711	-0.00213198	0.0525204	
6.4971	-0.00213198	0.0525204	
6.4971	-0.00213198	0.0525204	
6.49709	-0.00213198	0.0525204	
6.49709	-0.00213198	0.0525204	
6.49709	-0.00213198	0.0525204	
6.49708	-0.00213198	0.0525204	
6.49708	-0.00213198	0.0525204	
6.49707	-0.00213198	0.0525204	
6.49707	-0.00213198	0.0525204	
6.49706	-0.00213198	0.0525204	
6.49706	-0.00213198	0.0525204	
6.49706	-0.00213198	0.0525204	
6.49705	-0.00213198	0.0525204	
6.49705	-0.00213198	0.0525204	
6.49704	-0.00213198	0.0525204	
6.49704	-0.00213198	0.0525204	
6.49703	-0.00213198	0.0525204	
6.49703	-0.00213198	0.0525204	
6.49703	-0.00213198	0.0525204	
6.49702	-0.00213198	0.0525204	
6.49702	-0.00213198	0.0525204	
6.49701	-0.00213198	0.0525204	
6.49701	-0.00213198	0.0525204	
6.497	-0.00213198	0.0525204	
6.497	-0.00213198	0.0525204	
6.497	-0.00213198	0.0525204	
6.49699	-0.00213198	0.0525204	
6.49699	-0.00213198	0.0525204	
6.49698	-0.00213198	0.0525204	
6.49698	-0.00213198	0.0525204	
6.49697	-0.00213198	0.0525204	
6.49697	-0.00213198	0.0525204	
6.49697	-0.00213198	0.0525204	
6.49696	-0.00213198	0.0525204	
6.49696	-0.00213198	0.0525204	
6.49695	-0.00213198	0.0525204	
6.49695	-0.00213198	0.0525204	
6.49694	-0.00213198	0.0525204	
6.49694	-0.00213198	0.0525204	
6.49694	-0.00213198	0.0525204	
6.49693	-0.00213198	0.0525204	
6.49693	-0.00213198	0.0525204	
6.49692	-0.00213198	0.0525204	
6.49692	-0.00213198	0.0525204	
6.49691	-0.00213198	0.0525204	
6.49691	-0.00213198	0.0525204	
6.49691	-0.00213198	0.0525204	
6.4969	-0.00213198	0.0525204	
6.4969	-0.00213198	0.0525204	
6.49689	-0.00213198	0.0525204	
6.49689	-0.00213198	0.0525204	
6.49688	-0.00213198	0.0525204	
6.49688	-0.00213198	0.0525204	
6.49688	-0.00213198	0.0525204	
6.49687	-0.00213198	0.0525204	
6.49687	-0.00213198	0.0525204	
6.49686	-0.00213198	0.0525204	
6.49686	-0.00213198	0.0525204	
6.49686	-0.00213198	0.0525204	
6.49685	-0.00213198	0.0525204	
6.49685	-0.00213198	0.0525204	
6.49684	-0.00213198	0.0525204	
6.49684	-0.00213198	0.0525204	
6.49683	-0.00213198	0.0525204	
6.49683	-0.00213198	0.0525204	
6.49683	-0.00213198	0.0525204	
6.49682	-0.00213198	0.0525204	
6.49682	-0.00213198	0.0525204	
6.49681	-0.00213198	0.0525204	
6.49681	-0.00213198	0.0525204	
6.4968	-0.00213198	0.0525204	
6.4968	-0.00213198	0.0525204	
6.4968	-0.00213198	0.0525204	
6.49679	-0.00213198	0.0525204	
6.49679	-0.00213198	0.0525204	
6.49678	-0.00213198	0.0525204	
6.49678	-0.00213198	0.0525204	
6.49677	-0.00213198	0.0525204	
6.49677	-0.00213198	0.0525204	
6.49677	-0.00213198	0.0525204	
6.49676	-0.00213198	0.0525204	
6.49676	-0.00213198	0.0525204	
6.49675	-0.00213198	0.0525204	
6.49675	-0.00213198	0.0525204	
6.49674	-0.00213198	0.0525204	
6.49674	-0.00213198	0.0525204	
6.49674	-0.00213198	0.0525204	
6.49673	-0.00213198	0.0525204	
6.49673	-0.00213198	0.0525204	
6.49672	-0.00213198	0.0525204	
6.49672	-0.00213198	0.0525204	
6.49671	-0.00213198	0.0525204	
6.49671	-0.00213198	0.0525204	
6.49671	-0.00213198	0.0525204	
6.4967	-0.00213198	0.0525204	
6.4967	-0.00213198	0.0525204	
6.49669	-0.00213198	0.0525204	
6.49669	-0.00213198	0.0525204	
6.49668	-0.00213198	0.0525204	
6.49668	-0.00213198	0.0525204	
6.49668	-0.00213198	0.0525204	
6.49667	-0.00213198	0.0525204	
6.49667	-0.00213198	0.0525204	
6.49666	-0.00213198	0.0525204	
6.49666	-0.00213198	0.0525204	
6.49665	-0.00213198	0.0525204	
6.49665	-0.00213198	0.0525204	
6.49665	-0.00213198	0.0525204	
6.49664	-0.00213198	0.0525204	
6.49664	-0.00213198	0.0525204	
6.49663	-0.00213198	0.0525204	
6.49663	-0.00213198	0.0525204	
6.49662	-0.00213198	0.0525204	
6.49662	-0.00213198	0.0525204	
6.49662	-0.00213198	0.0525204	
6.49661	-0.00213198	0.0525204	
6.49661	-0.00213198	0.0525204	
6.4966	-0.00213198	0.0525204	
6.4966	-0.00213198	0.0525204	
6.49659	-0.00213198	0.0525204	
6.49659	-0.00213198	0.0525204	
6.49659	-0.00213198	0.0525204	
6.49658	-0.00213198	0.0525204	
6.49658	-0.00213198	0.0525204	
6.49657	-0.00213198	0.0525204	
6.49657	-0.00213198	0.0525204	
6.49657	-0.00213198	0.0525204	
6.49656	-0.00213198	0.0525204	
6.49656	-0.00213198	0.0525204	
6.49655	-0.00213198	0.0525204	
6.49655	-0.00213198	0.0525204	
6.49654	-0.00213198	0.0525204	
6.49654	-0.00213198	0.0525204	
6.49654	-0.00213198	0.0525204	
6.49653	-0.00213198	0.0525204	
6.49653	-0.00213198	0.0525204	
6.49652	-0.00213198	0.0525204	
6.49652	-0.00213198	0.0525204	
6.49651	-0.00213198	0.0525204	
6.49651	-0.00213198	0.0525204	
6.49651	-0.00213198	0.0525204	
6.4965	-0.00213198	0.0525204	
6.4965	-0.00213198	0.0525204	
6.49649	-0.00213198	0.0525204	
6.49649	-0.00213198	0.0525204	
6.49648	-0.00213198	0.0525204	
6.49648	-0.00213198	0.0525204	
6.49648	-0.00213198	0.0525204	
6.49647	-0.00213198	0.0525204	
6.49647	-0.00213198	0.0525204	
6.49646	-0.00213198	0.0525204	
6.49646	-0.00213198	0.0525204	
6.49645	-0.00213198	0.0525204	
6.49645	-0.00213198	0.0525204	
6.49645	-0.00213198	0.0525204	
6.49644	-0.00213198	0.0525204	
6.49644	-0.00213198	0.0525204	
6.49643	-0.00213198	0.0525204	
6.49643	-0.00213198	0.0525204	
6.49642	-0.00213198	0.0525204	
6.49642	-0.00213198	0.0525204	
6.49642	-0.00213198	0.0525204	
6.49641	-0.00213198	0.0525204	
6.49641	-0.00213198	0.0525204	
6.4964	-0.00213198	0.0525204	
6.4964	-0.00213198	0.0525204	
6.49639	-0.00213198	0.0525204	
6.49639	-0.00213198	0.0525204	
6.49639	-0.00213198	0.0525204	
6.49638	-0.00213198	0.0525204	
6.49638	-0.00213198	0.0525204	
6.49637	-0.00213198	0.0525204	
6.49637	-0.00213198	0.0525204	
6.49636	-0.00213198	0.0525204	
6.49636	-0.00213198	0.0525204	
6.49636	-0.00213198	0.0525204	
6.49635	-0.00213198	0.0525204	
6.49635	-0.00213198	0.0525204	
6.49634	-0.00213198	0.0525204	
6.49634	-0.00213198	0.0525204	
6.49634	-0.00213198	0.0525204	
6.49633	-0.00213198	0.0525204	
6.49633	-0.00213198	0.0525204	
6.49632	-0.00213198	0.0525204	
6.49632	-0.00213198	0.0525204	
6.49631	-0.00213198	0.0525204	
6.49631	-0.00213198	0.0525204	
6.4963	-0.00213198	0.0525204	
6.4963	-0.00213198	0.0525204	
6.4963	-0.00213198	0.0525204	
6.49629	-0.00213198	0.0525204	
6.49629	-0.00213198	0.0525204	
6.49628	-0.00213198	0.0525204	
6.49628	-0.00213198	0.0525204	
6.49628	-0.00213198	0.0525204	
6.49627	-0.00213198	0.0525204	
6.49627	-0.00213198	0.0525204	
6.49626	-0.00213198	0.0525204	
6.49626	-0.00213198	0.0525204	
6.49625	-0.00213198	0.0525204	
6.49625	-0.00213198	0.0525204	
6.49625	-0.00213198	0.0525204	
6.49624	-0.00213198	0.0525204	
6.49624	-0.00213198	0.0525204	
6.49623	-0.00213198	0.0525204	
6.49623	-0.00213198	0.0525204	
6.49622	-0.00213198	0.0525204	
6.49622	-0.00213198	0.0525204	
6.49622	-0.00213198	0.0525204	
6.49621	-0.00213198	0.0525204	
6.49621	-0.00213198	0.0525204	
6.4962	-0.00213198	0.0525204	
6.4962	-0.00213198	0.0525204	
6.49619	-0.00213198	0.0525204	
6.49619	-0.00213198	0.0525204	
6.49619	-0.00213198	0.0525204	
6.49618	-0.00213198	0.0525204	
6.49618	-0.00213198	0.0525204	
6.49617	-0.00213198	0.0525204	
6.49617	-0.00213198	0.0525204	
6.49616	-0.00213198	0.0525204	
6.49616	-0.00213198	0.0525204	
6.49616	-0.00213198	0.0525204	
6.49615	-0.00213198	0.0525204	
6.49615	-0.00213198	0.0525204	
6.49614	-0.00213198	0.0525204	
6.49614	-0.00213198	0.0525204	
6.49613	-0.00213198	0.0525204	
6.49613	-0.00213198	0.0525204	
6.49613	-0.00213198	0.0525204	
6.49612	-0.00213198	0.0525204	
6.49612	-0.00213198	0.0525204	
6.49611	-0.00213198	0.0525204	
6.49611	-0.00213198	0.0525204	
6.4961	-0.00213198	0.0525204	
6.4961	-0.00213198	0.0525204	
6.4961	-0.00213198	0.0525204	
6.49609	-0.00213198	0.0525204	
6.49609	-0.00213198	0.0525204	
6.49608	-0.00213198	0.0525204	
6.49608	-0.00213198	0.0525204	
6.49607	-0.00213198	0.0525204	
6.49607	-0.00213198	0.0525204	
6.49607	-0.00213198	0.0525204	
6.49606	-0.00213198	0.0525204	
6.49606	-0.00213198	0.0525204	
6.49605	-0.00213198	0.0525204	
6.49605	-0.00213198	0.0525204	
6.49605	-0.00213198	0.0525204	
6.49604	-0.00213198	0.0525204	
6.49604	-0.00213198	0.0525204	
6.49603	-0.00213198	0.0525204	
6.49603	-0.00213198	0.0525204	
6.49602	-0.00213198	0.0525204	
6.49602	-0.00213198	0.0525204	
6.49602	-0.00213198	0.0525204	
6.49601	-0.00213198	0.0525204	
6.49601	-0.00213198	0.0525204	
6.496	-0.00213198	0.0525204	
6.496	-0.00213198	0.0525204	
6.49599	-0.00213198	0.0525204	
6.49599	-0.00213198	0.0525204	
6.49599	-0.00213198	0.0525204	
6.49598	-0.00213198	0.0525204	
6.49598	-0.00213198	0.0525204	
6.49597	-0.00213198	0.0525204	
6.49597	-0.00213198	0.0525204	
6.49596	-0.00213198	0.0525204	
6.49596	-0.00213198	0.0525204	
6.49596	-0.00213198	0.0525204	
6.49595	-0.00213198	0.0525204	
6.49595	-0.00213198	0.0525204	
6.49594	-0.00213198	0.0525204	
6.49594	-0.00213198	0.0525204	
6.49593	-0.00213198	0.0525204	
6.49593	-0.00213198	0.0525204	
6.49593	-0.00213198	0.0525204	
6.49592	-0.00213198	0.0525204	
6.49592	-0.00213198	0.0525204	
6.49591	-0.00213198	0.0525204	
6.49591	-0.00213198	0.0525204	
6.4959	-0.00213198	0.0525204	
6.4959	-0.00213198	0.0525204	
6.4959	-0.00213198	0.0525204	
6.49589	-0.00213198	0.0525204	
6.49589	-0.00213198	0.0525204	
6.49588	-0.00213198	0.0525204	
6.49588	-0.00213198	0.0525204	
6.49587	-0.00213198	0.0525204	
6.49587	-0.00213198	0.0525204	
6.49587	-0.00213198	0.0525204	
6.49586	-0.00213198	0.0525204	
6.49586	-0.00213198	0.0525204	
6.49585	-0.00213198	0.0525204	
6.49585	-0.00213198	0.0525204	
6.49584	-0.00213198	0.0525204	
6.49584	-0.00213198	0.0525204	
6.49584	-0.00213198	0.0525204	
6.49583	-0.00213198	0.0525204	
6.49583	-0.00213198	0.0525204	
6.49582	-0.00213198	0.0525204	
6.49582	-0.00213198	0.0525204	
6.49581	-0.00213198	0.0525204	
6.49581	-0.00213198	0.0525204	
6.49581	-0.00213198	0.0525204	
6.4958	-0.00213198	0.0525204	
6.4958	-0.00213198	0.0525204	
6.49579	-0.00213198	0.0525204	
6.49579	-0.00213198	0.0525204	
6.49578	-0.00213198	0.0525204	
6.49578	-0.00213198	0.0525204	
6.49578	-0.00213198	0.0525204	
6.49577	-0.00213198	0.0525204	
6.49577	-0.00213198	0.0525204	
6.49576	-0.00213198	0.0525204	
6.49576	-0.00213198	0.0525204	
6.49576	-0.00213198	0.0525204	
6.49575	-0.00213198	0.0525204	
6.49575	-0.00213198	0.0525204	
6.49574	-0.00213198	0.0525204	
6.49574	-0.00213198	0.0525204	
6.49573	-0.00213198	0.0525204	
6.49573	-0.00213198	0.0525204	
6.49573	-0.00213198	0.0525204	
6.49572	-0.00213198	0.0525204	
6.49572	-0.00213198	0.0525204	
6.49571	-0.00213198	0.0525204	
6.49571	-0.00213198	0.0525204	
6.4957	-0.00213198	0.0525204	
6.4957	-0.00213198	0.0525204	
6.4957	-0.00213198	0.0525204	
6.49569	-0.00213198	0.0525204	
6.49569	-0.00213198	0.0525204	
6.49568	-0.00213198	0.0525204	
6.49568	-0.00213198	0.0525204	
6.49567	-0.00213198	0.0525204	
6.49567	-0.00213198	0.0525204	
6.49567	-0.00213198	0.0525204	
6.49566	-0.00213198	0.0525204	
6.49566	-0.00213198	0.0525204	
6.49565	-0.00213198	0.0525204	
6.49565	-0.00213198	0.0525204	
6.49564	-0.00213198	0.0525204	
6.49564	-0.00213198	0.0525204	
6.49564	-0.00213198	0.0525204	
6.49563	-0.00213198	0.0525204	
6.49563	-0.00213198	0.0525204	
6.49562	-0.00213198	0.0525204	
6.49562	-0.00213198	0.0525204	
6.49561	-0.00213198	0.0525204	
6.49561	-0.00213198	0.0525204	
6.49561	-0.00213198	0.0525204	
6.4956	-0.00213198	0.0525204	
6.4956	-0.00213198	0.0525204	
6.49559	-0.00213198	0.0525204	
6.49559	-0.00213198	0.0525204	
6.49558	-0.00213198	0.0525204	
6.49558	-0.00213198	0.0525204	
6.49558	-0.00213198	0.0525204	
6.49557	-0.00213198	0.0525204	
6.49557	-0.00213198	0.0525204	
6.49556	-0.00213198	0.0525204	
6.49556	-0.00213198	0.0525204	
6.49555	-0.00213198	0.0525204	
6.49555	-0.00213198	0.0525204	
6.49555	-0.00213198	0.0525204	
6.49554	-0.00213198	0.0525204	
6.49554	-0.00213198	0.0525204	
6.49553	-0.00213198	0.0525204	
6.49553	-0.00213198	0.0525204	
6.49552	-0.00213198	0.0525204	
6.49552	-0.00213198	0.0525204	
6.49552	-0.00213198	0.0525204	
6.49551	-0.00213198	0.0525204	
6.49551	-0.00213198	0.0525204	
6.4955	-0.00213198	0.0525204	
6.4955	-0.00213198	0.0525204	
6.49549	-0.00213198	0.0525204	
6.49549	-0.00213198	0.0525204	
6.49549	-0.00213198	0.0525204	
6.49548	-0.00213198	0.0525204	
6.49548	-0.00213198	0.0525204	
6.49547	-0.00213198	0.0525204	
6.49547	-0.00213198	0.0525204	
6.49547	-0.00213198	0.0525204	
6.49546	-0.00213198	0.0525204	
6.49546	-0.00213198	0.0525204	
6.49545	-0.00213198	0.0525204	
6.49545	-0.00213198	0.0525204	
6.49544	-0.00213198	0.0525204	
6.49544	-0.00213198	0.0525204	
6.49544	-0.00213198	0.0525204	
6.49543	-0.00213198	0.0525204	
6.49543	-0.00213198	0.0525204	
6.49542	-0.00213198	0.0525204	
6.49542	-0.00213198	0.0525204	
6.49541	-0.00213198	0.0525204	
6.49541	-0.00213198	0.0525204	
6.49541	-0.00213198	0.0525204	
6.4954	-0.00213198	0.0525204	
6.4954	-0.00213198	0.0525204	
6.49539	-0.00213198	0.0525204	
6.49539	-0.00213198	0.0525204	
6.49538	-0.00213198	0.0525204	
6.49538	-0.00213198	0.0525204	
6.49538	-0.00213198	0.0525204	
6.49537	-0.00213198	0.0525204	
6.49537	-0.00213198	0.0525204	
6.49536	-0.00213198	0.0525204	
6.49536	-0.00213198	0.0525204	
6.49535	-0.00213198	0.0525204	
6.49535	-0.00213198	0.0525204	
6.49535	-0.00213198	0.0525204	
6.49534	-0.00213198	0.0525204	
6.49534	-0.00213198	0.0525204	
6.49533	-0.00213198	0.0525204	
6.49533	-0.00213198	0.0525204	
6.49532	-0.00213198	0.0525204	
6.49532	-0.00213198	0.0525204	
6.49532	-0.00213198	0.0525204	
6.49531	-0.00213198	0.0525204	
6.49531	-0.00213198	0.0525204	
6.4953	-0.00213198	0.0525204	
6.4953	-0.00213198	0.0525204	
6.49529	-0.00213198	0.0525204	
6.49529	-0.00213198	0.0525204	
6.49529	-0.00213198	0.0525204	
6.49528	-0.00213198	0.0525204	
6.49528	-0.00213198	0.0525204	
6.49527	-0.00213198	0.0525204	
6.49527	-0.00213198	0.0525204	
6.49526	-0.00213198	0.0525204	
6.49526	-0.00213198	0.0525204	
6.49526	-0.00213198	0.0525204	
6.49525	-0.00213198	0.0525204	
6.49525	-0.00213198	0.0525204	
6.49524	-0.00213198	0.0525204	
6.49524	-0.00213198	0.0525204	
6.49523	-0.00213198	0.0525204	
6.49523	-0.00213198	0.0525204	
6.49523	-0.00213198	0.0525204	
6.49522	-0.00213198	0.0525204	
6.49522	-0.00213198	0.0525204	
6.49521	-0.00213198	0.0525204	
6.49521	-0.00213198	0.0525204	
6.4952	-0.00213198	0.0525204	
6.4952	-0.00213198	0.0525204	
6.4952	-0.00213198	0.0525204	
6.49519	-0.00213198	0.0525204	
6.49519	-0.00213198	0.0525204	
6.49518	-0.00213198	0.0525204	
6.49518	-0.00213198	0.0525204	
6.49518	-0.00213198	0.0525204	
6.49517	-0.00213198	0.0525204	
6.49517	-0.00213198	0.0525204	
6.49516	-0.00213198	0.0525204	
6.49516	-0.00213198	0.0525204	
6.49515	-0.00213198	0.0525204	
6.49515	-0.00213198	0.0525204	
6.49515	-0.00213198	0.0525204	
6.49514	-0.00213198	0.0525204	
6.49514	-0.00213198	0.0525204	
6.49513	-0.00213198	0.0525204	
6.49513	-0.00213198	0.0525204	
6.49512	-0.00213198	0.0525204	
6.49512	-0.00213198	0.0525204	
6.49512	-0.00213198	0.0525204	
6.49511	-0.00213198	0.0525204	
6.49511	-0.00213198	0.0525204	
6.4951	-0.00213198	0.0525204	
6.4951	-0.00213198	0.0525204	
6.49509	-0.00213198	0.0525204	
6.49509	-0.00213198	0.0525204	
6.49509	-0.00213198	0.0525204	
6.49508	-0.00213198	0.0525204	
6.49508	-0.00213198	0.0525204	
6.49507	-0.00213198	0.0525204	
6.49507	-0.00213198	0.0525204	
6.49506	-0.00213198	0.0525204	
6.49506	-0.00213198	0.0525204	
6.49506	-0.00213198	0.0525204	
6.49505	-0.00213198	0.0525204	
6.49505	-0.00213198	0.0525204	
