10	0	1	
10	0	1	
10	0	1	
10	0	1	
10	0	1	
10	0	1	
10	0	1	
10	0	1	
10	0	1	
10	0	1	
10	0	1	
10	0	1	
10	0	1	
10	0	1	
10	0	1	
10	0	1	
10	0	1	
10	0	1	
10	0	1	
10	0	1	
10	0	1	
10	0	1	
10	0	1	
10	0	1	
10	0	1	
10	0	1	
10	0	1	
10	0	1	
10	0	1	
10	0	1	
10	0	1	
10	0	1	
10	0	1	
10	0	1	
10	0	1	
10	0	1	
10	0	1	
10	0	1	
10	0	1	
10	0	1	
10	0	1	
10	0	1	
10	0	1	
10	0	1	
10	0	1	
10	0	1	
10	0	1	
10	0	1	
10	0	1	
10	0	1	
10	0	1	
10	0	1	
10	0	1	
10	0	1	
10	0	1	
10	0	1	
10	0	1	
10	0	1	
10	0	1	
10	0	1	
10	0	1	
10	0	1	
10	0	1	
10	0	1	
10	0	1	
10	0	1	
10	0	1	
10	0	1	
10	0	1	
10	0	1	
10	0	1	
10	0	1	
10	0	1	
10	0	1	
10	0	1	
10	0	1	
10	0	1	
10	0	1	
10	0	1	
10	0	1	
10	0	1	
10	0	1	
10	0	1	
10	0	1	
10	0	1	
10	0	1	
10	0	1	
10	0	1	
10	0	1	
10	0	1	
10	0	1	
10	0	1	
10	0	1	
10	0	1	
10	0	1	
10	0	1	
10	0	1	
10	0	1	
10	0	1	
10	0	1	
10	0	1	
10	0	1	
10	0	1	
10	0	1	
10	0	1	
10	0	1	
10	0	1	
10	0	1	
10	0	1	
10	0	1	
10	0	1	
10	0	1	
10	0	1	
10	0	1	
10	0	1	
10	0	1	
10	0	1	
10	0	1	
10	0	1	
10	0	1	
10	0	1	
10	0	1	
10	0	1	
10	0	1	
10	0	1	
10	0	1	
10	0	1	
10	0	1	
10	0	1	
10	0	1	
10	0	1	
10	0	1	
10	0	1	
10	0	1	
10	0	1	
10	0	1	
10	0	1	
10	0	1	
10	0	1	
10	0	1	
10	0	1	
10	0	1	
10	0	1	
10	0	1	
10	0	1	
10	0	1	
10	0	1	
10	0	1	
10	0	1	
10	0	1	
10	0	1	
10	0	1	
10	0	1	
10	0	1	
10	0	1	
10	0	1	
10	0	1	
10	0	1	
10	0	1	
10	0	1	
10	0	1	
10	0	1	
10	0	1	
10	0	1	
10	0	1	
10	0	1	
10	0	1	
10	0	1	
10	0	1	
10	0	1	
10	0	1	
10	0	1	
10	0	1	
10	0	1	
10	0	1	
10	0	1	
10	0	1	
10	0	1	
10	0	1	
10	0	1	
10	0	1	
10	0	1	
10	0	1	
10	0	1	
10	0	1	
10	0	1	
10	0	1	
10	0	1	
10	0	1	
10	0	1	
10	0	1	
10	0	1	
10	0	1	
10	0	1	
10	0	1	
10	0	1	
10	0	1	
10	0	1	
10	0	1	
10	0	1	
10	0	1	
10	0	1	
10	0	1	
10	0	1	
10	0	1	
10	0	1	
10	0	1	
10	0	1	
10	0	1	
10	0	1	
10	0	1	
10	0	1	
10	0	1	
10	0	1	
10	0	1	
10	0	1	
10	0	1	
10	0	1	
10	0	1	
10	0	1	
10	0	1	
10	0	1	
10	0	1	
10	0	1	
10	0	1	
10	0	1	
10	0	1	
10	0	1	
10	0	1	
10	0	1	
10	0	1	
10	0	1	
10	0	1	
10	0	1	
10	0	1	
10	0	1	
10	0	1	
10	0	1	
10	0	1	
10	0	1	
10	0	1	
10	0	1	
10	0	1	
10	0	1	
10	0	1	
10	0	1	
10	0	1	
10	0	1	
10	0	1	
10	0	1	
10	0	1	
10	0	1	
10	0	1	
10	0	1	
10	0	1	
10	0	1	
10	0	1	
10	0	1	
10	0	1	
10	0	1	
10	0	1	
10	0	1	
10	0	1	
10	0	1	
10	0	1	
10	0	1	
10	0	1	
10	0	1	
10	0	1	
10	0	1	
10	0	1	
10	0	1	
10	0	1	
10	0	1	
10	0	1	
10	0	1	
10	0	1	
10	0	1	
10	0	1	
10	0	1	
10	0	1	
9.99998	-0.00816322	1	
9.99995	-0.0149425	1	
9.99991	-0.0206198	1	
9.99986	-0.0254217	1	
9.9998	-0.0295292	1	
9.99974	-0.0330868	1	
9.99966	-0.0362111	1	
9.99959	-0.0389951	1	
9.9995	-0.041514	1	
9.99942	-0.0438287	1	
9.99932	-0.0459868	1	
9.99923	-0.0480268	1	
9.99913	-0.049979	1	
9.99902	-0.0518676	1	
9.99892	-0.0537126	1	
9.99881	-0.0555302	1	
9.99869	-0.0573331	1	
9.99857	-0.0591315	1	
9.99845	-0.0609338	1	
9.99833	-0.062746	1	
9.9982	-0.0645742	1	
9.99806	-0.0664236	1	
9.99793	-0.0682975	1	
9.99779	-0.0701991	1	
9.99764	-0.0721313	1	
9.99749	-0.0740957	1	
9.99734	-0.0760944	1	
9.99718	-0.0781283	1	
9.99702	-0.0801986	1	
9.99686	-0.0823059	1	
9.99669	-0.0844504	1	
9.99652	-0.0866342	1	
9.99634	-0.0888575	1	
9.99616	-0.0911211	1	
9.99597	-0.0934254	1	
9.99578	-0.095771	1	
9.99558	-0.0981585	1	
9.99538	-0.100587	1	
9.99518	-0.103057	1	
9.99496	-0.105567	1	
9.99475	-0.108121	1	
9.99453	-0.110717	1	
9.9943	-0.113357	1	
9.99407	-0.116042	1	
9.99383	-0.118772	1	
9.99359	-0.12155	1	
9.99334	-0.124376	1	
9.99308	-0.127249	1	
9.99282	-0.130171	1	
9.99256	-0.13314	1	
9.99229	-0.136155	1	
9.99201	-0.139218	1	
9.99172	-0.142329	1	
9.99143	-0.145489	1	
9.99113	-0.1487	1	
9.99083	-0.151964	1	
9.99052	-0.155282	1	
9.9902	-0.158657	1	
9.98988	-0.162092	1	
9.98955	-0.165587	1	
9.98921	-0.169147	1	
9.98886	-0.172771	1	
9.98851	-0.176463	1	
9.98815	-0.180225	1	
9.98778	-0.184061	1	
9.98741	-0.187975	1	
9.98702	-0.191975	1	
9.98663	-0.196061	1	
9.98623	-0.200236	1	
9.98582	-0.204501	1	
9.9854	-0.208855	1	
9.98498	-0.213301	1	
9.98454	-0.217838	1	
9.98409	-0.222468	1	
9.98364	-0.227194	1	
9.98318	-0.232016	1	
9.9827	-0.236938	1	
9.98222	-0.241964	1	
9.98172	-0.247095	1	
9.98122	-0.252334	1	
9.9807	-0.257684	1	
9.98018	-0.263147	1	
9.97964	-0.268728	1	
9.97909	-0.274426	1	
9.97853	-0.280242	1	
9.97796	-0.286173	1	
9.97738	-0.292216	1	
9.97678	-0.298367	1	
9.97617	-0.304627	1	
9.97555	-0.310994	1	
9.97491	-0.317469	1	
9.97426	-0.324052	1	
9.9736	-0.330741	1	
9.97293	-0.337536	1	
9.97224	-0.344437	1	
9.97154	-0.351446	1	
9.97082	-0.358563	1	
9.97009	-0.365788	1	
9.96934	-0.373125	1	
9.96858	-0.380576	1	
9.9678	-0.388143	1	
9.96701	-0.395829	1	
9.9662	-0.403639	1	
9.96538	-0.411577	1	
9.96454	-0.419649	1	
9.96369	-0.427859	1	
9.96281	-0.436213	1	
9.96192	-0.444712	1	
9.96102	-0.453359	1	
9.96009	-0.462156	1	
9.95915	-0.471101	1	
9.95819	-0.480194	1	
9.95721	-0.489433	1	
9.95621	-0.498821	1	
9.9552	-0.508357	1	
9.95416	-0.518046	1	
9.9531	-0.527888	1	
9.95203	-0.537886	1	
9.95093	-0.548043	1	
9.94982	-0.558363	1	
9.94868	-0.568849	1	
9.94752	-0.579502	1	
9.94634	-0.590326	1	
9.94514	-0.601324	1	
9.94391	-0.612496	1	
9.94266	-0.623846	1	
9.94139	-0.635369	1	
9.9401	-0.647061	1	
9.93878	-0.658919	1	
9.93744	-0.670942	1	
9.93607	-0.683132	1	
9.93468	-0.695491	1	
9.93327	-0.708018	1	
9.93182	-0.720712	1	
9.93036	-0.733571	1	
9.92886	-0.746594	1	
9.92735	-0.759778	1	
9.9258	-0.773123	1	
9.92423	-0.786626	1	
9.92262	-0.800287	1	
9.921	-0.814108	1	
9.91934	-0.828095	1	
9.91766	-0.842257	1	
9.91594	-0.8566	1	
9.9142	-0.87113	1	
9.91243	-0.885856	1	
9.91063	-0.900781	1	
9.9088	-0.915913	1	
9.90693	-0.931261	1	
9.90504	-0.94683	1	
9.90311	-0.962624	1	
9.90116	-0.978647	1	
9.89917	-0.994911	1	
9.89714	-1.01143	1	
9.89509	-1.02821	1	
9.893	-1.04527	1	
9.89087	-1.06261	1	
9.88871	-1.08024	1	
9.88651	-1.09815	1	
9.88428	-1.11634	1	
9.88201	-1.1348	1	
9.87971	-1.15356	1	
9.87736	-1.17261	1	
9.87498	-1.19195	1	
9.87255	-1.2116	1	
9.87009	-1.23155	1	
9.86759	-1.2518	1	
9.86504	-1.27235	1	
9.86246	-1.29319	1	
9.85983	-1.31435	1	
9.85715	-1.33579	1	
9.85444	-1.35753	1	
9.85168	-1.37954	1	
9.84888	-1.40181	1	
9.84603	-1.42434	1	
9.84313	-1.44711	1	
9.84019	-1.47009	1	
9.83721	-1.49327	1	
9.83417	-1.51665	1	
9.83109	-1.5402	1	
9.82797	-1.56393	1	
9.82479	-1.58783	1	
9.82157	-1.61189	1	
9.81829	-1.63609	1	
9.81497	-1.66042	1	
9.8116	-1.68488	1	
9.80819	-1.70944	1	
9.80472	-1.73409	1	
9.8012	-1.75884	1	
9.79763	-1.78369	1	
9.79401	-1.80867	1	
9.79035	-1.83382	1	
9.78663	-1.85916	1	
9.78286	-1.88473	1	
9.77904	-1.91055	1	
9.77516	-1.93664	1	
9.77124	-1.96303	1	
9.76726	-1.98972	1	
9.76323	-2.01676	1	
9.75914	-2.04419	1	
9.75499	-2.07157	0.998923	
9.7508	-2.09857	0.996817	
9.74655	-2.12519	0.994351	
9.74224	-2.15144	0.991571	
9.73789	-2.17732	0.988517	
9.73348	-2.20283	0.985214	
9.72903	-2.22799	0.981667	
9.72452	-2.2528	0.977902	
9.71997	-2.27726	0.973933	
9.71536	-2.30138	0.969798	
9.71071	-2.32516	0.965514	
9.70602	-2.34861	0.961115	
9.70127	-2.37173	0.956626	
9.69648	-2.39453	0.952087	
9.69165	-2.417	0.947515	
9.68677	-2.43916	0.942905	
9.68185	-2.46102	0.938262	
9.67689	-2.48256	0.933604	
9.67188	-2.50381	0.928951	
9.66683	-2.52475	0.924328	
9.66174	-2.54541	0.919738	
9.65661	-2.56577	0.915165	
9.65143	-2.58585	0.910585	
9.64622	-2.60565	0.90598	
9.64097	-2.62517	0.901342	
9.63568	-2.64442	0.89666	
9.63036	-2.66339	0.891933	
9.62499	-2.68211	0.887155	
9.61959	-2.70056	0.882336	
9.61415	-2.71875	0.877476	
9.60868	-2.73669	0.872576	
9.60317	-2.75437	0.867641	
9.59763	-2.77181	0.862691	
9.59205	-2.78901	0.857749	
9.58644	-2.80596	0.852829	
9.58079	-2.82268	0.847932	
9.57511	-2.83916	0.843042	
9.5694	-2.85541	0.838152	
9.56366	-2.87144	0.833261	
9.55789	-2.88724	0.828384	
9.55208	-2.90281	0.823537	
9.54624	-2.91817	0.818728	
9.54038	-2.93332	0.813955	
9.53448	-2.94825	0.809206	
9.52855	-2.96298	0.804458	
9.5226	-2.9775	0.799701	
9.51662	-2.99181	0.794939	
9.5106	-3.00593	0.790177	
9.50457	-3.01984	0.785411	
9.4985	-3.03357	0.78062	
9.4924	-3.0471	0.775814	
9.48628	-3.06044	0.771009	
9.48014	-3.07359	0.76623	
9.47396	-3.08656	0.761495	
9.46776	-3.09935	0.756807	
9.46154	-3.11196	0.752176	
9.45529	-3.12439	0.747603	
9.44902	-3.13665	0.743081	
9.44272	-3.14874	0.738622	
9.4364	-3.16065	0.734229	
9.43005	-3.1724	0.729912	
9.42369	-3.18399	0.725682	
9.4173	-3.19541	0.721543	
9.41088	-3.20668	0.717504	
9.40445	-3.21778	0.713572	
9.39799	-3.22874	0.709742	
9.39151	-3.23953	0.706003	
9.38501	-3.25018	0.70233	
9.37849	-3.26068	0.698707	
9.37195	-3.27103	0.695135	
9.36538	-3.28123	0.691604	
9.3588	-3.2913	0.688104	
9.3522	-3.30122	0.684624	
9.34558	-3.311	0.681156	
9.33894	-3.32065	0.677706	
9.33228	-3.33016	0.674283	
9.3256	-3.33954	0.670893	
9.3189	-3.34878	0.667543	
9.31218	-3.3579	0.664222	
9.30545	-3.36689	0.660933	
9.2987	-3.37575	0.657681	
9.29193	-3.38449	0.654481	
9.28514	-3.39311	0.65134	
9.27834	-3.40161	0.648248	
9.27152	-3.40998	0.645195	
9.26468	-3.41824	0.642175	
9.25783	-3.42639	0.639183	
9.25096	-3.43442	0.636209	
9.24408	-3.44234	0.633237	
9.23718	-3.45014	0.630252	
9.23026	-3.45784	0.627244	
9.22333	-3.46543	0.624217	
9.21638	-3.47292	0.621178	
9.20942	-3.4803	0.618132	
9.20245	-3.48757	0.61508	
9.19546	-3.49475	0.612027	
9.18845	-3.50182	0.608979	
9.18144	-3.50879	0.605951	
9.17441	-3.51567	0.602956	
9.16736	-3.52245	0.600002	
9.1603	-3.52914	0.597092	
9.15323	-3.53573	0.594235	
9.14615	-3.54223	0.591435	
9.13905	-3.54864	0.588695	
9.13194	-3.55496	0.586019	
9.12482	-3.56119	0.583408	
9.11768	-3.56733	0.580871	
9.11054	-3.57339	0.578407	
9.10338	-3.57936	0.576009	
9.09621	-3.58525	0.573669	
9.08902	-3.59106	0.571374	
9.08183	-3.59678	0.569116	
9.07463	-3.60243	0.566886	
9.06741	-3.60799	0.564684	
9.06018	-3.61348	0.562507	
9.05295	-3.61889	0.560352	
9.0457	-3.62423	0.558219	
9.03844	-3.62949	0.556115	
9.03117	-3.63467	0.554047	
9.02389	-3.63979	0.552016	
9.0166	-3.64483	0.550013	
9.0093	-3.6498	0.54803	
9.00199	-3.65471	0.546066	
8.99467	-3.65954	0.544124	
8.98734	-3.66431	0.542212	
8.98	-3.66901	0.540334	
8.97266	-3.67364	0.53848	
8.9653	-3.67821	0.536646	
8.95794	-3.68272	0.534828	
8.95056	-3.68716	0.533031	
8.94318	-3.69154	0.531251	
8.93579	-3.69586	0.529484	
8.92839	-3.70011	0.527711	
8.92098	-3.70431	0.525941	
8.91356	-3.70845	0.524172	
8.90614	-3.71253	0.522413	
8.8987	-3.71656	0.520663	
8.89126	-3.72053	0.518926	
8.88381	-3.72444	0.517205	
8.87636	-3.7283	0.515501	
8.86889	-3.7321	0.51382	
8.86142	-3.73585	0.512164	
8.85394	-3.73955	0.510536	
8.84645	-3.7432	0.508927	
8.83896	-3.74679	0.507345	
8.83146	-3.75034	0.505798	
8.82395	-3.75383	0.504291	
8.81644	-3.75728	0.502822	
8.80892	-3.76068	0.501381	
8.80139	-3.76403	0.499968	
8.79385	-3.76733	0.498577	
8.78631	-3.77059	0.497201	
8.77876	-3.7738	0.495832	
8.77121	-3.77697	0.494466	
8.76365	-3.78009	0.493105	
8.75608	-3.78317	0.491748	
8.74851	-3.7862	0.490408	
8.74093	-3.7892	0.489085	
8.73335	-3.79215	0.487786	
8.72576	-3.79506	0.486511	
8.71816	-3.79793	0.48526	
8.71056	-3.80076	0.484035	
8.70296	-3.80354	0.482839	
8.69534	-3.8063	0.481668	
8.68772	-3.80901	0.48052	
8.6801	-3.81168	0.479397	
8.67247	-3.81432	0.478304	
8.66484	-3.81692	0.477245	
8.6572	-3.81948	0.476214	
8.64956	-3.82201	0.475202	
8.64191	-3.8245	0.474205	
8.63425	-3.82696	0.473222	
8.62659	-3.82938	0.472254	
8.61893	-3.83177	0.471304	
8.61126	-3.83412	0.470363	
8.60359	-3.83645	0.46943	
8.59591	-3.83873	0.468501	
8.58823	-3.84099	0.467575	
8.58054	-3.84322	0.466652	
8.57285	-3.84541	0.465734	
8.56516	-3.84758	0.46482	
8.55746	-3.84971	0.463909	
8.54975	-3.85182	0.462999	
8.54205	-3.85389	0.462092	
8.53434	-3.85594	0.461192	
8.52662	-3.85795	0.460303	
8.5189	-3.85994	0.459422	
8.51118	-3.8619	0.458548	
8.50345	-3.86384	0.457685	
8.49572	-3.86574	0.456842	
8.48798	-3.86762	0.456023	
8.48024	-3.86947	0.455231	
8.4725	-3.8713	0.454461	
8.46475	-3.8731	0.453704	
8.457	-3.87488	0.452955	
8.44925	-3.87663	0.452214	
8.44149	-3.87836	0.451487	
8.43373	-3.88006	0.450769	
8.42597	-3.88174	0.450058	
8.4182	-3.8834	0.449352	
8.41043	-3.88503	0.448651	
8.40266	-3.88664	0.447964	
8.39488	-3.88823	0.447289	
8.3871	-3.88979	0.446627	
8.37932	-3.89133	0.445976	
8.37154	-3.89286	0.445337	
8.36375	-3.89436	0.444712	
8.35596	-3.89583	0.444101	
8.34816	-3.89729	0.443504	
8.34036	-3.89873	0.442921	
8.33256	-3.90015	0.442346	
8.32476	-3.90155	0.441768	
8.31695	-3.90292	0.441182	
8.30914	-3.90428	0.440585	
8.30133	-3.90562	0.439979	
8.29352	-3.90694	0.439366	
8.2857	-3.90825	0.438742	
8.27788	-3.90953	0.438103	
8.27006	-3.9108	0.437455	
8.26224	-3.91205	0.436802	
8.25441	-3.91328	0.436155	
8.24658	-3.91449	0.435518	
8.23875	-3.91569	0.434896	
8.23092	-3.91687	0.434291	
8.22308	-3.91803	0.433702	
8.21524	-3.91918	0.43313	
8.2074	-3.92031	0.432575	
8.19956	-3.92143	0.432046	
8.19172	-3.92253	0.431541	
8.18387	-3.92361	0.431059	
8.17602	-3.92468	0.430597	
8.16817	-3.92574	0.430153	
8.16031	-3.92678	0.429728	
8.15246	-3.9278	0.429326	
8.1446	-3.92881	0.428944	
8.13674	-3.92981	0.42858	
8.12888	-3.93079	0.428227	
8.12102	-3.93176	0.427881	
8.11315	-3.93272	0.427532	
8.10528	-3.93366	0.427178	
8.09741	-3.93459	0.426816	
8.08954	-3.9355	0.426446	
8.08167	-3.93641	0.426064	
8.0738	-3.9373	0.425672	
8.06592	-3.93817	0.425277	
8.05804	-3.93904	0.424882	
8.05016	-3.93989	0.42449	
8.04228	-3.94073	0.424107	
8.0344	-3.94156	0.423733	
8.02651	-3.94238	0.42337	
8.01863	-3.94319	0.423018	
8.01074	-3.94398	0.422676	
8.00285	-3.94477	0.422347	
7.99496	-3.94554	0.422034	
7.98706	-3.9463	0.421737	
7.97917	-3.94706	0.421454	
7.97127	-3.9478	0.421177	
7.96338	-3.94853	0.420902	
7.95548	-3.94925	0.42063	
7.94758	-3.94996	0.420361	
7.93968	-3.95066	0.420099	
7.93177	-3.95135	0.419842	
7.92387	-3.95203	0.419581	
7.91597	-3.9527	0.419316	
7.90806	-3.95337	0.419047	
7.90015	-3.95402	0.418775	
7.89224	-3.95466	0.418503	
7.88433	-3.9553	0.418235	
7.87642	-3.95592	0.417975	
7.86851	-3.95654	0.417726	
7.86059	-3.95715	0.417487	
7.85268	-3.95775	0.417263	
7.84476	-3.95834	0.417052	
7.83684	-3.95892	0.416859	
7.82892	-3.9595	0.416683	
7.821	-3.96006	0.416525	
7.81308	-3.96062	0.41638	
7.80516	-3.96118	0.416243	
7.79724	-3.96172	0.41611	
7.78931	-3.96225	0.415976	
7.78138	-3.96278	0.415841	
7.77346	-3.9633	0.415706	
7.76553	-3.96382	0.415574	
7.7576	-3.96432	0.415445	
7.74967	-3.96482	0.415315	
7.74174	-3.96532	0.415179	
7.73381	-3.9658	0.415037	
7.72588	-3.96628	0.414887	
7.71794	-3.96675	0.414729	
7.71001	-3.96722	0.414569	
7.70207	-3.96768	0.41441	
7.69414	-3.96813	0.414258	
7.6862	-3.96858	0.414118	
7.67826	-3.96902	0.413992	
7.67032	-3.96945	0.413882	
7.66238	-3.96988	0.413788	
7.65444	-3.9703	0.413715	
7.6465	-3.97071	0.413665	
7.63856	-3.97112	0.413639	
7.63062	-3.97151	0.413624	
7.62267	-3.97111	0.413225	
7.61473	-3.96994	0.412767	
7.6068	-3.96803	0.412249	
7.59887	-3.96539	0.411669	
7.59094	-3.96205	0.411031	
7.58303	-3.95802	0.410337	
7.57512	-3.95333	0.409585	
7.56722	-3.948	0.408771	
7.55934	-3.94205	0.407888	
7.55147	-3.93548	0.406932	
7.54361	-3.92834	0.405901	
7.53577	-3.92062	0.4048	
7.52795	-3.91234	0.403634	
7.52014	-3.90354	0.402406	
7.51235	-3.89421	0.401121	
7.50458	-3.88438	0.399786	
7.49684	-3.87407	0.398408	
7.48911	-3.86329	0.396991	
7.4814	-3.85205	0.395543	
7.47372	-3.84037	0.394066	
7.46607	-3.82826	0.392569	
7.45844	-3.81575	0.391052	
7.45083	-3.80283	0.389514	
7.44325	-3.78953	0.387957	
7.4357	-3.77587	0.386382	
7.42818	-3.76184	0.384791	
7.42068	-3.74747	0.383187	
7.41322	-3.73277	0.381573	
7.40578	-3.71774	0.37995	
7.39837	-3.70241	0.378319	
7.391	-3.68679	0.376674	
7.38366	-3.67088	0.375007	
7.37635	-3.65469	0.373312	
7.36907	-3.63824	0.371587	
7.36183	-3.62154	0.369837	
7.35462	-3.6046	0.368066	
7.34745	-3.58742	0.366278	
7.34031	-3.57002	0.364478	
7.3332	-3.55241	0.36267	
7.32613	-3.5346	0.360857	
7.3191	-3.51659	0.359037	
7.3121	-3.4984	0.357211	
7.30514	-3.48003	0.355379	
7.29822	-3.46149	0.353549	
7.29133	-3.44279	0.351728	
7.28449	-3.42395	0.349919	
7.27768	-3.40496	0.348121	
7.2709	-3.38583	0.346335	
7.26417	-3.36657	0.34456	
7.25748	-3.3472	0.342796	
7.25082	-3.32771	0.341038	
7.2442	-3.30812	0.339283	
7.23763	-3.28842	0.337528	
7.23109	-3.26863	0.335772	
7.22459	-3.24876	0.33401	
7.21814	-3.2288	0.332238	
7.21172	-3.20877	0.330451	
7.20534	-3.18868	0.328647	
7.199	-3.16852	0.326826	
7.19271	-3.1483	0.324994	
7.18645	-3.12803	0.323154	
7.18024	-3.10772	0.32131	
7.17406	-3.08737	0.319467	
7.16793	-3.06698	0.31763	
7.16183	-3.04656	0.315803	
7.15578	-3.02612	0.313983	
7.14977	-3.00565	0.312172	
7.1438	-2.98517	0.310368	
7.13787	-2.96468	0.308576	
7.13198	-2.94418	0.306803	
7.12614	-2.92368	0.30505	
7.12033	-2.90317	0.303319	
7.11456	-2.88268	0.301612	
7.10884	-2.86219	0.299929	
7.10316	-2.84172	0.298271	
7.09751	-2.82126	0.296636	
7.09191	-2.80082	0.295018	
7.08635	-2.7804	0.293412	
7.08083	-2.76001	0.291813	
7.07535	-2.73965	0.290217	
7.06991	-2.71933	0.288623	
7.06451	-2.69904	0.287025	
7.05916	-2.67879	0.285422	
7.05384	-2.65858	0.283814	
7.04856	-2.63842	0.282201	
7.04333	-2.6183	0.280583	
7.03813	-2.59823	0.278963	
7.03297	-2.57822	0.277344	
7.02786	-2.55826	0.275729	
7.02278	-2.53836	0.274118	
7.01774	-2.51852	0.272515	
7.01275	-2.49874	0.270921	
7.00779	-2.47902	0.269334	
7.00287	-2.45937	0.267757	
6.99799	-2.43979	0.26619	
6.99315	-2.42028	0.264638	
6.98835	-2.40084	0.263105	
6.98358	-2.38148	0.261592	
6.97886	-2.36219	0.260099	
6.97417	-2.34297	0.258625	
6.96953	-2.32384	0.257169	
6.96492	-2.30478	0.255729	
6.96034	-2.28581	0.254301	
6.95581	-2.26692	0.252881	
6.95131	-2.24812	0.251467	
6.94686	-2.2294	0.250057	
6.94243	-2.21077	0.248651	
6.93805	-2.19223	0.247249	
6.9337	-2.17377	0.245854	
6.92939	-2.15541	0.244463	
6.92512	-2.13714	0.243076	
6.92088	-2.11896	0.241693	
6.91668	-2.10088	0.240317	
6.91251	-2.08289	0.23895	
6.90838	-2.06499	0.237597	
6.90429	-2.04719	0.23626	
6.90023	-2.02949	0.234941	
6.8962	-2.01189	0.23364	
6.89222	-1.99438	0.232357	
6.88826	-1.97698	0.231096	
6.88434	-1.95967	0.229856	
6.88046	-1.94247	0.228637	
6.87661	-1.92536	0.227439	
6.87279	-1.90836	0.226257	
6.86901	-1.89146	0.225093	
6.86526	-1.87466	0.223943	
6.86154	-1.85797	0.222807	
6.85786	-1.84137	0.221684	
6.85421	-1.82489	0.220572	
6.85059	-1.8085	0.219468	
6.84701	-1.79222	0.21837	
6.84346	-1.77605	0.217274	
6.83994	-1.75998	0.21618	
6.83645	-1.74401	0.215087	
6.83299	-1.72815	0.213995	
6.82957	-1.71239	0.212907	
6.82617	-1.69675	0.211823	
6.82281	-1.6812	0.210742	
6.81948	-1.66576	0.209664	
6.81618	-1.65043	0.208591	
6.81291	-1.6352	0.207522	
6.80967	-1.62008	0.206458	
6.80646	-1.60507	0.205399	
6.80328	-1.59016	0.204344	
6.80013	-1.57536	0.203293	
6.79701	-1.56066	0.202247	
6.79391	-1.54607	0.201205	
6.79085	-1.53158	0.200169	
6.78782	-1.5172	0.199141	
6.78481	-1.50292	0.198123	
6.78183	-1.48875	0.197113	
6.77888	-1.47469	0.19611	
6.77596	-1.46073	0.195115	
6.77307	-1.44687	0.194128	
6.7702	-1.43312	0.193149	
6.76736	-1.41947	0.19218	
6.76455	-1.40593	0.191221	
6.76177	-1.39249	0.190272	
6.75901	-1.37915	0.189331	
6.75628	-1.36592	0.188398	
6.75357	-1.35279	0.187475	
6.75089	-1.33976	0.18656	
6.74824	-1.32683	0.185653	
6.74561	-1.31401	0.184754	
6.74301	-1.30129	0.183863	
6.74043	-1.28867	0.182981	
6.73788	-1.27615	0.182108	
6.73535	-1.26373	0.181245	
6.73285	-1.25141	0.180392	
6.73037	-1.23918	0.179548	
6.72791	-1.22706	0.178712	
6.72548	-1.21504	0.177883	
6.72308	-1.20312	0.177059	
6.7207	-1.19129	0.176241	
6.71834	-1.17956	0.175427	
6.716	-1.16793	0.174619	
6.71369	-1.1564	0.173814	
6.7114	-1.14496	0.173012	
6.70913	-1.13362	0.172213	
6.70689	-1.12237	0.17142	
6.70466	-1.11122	0.170634	
6.70246	-1.10016	0.169853	
6.70028	-1.0892	0.169077	
6.69813	-1.07833	0.168307	
6.69599	-1.06755	0.167543	
6.69388	-1.05687	0.166785	
6.69179	-1.04628	0.166034	
6.68971	-1.03578	0.165286	
6.68766	-1.02537	0.164543	
6.68563	-1.01505	0.163805	
6.68362	-1.00482	0.163072	
6.68163	-0.994679	0.162345	
6.67967	-0.984629	0.161624	
6.67772	-0.974666	0.160908	
6.67579	-0.964792	0.160199	
6.67388	-0.955005	0.159497	
6.67199	-0.945305	0.158799	
6.67011	-0.935691	0.158106	
6.66826	-0.926163	0.157415	
6.66643	-0.91672	0.156728	
6.66461	-0.907362	0.156045	
6.66282	-0.898088	0.155367	
6.66104	-0.888897	0.154695	
6.65928	-0.87979	0.15403	
6.65754	-0.870766	0.153373	
6.65582	-0.861823	0.152724	
6.65411	-0.852962	0.152084	
6.65242	-0.844182	0.151453	
6.65075	-0.835482	0.150828	
6.6491	-0.826862	0.150209	
6.64746	-0.818321	0.149597	
6.64584	-0.80986	0.148992	
6.64424	-0.801476	0.148395	
6.64265	-0.79317	0.147807	
6.64108	-0.784941	0.147228	
6.63953	-0.776788	0.146657	
6.63799	-0.768712	0.146092	
6.63647	-0.760711	0.145534	
6.63496	-0.752785	0.144982	
6.63347	-0.744934	0.144437	
6.632	-0.737156	0.143899	
6.63054	-0.729451	0.143365	
6.6291	-0.72182	0.142835	
6.62767	-0.71426	0.142307	
6.62625	-0.706772	0.14178	
6.62486	-0.699356	0.141254	
6.62347	-0.69201	0.14073	
6.6221	-0.684734	0.140206	
6.62075	-0.677527	0.139684	
6.61941	-0.670389	0.139162	
6.61808	-0.66332	0.138638	
6.61677	-0.656319	0.138115	
6.61547	-0.649385	0.137592	
6.61418	-0.642519	0.13707	
6.61291	-0.635718	0.13655	
6.61165	-0.628983	0.136036	
6.61041	-0.622314	0.135524	
6.60918	-0.615709	0.135016	
6.60796	-0.609169	0.13451	
6.60675	-0.602692	0.134005	
6.60556	-0.596279	0.133502	
6.60438	-0.589928	0.133	
6.60321	-0.583639	0.132502	
6.60206	-0.577412	0.132007	
6.60092	-0.571247	0.131516	
6.59979	-0.565142	0.131031	
6.59867	-0.559097	0.13055	
6.59756	-0.553112	0.130074	
6.59647	-0.547186	0.129602	
6.59539	-0.541318	0.129134	
6.59431	-0.535509	0.12867	
6.59326	-0.529758	0.128209	
6.59221	-0.524063	0.127753	
6.59117	-0.518426	0.127301	
6.59014	-0.512845	0.126854	
6.58913	-0.507319	0.126412	
6.58813	-0.501849	0.125973	
6.58713	-0.496433	0.12554	
6.58615	-0.491072	0.12511	
6.58518	-0.485765	0.124685	
6.58422	-0.480511	0.124265	
6.58327	-0.47531	0.123848	
6.58233	-0.470162	0.123437	
6.5814	-0.465065	0.123032	
6.58048	-0.460021	0.122632	
6.57957	-0.455027	0.122236	
6.57867	-0.450084	0.121845	
6.57778	-0.445191	0.121457	
6.5769	-0.440347	0.121074	
6.57603	-0.435553	0.120694	
6.57516	-0.430808	0.12032	
6.57431	-0.426112	0.11995	
6.57347	-0.421463	0.119586	
6.57263	-0.416862	0.119227	
6.57181	-0.412308	0.118875	
6.57099	-0.407801	0.118528	
6.57019	-0.40334	0.118187	
6.56939	-0.398925	0.117852	
6.5686	-0.394555	0.117522	
6.56782	-0.39023	0.117199	
6.56705	-0.38595	0.116881	
6.56628	-0.381714	0.116568	
6.56553	-0.377522	0.116261	
6.56478	-0.373373	0.115959	
6.56404	-0.369268	0.115664	
6.56331	-0.365204	0.115374	
6.56259	-0.361183	0.11509	
6.56188	-0.357204	0.114812	
6.56117	-0.353267	0.114538	
6.56047	-0.34937	0.11427	
6.55978	-0.345514	0.114008	
6.5591	-0.341698	0.113753	
6.55842	-0.337922	0.113506	
6.55775	-0.334185	0.113265	
6.55709	-0.330488	0.11303	
6.55644	-0.326829	0.112802	
6.55579	-0.323209	0.112583	
6.55515	-0.319627	0.11237	
6.55452	-0.316082	0.112165	
6.5539	-0.312575	0.111968	
6.55328	-0.309105	0.111777	
6.55267	-0.305671	0.111592	
6.55206	-0.302273	0.111413	
6.55146	-0.298912	0.111242	
6.55087	-0.295586	0.111075	
6.55029	-0.292295	0.110915	
6.54971	-0.289039	0.11076	
6.54914	-0.285817	0.11061	
6.54857	-0.28263	0.110467	
6.54801	-0.279476	0.110327	
6.54746	-0.276357	0.110192	
6.54691	-0.27327	0.110061	
6.54637	-0.270216	0.109934	
6.54584	-0.267194	0.10981	
6.54531	-0.264205	0.109692	
6.54479	-0.261248	0.109579	
6.54427	-0.258322	0.10947	
6.54376	-0.255428	0.109367	
6.54326	-0.252565	0.109267	
6.54276	-0.249732	0.10917	
6.54226	-0.24693	0.109078	
6.54177	-0.244158	0.108991	
6.54129	-0.241415	0.108907	
6.54081	-0.238702	0.108827	
6.54034	-0.236018	0.10875	
6.53988	-0.233363	0.108675	
6.53941	-0.230737	0.108606	
6.53896	-0.228139	0.10854	
6.53851	-0.225569	0.108478	
6.53806	-0.223027	0.108422	
6.53762	-0.220512	0.10837	
6.53718	-0.218024	0.108323	
6.53675	-0.215564	0.108279	
6.53633	-0.21313	0.108241	
6.5359	-0.210722	0.108208	
6.53549	-0.20834	0.108181	
6.53508	-0.205985	0.108158	
6.53467	-0.203655	0.108142	
6.53427	-0.20135	0.108132	
6.53387	-0.19907	0.108127	
6.53347	-0.196815	0.108128	
6.53309	-0.194585	0.108135	
6.5327	-0.192379	0.108147	
6.53232	-0.190197	0.108165	
6.53194	-0.188039	0.108189	
6.53157	-0.185904	0.108217	
6.5312	-0.183793	0.108251	
6.53084	-0.181705	0.108288	
6.53048	-0.17964	0.108329	
6.53013	-0.177597	0.108373	
6.52978	-0.175577	0.108421	
6.52943	-0.173578	0.108473	
6.52909	-0.171602	0.108529	
6.52875	-0.169648	0.108586	
6.52841	-0.167715	0.108646	
6.52808	-0.165803	0.108707	
6.52775	-0.163912	0.10877	
6.52743	-0.162042	0.108838	
6.52711	-0.160193	0.108908	
6.52679	-0.158364	0.108981	
6.52648	-0.156555	0.109056	
6.52617	-0.154766	0.109135	
6.52586	-0.152997	0.109215	
6.52556	-0.151248	0.109297	
6.52526	-0.149518	0.109384	
6.52496	-0.147807	0.109474	
6.52467	-0.146114	0.109566	
6.52438	-0.144441	0.109661	
6.5241	-0.142786	0.109758	
6.52382	-0.14115	0.109859	
6.52354	-0.139532	0.109964	
6.52326	-0.137931	0.110072	
6.52299	-0.136349	0.110184	
6.52272	-0.134784	0.1103	
6.52245	-0.133236	0.110422	
6.52219	-0.131706	0.110546	
6.52193	-0.130192	0.11067	
6.52167	-0.128696	0.110796	
6.52142	-0.127216	0.110922	
6.52116	-0.125753	0.111051	
6.52092	-0.124306	0.11118	
6.52067	-0.122875	0.11131	
6.52043	-0.12146	0.111441	
6.52019	-0.120061	0.11157	
6.51995	-0.118678	0.111699	
6.51971	-0.11731	0.111827	
6.51948	-0.115957	0.111953	
6.51925	-0.11462	0.112078	
6.51903	-0.113297	0.112199	
6.5188	-0.11199	0.112318	
6.51858	-0.110697	0.112435	
6.51836	-0.109418	0.11255	
6.51815	-0.108154	0.112663	
6.51793	-0.106904	0.112772	
6.51772	-0.105668	0.112878	
6.51751	-0.104446	0.11298	
6.51731	-0.103238	0.113079	
6.5171	-0.102043	0.113173	
6.5169	-0.100862	0.113262	
6.5167	-0.0996942	0.113344	
6.5165	-0.0985395	0.113417	
6.51631	-0.0973978	0.113483	
6.51612	-0.0962689	0.113544	
6.51593	-0.0951528	0.113594	
6.51574	-0.0940493	0.113634	
6.51555	-0.0929583	0.113663	
6.51537	-0.0918796	0.113682	
6.51519	-0.0908131	0.113691	
6.51501	-0.0897586	0.113682	
6.51483	-0.0887161	0.113658	
6.51465	-0.0876854	0.11362	
6.51448	-0.0866664	0.113567	
6.51431	-0.0856589	0.113499	
6.51414	-0.0846628	0.11342	
6.51397	-0.083678	0.113328	
6.51381	-0.0827044	0.113225	
6.51364	-0.0817418	0.113104	
6.51348	-0.0807902	0.112967	
6.51332	-0.0798494	0.112817	
6.51317	-0.0789193	0.112649	
6.51301	-0.0779997	0.112465	
6.51286	-0.0770907	0.112271	
6.5127	-0.0761919	0.112058	
6.51255	-0.0753034	0.11183	
6.5124	-0.074425	0.111587	
6.51226	-0.0735566	0.111326	
6.51211	-0.0726981	0.111047	
6.51197	-0.0718494	0.110753	
6.51183	-0.0710104	0.110448	
6.51168	-0.070181	0.110126	
6.51155	-0.069361	0.109786	
6.51141	-0.0685504	0.10943	
6.51127	-0.0677491	0.109053	
6.51114	-0.0669569	0.108658	
6.51101	-0.0661737	0.108248	
6.51088	-0.0653996	0.107823	
6.51075	-0.0646342	0.107385	
6.51062	-0.0638777	0.106934	
6.51049	-0.0631298	0.106468	
6.51037	-0.0623905	0.105986	
6.51024	-0.0616596	0.105496	
6.51012	-0.0609371	0.104991	
6.51	-0.060223	0.104472	
6.50988	-0.059517	0.10394	
6.50977	-0.0588191	0.103394	
6.50965	-0.0581292	0.10284	
6.50953	-0.0574472	0.102279	
6.50942	-0.0567731	0.101706	
6.50931	-0.0561067	0.101126	
6.5092	-0.055448	0.100537	
6.50909	-0.0547969	0.0999399	
6.50898	-0.0541533	0.0993368	
6.50887	-0.053517	0.0987248	
6.50877	-0.0528881	0.098101	
6.50866	-0.0522664	0.0974704	
6.50856	-0.0516519	0.0968325	
6.50846	-0.0510445	0.0961865	
6.50836	-0.0504441	0.0955417	
6.50826	-0.0498506	0.094891	
6.50816	-0.049264	0.0942329	
6.50806	-0.0486841	0.0935717	
6.50796	-0.0481109	0.0929096	
6.50787	-0.0475443	0.0922447	
6.50778	-0.0469843	0.0915848	
6.50768	-0.0464308	0.0909261	
6.50759	-0.0458836	0.09027	
6.5075	-0.0453428	0.0896212	
6.50741	-0.0448082	0.0889813	
6.50732	-0.0442799	0.0883498	
6.50723	-0.0437576	0.0877311	
6.50715	-0.0432414	0.0871271	
6.50706	-0.0427312	0.086537	
6.50698	-0.0422268	0.0859607	
6.50689	-0.0417283	0.0854014	
6.50681	-0.0412356	0.0848608	
6.50673	-0.0407486	0.0843385	
6.50665	-0.0402673	0.0838337	
6.50657	-0.0397916	0.0833477	
6.50649	-0.0393213	0.0828798	
6.50641	-0.0388565	0.0824342	
6.50634	-0.0383972	0.0820103	
6.50626	-0.0379431	0.0816064	
6.50619	-0.0374944	0.0812215	
6.50611	-0.0370508	0.0808546	
6.50604	-0.0366124	0.0805088	
6.50597	-0.0361791	0.080186	
6.5059	-0.0357509	0.0798867	
6.50583	-0.0353276	0.0796119	
6.50575	-0.0349093	0.0793596	
6.50569	-0.0344958	0.0791302	
6.50562	-0.0340872	0.0789241	
6.50555	-0.0336833	0.0787444	
6.50548	-0.0332841	0.0785918	
6.50542	-0.0328896	0.0784644	
6.50535	-0.0324996	0.0783622	
6.50529	-0.0321143	0.0782864	
6.50523	-0.0317334	0.0782346	
6.50516	-0.0313569	0.0782038	
6.5051	-0.0309849	0.078197	
6.50504	-0.0306172	0.0782124	
6.50498	-0.0302538	0.0782498	
6.50492	-0.0298946	0.0783113	
6.50486	-0.0295397	0.0783986	
6.5048	-0.0291888	0.0785072	
6.50474	-0.0288421	0.0786409	
6.50469	-0.0284995	0.0787966	
6.50463	-0.0281608	0.0789799	
6.50458	-0.0278261	0.0791833	
6.50452	-0.0274954	0.0794108	
6.50447	-0.0271685	0.0796629	
6.50441	-0.0268454	0.0799344	
6.50436	-0.0265261	0.0802311	
6.50431	-0.0262106	0.080548	
6.50425	-0.0258987	0.0808849	
6.5042	-0.0255905	0.0812427	
6.50415	-0.025286	0.0816162	
6.5041	-0.024985	0.0820076	
6.50405	-0.0246875	0.0824139	
6.504	-0.0243935	0.0828383	
6.50396	-0.024103	0.0832773	
6.50391	-0.0238158	0.0837253	
6.50386	-0.0235321	0.0841906	
6.50382	-0.0232517	0.084669	
6.50377	-0.0229746	0.0851571	
6.50372	-0.0227007	0.0856574	
6.50368	-0.02243	0.0861716	
6.50363	-0.0221626	0.0866994	
6.50359	-0.0218983	0.0872351	
6.50355	-0.021637	0.087781	
6.50351	-0.0213789	0.0883398	
6.50346	-0.0211238	0.0889115	
6.50342	-0.0208717	0.0894885	
6.50338	-0.0206226	0.0900765	
6.50334	-0.0203764	0.0906673	
6.5033	-0.0201331	0.0912696	
6.50326	-0.0198926	0.0918777	
6.50322	-0.019655	0.0924918	
6.50318	-0.0194202	0.0931118	
6.50314	-0.0191882	0.0937378	
6.5031	-0.0189589	0.0943643	
6.50307	-0.0187323	0.0949904	
6.50303	-0.0185084	0.0956227	
6.50299	-0.0182871	0.0962553	
6.50296	-0.0180685	0.0968823	
6.50292	-0.0178524	0.0974971	
6.50289	-0.0176389	0.098105	
6.50285	-0.0174279	0.0987006	
6.50282	-0.0172193	0.0992804	
6.50278	-0.0170133	0.0998429	
6.50275	-0.0168097	0.100384	
6.50272	-0.0166085	0.100896	
6.50268	-0.0164096	0.101372	
6.50265	-0.0162131	0.101823	
6.50262	-0.016019	0.102233	
6.50259	-0.0158271	0.102607	
6.50256	-0.0156375	0.102935	
6.50253	-0.0154502	0.103218	
6.50249	-0.0152651	0.103455	
6.50246	-0.0150821	0.103639	
6.50243	-0.0149013	0.103787	
6.50241	-0.0147227	0.103877	
6.50238	-0.0145462	0.103897	
6.50235	-0.0143718	0.103849	
6.50232	-0.0141994	0.103724	
6.50229	-0.0140291	0.103515	
6.50226	-0.0138608	0.103233	
6.50224	-0.0136945	0.102866	
6.50221	-0.0135302	0.102391	
6.50218	-0.0133678	0.101806	
6.50216	-0.0132073	0.10111	
6.50213	-0.0130488	0.100308	
6.5021	-0.0128921	0.0993987	
6.50208	-0.0127373	0.0983892	
6.50205	-0.0125844	0.0972882	
6.50203	-0.0124332	0.0961135	
6.502	-0.0122839	0.0948631	
6.50198	-0.0121363	0.09356	
6.50196	-0.0119904	0.0921742	
6.50193	-0.0118463	0.0907443	
6.50191	-0.011704	0.0892793	
6.50189	-0.0115633	0.0877862	
6.50186	-0.0114243	0.0862995	
6.50184	-0.0112869	0.0848244	
6.50182	-0.0111512	0.0833719	
6.5018	-0.0110171	0.0819361	
6.50177	-0.0108845	0.0805071	
6.50175	-0.0107536	0.079101	
6.50173	-0.0106242	0.0777325	
6.50171	-0.0104964	0.0764001	
6.50169	-0.01037	0.0750993	
6.50167	-0.0102452	0.0738384	
6.50165	-0.0101219	0.072602	
6.50163	-0.01	0.071383	
6.50161	-0.00987963	0.0702026	
6.50159	-0.00976066	0.0690535	
6.50157	-0.00964311	0.0679439	
6.50155	-0.00952695	0.0668803	
6.50153	-0.00941219	0.0658573	
6.50151	-0.00929879	0.0648789	
6.50149	-0.00918674	0.0639439	
6.50148	-0.00907603	0.0630663	
6.50146	-0.00896664	0.0622443	
6.50144	-0.00885856	0.061489	
6.50142	-0.00875176	0.0607968	
6.50141	-0.00864625	0.0601744	
6.50139	-0.00854199	0.0596275	
6.50137	-0.00843897	0.0591504	
6.50136	-0.00833719	0.0587511	
6.50134	-0.00823662	0.058424	
6.50132	-0.00813726	0.0581716	
6.50131	-0.00803908	0.0579972	
6.50129	-0.00794207	0.0578926	
6.50128	-0.00784623	0.0578597	
6.50126	-0.00775153	0.0579034	
6.50124	-0.00765796	0.058005	
6.50123	-0.00756551	0.0581684	
6.50121	-0.00747417	0.0583902	
6.5012	-0.00738392	0.0586684	
6.50119	-0.00729475	0.0590033	
6.50117	-0.00720664	0.0593973	
6.50116	-0.00711959	0.0598539	
6.50114	-0.00703359	0.0603657	
6.50113	-0.00694861	0.0609338	
6.50111	-0.00686465	0.0615649	
6.5011	-0.00678169	0.0622374	
6.50109	-0.00669973	0.0629713	
6.50107	-0.00661875	0.0637434	
6.50106	-0.00653874	0.0645683	
6.50105	-0.00645969	0.065455	
6.50104	-0.00638159	0.0663934	
6.50102	-0.00630442	0.0673802	
6.50101	-0.00622818	0.0684181	
6.501	-0.00615285	0.0695015	
6.50099	-0.00607843	0.0706353	
6.50097	-0.00600489	0.0718205	
6.50096	-0.00593224	0.073053	
6.50095	-0.00586046	0.0743376	
6.50094	-0.00578955	0.0756654	
6.50093	-0.00571948	0.0770535	
6.50092	-0.00565025	0.0784836	
6.50091	-0.00558186	0.0799534	
6.50089	-0.00551428	0.0814808	
6.50088	-0.00544752	0.0830476	
6.50087	-0.00538156	0.0846545	
6.50086	-0.00531639	0.0862848	
6.50085	-0.005252	0.0879578	
6.50084	-0.00518839	0.0896463	
6.50083	-0.00512554	0.0913476	
6.50082	-0.00506345	0.0930367	
6.50081	-0.0050021	0.0946944	
6.5008	-0.00494149	0.0962834	
6.50079	-0.00488161	0.0978003	
6.50078	-0.00482245	0.0991726	
6.50077	-0.004764	0.100406	
6.50076	-0.00470625	0.101431	
6.50075	-0.0046492	0.102179	
6.50074	-0.00459283	0.102635	
6.50073	-0.00453714	0.102786	
6.50073	-0.00448212	0.102511	
6.50072	-0.00442777	0.101925	
6.50071	-0.00437406	0.100934	
6.5007	-0.00432101	0.0996252	
6.50069	-0.00426859	0.0979602	
6.50068	-0.00421681	0.0960224	
6.50067	-0.00416564	0.0938631	
6.50067	-0.0041151	0.0914943	
6.50066	-0.00406516	0.0889579	
6.50065	-0.00401582	0.0862912	
6.50064	-0.00396708	0.0835433	
6.50063	-0.00391892	0.0807391	
6.50063	-0.00387135	0.0779617	
6.50062	-0.00382435	0.0752345	
6.50061	-0.00377791	0.0725856	
6.5006	-0.00373204	0.0700372	
6.5006	-0.00368671	0.0675709	
6.50059	-0.00364194	0.0652251	
6.50058	-0.0035977	0.0630084	
6.50058	-0.003554	0.0608998	
6.50057	-0.00351083	0.0589302	
6.50056	-0.00346817	0.0570754	
6.50055	-0.00342603	0.0553359	
6.50055	-0.0033844	0.0537456	
6.50054	-0.00334327	0.0522708	
6.50053	-0.00330264	0.0509288	
6.50053	-0.00326249	0.0497184	
6.50052	-0.00322284	0.0486416	
6.50051	-0.00318366	0.0477204	
6.50051	-0.00314495	0.0469264	
6.5005	-0.00310671	0.0462754	
6.5005	-0.00306894	0.0457891	
6.50049	-0.00303161	0.0454487	
6.50048	-0.00299474	0.0452682	
6.50048	-0.00295832	0.0452467	
6.50047	-0.00292234	0.045406	
6.50047	-0.00288679	0.0457414	
6.50046	-0.00285167	0.0462481	
6.50045	-0.00281697	0.0469343	
6.50045	-0.00278269	0.047808	
6.50044	-0.00274883	0.0488904	
6.50044	-0.00271538	0.0501959	
6.50043	-0.00268233	0.0517427	
6.50043	-0.00264968	0.0535252	
6.50042	-0.00261743	0.0555373	
6.50042	-0.00258556	0.0578133	
6.50041	-0.00255409	0.0603294	
6.50041	-0.00252299	0.063134	
6.5004	-0.00249227	0.0662189	
6.5004	-0.00246192	0.069633	
6.50039	-0.00243193	0.0734276	
6.50039	-0.00240232	0.0776018	
6.50038	-0.00237305	0.0821554	
6.50038	-0.00234415	0.0871394	
6.50037	-0.00231559	0.0925602	
6.50037	-0.00228738	0.0983311	
6.50036	-0.00225951	0.104381	
6.50036	-0.00223198	0.11051	
6.50036	-0.00220478	0.116269	
6.50035	-0.00217791	0.120939	
6.50035	-0.00215137	0.12356	
6.50034	-0.00212514	0.12331	
6.50034	-0.00209924	0.119748	
6.50033	-0.00207365	0.112704	
6.50033	-0.00204837	0.103251	
6.50033	-0.00202339	0.0929874	
6.50032	-0.00199872	0.0828439	
6.50032	-0.00197435	0.0734373	
6.50031	-0.00195027	0.0652732	
6.50031	-0.00192649	0.0584058	
6.50031	-0.00190299	0.0526586	
6.5003	-0.00187978	0.0478392	
6.5003	-0.00185685	0.0437828	
6.5003	-0.0018342	0.0403975	
6.50029	-0.00181182	0.0375536	
6.50029	-0.00178971	0.0351624	
6.50029	-0.00176788	0.0331695	
6.50028	-0.0017463	0.0315079	
6.50028	-0.00172499	0.0301628	
6.50027	-0.00170394	0.029106	
6.50027	-0.00168314	0.0282896	
6.50027	-0.0016626	0.027702	
6.50026	-0.0016423	0.0273081	
6.50026	-0.00162226	0.0270814	
6.50026	-0.00160245	0.027025	
6.50026	-0.00158289	0.0271364	
6.50025	-0.00156356	0.0274157	
6.50025	-0.00154447	0.0278609	
6.50025	-0.0015256	0.0284703	
6.50024	-0.00150697	0.0292974	
6.50024	-0.00148857	0.0303689	
6.50024	-0.00147039	0.0317715	
6.50023	-0.00145243	0.0336577	
6.50023	-0.00143468	0.0362627	
6.50023	-0.00141716	0.039935	
6.50023	-0.00139984	0.0454616	
6.50022	-0.00138274	0.05418	
6.50022	-0.00136584	0.0691959	
6.50022	-0.00134915	0.0996572	
6.50021	-0.0013358	0.0996572	
6.50021	-0.00132512	0.0996572	
6.50021	-0.00131657	0.0996572	
6.50021	-0.00130974	0.0996572	
6.5002	-0.00130427	0.0996572	
6.5002	-0.00129989	0.0996572	
6.5002	-0.00129639	0.0996572	
6.5002	-0.00129359	0.0996572	
6.50019	-0.00129135	0.0996572	
6.50021	0.00712645	1	
6.50024	0.0146157	1	
6.50028	0.0212706	1	
6.50033	0.0268135	1	
6.50039	0.0293134	1	
6.50045	0.0284542	1	
6.5005	0.0276135	0.818911	
6.50056	0.0267909	0.266138	
6.50061	0.0259861	0.140566	
6.50066	0.0251987	0.0881559	
6.50071	0.0244285	0.0609812	
6.50076	0.023675	0.0454339	
6.5008	0.022938	0.0356375	
6.50085	0.0222171	0.0288714	
6.50089	0.0215121	0.0238692	
6.50093	0.0208226	0.020032	
6.50097	0.0201483	0.0170305	
6.50101	0.0194889	0.0146567	
6.50105	0.0188442	0.0127678	
6.50108	0.0182138	0.0112567	
6.50112	0.0175975	0.0100371	
6.50115	0.0169951	0.00904514	
6.50119	0.0164061	0.00822898	
6.50122	0.0158305	0.0075482	
6.50125	0.0152678	0.00697067	
6.50128	0.0147179	0.0064715	
6.50131	0.0141806	0.00603191	
6.50133	0.0136555	0.00563781	
6.50136	0.0131424	0.00527856	
6.50139	0.0126411	0.00494745	
6.50141	0.0121514	0.00464042	
6.50143	0.011673	0.00435601	
6.50146	0.0112057	0.00409307	
6.50148	0.0107493	0.00385104	
6.5015	0.0103035	0.00362786	
6.50152	0.00986827	0.00342198	
6.50154	0.00944326	0.00323089	
6.50155	0.00902829	0.00305252	
6.50157	0.00862317	0.00288507	
6.50159	0.00822771	0.00272701	
6.5016	0.0078417	0.00257736	
6.50162	0.00746497	0.00243539	
6.50163	0.00709732	0.00230048	
6.50165	0.00673858	0.00217209	
6.50166	0.00638856	0.00204949	
6.50167	0.00604708	0.00193175	
6.50168	0.00571399	0.00181798	
6.50169	0.0053891	0.00170711	
6.5017	0.00507225	0.00159846	
6.50171	0.00476328	0.00149154	
6.50172	0.00446202	0.00138598	
6.50173	0.00416833	0.00128158	
6.50174	0.00388204	0.00117826	
6.50175	0.00360301	0.00107589	
6.50175	0.00333109	0.000974444	
6.50176	0.00306612	0.000874023	
6.50176	0.00280798	0.000774887	
6.50177	0.00255651	0.000677312	
6.50177	0.00231158	0.00058161	
6.50178	0.00207306	0.000488064	
6.50178	0.00184081	0.000396901	
6.50178	0.0016147	0.000308334	
6.50179	0.00139461	0.000222519	
6.50179	0.0011804	0.000139545	
6.50179	0.000971963	5.94044e-05	
6.50179	0.000769171	1.79961e-05	
6.50179	0.000571906	9.27939e-05	
6.50179	0.000380052	0.000165146	
6.5018	0.000193496	0.000235209	
6.5018	1.21248e-05	0.000303138	
6.5018	-0.00016417	0.000369071	
6.50179	-0.000335496	0.000433149	
6.50179	-0.00050196	0.000495512	
6.50179	-0.000663664	0.000556267	
6.50179	-0.00082071	0.000615484	
6.50179	-0.000973198	0.000673184	
6.50179	-0.00112123	0.000729345	
6.50178	-0.00126489	0.0007839	
6.50178	-0.00140428	0.00083676	
6.50178	-0.0015395	0.000887872	
6.50177	-0.00167062	0.000937162	
6.50177	-0.00179775	0.00098464	
6.50177	-0.00192097	0.00103026	
6.50176	-0.00204036	0.00107402	
6.50176	-0.002156	0.00111593	
6.50175	-0.00226799	0.00115607	
6.50175	-0.00237639	0.00119455	
6.50174	-0.0024813	0.00123162	
6.50174	-0.00258278	0.00126753	
6.50173	-0.00268091	0.00130255	
6.50173	-0.00277577	0.00133692	
6.50172	-0.00286743	0.00137084	
6.50172	-0.00295596	0.00140445	
6.50171	-0.00304144	0.00143785	
6.5017	-0.00312392	0.00147111	
6.5017	-0.00320348	0.0015043	
6.50169	-0.00328019	0.00153757	
6.50168	-0.0033541	0.00157096	
6.50168	-0.00342529	0.00160451	
6.50167	-0.00349382	0.00163822	
6.50166	-0.00355974	0.00167208	
6.50166	-0.00362311	0.00170607	
6.50165	-0.00368401	0.00174007	
6.50164	-0.00374247	0.00177409	
6.50163	-0.00379856	0.00180804	
6.50163	-0.00385234	0.00184185	
6.50162	-0.00390386	0.00187543	
6.50161	-0.00395317	0.00190878	
6.5016	-0.00400033	0.00194197	
6.50159	-0.00404538	0.00197507	
6.50159	-0.00408838	0.0020082	
6.50158	-0.00412937	0.00204149	
6.50157	-0.0041684	0.00207503	
6.50156	-0.00420553	0.00210891	
6.50155	-0.00424079	0.00214314	
6.50154	-0.00427423	0.00217788	
6.50154	-0.0043059	0.0022133	
6.50153	-0.00433584	0.00224949	
6.50152	-0.00436408	0.00228658	
6.50151	-0.00439069	0.0023246	
6.5015	-0.00441568	0.00236354	
6.50149	-0.00443912	0.0024034	
6.50148	-0.00446102	0.00244415	
6.50147	-0.00448144	0.0024857	
6.50146	-0.00450041	0.00252802	
6.50146	-0.00451796	0.00257103	
6.50145	-0.00453414	0.00261475	
6.50144	-0.00454898	0.00265916	
6.50143	-0.00456251	0.00270424	
6.50142	-0.00457476	0.00274999	
6.50141	-0.00458578	0.00279637	
6.5014	-0.00459559	0.00284333	
6.50139	-0.00460422	0.00289097	
6.50138	-0.00461171	0.00293925	
6.50137	-0.00461809	0.00298821	
6.50136	-0.00462338	0.00303788	
6.50136	-0.00462762	0.00308822	
6.50135	-0.00463083	0.0031393	
6.50134	-0.00463304	0.0031911	
6.50133	-0.00463429	0.00324385	
6.50132	-0.00463459	0.00329771	
6.50131	-0.00463397	0.00335291	
6.5013	-0.00463247	0.00340961	
6.50129	-0.0046301	0.00346784	
6.50128	-0.00462688	0.00352778	
6.50127	-0.00462285	0.00358919	
6.50126	-0.00461803	0.00365199	
6.50125	-0.00461243	0.0037161	
6.50124	-0.00460609	0.00378132	
6.50123	-0.00459903	0.0038479	
6.50123	-0.00459126	0.00391587	
6.50122	-0.00458281	0.00398518	
6.50121	-0.00457369	0.00405578	
6.5012	-0.00456394	0.00412768	
6.50119	-0.00455356	0.00420093	
6.50118	-0.00454258	0.0042754	
6.50117	-0.00453102	0.00435111	
6.50116	-0.00451889	0.00442807	
6.50115	-0.00450622	0.00450621	
6.50114	-0.00449302	0.00458575	
6.50113	-0.00447931	0.00466663	
6.50113	-0.00446511	0.00474903	
6.50112	-0.00445042	0.00483298	
6.50111	-0.00443528	0.00491862	
6.5011	-0.00441969	0.00500607	
6.50109	-0.00440367	0.00509545	
6.50108	-0.00438724	0.00518676	
6.50107	-0.0043704	0.00527996	
6.50106	-0.00435319	0.00537509	
6.50106	-0.0043356	0.00547225	
6.50105	-0.00431765	0.00557141	
6.50104	-0.00429936	0.00567202	
6.50103	-0.00428074	0.00577399	
6.50102	-0.0042618	0.00587703	
6.50101	-0.00424256	0.0059813	
6.501	-0.00422302	0.00608636	
6.501	-0.0042032	0.00619221	
6.50099	-0.00418312	0.00629878	
6.50098	-0.00416277	0.00640601	
6.50097	-0.00414218	0.00651411	
6.50096	-0.00412136	0.00662293	
6.50095	-0.00410031	0.00673244	
6.50095	-0.00407904	0.00684248	
6.50094	-0.00405757	0.00695322	
6.50093	-0.00403591	0.00706487	
6.50092	-0.00401406	0.00717732	
6.50091	-0.00399204	0.007291	
6.50091	-0.00396985	0.00740592	
6.5009	-0.00394751	0.00752187	
6.50089	-0.00392502	0.00763891	
6.50088	-0.00390238	0.00775694	
6.50087	-0.00387962	0.00787609	
6.50087	-0.00385673	0.00799622	
6.50086	-0.00383373	0.00811734	
6.50085	-0.00381062	0.00823931	
6.50084	-0.00378742	0.00836194	
6.50084	-0.00376411	0.00848459	
6.50083	-0.00374073	0.00860788	
6.50082	-0.00371726	0.00873193	
6.50081	-0.00369373	0.00885676	
6.50081	-0.00367013	0.00898235	
6.5008	-0.00364647	0.00910878	
6.50079	-0.00362275	0.00923635	
6.50079	-0.00359899	0.00936524	
6.50078	-0.0035752	0.00949549	
6.50077	-0.00355136	0.00962714	
6.50076	-0.0035275	0.00976022	
6.50076	-0.00350362	0.00989471	
6.50075	-0.00347971	0.0100307	
6.50074	-0.0034558	0.0101681	
6.50074	-0.00343188	0.0103068	
6.50073	-0.00340795	0.0104469	
6.50072	-0.00338403	0.0105883	
6.50072	-0.00336011	0.0107309	
6.50071	-0.0033362	0.0108747	
6.5007	-0.00331231	0.0110194	
6.5007	-0.00328844	0.0111652	
6.50069	-0.00326459	0.0113119	
6.50068	-0.00324077	0.0114593	
6.50068	-0.00321699	0.0116079	
6.50067	-0.00319323	0.0117574	
6.50066	-0.00316952	0.0119078	
6.50066	-0.00314585	0.0120591	
6.50065	-0.00312223	0.0122118	
6.50065	-0.00309865	0.0123661	
6.50064	-0.00307513	0.0125221	
6.50063	-0.00305166	0.0126791	
6.50063	-0.00302826	0.0128386	
6.50062	-0.00300491	0.0129998	
6.50062	-0.00298163	0.0131625	
6.50061	-0.00295842	0.0133275	
6.5006	-0.00293528	0.0134935	
6.5006	-0.00291221	0.0136622	
6.50059	-0.00288921	0.0138318	
6.50059	-0.00286629	0.0140026	
6.50058	-0.00284346	0.0141758	
6.50057	-0.0028207	0.0143498	
6.50057	-0.00279803	0.0145253	
6.50056	-0.00277544	0.0147023	
6.50056	-0.00275295	0.0148799	
6.50055	-0.00273054	0.0150594	
6.50055	-0.00270823	0.0152395	
6.50054	-0.00268601	0.0154212	
6.50054	-0.00266388	0.015603	
6.50053	-0.00264186	0.0157851	
6.50053	-0.00261993	0.0159684	
6.50052	-0.0025981	0.0161532	
6.50052	-0.00257638	0.0163384	
6.50051	-0.00255475	0.0165255	
6.50051	-0.00253324	0.0167124	
6.5005	-0.00251183	0.0169003	
6.5005	-0.00249052	0.0170898	
6.50049	-0.00246933	0.0172796	
6.50049	-0.00244824	0.0174725	
6.50048	-0.00242726	0.017666	
6.50048	-0.0024064	0.0178606	
6.50047	-0.00238565	0.0180575	
6.50047	-0.00236501	0.0182561	
6.50046	-0.00234449	0.0184564	
6.50046	-0.00232408	0.0186565	
6.50045	-0.00230378	0.018857	
6.50045	-0.00228361	0.0190606	
6.50044	-0.00226355	0.0192624	
6.50044	-0.00224361	0.0194632	
6.50043	-0.00222379	0.0196664	
6.50043	-0.00220408	0.0198666	
6.50043	-0.0021845	0.0200649	
6.50042	-0.00216504	0.020265	
6.50042	-0.00214569	0.0204617	
6.50041	-0.00212647	0.0206603	
6.50041	-0.00210737	0.0208579	
6.5004	-0.00208839	0.021054	
6.5004	-0.00206954	0.021251	
6.5004	-0.0020508	0.02145	
6.50039	-0.00203219	0.0216426	
6.50039	-0.0020137	0.0218372	
6.50038	-0.00199534	0.0220264	
6.50038	-0.0019771	0.0222118	
6.50038	-0.00195898	0.0223917	
6.50037	-0.00194098	0.0225715	
6.50037	-0.00192311	0.0227368	
6.50036	-0.00190536	0.0228935	
6.50036	-0.00188773	0.0230443	
6.50036	-0.00187023	0.0231822	
6.50035	-0.00185285	0.0233089	
6.50035	-0.0018356	0.0234266	
6.50035	-0.00181847	0.0235291	
6.50034	-0.00180146	0.023627	
6.50034	-0.00178457	0.0237106	
6.50034	-0.00176781	0.023778	
6.50033	-0.00175117	0.023832	
6.50033	-0.00173466	0.0238674	
6.50032	-0.00171826	0.0238942	
6.50032	-0.00170199	0.0239055	
6.50032	-0.00168584	0.0239009	
6.50031	-0.00166981	0.023879	
6.50031	-0.00165391	0.0238371	
6.50031	-0.00163812	0.0237763	
6.50031	-0.00162246	0.0236942	
6.5003	-0.00160691	0.0235938	
6.5003	-0.00159149	0.0234748	
6.5003	-0.00157618	0.0233332	
6.50029	-0.001561	0.0231779	
6.50029	-0.00154594	0.0230071	
6.50029	-0.00153099	0.0228177	
6.50028	-0.00151616	0.0226149	
6.50028	-0.00150145	0.0224026	
6.50028	-0.00148686	0.0221794	
6.50027	-0.00147239	0.0219494	
6.50027	-0.00145803	0.021709	
6.50027	-0.00144379	0.0214633	
6.50027	-0.00142966	0.021216	
6.50026	-0.00141565	0.0209699	
6.50026	-0.00140175	0.0207234	
6.50026	-0.00138797	0.0204807	
6.50025	-0.0013743	0.0202398	
6.50025	-0.00136075	0.0200033	
6.50025	-0.00134731	0.0197686	
6.50025	-0.00133398	0.0195384	
6.50024	-0.00132076	0.0193146	
6.50024	-0.00130765	0.0190921	
6.50024	-0.00129466	0.0188762	
6.50024	-0.00128177	0.018666	
6.50023	-0.001269	0.0184637	
6.50023	-0.00125633	0.0182664	
6.50023	-0.00124377	0.0180762	
6.50023	-0.00123132	0.0178946	
6.50022	-0.00121898	0.0177237	
6.50022	-0.00120674	0.0175601	
6.50022	-0.00119461	0.0174078	
6.50022	-0.00118258	0.0172682	
6.50021	-0.00117066	0.0171404	
6.50021	-0.00115885	0.0170236	
6.50021	-0.00114714	0.0169171	
6.50021	-0.00113553	0.0168202	
6.5002	-0.00112402	0.0167323	
6.5002	-0.00111262	0.0166529	
6.5002	-0.00110131	0.0165814	
6.5002	-0.00109011	0.0165174	
6.5002	-0.00107901	0.0164606	
6.50019	-0.001068	0.0164087	
6.50019	-0.0010571	0.0163666	
6.50019	-0.00104629	0.0163286	
6.50019	-0.00103558	0.0162944	
6.50019	-0.00102497	0.0162656	
6.50018	-0.00101446	0.0162399	
6.50018	-0.00100404	0.0162193	
6.50018	-0.000993711	0.0162036	
6.50018	-0.00098348	0.0161905	
6.50018	-0.000973343	0.0161819	
6.50017	-0.000963298	0.0161779	
6.50017	-0.000953347	0.0161739	
6.50017	-0.000943487	0.0161783	
6.50017	-0.000933718	0.0161814	
6.50017	-0.00092404	0.0161896	
6.50016	-0.000914451	0.0162058	
6.50016	-0.000904952	0.0162217	
6.50016	-0.000895542	0.016245	
6.50016	-0.000886219	0.0162716	
6.50016	-0.000876984	0.0163014	
6.50016	-0.000867835	0.0163343	
6.50015	-0.000858773	0.0163633	
6.50015	-0.000849796	0.0163954	
6.50015	-0.000840904	0.0164328	
6.50015	-0.000832096	0.016468	
6.50015	-0.000823371	0.0165056	
6.50015	-0.000814729	0.0165461	
6.50014	-0.00080617	0.0165839	
6.50014	-0.000797692	0.016627	
6.50014	-0.000789296	0.01667	
6.50014	-0.000780979	0.0167158	
6.50014	-0.000772743	0.0167609	
6.50014	-0.000764586	0.0168088	
6.50013	-0.000756507	0.0168594	
6.50013	-0.000748506	0.0169125	
6.50013	-0.000740582	0.0169673	
6.50013	-0.000732736	0.0170245	
6.50013	-0.000724965	0.0170843	
6.50013	-0.00071727	0.0171493	
6.50013	-0.000709649	0.0172166	
6.50012	-0.000702103	0.0172861	
6.50012	-0.000694631	0.0173579	
6.50012	-0.000687231	0.0174284	
6.50012	-0.000679905	0.0175041	
6.50012	-0.00067265	0.0175745	
6.50012	-0.000665466	0.0176509	
6.50012	-0.000658353	0.0177207	
6.50011	-0.00065131	0.0177929	
6.50011	-0.000644337	0.0178628	
6.50011	-0.000637433	0.0179309	
6.50011	-0.000630597	0.017989	
6.50011	-0.000623829	0.0180449	
6.50011	-0.000617128	0.0180924	
6.50011	-0.000610494	0.0181417	
6.50011	-0.000603925	0.0181938	
6.5001	-0.000597423	0.0182435	
6.5001	-0.000590985	0.0182961	
6.5001	-0.000584612	0.0183515	
6.5001	-0.000578303	0.0184096	
6.5001	-0.000572057	0.0184704	
6.5001	-0.000565874	0.0185338	
6.5001	-0.000559753	0.0185942	
6.5001	-0.000553693	0.0186574	
6.5001	-0.000547695	0.0187231	
6.50009	-0.000541757	0.0187826	
6.50009	-0.00053588	0.0188393	
6.50009	-0.000530062	0.0188988	
6.50009	-0.000524303	0.0189547	
6.50009	-0.000518602	0.0190072	
6.50009	-0.00051296	0.0190568	
6.50009	-0.000507375	0.0190975	
6.50009	-0.000501847	0.0191474	
6.50009	-0.000496375	0.0191868	
6.50009	-0.000490959	0.0192234	
6.50008	-0.000485599	0.0192627	
6.50008	-0.000480293	0.0192989	
6.50008	-0.000475042	0.0193312	
6.50008	-0.000469845	0.0193671	
6.50008	-0.000464701	0.0194064	
6.50008	-0.000459611	0.0194414	
6.50008	-0.000454572	0.0194687	
6.50008	-0.000449586	0.0194996	
6.50008	-0.000444651	0.0195341	
6.50008	-0.000439767	0.0195721	
6.50008	-0.000434934	0.0196135	
6.50007	-0.000430151	0.0196509	
6.50007	-0.000425417	0.0196918	
6.50007	-0.000420733	0.0197359	
6.50007	-0.000416097	0.0197691	
6.50007	-0.00041151	0.0198122	
6.50007	-0.00040697	0.0198499	
6.50007	-0.000402478	0.0198752	
6.50007	-0.000398033	0.019903	
6.50007	-0.000393634	0.0199183	
6.50007	-0.000389281	0.0199355	
6.50007	-0.000384973	0.0199481	
6.50007	-0.000380711	0.0199483	
6.50006	-0.000376494	0.0199516	
6.50006	-0.00037232	0.0199522	
6.50006	-0.000368191	0.0199476	
6.50006	-0.000364105	0.0199477	
6.50006	-0.000360062	0.0199345	
6.50006	-0.000356062	0.0199431	
6.50006	-0.000352104	0.0199466	
6.50006	-0.000348188	0.0199535	
6.50006	-0.000344313	0.0199552	
6.50006	-0.00034048	0.0199711	
6.50006	-0.000336687	0.0199801	
6.50006	-0.000332934	0.0199934	
6.50006	-0.000329221	0.02	
6.50006	-0.000325547	0.0200008	
6.50006	-0.000321912	0.0199961	
6.50005	-0.000318316	0.0199846	
6.50005	-0.000314759	0.0199573	
6.50005	-0.000311239	0.0199459	
6.50005	-0.000307757	0.0199161	
6.50005	-0.000304312	0.0198696	
6.50005	-0.000300904	0.0198293	
6.50005	-0.000297532	0.0197726	
6.50005	-0.000294196	0.0197305	
6.50005	-0.000290897	0.0197039	
6.50005	-0.000287632	0.0196608	
6.50005	-0.000284403	0.0196238	
6.50005	-0.000281208	0.0195802	
6.50005	-0.000278047	0.0195427	
6.50005	-0.000274921	0.0194998	
6.50005	-0.000271828	0.019463	
6.50005	-0.000268769	0.0194193	
6.50005	-0.000265742	0.0193932	
6.50004	-0.000262748	0.0193609	
6.50004	-0.000259787	0.0193327	
6.50004	-0.000256857	0.0192862	
6.50004	-0.000253959	0.019246	
6.50004	-0.000251093	0.0192088	
6.50004	-0.000248258	0.0191533	
6.50004	-0.000245453	0.0191042	
6.50004	-0.000242679	0.019049	
6.50004	-0.000239934	0.018987	
6.50004	-0.00023722	0.0189317	
6.50004	-0.000234535	0.0188703	
6.50004	-0.00023188	0.0188017	
6.50004	-0.000229253	0.0187058	
6.50004	-0.000226655	0.0186184	
6.50004	-0.000224085	0.018539	
6.50004	-0.000221543	0.0184672	
6.50004	-0.000219029	0.0183883	
6.50004	-0.000216543	0.018317	
6.50004	-0.000214083	0.0182527	
6.50004	-0.000211651	0.0181822	
6.50004	-0.000209245	0.0180951	
6.50004	-0.000206866	0.0180396	
6.50003	-0.000204512	0.0179665	
6.50003	-0.000202185	0.0178861	
6.50003	-0.000199883	0.0178132	
6.50003	-0.000197606	0.0177344	
6.50003	-0.000195354	0.017663	
6.50003	-0.000193127	0.0175851	
6.50003	-0.000190925	0.0175145	
6.50003	-0.000188746	0.0174508	
