10	0	1	
10	0	1	
10	0	1	
10	0	1	
10	0	1	
10	0	1	
10	0	1	
10	0	1	
10	0	1	
10	0	1	
10	0	1	
10	0	1	
10	0	1	
10	0	1	
10	0	1	
10	0	1	
10	0	1	
10	0	1	
10	0	1	
10	0	1	
10	0	1	
10	0	1	
10	0	1	
10	0	1	
10	0	1	
10	0	1	
10	0	1	
10	0	1	
10	0	1	
10	0	1	
10	0	1	
10	0	1	
10	0	1	
10	0	1	
10	0	1	
10	0	1	
10	0	1	
10	0	1	
10	0	1	
10	0	1	
10	0	1	
10	0	1	
10	0	1	
10	0	1	
10	0	1	
10	0	1	
10	0	1	
10	0	1	
10	0	1	
10	0	1	
10	0	1	
10	0	1	
10	0	1	
10	0	1	
10	0	1	
10	0	1	
10	0	1	
10	0	1	
10	0	1	
10	0	1	
10	0	1	
10	0	1	
10	0	1	
10	0	1	
10	0	1	
10	0	1	
10	0	1	
10	0	1	
10	0	1	
10	0	1	
10	0	1	
10	0	1	
10	0	1	
10	0	1	
10	0	1	
10	0	1	
10	0	1	
10	0	1	
10	0	1	
10	0	1	
10	0	1	
10	0	1	
10	0	1	
10	0	1	
10	0	1	
10	0	1	
10	0	1	
10	0	1	
10	0	1	
10	0	1	
10	0	1	
10	0	1	
10	0	1	
10	0	1	
10	0	1	
10	0	1	
10	0	1	
10	0	1	
10	0	1	
10	0	1	
10	0	1	
10	0	1	
10	0	1	
10	0	1	
10	0	1	
10	0	1	
10	0	1	
10	0	1	
10	0	1	
10	0	1	
10	0	1	
10	0	1	
10	0	1	
10	0	1	
10	0	1	
10	0	1	
10	0	1	
10	0	1	
10	0	1	
10	0	1	
10	0	1	
10	0	1	
10	0	1	
10	0	1	
10	0	1	
10	0	1	
10	0	1	
10	0	1	
10	0	1	
10	0	1	
10	0	1	
10	0	1	
10	0	1	
10	0	1	
10	0	1	
10	0	1	
10	0	1	
10	0	1	
10	0	1	
10	0	1	
10	0	1	
10	0	1	
10	0	1	
10	0	1	
10	0	1	
10	0	1	
10	0	1	
10	0	1	
10	0	1	
10	0	1	
10	0	1	
10	0	1	
10	0	1	
10	0	1	
10	0	1	
10	0	1	
10	0	1	
10	0	1	
10	0	1	
10	0	1	
10	0	1	
10	0	1	
10	0	1	
10	0	1	
10	0	1	
10	0	1	
10	0	1	
10	0	1	
10	0	1	
10	0	1	
10	0	1	
10	0	1	
10	0	1	
10	0	1	
10	0	1	
10	0	1	
10	0	1	
10	0	1	
10	0	1	
10	0	1	
10	0	1	
10	0	1	
10	0	1	
10	0	1	
10	0	1	
10	0	1	
10	0	1	
10	0	1	
10	0	1	
10	0	1	
10	0	1	
10	0	1	
10	0	1	
10	0	1	
10	0	1	
10	0	1	
10	0	1	
10	0	1	
10	0	1	
10	0	1	
10	0	1	
10	0	1	
10	0	1	
10	0	1	
10	0	1	
10	0	1	
10	0	1	
10	0	1	
10	0	1	
10	0	1	
10	0	1	
10	0	1	
10	0	1	
10	0	1	
10	0	1	
10	0	1	
10	0	1	
10	0	1	
10	0	1	
9.99999	-0.00363323	1	
9.99998	-0.00612303	1	
9.99996	-0.00787457	1	
9.99995	-0.00913552	1	
9.99993	-0.0100898	1	
9.9999	-0.0108938	1	
9.99988	-0.0116008	1	
9.99986	-0.0122229	1	
9.99983	-0.0128146	1	
9.9998	-0.0134134	1	
9.99978	-0.0140028	1	
9.99975	-0.0145876	1	
9.99972	-0.0151494	1	
9.99969	-0.0157357	1	
9.99965	-0.016372	1	
9.99962	-0.0170261	1	
9.99958	-0.0176817	1	
9.99955	-0.018392	1	
9.99951	-0.0191232	1	
9.99947	-0.0198422	1	
9.99943	-0.0206195	1	
9.99938	-0.0214313	1	
9.99934	-0.0222751	1	
9.99929	-0.023104	1	
9.99925	-0.023969	1	
9.9992	-0.0248209	1	
9.99914	-0.0256936	1	
9.99909	-0.0266096	1	
9.99904	-0.0275291	1	
9.99898	-0.0284548	1	
9.99892	-0.0294689	1	
9.99886	-0.0304799	1	
9.9988	-0.0314963	1	
9.99873	-0.0325479	1	
9.99866	-0.0336162	1	
9.9986	-0.0347568	1	
9.99852	-0.0358977	1	
9.99845	-0.0370154	1	
9.99837	-0.0382113	1	
9.99829	-0.0394646	1	
9.99821	-0.0407328	1	
9.99813	-0.0419972	1	
9.99804	-0.043241	1	
9.99795	-0.0445381	1	
9.99786	-0.0458945	1	
9.99777	-0.047352	1	
9.99767	-0.0487407	1	
9.99757	-0.0501752	1	
9.99747	-0.0516426	1	
9.99736	-0.0531575	1	
9.99725	-0.0546127	1	
9.99714	-0.0561177	1	
9.99702	-0.0576251	1	
9.9969	-0.0592323	1	
9.99678	-0.0608202	1	
9.99666	-0.0624521	1	
9.99653	-0.0641603	1	
9.9964	-0.0659507	1	
9.99626	-0.067768	1	
9.99612	-0.0696295	1	
9.99598	-0.0715506	1	
9.99583	-0.0734942	1	
9.99568	-0.075445	1	
9.99553	-0.0774298	1	
9.99537	-0.0794447	1	
9.9952	-0.081443	1	
9.99504	-0.0834454	1	
9.99487	-0.0854094	1	
9.99469	-0.0874375	1	
9.99451	-0.0894528	1	
9.99433	-0.0915435	1	
9.99414	-0.0936877	1	
9.99395	-0.0958294	1	
9.99375	-0.0980135	1	
9.99355	-0.10027	1	
9.99335	-0.102446	1	
9.99314	-0.104726	1	
9.99293	-0.107075	1	
9.99271	-0.10943	1	
9.99248	-0.111794	1	
9.99226	-0.114111	1	
9.99202	-0.116441	1	
9.99178	-0.11879	1	
9.99154	-0.121147	1	
9.9913	-0.123449	1	
9.99104	-0.125831	1	
9.99079	-0.128227	1	
9.99053	-0.130696	1	
9.99026	-0.133212	1	
9.98999	-0.135698	1	
9.98971	-0.138283	1	
9.98943	-0.140911	1	
9.98914	-0.143659	1	
9.98885	-0.146396	1	
9.98855	-0.149259	1	
9.98825	-0.152152	1	
9.98794	-0.155228	1	
9.98762	-0.158384	1	
9.9873	-0.161656	1	
9.98697	-0.164998	1	
9.98663	-0.168403	1	
9.98629	-0.171901	1	
9.98593	-0.17547	1	
9.98558	-0.179104	1	
9.98521	-0.182932	1	
9.98484	-0.18691	1	
9.98446	-0.191024	1	
9.98406	-0.195185	1	
9.98367	-0.199488	1	
9.98326	-0.20372	1	
9.98284	-0.208038	1	
9.98242	-0.212463	1	
9.98198	-0.216991	1	
9.98154	-0.221628	1	
9.98109	-0.226358	1	
9.98062	-0.231261	1	
9.98015	-0.23627	1	
9.97967	-0.241434	1	
9.97918	-0.246801	1	
9.97867	-0.25239	1	
9.97815	-0.258052	1	
9.97763	-0.26391	1	
9.97709	-0.269824	1	
9.97654	-0.275773	1	
9.97597	-0.281849	1	
9.9754	-0.287915	1	
9.97481	-0.294145	1	
9.97421	-0.30047	1	
9.97359	-0.306812	1	
9.97297	-0.313332	1	
9.97233	-0.319782	1	
9.97167	-0.326381	1	
9.97101	-0.333177	1	
9.97033	-0.34015	1	
9.96963	-0.347257	1	
9.96892	-0.354539	1	
9.9682	-0.361976	1	
9.96746	-0.369515	1	
9.96671	-0.377304	1	
9.96594	-0.385122	1	
9.96515	-0.393076	1	
9.96435	-0.401056	1	
9.96353	-0.409148	1	
9.9627	-0.41727	1	
9.96184	-0.425397	1	
9.96098	-0.433545	1	
9.96009	-0.441868	1	
9.95919	-0.450494	1	
9.95827	-0.459362	1	
9.95734	-0.468363	1	
9.95638	-0.477621	1	
9.95541	-0.486894	1	
9.95442	-0.496161	1	
9.9534	-0.505391	1	
9.95238	-0.514672	1	
9.95133	-0.524055	1	
9.95026	-0.533538	1	
9.94917	-0.543279	1	
9.94807	-0.553292	1	
9.94694	-0.563581	1	
9.94579	-0.574174	1	
9.94462	-0.584784	1	
9.94343	-0.595273	1	
9.94222	-0.60577	1	
9.94099	-0.616332	1	
9.93973	-0.62706	1	
9.93846	-0.638117	1	
9.93716	-0.649571	1	
9.93583	-0.661367	1	
9.93449	-0.673619	1	
9.93312	-0.686054	1	
9.93172	-0.698725	1	
9.93029	-0.71152	1	
9.92885	-0.724692	1	
9.92737	-0.738333	1	
9.92586	-0.752676	1	
9.92433	-0.767805	1	
9.92276	-0.783674	1	
9.92116	-0.800223	1	
9.91953	-0.817209	1	
9.91786	-0.834594	1	
9.91615	-0.852342	1	
9.91441	-0.870285	1	
9.91263	-0.888757	1	
9.91082	-0.907555	1	
9.90897	-0.926726	1	
9.90707	-0.945995	1	
9.90514	-0.965371	1	
9.90317	-0.984588	1	
9.90117	-1.00393	1	
9.89912	-1.02339	1	
9.89703	-1.04299	1	
9.89491	-1.06282	1	
9.89274	-1.08309	1	
9.89053	-1.10363	1	
9.88829	-1.1243	1	
9.88599	-1.14513	1	
9.88366	-1.16631	1	
9.88129	-1.18752	1	
9.87887	-1.20884	1	
9.87641	-1.2306	1	
9.8739	-1.25327	1	
9.87135	-1.27695	1	
9.86874	-1.30188	1	
9.86609	-1.32762	1	
9.86338	-1.35384	1	
9.86062	-1.38033	1	
9.85781	-1.4073	1	
9.85494	-1.43471	1	
9.85201	-1.46241	1	
9.84903	-1.4907	1	
9.84599	-1.51964	1	
9.84289	-1.54947	1	
9.83973	-1.58043	1	
9.83651	-1.61256	1	
9.83321	-1.64574	1	
9.82985	-1.67987	1	
9.82642	-1.71504	1	
9.82292	-1.7505	1	
9.81935	-1.78569	1	
9.81571	-1.82041	1	
9.812	-1.85453	1	
9.80822	-1.88877	1	
9.80438	-1.92331	1	
9.80046	-1.95809	1	
9.79648	-1.9935	1	
9.79242	-2.02944	1	
9.78829	-2.06532	1	
9.78408	-2.1008	1	
9.77981	-2.13602	1	
9.77547	-2.17127	1	
9.77106	-2.20701	1	
9.76657	-2.24309	1	
9.76201	-2.27953	1	
9.75738	-2.31583	1	
9.75268	-2.35195	1	
9.7479	-2.38769	1	
9.74305	-2.42287	1	
9.73814	-2.45807	1	
9.73315	-2.49416	1	
9.72809	-2.53114	1	
9.72295	-2.56902	1	
9.71773	-2.60761	1	
9.71244	-2.64617	1	
9.70707	-2.68487	1	
9.70162	-2.72406	1	
9.6961	-2.76402	1	
9.69049	-2.80507	1	
9.68479	-2.84791	1	
9.679	-2.89229	1	
9.67313	-2.93778	1	
9.66716	-2.98419	1	
9.6611	-3.03153	1	
9.65494	-3.08013	1	
9.64868	-3.13088	1	
9.64231	-3.18314	1	
9.63584	-3.23532	1	
9.62927	-3.28635	1	
9.62259	-3.33605	1	
9.61582	-3.38517	1	
9.60895	-3.43478	1	
9.60198	-3.48503	1	
9.59491	-3.5353	1	
9.58774	-3.58521	1	
9.58047	-3.63517	1	
9.5731	-3.68538	1	
9.56563	-3.73621	1	
9.55806	-3.78669	1	
9.55038	-3.83633	1	
9.54261	-3.8859	1	
9.53474	-3.93617	1	
9.52676	-3.98803	1	
9.51868	-4.04121	1	
9.51049	-4.09482	1	
9.50219	-4.14902	1	
9.49378	-4.20519	1	
9.48526	-4.2635	1	
9.47661	-4.32345	1	
9.46784	-4.38379	1	
9.45895	-4.44425	1	
9.44994	-4.50615	1	
9.4408	-4.57007	1	
9.43153	-4.63577	1	
9.42213	-4.70155	1	
9.41259	-4.76637	1	
9.40293	-4.83021	1	
9.39314	-4.89391	1	
9.38323	-4.95697	1	
9.37319	-5.01883	1	
9.36303	-5.07958	1	
9.35275	-5.13962	1	
9.34236	-5.19875	1	
9.33185	-5.25594	1	
9.32122	-5.31146	1	
9.31049	-5.36626	1	
9.29965	-5.42147	1	
9.28869	-5.47715	1	
9.27763	-5.53377	1	
9.26644	-5.592	1	
9.25514	-5.65259	1	
9.2437	-5.71657	1	
9.23214	-5.78361	1	
9.22043	-5.85412	1	
9.20857	-5.92764	1	
9.19656	-6.00368	1	
9.1844	-6.0816	1	
9.17208	-6.16075	1	
9.1596	-6.24016	1	
9.14696	-6.31908	1	
9.13417	-6.39685	1	
9.12122	-6.47351	1	
9.10812	-6.54842	1	
9.09488	-6.62089	1	
9.0815	-6.69056	1	
9.06799	-6.75738	1	
9.05434	-6.82178	1	
9.04057	-6.88475	1	
9.02668	-6.94762	1	
9.01266	-7.0114	1	
8.9985	-7.07757	1	
8.98421	-7.14677	1	
8.96977	-7.21867	1	
8.95518	-7.29372	1	
8.94044	-7.37218	1	
8.92553	-7.45334	1	
8.91046	-7.53601	1	
8.89522	-7.61879	1	
8.87982	-7.70065	1	
8.86426	-7.78033	1	
8.84854	-7.85755	1	
8.83268	-7.93197	1	
8.81667	-8.00301	1	
8.80053	-8.07003	1	
8.78427	-8.13411	1	
8.76787	-8.19573	1	
8.75136	-8.25635	1	
8.73473	-8.31772	1	
8.71797	-8.38081	1	
8.70107	-8.44554	1	
8.68405	-8.51339	1	
8.66688	-8.58521	1	
8.64955	-8.66116	1	
8.63207	-8.74014	1	
8.61443	-8.82121	1	
8.59663	-8.9018	1	
8.57867	-8.98082	1	
8.56055	-9.05742	1	
8.54229	-9.13123	1	
8.52388	-9.20213	1	
8.50534	-9.27113	1	
8.48666	-9.33907	1	
8.46785	-9.40698	1	
8.4489	-9.4761	1	
8.4298	-9.54679	1	
8.41057	-9.61888	1	
8.39118	-9.69322	1	
8.37164	-9.76967	1	
8.35195	-9.84768	1	
8.33209	-9.92599	1	
8.31209	-10.0034	1	
8.29193	-10.0783	1	
8.27163	-10.1504	1	
8.25119	-10.2193	1	
8.23062	-10.2859	1	
8.20991	-10.3523	1	
8.18908	-10.4195	1	
8.1681	-10.4888	1	
8.14698	-10.5606	1	
8.12571	-10.6347	1	
8.10429	-10.7086	1	
8.08273	-10.7806	1	
8.06103	-10.8507	1	
8.03919	-10.9191	1	
8.01722	-10.9856	1	
7.99512	-11.0504	1	
7.97289	-11.1134	1	
7.95054	-11.1748	1	
7.92807	-11.2344	1	
7.90549	-11.2923	1	
7.88279	-11.3486	1	
7.85998	-11.4033	1	
7.83707	-11.4564	1	
7.81406	-11.5079	1	
7.79094	-11.5578	1	
7.76773	-11.6062	1	
7.74442	-11.653	1	
7.72102	-11.6984	1	
7.69754	-11.7423	1	
7.67397	-11.7847	1	
7.65032	-11.8258	1	
7.62659	-11.8654	1	
7.60278	-11.9036	1	
7.5789	-11.9404	1	
7.55495	-11.9759	1	
7.53093	-12.01	1	
7.50684	-12.0428	1	
7.48269	-12.0744	1	
7.45848	-12.1046	1	
7.43422	-12.1336	1	
7.40989	-12.1614	1	
7.38552	-12.1879	1	
7.36109	-12.2133	1	
7.33662	-12.2374	1	
7.3121	-12.2604	1	
7.28753	-12.2822	1	
7.26293	-12.3029	1	
7.23828	-12.3224	1	
7.2136	-12.3409	1	
7.18888	-12.3583	1	
7.16413	-12.3746	1	
7.13935	-12.3899	1	
7.11455	-12.4041	1	
7.08971	-12.4173	1	
7.06485	-12.4295	1	
7.03997	-12.4407	1	
7.01507	-12.4509	1	
6.99015	-12.4602	1	
6.96521	-12.4685	1	
6.94026	-12.4759	1	
6.9153	-12.4824	1	
6.89032	-12.4879	1	
6.86533	-12.4926	1	
6.84034	-12.4964	1	
6.81534	-12.4994	1	
6.79034	-12.5015	1	
6.76533	-12.5027	1	
6.74033	-12.5032	1	
6.71532	-12.5028	1	
6.69032	-12.5017	1	
6.66532	-12.4997	1	
6.64033	-12.497	1	
6.61534	-12.4936	1	
6.59036	-12.4894	1	
6.56539	-12.4844	1	
6.54043	-12.4788	1	
6.51549	-12.4724	1	
6.49056	-12.4653	1	
6.46564	-12.4576	1	
6.44074	-12.4492	1	
6.41586	-12.4401	1	
6.391	-12.4304	1	
6.36616	-12.42	1	
6.34135	-12.409	1	
6.31655	-12.3974	1	
6.29178	-12.3851	1	
6.26704	-12.3723	1	
6.24232	-12.3589	1	
6.21763	-12.3449	1	
6.19297	-12.3303	1	
6.16834	-12.3152	1	
6.14374	-12.2996	1	
6.11917	-12.2834	1	
6.09464	-12.2667	1	
6.07014	-12.2494	1	
6.04568	-12.2317	1	
6.02125	-12.2134	1	
5.99686	-12.1947	1	
5.97251	-12.1755	1	
5.9482	-12.1558	1	
5.92393	-12.1356	1	
5.8997	-12.115	1	
5.87551	-12.094	1	
5.85136	-12.0725	1	
5.82726	-12.0506	1	
5.80321	-12.0283	1	
5.77919	-12.0055	1	
5.75523	-11.9823	1	
5.73131	-11.9588	1	
5.70744	-11.9349	1	
5.68362	-11.9105	1	
5.65985	-11.8858	1	
5.63613	-11.8608	1	
5.61246	-11.8354	1	
5.58884	-11.8096	1	
5.56527	-11.7835	1	
5.54176	-11.757	1	
5.5183	-11.7303	1	
5.49489	-11.7032	1	
5.47154	-11.6758	1	
5.44824	-11.648	1	
5.425	-11.62	1	
5.40182	-11.5917	1	
5.37869	-11.5631	1	
5.35562	-11.5342	1	
5.33261	-11.505	1	
5.30966	-11.4756	1	
5.28677	-11.4459	1	
5.26394	-11.4159	1	
5.24117	-11.3857	1	
5.21846	-11.3553	1	
5.19581	-11.3246	1	
5.17322	-11.2936	1	
5.1507	-11.2625	1	
5.12823	-11.2311	1	
5.10583	-11.1995	1	
5.0835	-11.1677	1	
5.06123	-11.1357	1	
5.03902	-11.1035	1	
5.01688	-11.0711	1	
4.9948	-11.0385	1	
4.97279	-11.0057	1	
4.95084	-10.9727	1	
4.92897	-10.9396	1	
4.90715	-10.9063	1	
4.88541	-10.8728	1	
4.86373	-10.8392	1	
4.84212	-10.8054	1	
4.82058	-10.7715	1	
4.7991	-10.7374	1	
4.77769	-10.7032	1	
4.75636	-10.6688	1	
4.73509	-10.6343	1	
4.71389	-10.5997	1	
4.69276	-10.5649	1	
4.6717	-10.53	1	
4.65071	-10.4951	1	
4.62979	-10.46	1	
4.60894	-10.4248	1	
4.58816	-10.3894	1	
4.56745	-10.354	1	
4.54682	-10.3185	1	
4.52625	-10.2829	1	
4.50575	-10.2472	1	
4.48533	-10.2115	1	
4.46498	-10.1756	1	
4.4447	-10.1397	1	
4.42449	-10.1037	1	
4.40436	-10.0676	1	
4.3843	-10.0315	1	
4.36431	-9.99526	1	
4.34439	-9.95899	1	
4.32454	-9.92267	1	
4.30477	-9.88629	1	
4.28507	-9.84986	1	
4.26544	-9.81339	1	
4.24589	-9.77687	1	
4.22641	-9.74031	1	
4.207	-9.70371	1	
4.18767	-9.66707	1	
4.16841	-9.63041	1	
4.14922	-9.59371	1	
4.1301	-9.55698	1	
4.11106	-9.52024	1	
4.0921	-9.48347	1	
4.0732	-9.44668	1	
4.05438	-9.40987	1	
4.03564	-9.37306	1	
4.01697	-9.33623	1	
3.99837	-9.29939	1	
3.97984	-9.26255	1	
3.96139	-9.2257	1	
3.94301	-9.18886	1	
3.92471	-9.15201	1	
3.90648	-9.11517	1	
3.88832	-9.07833	1	
3.87024	-9.04151	1	
3.85223	-9.00469	1	
3.83429	-8.96789	1	
3.81643	-8.9311	1	
3.79864	-8.89433	1	
3.78093	-8.85757	1	
3.76329	-8.82084	1	
3.74572	-8.78413	1	
3.72822	-8.74745	1	
3.7108	-8.71079	1	
3.69345	-8.67417	1	
3.67618	-8.63757	1	
3.65898	-8.60101	1	
3.64185	-8.56448	1	
3.62479	-8.52799	1	
3.60781	-8.49153	1	
3.5909	-8.45512	1	
3.57406	-8.41874	1	
3.5573	-8.38241	1	
3.5406	-8.34613	1	
3.52398	-8.30989	1	
3.50744	-8.2737	1	
3.49096	-8.23756	1	
3.47456	-8.20147	1	
3.45823	-8.16543	1	
3.44197	-8.12945	1	
3.42578	-8.09352	1	
3.40967	-8.05765	1	
3.39362	-8.02183	1	
3.37765	-7.98608	1	
3.36175	-7.95039	1	
3.34592	-7.91476	1	
3.33016	-7.87919	1	
3.31447	-7.84369	1	
3.29886	-7.80825	1	
3.28331	-7.77288	1	
3.26784	-7.73758	1	
3.25244	-7.70009	1	
3.23714	-7.64561	1	
3.22198	-7.58228	1	
3.20695	-7.51498	1	
3.19206	-7.44508	1	
3.17732	-7.37186	1	
3.16273	-7.29449	1	
3.1483	-7.21302	1	
3.13404	-7.12829	1	
3.11996	-7.04207	1	
3.10605	-6.95649	1	
3.0923	-6.87325	1	
3.07872	-6.79254	1	
3.06529	-6.71305	1	
3.05202	-6.63276	1	
3.03892	-6.55024	1	
3.02599	-6.4652	1	
3.01324	-6.37806	1	
3.00066	-6.29042	1	
2.98825	-6.20415	1	
2.97601	-6.12043	1	
2.96393	-6.03914	1	
2.95201	-5.95905	1	
2.94025	-5.87832	1	
2.92866	-5.79557	1	
2.91724	-5.71047	1	
2.90599	-5.62382	1	
2.89492	-5.53701	1	
2.88402	-5.45183	1	
2.87328	-5.36918	1	
2.8627	-5.28895	1	
2.85228	-5.21019	1	
2.84202	-5.13127	1	
2.83192	-5.05101	1	
2.82198	-4.96918	1	
2.81221	-4.88595	1	
2.8026	-4.80243	1	
2.79316	-4.71991	1	
2.78388	-4.63947	1	
2.77476	-4.56136	1	
2.76579	-4.48495	1	
2.75697	-4.40904	1	
2.74831	-4.33234	1	
2.7398	-4.25429	1	
2.73145	-4.17501	1	
2.72326	-4.09524	1	
2.71523	-4.01617	1	
2.70735	-3.93882	1	
2.69962	-3.8636	1	
2.69204	-3.79034	1	
2.6846	-3.71834	1	
2.67731	-3.64659	1	
2.67016	-3.57432	1	
2.66316	-3.50129	1	
2.6563	-3.42766	1	
2.6496	-3.35397	1	
2.64303	-3.28118	1	
2.63661	-3.20995	1	
2.63033	-3.14061	1	
2.62419	-3.073	1	
2.61817	-3.00643	1	
2.61229	-2.94009	1	
2.60655	-2.87336	1	
2.60093	-2.80613	1	
2.59546	-2.73869	1	
2.59011	-2.67151	1	
2.5849	-2.60515	1	
2.57982	-2.54007	1	
2.57487	-2.47652	1	
2.57004	-2.41431	1	
2.56534	-2.35308	1	
2.56075	-2.29239	1	
2.55629	-2.23185	1	
2.55194	-2.17135	1	
2.54772	-2.11099	1	
2.54362	-2.05099	1	
2.53964	-1.99164	1	
2.53577	-1.93322	1	
2.53202	-1.87589	1	
2.52838	-1.8196	1	
2.52485	-1.76417	1	
2.52143	-1.70936	1	
2.51812	-1.65497	1	
2.51492	-1.60093	1	
2.51183	-1.54733	1	
2.50884	-1.49433	1	
2.50595	-1.44207	1	
2.50317	-1.39066	1	
2.50049	-1.34008	1	
2.49791	-1.29025	1	
2.49543	-1.24101	1	
2.49304	-1.1922	1	
2.49076	-1.14369	1	
2.48857	-1.09555	1	
2.48647	-1.04792	1	
2.48447	-1.00105	1	
2.48256	-0.955151	1	
2.48074	-0.910317	1	
2.479	-0.866503	1	
2.47736	-0.823548	1	
2.47579	-0.781263	1	
2.47432	-0.739352	1	
2.47292	-0.697573	1	
2.47161	-0.655862	1	
2.47038	-0.614263	1	
2.46923	-0.57298	1	
2.46817	-0.532311	1	
2.46718	-0.492592	1	
2.46628	-0.454111	1	
2.46544	-0.417028	1	
2.46468	-0.381254	1	
2.46399	-0.346491	1	
2.46336	-0.312357	1	
2.46281	-0.278479	1	
2.46232	-0.244571	1	
2.46189	-0.210524	1	
2.46154	-0.176436	1	
2.46126	-0.142614	1	
2.46104	-0.109348	1	
2.46088	-0.0769326	1	
2.46079	-0.0455627	1	
2.46076	-0.0152824	1	
2.46079	0.0138899	1	
2.46087	0.0420272	1	
2.46101	0.0691378	1	
2.4612	0.0953454	1	
2.46145	0.120838	1	
2.46174	0.145874	1	
2.46208	0.170572	1	
2.46247	0.194941	1	
2.46291	0.218896	1	
2.46339	0.242432	1	
2.46392	0.26543	1	
2.4645	0.287753	1	
2.46512	0.309381	1	
2.46578	0.330352	1	
2.46648	0.350897	1	
2.46722	0.370904	1	
2.468	0.390199	1	
2.46882	0.40875	1	
2.46967	0.426515	1	
2.47056	0.443358	1	
2.47148	0.459276	1	
2.47242	0.474369	1	
2.4734	0.488789	1	
2.47441	0.502671	1	
2.47544	0.516071	1	
2.4765	0.528931	1	
2.47758	0.54118	1	
2.47869	0.552832	1	
2.47981	0.563916	1	
2.48096	0.574521	1	
2.48213	0.584641	1	
2.48332	0.594395	1	
2.48453	0.603915	1	
2.48576	0.613343	1	
2.487	0.622791	1	
2.48827	0.632023	1	
2.48955	0.640781	1	
2.49084	0.64901	1	
2.49216	0.656442	1	
2.49348	0.663084	1	
2.49482	0.668868	1	
2.49617	0.673612	1	
2.49752	0.677357	1	
2.49888	0.680207	1	
2.50025	0.682323	1	
2.50162	0.683803	1	
2.50299	0.684462	1	
2.50435	0.68442	1	
2.50572	0.683841	1	
2.50709	0.682791	1	
2.50845	0.681376	1	
2.50981	0.679795	1	
2.51117	0.678255	1	
2.51252	0.677002	1	
2.51387	0.676218	1	
2.51522	0.675767	1	
2.51657	0.675541	1	
2.51793	0.675348	1	
2.51928	0.675086	1	
2.52063	0.674739	1	
2.52197	0.674131	1	
2.52332	0.673249	1	
2.52466	0.671858	1	
2.526	0.669925	1	
2.52734	0.667348	1	
2.52867	0.663732	1	
2.52998	0.658982	1	
2.53129	0.653172	1	
2.53258	0.646545	1	
2.53386	0.639126	1	
2.53512	0.631068	1	
2.53637	0.62251	1	
2.5376	0.613678	1	
2.53881	0.604546	1	
2.54	0.595074	1	
2.54117	0.585281	1	
2.54232	0.575269	1	
2.54345	0.565346	1	
2.54456	0.555758	1	
2.54565	0.546491	1	
2.54673	0.537324	1	
2.54778	0.528066	1	
2.54882	0.518677	1	
2.54984	0.50917	1	
2.55084	0.499599	1	
2.55182	0.490051	1	
2.55278	0.480372	1	
2.55372	0.470357	1	
2.55464	0.460046	1	
2.55554	0.449359	1	
2.55641	0.438202	1	
2.55727	0.426811	1	
2.5581	0.415209	1	
2.5589	0.403432	1	
2.55969	0.391587	1	
2.56045	0.379632	1	
2.56118	0.367733	1	
2.56189	0.355913	1	
2.56258	0.344103	1	
2.56325	0.332289	1	
2.56389	0.320494	1	
2.56451	0.308594	1	
2.5651	0.296533	1	
2.56567	0.284378	1	
2.56621	0.272111	1	
2.56673	0.259787	1	
2.56723	0.247466	1	
2.5677	0.235178	1	
2.56814	0.222926	1	
2.56856	0.210814	1	
2.56896	0.198823	1	
2.56934	0.186979	1	
2.56969	0.175311	1	
2.57001	0.163743	1	
2.57032	0.15225	1	
2.5706	0.140915	1	
2.57086	0.129743	1	
2.5711	0.118724	1	
2.57131	0.107882	1	
2.57151	0.0971823	1	
2.57168	0.0866918	1	
2.57183	0.0763688	1	
2.57197	0.0661485	1	
2.57208	0.0560689	1	
2.57217	0.0461044	1	
2.57224	0.0364053	1	
2.57224	0.0364053	1	
2.57224	0.0364053	1	
2.57224	0.0364053	1	
2.57228	0.0174691	1	
2.57228	0.00252964	1	
2.57226	-0.00975882	1	
2.57222	-0.020079	1	
2.57216	-0.0290013	1	
2.57209	-0.0368898	1	
2.572	-0.0439452	1	
2.5719	-0.0502549	1	
2.57179	-0.0559913	1	
2.57167	-0.061249	1	
2.57154	-0.0661085	1	
2.57139	-0.0707372	1	
2.57124	-0.0752025	1	
2.57109	-0.079452	1	
2.57092	-0.0835298	1	
2.57074	-0.0875034	1	
2.57056	-0.0913326	1	
2.57037	-0.0949935	1	
2.57017	-0.0986605	1	
2.56997	-0.102277	1	
2.56976	-0.105844	1	
2.56954	-0.109305	1	
2.56931	-0.112562	1	
2.56908	-0.115645	1	
2.56884	-0.11853	1	
2.5686	-0.121225	1	
2.56836	-0.123644	1	
2.5681	-0.125853	1	
2.56785	-0.127714	1	
2.56759	-0.129257	1	
2.56733	-0.130479	1	
2.56707	-0.131463	1	
2.5668	-0.132331	1	
2.56653	-0.133031	1	
2.56627	-0.133657	1	
2.566	-0.134272	1	
2.56573	-0.134867	1	
2.56546	-0.135522	1	
2.56519	-0.136314	1	
2.56491	-0.137144	1	
2.56464	-0.138037	1	
2.56436	-0.138956	1	
2.56408	-0.139907	1	
2.5638	-0.140861	1	
2.56351	-0.141836	1	
2.56323	-0.142746	1	
2.56294	-0.143499	1	
2.56265	-0.144156	1	
2.56236	-0.144659	1	
2.56207	-0.145118	1	
2.56178	-0.145537	1	
2.56149	-0.14588	1	
2.5612	-0.146168	1	
2.5609	-0.146376	1	
2.56061	-0.146587	1	
2.56032	-0.146769	1	
2.56002	-0.146854	1	
2.55973	-0.14689	1	
2.55944	-0.14685	1	
2.55914	-0.146838	1	
2.55885	-0.14684	1	
2.55855	-0.146846	1	
2.55826	-0.14683	1	
2.55797	-0.146811	1	
2.55767	-0.14681	1	
2.55738	-0.146869	1	
2.55709	-0.146942	1	
2.55679	-0.147035	1	
2.5565	-0.147096	1	
2.5562	-0.147185	1	
2.55591	-0.147274	1	
2.55561	-0.147315	1	
2.55532	-0.147355	1	
2.55503	-0.147258	1	
2.55473	-0.147094	1	
2.55444	-0.146888	1	
2.55414	-0.146633	1	
2.55385	-0.146366	1	
2.55356	-0.146032	1	
2.55327	-0.14564	1	
2.55298	-0.145236	1	
2.55269	-0.14473	1	
2.5524	-0.144238	1	
2.55211	-0.143739	1	
2.55183	-0.143185	1	
2.55154	-0.142618	1	
2.55126	-0.142084	1	
2.55097	-0.141518	1	
2.55069	-0.140938	1	
2.55041	-0.140371	1	
2.55013	-0.139744	1	
2.54985	-0.139102	1	
2.54958	-0.138385	1	
2.5493	-0.137664	1	
2.54903	-0.13698	1	
2.54875	-0.136256	1	
2.54848	-0.135571	1	
2.54821	-0.134878	1	
2.54795	-0.134083	1	
2.54768	-0.133233	1	
2.54741	-0.132379	1	
2.54715	-0.131458	1	
2.54689	-0.13051	1	
2.54663	-0.129532	1	
2.54637	-0.128568	1	
2.54612	-0.127603	1	
2.54587	-0.126594	1	
2.54561	-0.125603	1	
2.54537	-0.124567	1	
2.54512	-0.123602	1	
2.54487	-0.122673	1	
2.54463	-0.121744	1	
2.54439	-0.120771	1	
2.54415	-0.119749	1	
2.54391	-0.118744	1	
2.54368	-0.117692	1	
2.54344	-0.116676	1	
2.54321	-0.115679	1	
2.54298	-0.114756	1	
2.54275	-0.113802	1	
2.54253	-0.112892	1	
2.5423	-0.11195	1	
2.54208	-0.111018	1	
2.54186	-0.110001	1	
2.54164	-0.108997	1	
2.54143	-0.107958	1	
2.54121	-0.106948	1	
2.541	-0.105883	1	
2.54079	-0.104814	1	
2.54059	-0.103737	1	
2.54038	-0.102653	1	
2.54018	-0.101509	1	
2.53998	-0.100275	1	
2.53978	-0.0991067	1	
2.53958	-0.0979244	1	
2.53939	-0.0968005	1	
2.5392	-0.0956417	1	
2.53901	-0.0944927	1	
2.53882	-0.0934005	1	
2.53864	-0.0923238	1	
2.53845	-0.0913034	1	
2.53827	-0.0903177	1	
2.53809	-0.0893453	1	
2.53792	-0.0884809	1	
2.53774	-0.0876949	1	
2.53757	-0.087003	1	
2.5374	-0.0863094	1	
2.53722	-0.0856463	1	
2.53705	-0.0850219	1	
2.53689	-0.0843948	1	
2.53672	-0.0838073	1	
2.53655	-0.0831825	1	
2.53639	-0.0825082	1	
2.53622	-0.081842	1	
2.53606	-0.0811233	1	
2.5359	-0.0804313	1	
2.53574	-0.0797124	1	
2.53558	-0.0789704	1	
2.53543	-0.0782753	1	
2.53527	-0.077582	1	
2.53512	-0.0768684	1	
2.53496	-0.0761823	1	
2.53481	-0.0754726	1	
2.53466	-0.0747906	1	
2.53452	-0.0741206	1	
2.53437	-0.0734634	1	
2.53422	-0.0728426	1	
2.53408	-0.0722396	1	
2.53394	-0.0716218	1	
2.53379	-0.07104	1	
2.53365	-0.0704704	1	
2.53351	-0.0698815	1	
2.53337	-0.0693056	1	
2.53324	-0.0686761	1	
2.5331	-0.068007	1	
2.53297	-0.0672509	1	
2.53283	-0.0665149	1	
2.5327	-0.0657366	1	
2.53257	-0.0649074	1	
2.53244	-0.0640724	1	
2.53232	-0.0632469	1	
2.53219	-0.0623878	1	
2.53207	-0.0615314	1	
2.53195	-0.0607094	1	
2.53183	-0.0599712	1	
2.53171	-0.0592082	1	
2.53159	-0.0584778	1	
2.53148	-0.0577572	1	
2.53136	-0.0571248	1	
2.53125	-0.0564717	1	
2.53114	-0.0558478	1	
2.53103	-0.0552181	1	
2.53092	-0.0546092	1	
2.53081	-0.0540061	1	
2.5307	-0.0533792	1	
2.5306	-0.0526934	1	
2.53049	-0.0519805	1	
2.53039	-0.0512737	1	
2.53029	-0.0505301	1	
2.53019	-0.04979	1	
2.53009	-0.049042	1	
2.53	-0.0482358	1	
2.5299	-0.047451	1	
2.52981	-0.046691	1	
2.52972	-0.0458883	1	
2.52963	-0.0451043	1	
2.52954	-0.0443461	1	
2.52945	-0.0436099	1	
2.52937	-0.0428689	1	
2.52928	-0.0421807	1	
2.5292	-0.0415214	1	
2.52912	-0.0408198	1	
2.52904	-0.0401049	1	
2.52896	-0.0394063	1	
2.52888	-0.0387121	1	
2.5288	-0.0379777	1	
2.52873	-0.0372381	1	
2.52866	-0.0365123	1	
2.52858	-0.0357665	1	
2.52851	-0.0349846	1	
2.52845	-0.0341893	1	
2.52838	-0.0333613	1	
2.52831	-0.032561	1	
2.52825	-0.031755	1	
2.52819	-0.0309901	1	
2.52813	-0.0302265	1	
2.52807	-0.0294723	1	
2.52801	-0.0287524	1	
2.52796	-0.0280451	1	
2.5279	-0.0273398	1	
2.52785	-0.0266787	1	
2.5278	-0.026053	1	
2.52775	-0.0254585	1	
2.5277	-0.0248733	1	
2.52765	-0.0243027	1	
2.5276	-0.0237289	1	
2.52755	-0.0231464	1	
2.52751	-0.0225652	1	
2.52746	-0.021992	1	
2.52742	-0.0214506	1	
2.52738	-0.0208834	1	
2.52734	-0.0203238	1	
2.5273	-0.019777	1	
2.52726	-0.0192441	1	
2.52722	-0.0187107	1	
2.52719	-0.0181869	1	
2.52715	-0.017672	1	
2.52712	-0.0171897	1	
2.52708	-0.0167338	1	
2.52705	-0.0162994	1	
2.52702	-0.0159031	1	
2.52699	-0.0155172	1	
2.52696	-0.0151429	1	
2.52693	-0.0148035	1	
2.5269	-0.0144695	1	
2.52687	-0.0141411	1	
2.52684	-0.0138446	1	
2.52682	-0.0135515	1	
2.52679	-0.0132617	1	
2.52676	-0.0129822	1	
2.52674	-0.0127079	1	
2.52671	-0.0124448	1	
2.52669	-0.0121711	1	
2.52666	-0.0119164	1	
2.52664	-0.0116718	1	
2.52662	-0.0114202	1	
2.5266	-0.0111497	1	
2.52657	-0.0109078	1	
2.52655	-0.0106694	1	
2.52653	-0.0104523	1	
2.52653	-0.0104523	1	
2.52653	-0.0104523	1	
2.52653	-0.0104523	1	
2.52653	-0.0104523	1	
2.52653	-0.0104523	1	
2.52653	-0.0104523	1	
2.52653	-0.0104523	1	
2.52653	-0.0104523	1	
2.52653	-0.0104523	1	
2.52653	-0.0104523	1	
2.52653	-0.0104523	1	
2.52653	-0.0104523	1	
2.52653	-0.0104523	1	
2.52653	-0.0104523	1	
2.52653	-0.0104523	1	
2.52653	-0.0104523	1	
2.52653	-0.0104523	1	
2.52653	-0.0104523	1	
2.52653	-0.0104523	1	
2.52653	-0.0104523	1	
2.52653	-0.0104523	1	
2.52653	-0.0104523	1	
2.52653	-0.0104523	1	
2.52653	-0.0104523	1	
2.52653	-0.0104523	1	
2.52653	-0.0104523	1	
2.52653	-0.0104523	1	
2.52653	-0.0104523	1	
2.52653	-0.0104523	1	
2.52653	-0.0104523	1	
2.52653	-0.0104523	1	
2.52653	-0.0104523	1	
2.52653	-0.0104523	1	
2.52653	-0.0104523	1	
2.52653	-0.0104523	1	
2.52653	-0.0104523	1	
2.52653	-0.0104523	1	
2.52653	-0.0104523	1	
2.52653	-0.0104523	1	
2.52653	-0.0104523	1	
2.52653	-0.0104523	1	
2.52653	-0.0104523	1	
2.52653	-0.0104523	1	
2.52653	-0.0104523	1	
2.52653	-0.0104523	1	
2.52653	-0.0104523	1	
2.52653	-0.0104523	1	
2.52653	-0.0104523	1	
2.52653	-0.0104523	1	
2.52653	-0.0104523	1	
2.52653	-0.0104523	1	
2.52653	-0.0104523	1	
2.52653	-0.0104523	1	
2.52653	-0.0104523	1	
2.52653	-0.0104523	1	
2.52653	-0.0104523	1	
2.52653	-0.0104523	1	
2.52653	-0.0104523	1	
2.52653	-0.0104523	1	
2.52653	-0.0104523	1	
2.52653	-0.0104523	1	
2.52653	-0.0104523	1	
2.52653	-0.0104523	1	
2.52653	-0.0104523	1	
2.52653	-0.0104523	1	
2.52653	-0.0104523	1	
2.52653	-0.0104523	1	
2.52653	-0.0104523	1	
2.52653	-0.0104523	1	
2.52653	-0.0104523	1	
2.52653	-0.0104523	1	
2.52653	-0.0104523	1	
2.52653	-0.0104523	1	
2.52653	-0.0104523	1	
2.52653	-0.0104523	1	
2.52653	-0.0104523	1	
2.52653	-0.0104523	1	
2.52653	-0.0104523	1	
2.52653	-0.0104523	1	
2.52653	-0.0104523	1	
2.52653	-0.0104523	1	
2.52653	-0.0104523	1	
2.52653	-0.0104523	1	
2.52653	-0.0104523	1	
2.52653	-0.0104523	1	
2.52653	-0.0104523	1	
2.52653	-0.0104523	1	
2.52653	-0.0104523	1	
2.52653	-0.0104523	1	
2.52653	-0.0104523	1	
2.52653	-0.0104523	1	
2.52653	-0.0104523	1	
2.52653	-0.0104523	1	
2.52653	-0.0104523	1	
2.52653	-0.0104523	1	
2.52653	-0.0104523	1	
2.52653	-0.0104523	1	
2.52653	-0.0104523	1	
2.52651	-0.0103181	1	
2.52649	-0.0102955	1	
2.52647	-0.0103438	1	
2.52645	-0.0104358	1	
2.52643	-0.010572	1	
2.52641	-0.0107533	1	
2.52639	-0.0109607	1	
2.52636	-0.0111604	1	
2.52634	-0.0113528	1	
2.52632	-0.0115772	1	
2.52629	-0.0118388	1	
2.52627	-0.0120952	1	
2.52624	-0.0123493	1	
2.52622	-0.0125992	1	
2.52619	-0.0128592	1	
2.52617	-0.013162	1	
2.52614	-0.0134902	1	
2.52611	-0.0138112	1	
2.52608	-0.0141616	1	
2.52606	-0.014546	1	
2.52603	-0.0149484	1	
2.52599	-0.0153145	1	
2.52596	-0.0156557	1	
2.52593	-0.0160128	1	
2.5259	-0.0163583	1	
2.52587	-0.0166854	1	
2.52583	-0.0170419	1	
2.5258	-0.0174243	1	
2.52576	-0.0177997	1	
2.52572	-0.0181846	1	
2.52569	-0.0186076	1	
2.52565	-0.0190295	1	
2.52561	-0.019459	1	
2.52557	-0.0199458	1	
2.52553	-0.0204064	1	
2.52549	-0.02082	1	
2.52545	-0.021201	1	
2.5254	-0.0214952	1	
2.52536	-0.0217761	1	
2.52531	-0.0220793	1	
2.52527	-0.0223337	1	
2.52522	-0.0225392	1	
2.52518	-0.0227458	1	
2.52513	-0.0229549	1	
2.52509	-0.0231381	1	
2.52504	-0.0233616	1	
2.52499	-0.0235896	1	
2.52495	-0.0237566	1	
2.5249	-0.0239022	1	
2.52485	-0.0240323	1	
2.5248	-0.024132	1	
2.52475	-0.0242312	1	
2.5247	-0.0243454	1	
2.52466	-0.0244305	1	
2.52461	-0.0244623	1	
2.52456	-0.0245138	1	
2.52451	-0.0245585	1	
2.52446	-0.0245389	1	
2.52441	-0.0245042	1	
2.52436	-0.0244759	1	
2.52431	-0.0244305	1	
2.52426	-0.0243429	1	
2.52422	-0.0241885	1	
2.52417	-0.0240517	1	
2.52412	-0.023926	1	
2.52407	-0.0237527	1	
2.52402	-0.0235718	1	
2.52398	-0.023389	1	
2.52393	-0.0232262	1	
2.52389	-0.0230773	1	
2.52384	-0.0229588	1	
2.52379	-0.0228223	1	
2.52375	-0.0226964	1	
2.5237	-0.0225783	1	
2.52366	-0.022449	1	
2.52361	-0.0222728	1	
2.52357	-0.0220909	1	
2.52353	-0.0219276	1	
2.52348	-0.021779	1	
2.52344	-0.0216192	1	
2.5234	-0.0214621	1	
2.52335	-0.0212832	1	
2.52331	-0.021119	1	
2.52327	-0.020997	1	
2.52323	-0.0208902	1	
2.52319	-0.0207567	1	
2.52314	-0.0206307	1	
2.5231	-0.0205451	1	
2.52306	-0.020473	1	
2.52302	-0.02042	1	
2.52298	-0.0203444	1	
2.52294	-0.0202562	1	
2.5229	-0.0201738	1	
2.52286	-0.0201223	1	
2.52282	-0.0200895	1	
2.52278	-0.0200293	1	
2.52274	-0.0199542	1	
2.5227	-0.0199089	1	
2.52266	-0.0199022	1	
2.52262	-0.019895	1	
2.52258	-0.0198533	1	
2.52254	-0.019812	1	
2.5225	-0.0197723	1	
2.52246	-0.0197718	1	
2.52242	-0.0197791	1	
2.52238	-0.0197708	1	
2.52234	-0.0197541	1	
2.5223	-0.019751	1	
2.52226	-0.019774	1	
2.52223	-0.0197761	1	
2.52219	-0.0197503	1	
2.52215	-0.0197227	1	
2.52211	-0.0197363	1	
2.52207	-0.0197476	1	
2.52203	-0.0197612	1	
2.52199	-0.0197577	1	
2.52195	-0.0197575	1	
2.52191	-0.0197828	1	
2.52187	-0.0198007	1	
2.52183	-0.0197989	1	
2.52179	-0.0197851	1	
2.52175	-0.0197781	1	
2.52171	-0.0197794	1	
2.52167	-0.0197859	1	
2.52163	-0.019777	1	
2.52159	-0.0197766	1	
2.52155	-0.01982	1	
2.52151	-0.0198707	1	
2.52147	-0.0198867	1	
2.52143	-0.0198812	1	
2.52139	-0.0198766	1	
2.52135	-0.019878	1	
2.52131	-0.0198582	1	
2.52127	-0.0198119	1	
2.52124	-0.0197601	1	
2.5212	-0.0197137	1	
2.52116	-0.0196865	1	
2.52112	-0.0196287	1	
2.52108	-0.0195143	1	
2.52104	-0.019391	1	
2.521	-0.019278	1	
2.52096	-0.0191767	1	
2.52092	-0.0190807	1	
2.52089	-0.0189695	1	
2.52085	-0.0188161	1	
2.52081	-0.0186551	1	
2.52077	-0.0184949	1	
2.52074	-0.018333	1	
2.5207	-0.0181774	1	
2.52067	-0.0179848	1	
2.52063	-0.0177768	1	
2.52059	-0.0175382	1	
2.52056	-0.0173085	1	
2.52053	-0.0170817	1	
2.52049	-0.0168635	1	
2.52046	-0.0166526	1	
2.52043	-0.0164251	1	
2.52039	-0.0161765	1	
2.52036	-0.0159167	1	
2.52033	-0.0156337	1	
2.5203	-0.0153409	1	
2.52027	-0.0150462	1	
2.52024	-0.0147526	1	
2.52021	-0.0144475	1	
2.52018	-0.0141559	1	
2.52016	-0.0138413	1	
2.52013	-0.0135329	1	
2.5201	-0.0132364	1	
2.52008	-0.0129326	1	
2.52005	-0.0126253	1	
2.52003	-0.012338	1	
2.52	-0.0120322	1	
2.51998	-0.011735	1	
2.51996	-0.011431	1	
2.51993	-0.0111449	1	
2.51991	-0.0108546	1	
2.51991	-0.0108546	1	
2.51991	-0.0108546	1	
2.51991	-0.0108546	1	
2.51991	-0.0108546	1	
2.51991	-0.0108546	1	
2.51991	-0.0108546	1	
2.51991	-0.0108546	1	
2.51991	-0.0108546	1	
2.51991	-0.0108546	1	
2.51991	-0.0108546	1	
2.51991	-0.0108546	1	
2.51991	-0.0108546	1	
2.51991	-0.0108546	1	
2.51991	-0.0108546	1	
2.51991	-0.0108546	1	
2.51991	-0.0108546	1	
2.51991	-0.0108546	1	
2.51991	-0.0108546	1	
2.51991	-0.0108546	1	
2.51991	-0.0108546	1	
2.51991	-0.0108546	1	
2.51991	-0.0108546	1	
2.51991	-0.0108546	1	
2.51991	-0.0108546	1	
2.51991	-0.0108546	1	
2.51991	-0.0108546	1	
2.51991	-0.0108546	1	
2.51991	-0.0108546	1	
2.51991	-0.0108546	1	
2.51991	-0.0108546	1	
2.51991	-0.0108546	1	
2.51991	-0.0108546	1	
2.51991	-0.0108546	1	
2.51991	-0.0108546	1	
2.51991	-0.0108546	1	
2.51991	-0.0108546	1	
2.51991	-0.0108546	1	
2.51991	-0.0108546	1	
2.51991	-0.0108546	1	
2.51991	-0.0108546	1	
2.51991	-0.0108546	1	
2.51991	-0.0108546	1	
2.51991	-0.0108546	1	
2.51991	-0.0108546	1	
2.51991	-0.0108546	1	
2.51991	-0.0108546	1	
2.51991	-0.0108546	1	
2.51991	-0.0108546	1	
2.51991	-0.0108546	1	
2.51991	-0.0108546	1	
2.51991	-0.0108546	1	
2.51991	-0.0108546	1	
2.51991	-0.0108546	1	
2.51991	-0.0108546	1	
2.51991	-0.0108546	1	
2.51991	-0.0108546	1	
2.51991	-0.0108546	1	
2.51991	-0.0108546	1	
2.51991	-0.0108546	1	
2.51991	-0.0108546	1	
2.51991	-0.0108546	1	
2.51991	-0.0108546	1	
2.51991	-0.0108546	1	
2.51991	-0.0108546	1	
2.51991	-0.0108546	1	
2.51991	-0.0108546	1	
2.51991	-0.0108546	1	
2.51991	-0.0108546	1	
2.51991	-0.0108546	1	
2.51991	-0.0108546	1	
2.51991	-0.0108546	1	
2.51991	-0.0108546	1	
2.51991	-0.0108546	1	
2.51991	-0.0108546	1	
2.51991	-0.0108546	1	
2.51991	-0.0108546	1	
2.51991	-0.0108546	1	
2.51991	-0.0108546	1	
2.51991	-0.0108546	1	
2.51991	-0.0108546	1	
2.51991	-0.0108546	1	
2.51991	-0.0108546	1	
2.51991	-0.0108546	1	
2.51991	-0.0108546	1	
2.51991	-0.0108546	1	
2.51991	-0.0108546	1	
2.51991	-0.0108546	1	
2.51991	-0.0108546	1	
2.51991	-0.0108546	1	
2.51991	-0.0108546	1	
2.51991	-0.0108546	1	
2.51991	-0.0108546	1	
2.51991	-0.0108546	1	
2.51991	-0.0108546	1	
2.51991	-0.0108546	1	
2.51991	-0.0108546	1	
2.51991	-0.0108546	1	
2.51991	-0.0108546	1	
2.51991	-0.0108546	1	
2.51991	-0.0108546	1	
2.51991	-0.0108546	1	
2.51991	-0.0108546	1	
2.51991	-0.0108546	1	
2.51991	-0.0108546	1	
2.51991	-0.0108546	1	
2.51991	-0.0108546	1	
2.51991	-0.0108546	1	
2.51991	-0.0108546	1	
2.51991	-0.0108546	1	
2.51991	-0.0108546	1	
2.51991	-0.0108546	1	
2.51991	-0.0108546	1	
2.51991	-0.0108546	1	
2.51991	-0.0108546	1	
2.51991	-0.0108546	1	
2.51991	-0.0108546	1	
2.51991	-0.0108546	1	
2.51991	-0.0108546	1	
2.51991	-0.0108546	1	
2.51991	-0.0108546	1	
2.51991	-0.0108546	1	
2.51991	-0.0108546	1	
2.51991	-0.0108546	1	
2.51991	-0.0108546	1	
2.51991	-0.0108546	1	
2.51991	-0.0108546	1	
2.51991	-0.0108546	1	
2.51991	-0.0108546	1	
2.51991	-0.0108546	1	
2.51991	-0.0108546	1	
2.51991	-0.0108546	1	
2.51991	-0.0108546	1	
2.51991	-0.0108546	1	
2.51991	-0.0108546	1	
2.51991	-0.0108546	1	
2.51991	-0.0108546	1	
2.51991	-0.0108546	1	
2.51991	-0.0108546	1	
2.51991	-0.0108546	1	
2.51991	-0.0108546	1	
2.51991	-0.0108546	1	
2.51991	-0.0108546	1	
2.51991	-0.0108546	1	
2.51991	-0.0108546	1	
2.51991	-0.0108546	1	
2.51991	-0.0108546	1	
2.51991	-0.0108546	1	
2.51991	-0.0108546	1	
2.51991	-0.0108546	1	
2.51991	-0.0108546	1	
2.51991	-0.0108546	1	
2.51991	-0.0108546	1	
2.51991	-0.0108546	1	
2.51991	-0.0108546	1	
2.51991	-0.0108546	1	
2.51991	-0.0108546	1	
2.51991	-0.0108546	1	
2.51991	-0.0108546	1	
2.51991	-0.0108546	1	
2.51991	-0.0108546	1	
2.51991	-0.0108546	1	
2.51991	-0.0108546	1	
2.51991	-0.0108546	1	
2.51991	-0.0108546	1	
2.51991	-0.0108546	1	
2.51991	-0.0108546	1	
2.51991	-0.0108546	1	
2.51991	-0.0108546	1	
2.51991	-0.0108546	1	
2.51991	-0.0108546	1	
2.51991	-0.0108546	1	
2.51991	-0.0108546	1	
2.51991	-0.0108546	1	
2.51991	-0.0108546	1	
2.51991	-0.0108546	1	
2.51991	-0.0108546	1	
2.51991	-0.0108546	1	
2.51991	-0.0108546	1	
2.51991	-0.0108546	1	
2.51991	-0.0108546	1	
2.51991	-0.0108546	1	
2.51991	-0.0108546	1	
2.51991	-0.0108546	1	
2.51991	-0.0108546	1	
2.51991	-0.0108546	1	
2.51991	-0.0108546	1	
2.51991	-0.0108546	1	
2.51991	-0.0108546	1	
2.51991	-0.0108546	1	
2.51991	-0.0108546	1	
2.51991	-0.0108546	1	
2.51991	-0.0108546	1	
2.51991	-0.0108546	1	
2.51991	-0.0108546	1	
2.51991	-0.0108546	1	
2.51991	-0.0108546	1	
2.51991	-0.0108546	1	
2.51991	-0.0108546	1	
2.51991	-0.0108546	1	
2.51991	-0.0108546	1	
2.51991	-0.0108546	1	
2.51991	-0.0108546	1	
2.51991	-0.0108546	1	
2.51991	-0.0108546	1	
2.51991	-0.0108546	1	
2.51991	-0.0108546	1	
2.51991	-0.0108546	1	
2.51991	-0.0108546	1	
2.51991	-0.0108546	1	
2.51991	-0.0108546	1	
2.51991	-0.0108546	1	
2.51991	-0.0108546	1	
2.51991	-0.0108546	1	
2.51991	-0.0108546	1	
2.51991	-0.0108546	1	
2.51991	-0.0108546	1	
2.51991	-0.0108546	1	
2.51991	-0.0108546	1	
2.51991	-0.0108546	1	
2.51991	-0.0108546	1	
2.51991	-0.0108546	1	
2.51991	-0.0108546	1	
2.51991	-0.0108546	1	
2.51991	-0.0108546	1	
2.51991	-0.0108546	1	
2.51991	-0.0108546	1	
2.51991	-0.0108546	1	
2.51991	-0.0108546	1	
2.51991	-0.0108546	1	
2.51991	-0.0108546	1	
2.51991	-0.0108546	1	
2.51991	-0.0108546	1	
2.51991	-0.0108546	1	
2.51991	-0.0108546	1	
2.51991	-0.0108546	1	
2.51991	-0.0108546	1	
2.51991	-0.0108546	1	
2.51991	-0.0108546	1	
2.51991	-0.0108546	1	
2.51991	-0.0108546	1	
2.51991	-0.0108546	1	
2.51991	-0.0108546	1	
2.51991	-0.0108546	1	
2.51991	-0.0108546	1	
2.51991	-0.0108546	1	
2.51991	-0.0108546	1	
2.51991	-0.0108546	1	
2.51991	-0.0108546	1	
2.51991	-0.0108546	1	
2.51991	-0.0108546	1	
2.51991	-0.0108546	1	
2.51991	-0.0108546	1	
2.51991	-0.0108546	1	
2.51991	-0.0108546	1	
2.51991	-0.0108546	1	
2.51991	-0.0108546	1	
2.51991	-0.0108546	1	
2.51991	-0.0108546	1	
2.51991	-0.0108546	1	
2.51991	-0.0108546	1	
2.51991	-0.0108546	1	
2.51991	-0.0108546	1	
2.51991	-0.0108546	1	
2.51991	-0.0108546	1	
2.51991	-0.0108546	1	
2.51991	-0.0108546	1	
2.51991	-0.0108546	1	
2.51991	-0.0108546	1	
2.51991	-0.0108546	1	
2.51991	-0.0108546	1	
2.51991	-0.0108546	1	
2.51991	-0.0108546	1	
2.51991	-0.0108546	1	
2.51991	-0.0108546	1	
2.51991	-0.0108546	1	
2.51991	-0.0108546	1	
2.51991	-0.0108546	1	
2.51991	-0.0108546	1	
2.51991	-0.0108546	1	
2.51991	-0.0108546	1	
2.51991	-0.0108546	1	
2.51991	-0.0108546	1	
2.51991	-0.0108546	1	
2.51991	-0.0108546	1	
2.51991	-0.0108546	1	
2.51991	-0.0108546	1	
2.51991	-0.0108546	1	
2.51991	-0.0108546	1	
2.51991	-0.0108546	1	
2.51991	-0.0108546	1	
2.51991	-0.0108546	1	
2.51991	-0.0108546	1	
2.51991	-0.0108546	1	
2.51991	-0.0108546	1	
2.51991	-0.0108546	1	
2.51991	-0.0108546	1	
2.51991	-0.0108546	1	
2.51991	-0.0108546	1	
2.51991	-0.0108546	1	
2.51991	-0.0108546	1	
2.51991	-0.0108546	1	
2.51991	-0.0108546	1	
2.51991	-0.0108546	1	
2.51991	-0.0108546	1	
2.51991	-0.0108546	1	
2.51991	-0.0108546	1	
2.51991	-0.0108546	1	
2.51991	-0.0108546	1	
2.51991	-0.0108546	1	
2.51991	-0.0108546	1	
2.51991	-0.0108546	1	
2.51991	-0.0108546	1	
2.51991	-0.0108546	1	
2.51991	-0.0108546	1	
2.51991	-0.0108546	1	
2.51991	-0.0108546	1	
2.51991	-0.0108546	1	
2.51991	-0.0108546	1	
2.51991	-0.0108546	1	
2.51991	-0.0108546	1	
2.51991	-0.0108546	1	
2.51991	-0.0108546	1	
2.51991	-0.0108546	1	
2.51991	-0.0108546	1	
2.51991	-0.0108546	1	
2.51991	-0.0108546	1	
2.51991	-0.0108546	1	
2.51991	-0.0108546	1	
2.51991	-0.0108546	1	
2.51991	-0.0108546	1	
2.51991	-0.0108546	1	
2.51991	-0.0108546	1	
2.51991	-0.0108546	1	
2.51991	-0.0108546	1	
2.51991	-0.0108546	1	
2.51991	-0.0108546	1	
2.51991	-0.0108546	1	
2.51991	-0.0108546	1	
2.51991	-0.0108546	1	
2.51991	-0.0108546	1	
2.51991	-0.0108546	1	
2.51991	-0.0108546	1	
2.51991	-0.0108546	1	
2.51991	-0.0108546	1	
2.51991	-0.0108546	1	
2.51991	-0.0108546	1	
2.51991	-0.0108546	1	
2.51991	-0.0108546	1	
2.51991	-0.0108546	1	
2.51991	-0.0108546	1	
2.51991	-0.0108546	1	
2.51991	-0.0108546	1	
2.51991	-0.0108546	1	
2.51991	-0.0108546	1	
2.51991	-0.0108546	1	
2.51991	-0.0108546	1	
2.51991	-0.0108546	1	
2.51991	-0.0108546	1	
2.51991	-0.0108546	1	
2.51991	-0.0108546	1	
2.51991	-0.0108546	1	
2.51991	-0.0108546	1	
2.51991	-0.0108546	1	
2.51991	-0.0108546	1	
2.51991	-0.0108546	1	
2.51991	-0.0108546	1	
2.51991	-0.0108546	1	
2.51991	-0.0108546	1	
2.51991	-0.0108546	1	
2.51991	-0.0108546	1	
2.51991	-0.0108546	1	
2.51991	-0.0108546	1	
2.51991	-0.0108546	1	
2.51991	-0.0108546	1	
2.51991	-0.0108546	1	
2.51991	-0.0108546	1	
2.51991	-0.0108546	1	
2.51991	-0.0108546	1	
2.51991	-0.0108546	1	
2.51991	-0.0108546	1	
2.51991	-0.0108546	1	
2.51991	-0.0108546	1	
2.51991	-0.0108546	1	
2.51991	-0.0108546	1	
2.51991	-0.0108546	1	
2.51991	-0.0108546	1	
2.51991	-0.0108546	1	
2.51991	-0.0108546	1	
2.51991	-0.0108546	1	
2.51991	-0.0108546	1	
2.51991	-0.0108546	1	
2.51991	-0.0108546	1	
2.51991	-0.0108546	1	
2.51991	-0.0108546	1	
2.51991	-0.0108546	1	
2.51991	-0.0108546	1	
2.51991	-0.0108546	1	
2.51991	-0.0108546	1	
2.51991	-0.0108546	1	
2.51991	-0.0108546	1	
2.51991	-0.0108546	1	
2.51991	-0.0108546	1	
2.51991	-0.0108546	1	
2.51991	-0.0108546	1	
2.51991	-0.0108546	1	
2.51991	-0.0108546	1	
2.51991	-0.0108546	1	
2.51991	-0.0108546	1	
2.51991	-0.0108546	1	
2.51991	-0.0108546	1	
2.51991	-0.0108546	1	
2.51991	-0.0108546	1	
2.51991	-0.0108546	1	
2.51991	-0.0108546	1	
2.51991	-0.0108546	1	
2.51991	-0.0108546	1	
2.51991	-0.0108546	1	
2.51991	-0.0108546	1	
2.51991	-0.0108546	1	
2.51991	-0.0108546	1	
2.51991	-0.0108546	1	
2.51991	-0.0108546	1	
2.51991	-0.0108546	1	
2.51991	-0.0108546	1	
2.51991	-0.0108546	1	
2.51991	-0.0108546	1	
2.51991	-0.0108546	1	
2.51991	-0.0108546	1	
2.51991	-0.0108546	1	
2.51991	-0.0108546	1	
2.51991	-0.0108546	1	
2.51991	-0.0108546	1	
2.51991	-0.0108546	1	
2.51991	-0.0108546	1	
2.51991	-0.0108546	1	
2.51991	-0.0108546	1	
2.51991	-0.0108546	1	
2.51991	-0.0108546	1	
2.51991	-0.0108546	1	
2.51991	-0.0108546	1	
2.51991	-0.0108546	1	
2.51991	-0.0108546	1	
2.51991	-0.0108546	1	
2.51991	-0.0108546	1	
2.51991	-0.0108546	1	
2.51991	-0.0108546	1	
2.51991	-0.0108546	1	
2.51991	-0.0108546	1	
2.51991	-0.0108546	1	
2.51991	-0.0108546	1	
2.51991	-0.0108546	1	
2.51991	-0.0108546	1	
2.51991	-0.0108546	1	
2.51991	-0.0108546	1	
2.51991	-0.0108546	1	
2.51991	-0.0108546	1	
2.51991	-0.0108546	1	
2.51991	-0.0108546	1	
2.51991	-0.0108546	1	
2.51991	-0.0108546	1	
2.51991	-0.0108546	1	
2.51991	-0.0108546	1	
2.51991	-0.0108546	1	
2.51991	-0.0108546	1	
2.51991	-0.0108546	1	
2.51991	-0.0108546	1	
2.51991	-0.0108546	1	
2.51991	-0.0108546	1	
2.51991	-0.0108546	1	
2.51991	-0.0108546	1	
2.51991	-0.0108546	1	
2.51991	-0.0108546	1	
2.51991	-0.0108546	1	
2.51991	-0.0108546	1	
2.51991	-0.0108546	1	
2.51991	-0.0108546	1	
2.51991	-0.0108546	1	
2.51991	-0.0108546	1	
2.51991	-0.0108546	1	
2.51991	-0.0108546	1	
2.51991	-0.0108546	1	
2.51991	-0.0108546	1	
2.51991	-0.0108546	1	
2.51991	-0.0108546	1	
2.51991	-0.0108546	1	
2.51991	-0.0108546	1	
2.51991	-0.0108546	1	
2.51991	-0.0108546	1	
2.51991	-0.0108546	1	
2.51991	-0.0108546	1	
2.51991	-0.0108546	1	
2.51991	-0.0108546	1	
2.51991	-0.0108546	1	
2.51991	-0.0108546	1	
2.51991	-0.0108546	1	
2.51991	-0.0108546	1	
2.51991	-0.0108546	1	
2.51991	-0.0108546	1	
2.51991	-0.0108546	1	
2.51991	-0.0108546	1	
2.51991	-0.0108546	1	
2.51991	-0.0108546	1	
2.51991	-0.0108546	1	
2.51991	-0.0108546	1	
2.51991	-0.0108546	1	
2.51991	-0.0108546	1	
2.51991	-0.0108546	1	
2.51991	-0.0108546	1	
2.51991	-0.0108546	1	
2.51991	-0.0108546	1	
2.51991	-0.0108546	1	
2.51991	-0.0108546	1	
2.51991	-0.0108546	1	
2.51991	-0.0108546	1	
2.51991	-0.0108546	1	
2.51991	-0.0108546	1	
2.51991	-0.0108546	1	
2.51991	-0.0108546	1	
2.51991	-0.0108546	1	
2.51991	-0.0108546	1	
2.51991	-0.0108546	1	
2.51991	-0.0108546	1	
2.51991	-0.0108546	1	
2.51991	-0.0108546	1	
2.51991	-0.0108546	1	
2.51991	-0.0108546	1	
2.51991	-0.0108546	1	
2.51991	-0.0108546	1	
2.51991	-0.0108546	1	
2.51991	-0.0108546	1	
2.51991	-0.0108546	1	
2.51991	-0.0108546	1	
2.51991	-0.0108546	1	
2.51991	-0.0108546	1	
2.51991	-0.0108546	1	
2.51991	-0.0108546	1	
2.51991	-0.0108546	1	
2.51991	-0.0108546	1	
2.51991	-0.0108546	1	
2.51991	-0.0108546	1	
2.51991	-0.0108546	1	
2.51991	-0.0108546	1	
2.51991	-0.0108546	1	
2.51991	-0.0108546	1	
2.51991	-0.0108546	1	
2.51991	-0.0108546	1	
2.51991	-0.0108546	1	
2.51991	-0.0108546	1	
2.51991	-0.0108546	1	
2.51991	-0.0108546	1	
2.51991	-0.0108546	1	
2.51991	-0.0108546	1	
2.51991	-0.0108546	1	
2.51991	-0.0108546	1	
2.51991	-0.0108546	1	
2.51991	-0.0108546	1	
2.51991	-0.0108546	1	
2.51991	-0.0108546	1	
2.51991	-0.0108546	1	
2.51991	-0.0108546	1	
2.51991	-0.0108546	1	
2.51991	-0.0108546	1	
2.51991	-0.0108546	1	
2.51991	-0.0108546	1	
2.51991	-0.0108546	1	
2.51991	-0.0108546	1	
2.51991	-0.0108546	1	
2.51991	-0.0108546	1	
2.51991	-0.0108546	1	
2.51991	-0.0108546	1	
2.51991	-0.0108546	1	
2.51991	-0.0108546	1	
2.51991	-0.0108546	1	
2.51991	-0.0108546	1	
2.51991	-0.0108546	1	
2.51991	-0.0108546	1	
2.51991	-0.0108546	1	
2.51991	-0.0108546	1	
2.51991	-0.0108546	1	
2.51991	-0.0108546	1	
2.51991	-0.0108546	1	
2.51991	-0.0108546	1	
2.51991	-0.0108546	1	
2.51991	-0.0108546	1	
2.51991	-0.0108546	1	
2.51991	-0.0108546	1	
2.51991	-0.0108546	1	
2.51991	-0.0108546	1	
2.51991	-0.0108546	1	
2.51991	-0.0108546	1	
2.51991	-0.0108546	1	
2.51991	-0.0108546	1	
2.51991	-0.0108546	1	
2.51991	-0.0108546	1	
2.51991	-0.0108546	1	
2.51991	-0.0108546	1	
2.51991	-0.0108546	1	
2.51991	-0.0108546	1	
2.51991	-0.0108546	1	
2.51991	-0.0108546	1	
2.51991	-0.0108546	1	
2.51991	-0.0108546	1	
2.51991	-0.0108546	1	
2.51991	-0.0108546	1	
2.51991	-0.0108546	1	
2.51991	-0.0108546	1	
2.51991	-0.0108546	1	
2.51991	-0.0108546	1	
2.51991	-0.0108546	1	
2.51991	-0.0108546	1	
2.51991	-0.0108546	1	
2.51991	-0.0108546	1	
2.51991	-0.0108546	1	
2.51991	-0.0108546	1	
2.51991	-0.0108546	1	
2.51991	-0.0108546	1	
2.51991	-0.0108546	1	
2.51991	-0.0108546	1	
2.51991	-0.0108546	1	
2.51991	-0.0108546	1	
2.51991	-0.0108546	1	
2.51991	-0.0108546	1	
2.51991	-0.0108546	1	
2.51991	-0.0108546	1	
2.51991	-0.0108546	1	
2.51991	-0.0108546	1	
2.51991	-0.0108546	1	
2.51991	-0.0108546	1	
2.51991	-0.0108546	1	
2.51991	-0.0108546	1	
2.51991	-0.0108546	1	
2.51991	-0.0108546	1	
2.51991	-0.0108546	1	
2.51991	-0.0108546	1	
2.51991	-0.0108546	1	
2.51991	-0.0108546	1	
2.51991	-0.0108546	1	
2.51991	-0.0108546	1	
2.51991	-0.0108546	1	
2.51991	-0.0108546	1	
2.51991	-0.0108546	1	
2.51991	-0.0108546	1	
2.51991	-0.0108546	1	
2.51991	-0.0108546	1	
2.51991	-0.0108546	1	
2.51991	-0.0108546	1	
2.51991	-0.0108546	1	
2.51991	-0.0108546	1	
2.51991	-0.0108546	1	
2.51991	-0.0108546	1	
2.51991	-0.0108546	1	
2.51991	-0.0108546	1	
2.51991	-0.0108546	1	
2.51991	-0.0108546	1	
2.51991	-0.0108546	1	
2.51991	-0.0108546	1	
2.51991	-0.0108546	1	
2.51991	-0.0108546	1	
2.51991	-0.0108546	1	
2.51991	-0.0108546	1	
2.51991	-0.0108546	1	
2.51991	-0.0108546	1	
2.51991	-0.0108546	1	
2.51991	-0.0108546	1	
2.51991	-0.0108546	1	
2.51991	-0.0108546	1	
2.51991	-0.0108546	1	
2.51991	-0.0108546	1	
2.51991	-0.0108546	1	
2.51991	-0.0108546	1	
2.51991	-0.0108546	1	
2.51991	-0.0108546	1	
2.51991	-0.0108546	1	
2.51991	-0.0108546	1	
2.51991	-0.0108546	1	
2.51991	-0.0108546	1	
2.51991	-0.0108546	1	
2.51991	-0.0108546	1	
2.51991	-0.0108546	1	
2.51991	-0.0108546	1	
2.51991	-0.0108546	1	
2.51991	-0.0108546	1	
2.51991	-0.0108546	1	
2.51991	-0.0108546	1	
2.51991	-0.0108546	1	
2.51991	-0.0108546	1	
2.51991	-0.0108546	1	
2.51991	-0.0108546	1	
2.51991	-0.0108546	1	
2.51991	-0.0108546	1	
2.51991	-0.0108546	1	
2.51991	-0.0108546	1	
2.51991	-0.0108546	1	
2.51991	-0.0108546	1	
2.51991	-0.0108546	1	
2.51991	-0.0108546	1	
2.51991	-0.0108546	1	
2.51991	-0.0108546	1	
2.51991	-0.0108546	1	
2.51991	-0.0108546	1	
2.51991	-0.0108546	1	
2.51991	-0.0108546	1	
2.51991	-0.0108546	1	
2.51991	-0.0108546	1	
2.51991	-0.0108546	1	
2.51991	-0.0108546	1	
2.51991	-0.0108546	1	
2.51991	-0.0108546	1	
2.51991	-0.0108546	1	
2.51991	-0.0108546	1	
2.51991	-0.0108546	1	
2.51991	-0.0108546	1	
2.51991	-0.0108546	1	
2.51991	-0.0108546	1	
2.51991	-0.0108546	1	
2.51991	-0.0108546	1	
2.51991	-0.0108546	1	
2.51991	-0.0108546	1	
2.51991	-0.0108546	1	
2.51991	-0.0108546	1	
2.51991	-0.0108546	1	
2.51991	-0.0108546	1	
2.51991	-0.0108546	1	
2.51991	-0.0108546	1	
2.51991	-0.0108546	1	
2.51991	-0.0108546	1	
2.51991	-0.0108546	1	
2.51991	-0.0108546	1	
2.51991	-0.0108546	1	
2.51991	-0.0108546	1	
2.51991	-0.0108546	1	
2.51991	-0.0108546	1	
2.51991	-0.0108546	1	
2.51991	-0.0108546	1	
2.51991	-0.0108546	1	
2.51991	-0.0108546	1	
2.51991	-0.0108546	1	
2.51991	-0.0108546	1	
2.51991	-0.0108546	1	
2.51991	-0.0108546	1	
2.51991	-0.0108546	1	
2.51991	-0.0108546	1	
2.51991	-0.0108546	1	
2.51991	-0.0108546	1	
2.51991	-0.0108546	1	
2.51991	-0.0108546	1	
2.51991	-0.0108546	1	
2.51991	-0.0108546	1	
2.51991	-0.0108546	1	
2.51991	-0.0108546	1	
2.51991	-0.0108546	1	
2.51991	-0.0108546	1	
2.51991	-0.0108546	1	
2.51991	-0.0108546	1	
2.51991	-0.0108546	1	
2.51991	-0.0108546	1	
2.51991	-0.0108546	1	
2.51991	-0.0108546	1	
2.51991	-0.0108546	1	
2.51991	-0.0108546	1	
2.51991	-0.0108546	1	
2.51991	-0.0108546	1	
2.51991	-0.0108546	1	
2.51991	-0.0108546	1	
2.51991	-0.0108546	1	
2.51991	-0.0108546	1	
2.51991	-0.0108546	1	
2.51991	-0.0108546	1	
2.51991	-0.0108546	1	
2.51991	-0.0108546	1	
2.51991	-0.0108546	1	
2.51991	-0.0108546	1	
2.51991	-0.0108546	1	
2.51991	-0.0108546	1	
2.51991	-0.0108546	1	
2.51991	-0.0108546	1	
2.51991	-0.0108546	1	
2.51991	-0.0108546	1	
2.51991	-0.0108546	1	
2.51991	-0.0108546	1	
2.51991	-0.0108546	1	
2.51991	-0.0108546	1	
2.51991	-0.0108546	1	
2.51991	-0.0108546	1	
2.51991	-0.0108546	1	
2.51991	-0.0108546	1	
2.51991	-0.0108546	1	
2.51991	-0.0108546	1	
2.51991	-0.0108546	1	
2.51991	-0.0108546	1	
2.51991	-0.0108546	1	
2.51991	-0.0108546	1	
2.51991	-0.0108546	1	
2.51991	-0.0108546	1	
2.51991	-0.0108546	1	
2.51991	-0.0108546	1	
2.51991	-0.0108546	1	
2.51991	-0.0108546	1	
2.51991	-0.0108546	1	
2.51991	-0.0108546	1	
2.51991	-0.0108546	1	
2.51991	-0.0108546	1	
2.51991	-0.0108546	1	
2.51991	-0.0108546	1	
2.51991	-0.0108546	1	
2.51991	-0.0108546	1	
2.51991	-0.0108546	1	
2.51991	-0.0108546	1	
2.51991	-0.0108546	1	
2.51991	-0.0108546	1	
2.51991	-0.0108546	1	
2.51991	-0.0108546	1	
2.51991	-0.0108546	1	
2.51991	-0.0108546	1	
2.51991	-0.0108546	1	
2.51991	-0.0108546	1	
2.51991	-0.0108546	1	
2.51991	-0.0108546	1	
2.51991	-0.0108546	1	
2.51991	-0.0108546	1	
2.51991	-0.0108546	1	
2.51991	-0.0108546	1	
2.51991	-0.0108546	1	
2.51991	-0.0108546	1	
2.51991	-0.0108546	1	
2.51991	-0.0108546	1	
2.51991	-0.0108546	1	
2.51991	-0.0108546	1	
2.51991	-0.0108546	1	
2.51991	-0.0108546	1	
2.51991	-0.0108546	1	
2.51991	-0.0108546	1	
2.51991	-0.0108546	1	
2.51991	-0.0108546	1	
2.51991	-0.0108546	1	
2.51991	-0.0108546	1	
2.51991	-0.0108546	1	
2.51991	-0.0108546	1	
2.51991	-0.0108546	1	
2.51991	-0.0108546	1	
2.51991	-0.0108546	1	
2.51991	-0.0108546	1	
2.51991	-0.0108546	1	
2.51991	-0.0108546	1	
2.51991	-0.0108546	1	
2.51991	-0.0108546	1	
2.51991	-0.0108546	1	
2.51991	-0.0108546	1	
2.51991	-0.0108546	1	
2.51991	-0.0108546	1	
2.51991	-0.0108546	1	
2.51991	-0.0108546	1	
2.51991	-0.0108546	1	
2.51991	-0.0108546	1	
2.51991	-0.0108546	1	
2.51991	-0.0108546	1	
2.51991	-0.0108546	1	
2.51991	-0.0108546	1	
2.51991	-0.0108546	1	
2.51991	-0.0108546	1	
2.51991	-0.0108546	1	
2.51991	-0.0108546	1	
2.51991	-0.0108546	1	
2.51991	-0.0108546	1	
2.51991	-0.0108546	1	
2.51991	-0.0108546	1	
2.51991	-0.0108546	1	
2.51991	-0.0108546	1	
2.51991	-0.0108546	1	
2.51991	-0.0108546	1	
2.51991	-0.0108546	1	
2.51991	-0.0108546	1	
2.51991	-0.0108546	1	
2.51991	-0.0108546	1	
2.51991	-0.0108546	1	
2.51991	-0.0108546	1	
2.51991	-0.0108546	1	
2.51991	-0.0108546	1	
2.51991	-0.0108546	1	
2.51991	-0.0108546	1	
2.51991	-0.0108546	1	
2.51991	-0.0108546	1	
2.51991	-0.0108546	1	
2.51991	-0.0108546	1	
2.51991	-0.0108546	1	
2.51991	-0.0108546	1	
2.51991	-0.0108546	1	
2.51991	-0.0108546	1	
2.51991	-0.0108546	1	
2.51991	-0.0108546	1	
2.51991	-0.0108546	1	
2.51991	-0.0108546	1	
2.51991	-0.0108546	1	
2.51991	-0.0108546	1	
2.51991	-0.0108546	1	
2.51991	-0.0108546	1	
2.51991	-0.0108546	1	
2.51991	-0.0108546	1	
2.51991	-0.0108546	1	
2.51991	-0.0108546	1	
2.51991	-0.0108546	1	
2.51991	-0.0108546	1	
2.51991	-0.0108546	1	
2.51991	-0.0108546	1	
2.51991	-0.0108546	1	
2.51991	-0.0108546	1	
2.51991	-0.0108546	1	
2.51991	-0.0108546	1	
2.51991	-0.0108546	1	
2.51991	-0.0108546	1	
2.51991	-0.0108546	1	
2.51991	-0.0108546	1	
2.51991	-0.0108546	1	
2.51991	-0.0108546	1	
2.51991	-0.0108546	1	
2.51991	-0.0108546	1	
2.51991	-0.0108546	1	
2.51991	-0.0108546	1	
2.51991	-0.0108546	1	
2.51991	-0.0108546	1	
2.51991	-0.0108546	1	
2.51991	-0.0108546	1	
2.51991	-0.0108546	1	
2.51991	-0.0108546	1	
2.51991	-0.0108546	1	
2.51991	-0.0108546	1	
2.51991	-0.0108546	1	
2.51991	-0.0108546	1	
2.51991	-0.0108546	1	
2.51991	-0.0108546	1	
2.51991	-0.0108546	1	
2.51991	-0.0108546	1	
2.51991	-0.0108546	1	
2.51991	-0.0108546	1	
2.51991	-0.0108546	1	
2.51991	-0.0108546	1	
2.51991	-0.0108546	1	
2.51991	-0.0108546	1	
2.51991	-0.0108546	1	
2.51991	-0.0108546	1	
2.51991	-0.0108546	1	
2.51991	-0.0108546	1	
2.51991	-0.0108546	1	
2.51991	-0.0108546	1	
2.51991	-0.0108546	1	
2.51991	-0.0108546	1	
2.51991	-0.0108546	1	
2.51991	-0.0108546	1	
2.51991	-0.0108546	1	
2.51991	-0.0108546	1	
2.51991	-0.0108546	1	
2.51991	-0.0108546	1	
2.51991	-0.0108546	1	
2.51991	-0.0108546	1	
2.51991	-0.0108546	1	
2.51991	-0.0108546	1	
2.51991	-0.0108546	1	
2.51991	-0.0108546	1	
2.51991	-0.0108546	1	
2.51991	-0.0108546	1	
2.51991	-0.0108546	1	
2.51991	-0.0108546	1	
2.51991	-0.0108546	1	
2.51991	-0.0108546	1	
2.51991	-0.0108546	1	
2.51991	-0.0108546	1	
2.51991	-0.0108546	1	
2.51991	-0.0108546	1	
2.51991	-0.0108546	1	
2.51991	-0.0108546	1	
2.51991	-0.0108546	1	
2.51991	-0.0108546	1	
2.51991	-0.0108546	1	
2.51991	-0.0108546	1	
2.51991	-0.0108546	1	
2.51991	-0.0108546	1	
2.51991	-0.0108546	1	
2.51991	-0.0108546	1	
2.51991	-0.0108546	1	
2.51991	-0.0108546	1	
2.51991	-0.0108546	1	
2.51991	-0.0108546	1	
2.51991	-0.0108546	1	
2.51991	-0.0108546	1	
2.51991	-0.0108546	1	
2.51991	-0.0108546	1	
2.51991	-0.0108546	1	
2.51991	-0.0108546	1	
2.51991	-0.0108546	1	
2.51991	-0.0108546	1	
2.51991	-0.0108546	1	
2.51991	-0.0108546	1	
2.51991	-0.0108546	1	
2.51991	-0.0108546	1	
2.51991	-0.0108546	1	
2.51991	-0.0108546	1	
2.51991	-0.0108546	1	
2.51991	-0.0108546	1	
2.51991	-0.0108546	1	
2.51991	-0.0108546	1	
2.51991	-0.0108546	1	
2.51991	-0.0108546	1	
2.51991	-0.0108546	1	
2.51991	-0.0108546	1	
2.51991	-0.0108546	1	
2.51991	-0.0108546	1	
2.51991	-0.0108546	1	
2.51991	-0.0108546	1	
2.51991	-0.0108546	1	
2.51991	-0.0108546	1	
2.51991	-0.0108546	1	
2.51991	-0.0108546	1	
2.51991	-0.0108546	1	
2.51991	-0.0108546	1	
2.51991	-0.0108546	1	
2.51991	-0.0108546	1	
2.51991	-0.0108546	1	
2.51991	-0.0108546	1	
2.51991	-0.0108546	1	
2.51991	-0.0108546	1	
2.51991	-0.0108546	1	
2.51991	-0.0108546	1	
2.51991	-0.0108546	1	
2.51991	-0.0108546	1	
2.51991	-0.0108546	1	
2.51991	-0.0108546	1	
2.51991	-0.0108546	1	
2.51991	-0.0108546	1	
2.51991	-0.0108546	1	
2.51991	-0.0108546	1	
2.51991	-0.0108546	1	
2.51991	-0.0108546	1	
2.51991	-0.0108546	1	
2.51991	-0.0108546	1	
2.51991	-0.0108546	1	
2.51991	-0.0108546	1	
2.51991	-0.0108546	1	
2.51991	-0.0108546	1	
2.51991	-0.0108546	1	
2.51991	-0.0108546	1	
2.51991	-0.0108546	1	
2.51991	-0.0108546	1	
2.51991	-0.0108546	1	
2.51991	-0.0108546	1	
2.51991	-0.0108546	1	
2.51991	-0.0108546	1	
2.51991	-0.0108546	1	
2.51991	-0.0108546	1	
2.51991	-0.0108546	1	
2.51991	-0.0108546	1	
2.51991	-0.0108546	1	
2.51991	-0.0108546	1	
2.51991	-0.0108546	1	
2.51991	-0.0108546	1	
2.51991	-0.0108546	1	
2.51991	-0.0108546	1	
2.51991	-0.0108546	1	
2.51991	-0.0108546	1	
2.51991	-0.0108546	1	
2.51991	-0.0108546	1	
2.51991	-0.0108546	1	
2.51991	-0.0108546	1	
2.51991	-0.0108546	1	
2.51991	-0.0108546	1	
2.51991	-0.0108546	1	
2.51991	-0.0108546	1	
2.51991	-0.0108546	1	
2.51991	-0.0108546	1	
2.51991	-0.0108546	1	
2.51991	-0.0108546	1	
2.51991	-0.0108546	1	
2.51991	-0.0108546	1	
2.51991	-0.0108546	1	
2.51991	-0.0108546	1	
2.51991	-0.0108546	1	
2.51991	-0.0108546	1	
2.51991	-0.0108546	1	
2.51991	-0.0108546	1	
2.51991	-0.0108546	1	
2.51991	-0.0108546	1	
2.51991	-0.0108546	1	
2.51991	-0.0108546	1	
2.51991	-0.0108546	1	
2.51991	-0.0108546	1	
2.51991	-0.0108546	1	
2.51991	-0.0108546	1	
2.51991	-0.0108546	1	
2.51991	-0.0108546	1	
2.51991	-0.0108546	1	
2.51991	-0.0108546	1	
2.51991	-0.0108546	1	
2.51991	-0.0108546	1	
2.51991	-0.0108546	1	
2.51991	-0.0108546	1	
2.51991	-0.0108546	1	
2.51991	-0.0108546	1	
2.51991	-0.0108546	1	
2.51991	-0.0108546	1	
2.51991	-0.0108546	1	
2.51991	-0.0108546	1	
2.51991	-0.0108546	1	
2.51991	-0.0108546	1	
2.51991	-0.0108546	1	
2.51991	-0.0108546	1	
2.51991	-0.0108546	1	
2.51991	-0.0108546	1	
2.51991	-0.0108546	1	
2.51991	-0.0108546	1	
2.51991	-0.0108546	1	
2.51991	-0.0108546	1	
2.51991	-0.0108546	1	
2.51991	-0.0108546	1	
2.51991	-0.0108546	1	
2.51991	-0.0108546	1	
2.51991	-0.0108546	1	
2.51991	-0.0108546	1	
2.51991	-0.0108546	1	
2.51991	-0.0108546	1	
2.51991	-0.0108546	1	
2.51991	-0.0108546	1	
2.51991	-0.0108546	1	
2.51991	-0.0108546	1	
2.51991	-0.0108546	1	
2.51991	-0.0108546	1	
2.51991	-0.0108546	1	
2.51991	-0.0108546	1	
2.51991	-0.0108546	1	
2.51991	-0.0108546	1	
2.51991	-0.0108546	1	
2.51991	-0.0108546	1	
2.51991	-0.0108546	1	
2.51991	-0.0108546	1	
2.51991	-0.0108546	1	
2.51991	-0.0108546	1	
2.51991	-0.0108546	1	
2.51991	-0.0108546	1	
2.51991	-0.0108546	1	
2.51991	-0.0108546	1	
2.51991	-0.0108546	1	
2.51991	-0.0108546	1	
2.51991	-0.0108546	1	
2.51991	-0.0108546	1	
2.51991	-0.0108546	1	
2.51991	-0.0108546	1	
2.51991	-0.0108546	1	
2.51991	-0.0108546	1	
2.51991	-0.0108546	1	
2.51991	-0.0108546	1	
2.51991	-0.0108546	1	
2.51991	-0.0108546	1	
2.51991	-0.0108546	1	
2.51991	-0.0108546	1	
2.51991	-0.0108546	1	
2.51991	-0.0108546	1	
2.51991	-0.0108546	1	
2.51991	-0.0108546	1	
2.51991	-0.0108546	1	
2.51991	-0.0108546	1	
2.51991	-0.0108546	1	
2.51991	-0.0108546	1	
2.51991	-0.0108546	1	
2.51991	-0.0108546	1	
2.51991	-0.0108546	1	
2.51991	-0.0108546	1	
2.51991	-0.0108546	1	
2.51991	-0.0108546	1	
2.51991	-0.0108546	1	
2.51991	-0.0108546	1	
2.51991	-0.0108546	1	
2.51991	-0.0108546	1	
2.51991	-0.0108546	1	
2.51991	-0.0108546	1	
2.51991	-0.0108546	1	
2.51991	-0.0108546	1	
2.51991	-0.0108546	1	
2.51991	-0.0108546	1	
2.51991	-0.0108546	1	
2.51991	-0.0108546	1	
2.51991	-0.0108546	1	
2.51991	-0.0108546	1	
2.51991	-0.0108546	1	
2.51991	-0.0108546	1	
2.51991	-0.0108546	1	
2.51991	-0.0108546	1	
2.51991	-0.0108546	1	
2.51991	-0.0108546	1	
2.51991	-0.0108546	1	
2.51991	-0.0108546	1	
2.51991	-0.0108546	1	
2.51991	-0.0108546	1	
2.51991	-0.0108546	1	
2.51991	-0.0108546	1	
2.51991	-0.0108546	1	
2.51991	-0.0108546	1	
2.51991	-0.0108546	1	
2.51991	-0.0108546	1	
2.51991	-0.0108546	1	
2.51991	-0.0108546	1	
2.51991	-0.0108546	1	
2.51991	-0.0108546	1	
2.51991	-0.0108546	1	
2.51991	-0.0108546	1	
2.51991	-0.0108546	1	
2.51991	-0.0108546	1	
2.51991	-0.0108546	1	
2.51991	-0.0108546	1	
2.51991	-0.0108546	1	
2.51991	-0.0108546	1	
2.51991	-0.0108546	1	
2.51991	-0.0108546	1	
2.51991	-0.0108546	1	
2.51991	-0.0108546	1	
2.51991	-0.0108546	1	
2.51991	-0.0108546	1	
2.51991	-0.0108546	1	
2.51991	-0.0108546	1	
2.51991	-0.0108546	1	
2.51991	-0.0108546	1	
2.51991	-0.0108546	1	
2.51991	-0.0108546	1	
2.51991	-0.0108546	1	
2.51991	-0.0108546	1	
2.51991	-0.0108546	1	
2.51991	-0.0108546	1	
2.51991	-0.0108546	1	
2.51991	-0.0108546	1	
2.51991	-0.0108546	1	
2.51991	-0.0108546	1	
2.51991	-0.0108546	1	
2.51991	-0.0108546	1	
2.51991	-0.0108546	1	
2.51991	-0.0108546	1	
2.51991	-0.0108546	1	
2.51991	-0.0108546	1	
2.51991	-0.0108546	1	
2.51991	-0.0108546	1	
2.51991	-0.0108546	1	
2.51991	-0.0108546	1	
2.51991	-0.0108546	1	
2.51991	-0.0108546	1	
2.51991	-0.0108546	1	
2.51991	-0.0108546	1	
2.51991	-0.0108546	1	
2.51991	-0.0108546	1	
2.51991	-0.0108546	1	
2.51991	-0.0108546	1	
2.51991	-0.0108546	1	
2.51991	-0.0108546	1	
2.51991	-0.0108546	1	
