10	0	1	
10	0	1	
10	0	1	
10	0	1	
10	0	1	
10	0	1	
10	0	1	
10	0	1	
10	0	1	
10	0	1	
10	0	1	
10	0	1	
10	0	1	
10	0	1	
10	0	1	
10	0	1	
10	0	1	
10	0	1	
10	0	1	
10	0	1	
10	0	1	
10	0	1	
10	0	1	
10	0	1	
10	0	1	
10	0	1	
10	0	1	
10	0	1	
10	0	1	
10	0	1	
10	0	1	
10	0	1	
10	0	1	
10	0	1	
10	0	1	
10	0	1	
10	0	1	
10	0	1	
10	0	1	
10	0	1	
10	0	1	
10	0	1	
10	0	1	
10	0	1	
10	0	1	
10	0	1	
10	0	1	
10	0	1	
10	0	1	
10	0	1	
10	0	1	
10	0	1	
10	0	1	
10	0	1	
10	0	1	
10	0	1	
10	0	1	
10	0	1	
10	0	1	
10	0	1	
10	0	1	
10	0	1	
10	0	1	
10	0	1	
10	0	1	
10	0	1	
10	0	1	
10	0	1	
10	0	1	
10	0	1	
10	0	1	
10	0	1	
10	0	1	
10	0	1	
10	0	1	
10	0	1	
10	0	1	
10	0	1	
10	0	1	
10	0	1	
10	0	1	
10	0	1	
10	0	1	
10	0	1	
10	0	1	
10	0	1	
10	0	1	
10	0	1	
10	0	1	
10	0	1	
10	0	1	
10	0	1	
10	0	1	
10	0	1	
10	0	1	
10	0	1	
10	0	1	
10	0	1	
10	0	1	
10	0	1	
10	0	1	
10	0	1	
10	0	1	
10	0	1	
10	0	1	
10	0	1	
10	0	1	
10	0	1	
10	0	1	
10	0	1	
10	0	1	
10	0	1	
10	0	1	
10	0	1	
10	0	1	
10	0	1	
10	0	1	
10	0	1	
10	0	1	
10	0	1	
10	0	1	
10	0	1	
10	0	1	
10	0	1	
10	0	1	
10	0	1	
10	0	1	
10	0	1	
10	0	1	
10	0	1	
10	0	1	
10	0	1	
10	0	1	
10	0	1	
10	0	1	
10	0	1	
10	0	1	
10	0	1	
10	0	1	
10	0	1	
10	0	1	
10	0	1	
10	0	1	
10	0	1	
10	0	1	
10	0	1	
10	0	1	
10	0	1	
10	0	1	
10	0	1	
10	0	1	
10	0	1	
10	0	1	
10	0	1	
10	0	1	
10	0	1	
10	0	1	
10	0	1	
10	0	1	
10	0	1	
10	0	1	
10	0	1	
10	0	1	
10	0	1	
10	0	1	
10	0	1	
10	0	1	
10	0	1	
10	0	1	
10	0	1	
10	0	1	
10	0	1	
10	0	1	
10	0	1	
10	0	1	
10	0	1	
10	0	1	
10	0	1	
10	0	1	
10	0	1	
10	0	1	
10	0	1	
10	0	1	
10	0	1	
10	0	1	
10	0	1	
10	0	1	
10	0	1	
10	0	1	
10	0	1	
10	0	1	
10	0	1	
10	0	1	
10	0	1	
10	0	1	
10	0	1	
10	0	1	
10	0	1	
10	0	1	
10	0	1	
10	0	1	
10	0	1	
10	0	1	
10	0	1	
10	0	1	
10	0	1	
10	0	1	
10	0	1	
10	0	1	
10	0	1	
10	0	1	
10	0	1	
10	0	1	
10	0	1	
10	0	1	
10	0	1	
10	0	1	
10	0	1	
10	0	1	
10	0	1	
10	0	1	
10	0	1	
10	0	1	
10	0	1	
10	0	1	
10	0	1	
10	0	1	
10	0	1	
10	0	1	
10	0	1	
10	0	1	
10	0	1	
10	0	1	
10	0	1	
10	0	1	
10	0	1	
10	0	1	
10	0	1	
10	0	1	
10	0	1	
10	0	1	
10	0	1	
10	0	1	
10	0	1	
10	0	1	
10	0	1	
10	0	1	
10	0	1	
10	0	1	
10	0	1	
10	0	1	
10	0	1	
10	0	1	
10	0	1	
10	0	1	
10	0	1	
10	0	1	
10	0	1	
10	0	1	
10	0	1	
10	0	1	
10	0	1	
10	0	1	
10	0	1	
10	0	1	
10	0	1	
10	0	1	
10	0	1	
10	0	1	
10	0	1	
10	0	1	
10	0	1	
10	0	1	
10	0	1	
10	0	1	
10	0	1	
10	0	1	
10	0	1	
10	0	1	
10	0	1	
10	0	1	
10	0	1	
10	0	1	
10	0	1	
10	0	1	
10	0	1	
10	0	1	
10	0	1	
10	0	1	
10	0	1	
10	0	1	
10	0	1	
10	0	1	
10	0	1	
10	0	1	
10	0	1	
10	0	1	
10	0	1	
10	0	1	
10	0	1	
10	0	1	
10	0	1	
10	0	1	
10	0	1	
10	0	1	
10	0	1	
10	0	1	
10	0	1	
10	0	1	
10	0	1	
10	0	1	
10	0	1	
10	0	1	
10	0	1	
10	0	1	
10	0	1	
10	0	1	
10	0	1	
10	0	1	
10	0	1	
10	0	1	
10	0	1	
10	0	1	
10	0	1	
9.99999	-0.00373744	1	
9.99998	-0.00630881	1	
9.99996	-0.0081197	1	
9.99994	-0.00944352	1	
9.99992	-0.0104665	1	
9.9999	-0.0113084	1	
9.99988	-0.0120203	1	
9.99985	-0.012634	1	
9.99983	-0.0131755	1	
9.9998	-0.0136992	1	
9.99977	-0.0142226	1	
9.99974	-0.01472	1	
9.99971	-0.0152188	1	
9.99968	-0.0157293	1	
9.99965	-0.0162645	1	
9.99961	-0.0168105	1	
9.99958	-0.017367	1	
9.99954	-0.0179168	1	
9.99951	-0.01849	1	
9.99947	-0.0190754	1	
9.99943	-0.0196502	1	
9.99939	-0.0202375	1	
9.99934	-0.0208517	1	
9.9993	-0.0214853	1	
9.99926	-0.0221176	1	
9.99921	-0.0227739	1	
9.99917	-0.0234253	1	
9.99912	-0.0240475	1	
9.99907	-0.0246675	1	
9.99902	-0.0253141	1	
9.99897	-0.0259543	1	
9.99891	-0.0265705	1	
9.99886	-0.0271841	1	
9.9988	-0.0278017	1	
9.99875	-0.028451	1	
9.99869	-0.0291185	1	
9.99863	-0.0297698	1	
9.99857	-0.0304313	1	
9.9985	-0.0311295	1	
9.99844	-0.0318342	1	
9.99838	-0.0325236	1	
9.99831	-0.0332054	1	
9.99824	-0.0339121	1	
9.99817	-0.0346456	1	
9.9981	-0.0354186	1	
9.99803	-0.0361371	1	
9.99796	-0.0368631	1	
9.99788	-0.0376379	1	
9.9978	-0.038433	1	
9.99772	-0.0392447	1	
9.99764	-0.0400231	1	
9.99756	-0.0407842	1	
9.99748	-0.0415894	1	
9.9974	-0.0423775	1	
9.99731	-0.043179	1	
9.99722	-0.0439647	1	
9.99713	-0.044743	1	
9.99704	-0.0455727	1	
9.99695	-0.0463962	1	
9.99685	-0.0473002	1	
9.99676	-0.0482195	1	
9.99666	-0.04907	1	
9.99656	-0.0499929	1	
9.99646	-0.0509041	1	
9.99635	-0.0518064	1	
9.99625	-0.0526628	1	
9.99614	-0.0535383	1	
9.99603	-0.0544622	1	
9.99592	-0.0554035	1	
9.99581	-0.0563913	1	
9.99569	-0.0573017	1	
9.99558	-0.0581803	1	
9.99546	-0.0590665	1	
9.99534	-0.0599881	1	
9.99522	-0.0608539	1	
9.99509	-0.0616948	1	
9.99497	-0.0626142	1	
9.99484	-0.0635149	1	
9.99471	-0.0644438	1	
9.99458	-0.0653467	1	
9.99445	-0.0662866	1	
9.99432	-0.0672697	1	
9.99418	-0.0682998	1	
9.99404	-0.0693496	1	
9.9939	-0.0703527	1	
9.99376	-0.0713923	1	
9.99361	-0.072499	1	
9.99346	-0.0736234	1	
9.99331	-0.0747096	1	
9.99316	-0.0758444	1	
9.99301	-0.0770107	1	
9.99285	-0.0781932	1	
9.99269	-0.0793683	1	
9.99253	-0.0804856	1	
9.99237	-0.0815938	1	
9.9922	-0.0826245	1	
9.99204	-0.0836868	1	
9.99187	-0.0847448	1	
9.9917	-0.0859032	1	
9.99152	-0.0870359	1	
9.99135	-0.0881696	1	
9.99117	-0.0893562	1	
9.99098	-0.0905925	1	
9.9908	-0.0918289	1	
9.99062	-0.0931412	1	
9.99043	-0.094477	1	
9.99023	-0.0958458	1	
9.99004	-0.0972593	1	
9.98984	-0.0987175	1	
9.98964	-0.100162	1	
9.98944	-0.101666	1	
9.98923	-0.103194	1	
9.98902	-0.104623	1	
9.98881	-0.106126	1	
9.9886	-0.10766	1	
9.98838	-0.109186	1	
9.98816	-0.110826	1	
9.98793	-0.11249	1	
9.9877	-0.114155	1	
9.98747	-0.11585	1	
9.98724	-0.117628	1	
9.987	-0.119374	1	
9.98675	-0.12115	1	
9.98651	-0.123008	1	
9.98626	-0.124865	1	
9.98601	-0.126722	1	
9.98575	-0.128651	1	
9.98549	-0.130611	1	
9.98522	-0.132691	1	
9.98495	-0.134765	1	
9.98468	-0.136788	1	
9.9844	-0.138847	1	
9.98412	-0.140998	1	
9.98383	-0.143142	1	
9.98354	-0.145281	1	
9.98325	-0.147399	1	
9.98295	-0.149457	1	
9.98265	-0.151652	1	
9.98234	-0.153899	1	
9.98202	-0.156288	1	
9.98171	-0.158748	1	
9.98138	-0.161291	1	
9.98106	-0.163859	1	
9.98072	-0.166358	1	
9.98039	-0.16891	1	
9.98004	-0.171555	1	
9.97969	-0.174267	1	
9.97934	-0.177088	1	
9.97898	-0.179879	1	
9.97861	-0.182867	1	
9.97824	-0.185959	1	
9.97786	-0.189153	1	
9.97748	-0.192306	1	
9.97709	-0.195468	1	
9.97669	-0.198779	1	
9.97629	-0.202117	1	
9.97588	-0.20568	1	
9.97546	-0.209202	1	
9.97503	-0.212714	1	
9.9746	-0.216284	1	
9.97416	-0.219772	1	
9.97371	-0.223266	1	
9.97326	-0.226889	1	
9.9728	-0.23056	1	
9.97233	-0.234302	1	
9.97185	-0.238142	1	
9.97137	-0.242068	1	
9.97088	-0.245985	1	
9.97038	-0.25014	1	
9.96987	-0.254348	1	
9.96935	-0.258647	1	
9.96883	-0.26306	1	
9.96829	-0.267529	1	
9.96775	-0.27195	1	
9.96719	-0.276424	1	
9.96663	-0.280853	1	
9.96606	-0.285333	1	
9.96548	-0.289802	1	
9.96489	-0.294122	1	
9.9643	-0.298444	1	
9.96369	-0.302805	1	
9.96308	-0.307264	1	
9.96245	-0.311928	1	
9.96182	-0.316644	1	
9.96118	-0.321459	1	
9.96052	-0.326234	1	
9.95986	-0.331186	1	
9.95919	-0.336227	1	
9.95851	-0.341394	1	
9.95781	-0.346561	1	
9.95711	-0.351835	1	
9.9564	-0.357114	1	
9.95567	-0.362435	1	
9.95494	-0.36765	1	
9.95419	-0.372962	1	
9.95343	-0.378298	1	
9.95266	-0.383823	1	
9.95189	-0.389461	1	
9.9511	-0.395277	1	
9.95029	-0.401172	1	
9.94948	-0.407233	1	
9.94865	-0.413258	1	
9.94781	-0.419416	1	
9.94696	-0.425527	1	
9.9461	-0.431815	1	
9.94522	-0.438291	1	
9.94433	-0.444806	1	
9.94343	-0.451436	1	
9.94251	-0.458104	1	
9.94158	-0.465029	1	
9.94064	-0.471881	1	
9.93968	-0.47881	1	
9.93871	-0.485689	1	
9.93773	-0.49259	1	
9.93673	-0.499523	1	
9.93571	-0.506782	1	
9.93468	-0.51432	1	
9.93364	-0.522112	1	
9.93258	-0.530157	1	
9.9315	-0.538324	1	
9.93041	-0.54689	1	
9.9293	-0.555385	1	
9.92817	-0.563894	1	
9.92703	-0.572339	1	
9.92586	-0.580896	1	
9.92468	-0.589637	1	
9.92349	-0.598468	1	
9.92227	-0.607638	1	
9.92104	-0.61688	1	
9.91979	-0.626294	1	
9.91851	-0.635626	1	
9.91722	-0.645096	1	
9.91592	-0.654554	1	
9.91459	-0.664139	1	
9.91324	-0.673912	1	
9.91187	-0.684086	1	
9.91048	-0.694695	1	
9.90907	-0.705726	1	
9.90764	-0.716936	1	
9.90618	-0.728287	1	
9.9047	-0.739884	1	
9.9032	-0.751731	1	
9.90167	-0.763938	1	
9.90012	-0.776192	1	
9.89854	-0.788437	1	
9.89694	-0.800588	1	
9.89531	-0.812657	1	
9.89366	-0.824792	1	
9.89199	-0.837195	1	
9.89029	-0.849853	1	
9.88856	-0.862792	1	
9.88681	-0.875902	1	
9.88503	-0.889175	1	
9.88323	-0.902448	1	
9.8814	-0.915821	1	
9.87954	-0.929294	1	
9.87765	-0.943093	1	
9.87574	-0.95736	1	
9.87379	-0.97198	1	
9.87182	-0.98693	1	
9.86981	-1.00219	1	
9.86778	-1.0178	1	
9.86571	-1.03391	1	
9.86361	-1.05056	1	
9.86148	-1.06749	1	
9.85931	-1.08469	1	
9.8571	-1.10202	1	
9.85486	-1.11923	1	
9.85259	-1.13618	1	
9.85029	-1.15277	1	
9.84795	-1.16916	1	
9.84558	-1.18542	1	
9.84317	-1.20195	1	
9.84074	-1.21876	1	
9.83826	-1.23565	1	
9.83576	-1.25228	1	
9.83322	-1.26869	1	
9.83065	-1.28525	1	
9.82805	-1.30183	1	
9.82541	-1.31849	1	
9.82274	-1.33502	1	
9.82004	-1.35143	1	
9.8173	-1.36797	1	
9.81453	-1.38483	1	
9.81173	-1.40202	1	
9.80889	-1.4193	1	
9.80602	-1.43647	1	
9.80311	-1.45373	1	
9.80017	-1.47122	1	
9.79719	-1.4885	1	
9.79418	-1.50534	1	
9.79114	-1.52193	1	
9.78806	-1.53845	1	
9.78495	-1.55551	1	
9.7818	-1.57334	1	
9.77862	-1.59172	1	
9.7754	-1.61061	1	
9.77214	-1.62982	1	
9.76884	-1.64893	1	
9.7655	-1.66817	1	
9.76213	-1.68743	1	
9.75871	-1.70714	1	
9.75526	-1.72752	1	
9.75176	-1.74833	1	
9.74822	-1.76974	1	
9.74464	-1.79181	1	
9.74101	-1.81415	1	
9.73734	-1.83653	1	
9.73362	-1.85901	1	
9.72986	-1.88176	1	
9.72605	-1.90488	1	
9.72219	-1.92799	1	
9.71829	-1.95128	1	
9.71434	-1.97489	1	
9.71034	-1.99846	1	
9.7063	-2.02174	1	
9.70221	-2.04461	1	
9.69807	-2.0671	1	
9.6939	-2.08921	1	
9.68967	-2.11097	1	
9.68541	-2.13254	1	
9.6811	-2.15377	1	
9.67675	-2.17474	1	
9.67236	-2.19554	1	
9.66793	-2.21628	1	
9.66345	-2.23708	1	
9.65894	-2.25796	1	
9.65438	-2.27848	1	
9.64978	-2.29871	1	
9.64515	-2.31874	1	
9.64047	-2.33844	1	
9.63575	-2.35839	1	
9.63099	-2.3786	1	
9.6262	-2.39927	1	
9.62136	-2.42062	1	
9.61647	-2.44306	1	
9.61154	-2.46629	1	
9.60656	-2.49031	1	
9.60153	-2.51538	1	
9.59644	-2.54088	1	
9.59131	-2.56672	1	
9.58612	-2.59301	1	
9.58088	-2.61998	1	
9.57559	-2.64724	1	
9.57024	-2.67485	1	
9.56483	-2.70307	1	
9.55937	-2.73189	1	
9.55385	-2.76168	1	
9.54826	-2.79167	1	
9.54262	-2.82112	1	
9.53692	-2.84973	1	
9.53117	-2.87757	1	
9.52536	-2.9043	1	
9.5195	-2.93003	1	
9.51359	-2.95457	1	
9.50763	-2.97801	1	
9.50163	-3.00075	1	
9.49558	-3.02323	1	
9.48949	-3.04522	1	
9.48336	-3.06651	1	
9.47719	-3.08675	1	
9.47097	-3.10608	1	
9.46473	-3.12493	1	
9.45844	-3.14379	1	
9.45211	-3.16279	1	
9.44575	-3.18262	1	
9.43934	-3.20344	1	
9.43289	-3.22554	1	
9.42639	-3.24877	1	
9.41985	-3.27311	1	
9.41325	-3.29789	1	
9.4066	-3.32354	1	
9.3999	-3.34972	1	
9.39315	-3.37697	1	
9.38634	-3.40503	1	
9.37947	-3.43355	1	
9.37255	-3.46223	1	
9.36556	-3.49131	1	
9.35852	-3.52098	1	
9.35142	-3.55042	1	
9.34426	-3.57905	1	
9.33705	-3.60683	1	
9.32978	-3.63374	1	
9.32246	-3.65994	1	
9.31509	-3.68534	1	
9.30767	-3.70985	1	
9.30021	-3.73317	1	
9.2927	-3.75537	1	
9.28514	-3.77719	1	
9.27754	-3.79851	1	
9.2699	-3.81976	1	
9.26222	-3.84123	1	
9.25449	-3.86349	1	
9.24672	-3.88641	1	
9.2389	-3.9103	1	
9.23103	-3.93469	1	
9.22311	-3.95967	1	
9.21514	-3.98534	1	
9.20712	-4.01122	1	
9.19905	-4.03711	1	
9.19092	-4.06281	1	
9.18274	-4.0886	1	
9.17451	-4.11491	1	
9.16623	-4.141	1	
9.1579	-4.16686	1	
9.14951	-4.1918	1	
9.14108	-4.21545	1	
9.13261	-4.2379	1	
9.12409	-4.25915	1	
9.11553	-4.27977	1	
9.10693	-4.29914	1	
9.0983	-4.31734	1	
9.08963	-4.33432	1	
9.08093	-4.35069	1	
9.07219	-4.3671	1	
9.06342	-4.38399	1	
9.05462	-4.40128	1	
9.04578	-4.41894	1	
9.03691	-4.43744	1	
9.02799	-4.45749	1	
9.01904	-4.47897	1	
9.01003	-4.50156	1	
9.00098	-4.52476	1	
8.99189	-4.54898	1	
8.98274	-4.57495	1	
8.97353	-4.60227	1	
8.96427	-4.62929	1	
8.95496	-4.65553	1	
8.9456	-4.68076	1	
8.93619	-4.70424	1	
8.92674	-4.72592	1	
8.91725	-4.74624	1	
8.90772	-4.76537	1	
8.89815	-4.78345	1	
8.88855	-4.80036	1	
8.87892	-4.81638	1	
8.86925	-4.83139	1	
8.85956	-4.84543	1	
8.84984	-4.85901	1	
8.8401	-4.87282	1	
8.83032	-4.88711	1	
8.82052	-4.90101	0.999267	
8.8107	-4.9132	0.997641	
8.80085	-4.92375	0.99552	
8.79098	-4.9327	0.99237	
8.7811	-4.9401	0.988659	
8.77121	-4.94599	0.984659	
8.76131	-4.95044	0.980692	
8.7514	-4.95347	0.976837	
8.74149	-4.95514	0.97331	
8.73158	-4.95549	0.969934	
8.72167	-4.95455	0.96692	
8.71177	-4.95238	0.964019	
8.70187	-4.94901	0.961124	
8.69198	-4.94448	0.958294	
8.6821	-4.93883	0.955577	
8.67224	-4.9321	0.953028	
8.66239	-4.92432	0.950681	
8.65256	-4.91553	0.948395	
8.64275	-4.90576	0.945957	
8.63296	-4.89504	0.942924	
8.62319	-4.88342	0.939153	
8.61345	-4.87092	0.934822	
8.60373	-4.85757	0.930018	
8.59405	-4.84341	0.924639	
8.58439	-4.82846	0.918561	
8.57476	-4.81275	0.91216	
8.56517	-4.79631	0.905683	
8.55561	-4.77917	0.899649	
8.54609	-4.76135	0.894029	
8.5366	-4.74289	0.888772	
8.52716	-4.7238	0.883765	
8.51775	-4.70412	0.878837	
8.50838	-4.68386	0.873921	
8.49905	-4.66305	0.869343	
8.48977	-4.64171	0.865195	
8.48053	-4.61987	0.861323	
8.47134	-4.59754	0.857823	
8.46219	-4.57475	0.854282	
8.45308	-4.55152	0.850679	
8.44403	-4.52786	0.846665	
8.43502	-4.50381	0.842023	
8.42606	-4.47937	0.836949	
8.41715	-4.45456	0.831635	
8.40829	-4.42941	0.82594	
8.39949	-4.40393	0.819823	
8.39073	-4.37814	0.813598	
8.38203	-4.35206	0.807298	
8.37337	-4.32569	0.801371	
8.36478	-4.29906	0.795644	
8.35623	-4.27218	0.790286	
8.34774	-4.24507	0.785038	
8.33931	-4.21774	0.779886	
8.33093	-4.1902	0.775029	
8.3226	-4.16247	0.770782	
8.31433	-4.13457	0.767009	
8.30612	-4.10649	0.76362	
8.29796	-4.07827	0.760395	
8.28986	-4.04991	0.757291	
8.28182	-4.02141	0.754167	
8.27383	-3.9928	0.750872	
8.26591	-3.96408	0.747245	
8.25804	-3.93527	0.743275	
8.25022	-3.90637	0.738769	
8.24247	-3.87739	0.7339	
8.23477	-3.84835	0.728943	
8.22713	-3.81925	0.72406	
8.21955	-3.79011	0.719251	
8.21203	-3.76093	0.71459	
8.20457	-3.73172	0.710074	
8.19716	-3.70249	0.705738	
8.18982	-3.67325	0.701542	
8.18253	-3.644	0.697288	
8.1753	-3.61475	0.693244	
8.16813	-3.58552	0.689451	
8.16101	-3.5563	0.685857	
8.15396	-3.52711	0.682349	
8.14697	-3.49795	0.678982	
8.14003	-3.46883	0.675595	
8.13315	-3.43975	0.672189	
8.12633	-3.41072	0.668818	
8.11956	-3.38175	0.665252	
8.11286	-3.35284	0.661306	
8.10621	-3.32399	0.656935	
8.09962	-3.29522	0.652243	
8.09309	-3.26652	0.647331	
8.08661	-3.23791	0.642528	
8.08019	-3.20938	0.637862	
8.07383	-3.18095	0.6334	
8.06752	-3.15261	0.62934	
8.06128	-3.12437	0.625483	
8.05508	-3.09623	0.621673	
8.04895	-3.0682	0.61786	
8.04287	-3.04028	0.614147	
8.03684	-3.01248	0.610693	
8.03087	-2.9848	0.607413	
8.02496	-2.95723	0.604381	
8.0191	-2.9298	0.601611	
8.01329	-2.90249	0.598931	
8.00754	-2.87531	0.596106	
8.00185	-2.84827	0.59304	
7.9962	-2.82136	0.589755	
7.99061	-2.79459	0.586342	
7.98508	-2.76796	0.582728	
7.97959	-2.74147	0.578968	
7.97416	-2.71514	0.575093	
7.96879	-2.68894	0.571243	
7.96346	-2.6629	0.567569	
7.95819	-2.63701	0.564152	
7.95296	-2.61128	0.560892	
7.94779	-2.58569	0.557892	
7.94267	-2.56027	0.555045	
7.9376	-2.535	0.552326	
7.93258	-2.5099	0.549817	
7.92761	-2.48495	0.547488	
7.92269	-2.46017	0.545171	
7.91782	-2.43555	0.542937	
7.913	-2.41109	0.540688	
7.90823	-2.3868	0.538415	
7.9035	-2.36267	0.536123	
7.89882	-2.33872	0.533671	
7.89419	-2.31493	0.531027	
7.88961	-2.2913	0.528341	
7.88507	-2.26785	0.525419	
7.88058	-2.24457	0.522272	
7.87614	-2.22146	0.518745	
7.87175	-2.19852	0.514962	
7.86739	-2.17575	0.511133	
7.86309	-2.15315	0.50754	
7.85883	-2.13073	0.504223	
7.85461	-2.10847	0.501084	
7.85044	-2.08639	0.498216	
7.84631	-2.06448	0.495682	
7.84222	-2.04275	0.493265	
7.83818	-2.02118	0.490984	
7.83418	-1.99979	0.488715	
7.83022	-1.97857	0.48654	
7.82631	-1.95753	0.484597	
7.82243	-1.93665	0.482645	
7.8186	-1.91595	0.480811	
7.81481	-1.89542	0.479038	
7.81106	-1.87507	0.477195	
7.80735	-1.85488	0.475262	
7.80368	-1.83486	0.473122	
7.80005	-1.81502	0.470692	
7.79646	-1.79535	0.468021	
7.79291	-1.77584	0.46512	
7.7894	-1.75651	0.462017	
7.78592	-1.73734	0.458721	
7.78249	-1.71834	0.455238	
7.77909	-1.69952	0.451689	
7.77572	-1.68085	0.448343	
7.7724	-1.66236	0.445393	
7.76911	-1.64403	0.442771	
7.76586	-1.62587	0.440528	
7.76264	-1.60787	0.438524	
7.75946	-1.59004	0.436761	
7.75632	-1.57237	0.435109	
7.75321	-1.55486	0.433603	
7.75013	-1.53752	0.432137	
7.74709	-1.52033	0.43086	
7.74409	-1.50331	0.429619	
7.74111	-1.48645	0.428539	
7.73817	-1.46974	0.42761	
7.73527	-1.4532	0.426619	
7.73239	-1.43681	0.425393	
7.72955	-1.42058	0.423935	
7.72674	-1.4045	0.422248	
7.72397	-1.38858	0.420347	
7.72122	-1.37282	0.418331	
7.71851	-1.3572	0.416102	
7.71582	-1.34174	0.413553	
7.71317	-1.32643	0.410978	
7.71055	-1.31127	0.408337	
7.70796	-1.29626	0.40573	
7.70539	-1.2814	0.403155	
7.70286	-1.26668	0.400567	
7.70036	-1.25212	0.398131	
7.69788	-1.23769	0.395802	
7.69543	-1.22342	0.393721	
7.69301	-1.20928	0.391924	
7.69062	-1.19529	0.390255	
7.68826	-1.18144	0.38878	
7.68593	-1.16773	0.387411	
7.68362	-1.15416	0.38604	
7.68134	-1.14073	0.384685	
7.67908	-1.12744	0.383429	
7.67685	-1.11428	0.382333	
7.67465	-1.10126	0.381233	
7.67247	-1.08838	0.380065	
7.67032	-1.07563	0.378765	
7.6682	-1.06301	0.377383	
7.66609	-1.05052	0.375963	
7.66402	-1.03817	0.374748	
7.66197	-1.02594	0.373585	
7.65994	-1.01384	0.372369	
7.65794	-1.00187	0.370963	
7.65596	-0.990025	0.369327	
7.654	-0.978307	0.367559	
7.65207	-0.966713	0.365747	
7.65015	-0.955242	0.36405	
7.64827	-0.943894	0.362547	
7.6464	-0.932668	0.361005	
7.64456	-0.921562	0.359408	
7.64274	-0.910575	0.357917	
7.64094	-0.899707	0.35644	
7.63916	-0.888957	0.354902	
7.6374	-0.878323	0.353323	
7.63567	-0.867804	0.351768	
7.63395	-0.8574	0.350086	
7.63226	-0.847109	0.348416	
7.63058	-0.836931	0.346637	
7.62893	-0.826864	0.344806	
7.6273	-0.816907	0.343034	
7.62568	-0.80706	0.341394	
7.62409	-0.797322	0.34	
7.62251	-0.787691	0.338689	
7.62096	-0.778166	0.337484	
7.61942	-0.768747	0.336368	
7.6179	-0.759433	0.335256	
7.6164	-0.750223	0.334119	
7.61492	-0.741115	0.332852	
7.61345	-0.732108	0.331781	
7.61201	-0.723203	0.330989	
7.61058	-0.714397	0.330425	
7.60917	-0.705691	0.329892	
7.60777	-0.697082	0.329158	
7.6064	-0.68857	0.328506	
7.60504	-0.680155	0.327867	
7.60369	-0.671834	0.327313	
7.60236	-0.663608	0.326618	
7.60105	-0.655475	0.325876	
7.59976	-0.647435	0.325149	
7.59848	-0.639486	0.324367	
7.59722	-0.631628	0.323459	
7.59597	-0.62386	0.322516	
7.59474	-0.61618	0.321478	
7.59352	-0.608589	0.320393	
7.59232	-0.601084	0.319248	
7.59113	-0.593666	0.317971	
7.58996	-0.586333	0.316468	
7.5888	-0.579085	0.315009	
7.58766	-0.571921	0.313771	
7.58653	-0.564839	0.312626	
7.58541	-0.557839	0.311492	
7.58431	-0.550921	0.310334	
7.58322	-0.544083	0.309094	
7.58214	-0.537324	0.307938	
7.58108	-0.530645	0.306848	
7.58004	-0.524043	0.30576	
7.579	-0.517518	0.304571	
7.57798	-0.511069	0.30335	
7.57697	-0.504696	0.302274	
7.57597	-0.498398	0.301228	
7.57499	-0.492174	0.30021	
7.57402	-0.486023	0.29915	
7.57306	-0.479944	0.297879	
7.57211	-0.473937	0.296509	
7.57117	-0.468001	0.295023	
7.57025	-0.462135	0.293502	
7.56933	-0.456338	0.292043	
7.56843	-0.45061	0.29058	
7.56754	-0.44495	0.289077	
7.56667	-0.439357	0.287791	
7.5658	-0.433831	0.28666	
7.56494	-0.428371	0.285664	
7.5641	-0.422975	0.284753	
7.56326	-0.417644	0.283768	
7.56243	-0.412377	0.282724	
7.56162	-0.407172	0.281587	
7.56082	-0.40203	0.280652	
7.56002	-0.39695	0.279719	
7.55924	-0.39193	0.279083	
7.55846	-0.386971	0.278402	
7.5577	-0.382072	0.277692	
7.55695	-0.377231	0.276908	
7.5562	-0.372449	0.276138	
7.55547	-0.367724	0.275506	
7.55474	-0.363057	0.27504	
7.55402	-0.358445	0.274596	
7.55332	-0.35389	0.274079	
7.55262	-0.34939	0.273409	
7.55193	-0.344944	0.272496	
7.55125	-0.340553	0.271462	
7.55057	-0.336214	0.27036	
7.54991	-0.331929	0.269513	
7.54925	-0.327695	0.268723	
7.54861	-0.323514	0.268139	
7.54797	-0.319383	0.267487	
7.54734	-0.315302	0.266871	
7.54671	-0.311272	0.266034	
7.5461	-0.307291	0.265198	
7.54549	-0.303358	0.264338	
7.54489	-0.299474	0.263562	
7.5443	-0.295637	0.262749	
7.54372	-0.291848	0.262313	
7.54314	-0.288105	0.261836	
7.54257	-0.284408	0.261517	
7.54201	-0.280756	0.261154	
7.54146	-0.277149	0.260739	
7.54091	-0.273587	0.260305	
7.54037	-0.270069	0.259717	
7.53984	-0.266595	0.259252	
7.53931	-0.263163	0.25868	
7.53879	-0.259774	0.258145	
7.53828	-0.256426	0.257594	
7.53777	-0.25312	0.257087	
7.53727	-0.249855	0.256601	
7.53678	-0.246631	0.255981	
7.53629	-0.243447	0.25545	
7.53581	-0.240302	0.254886	
7.53534	-0.237196	0.254347	
7.53487	-0.234129	0.253726	
7.53441	-0.231101	0.253164	
7.53395	-0.22811	0.252729	
7.5335	-0.225156	0.252342	
7.53306	-0.222239	0.251986	
7.53262	-0.219359	0.251873	
7.53219	-0.216514	0.25156	
7.53176	-0.213705	0.251285	
7.53134	-0.210932	0.250954	
7.53092	-0.208193	0.250615	
7.53051	-0.205489	0.250192	
7.5301	-0.202818	0.249828	
7.5297	-0.200181	0.249238	
7.52931	-0.197577	0.248514	
7.52892	-0.195006	0.247821	
7.52853	-0.192467	0.247344	
7.52815	-0.18996	0.246989	
7.52778	-0.187485	0.246791	
7.52741	-0.185041	0.246571	
7.52704	-0.182628	0.246259	
7.52668	-0.180245	0.245992	
7.52633	-0.177893	0.245814	
7.52597	-0.17557	0.245666	
7.52563	-0.173276	0.245472	
7.52529	-0.171012	0.245424	
7.52495	-0.168776	0.245346	
7.52462	-0.166569	0.245483	
7.52429	-0.164389	0.245632	
7.52396	-0.162237	0.245823	
7.52364	-0.160113	0.245784	
7.52333	-0.158016	0.245993	
7.52301	-0.155945	0.246208	
7.52271	-0.1539	0.246367	
7.5224	-0.151882	0.246678	
7.5221	-0.149889	0.246782	
7.52181	-0.147922	0.246609	
7.52151	-0.14598	0.246596	
7.52123	-0.144062	0.246505	
7.52094	-0.142169	0.246429	
7.52066	-0.1403	0.246398	
7.52038	-0.138456	0.246668	
7.52011	-0.136634	0.246978	
7.51984	-0.134836	0.247078	
7.51958	-0.133061	0.247166	
7.51931	-0.131309	0.247431	
7.51905	-0.129579	0.247463	
7.5188	-0.127872	0.247914	
7.51855	-0.126186	0.248205	
7.5183	-0.124522	0.248773	
7.51805	-0.122879	0.249016	
7.51781	-0.121257	0.249332	
7.51757	-0.119657	0.249633	
7.51733	-0.118077	0.250091	
7.5171	-0.116517	0.250105	
7.51687	-0.114977	0.2505	
7.51664	-0.113457	0.25096	
7.51642	-0.111957	0.25155	
7.5162	-0.110476	0.251844	
7.51598	-0.109014	0.252257	
7.51577	-0.107571	0.252575	
7.51555	-0.106147	0.252865	
7.51534	-0.104741	0.25305	
7.51514	-0.103353	0.253123	
7.51493	-0.101983	0.253384	
7.51473	-0.100631	0.253897	
7.51453	-0.0992967	0.254373	
7.51434	-0.0979794	0.254878	
7.51414	-0.0966792	0.255165	
7.51395	-0.0953958	0.255835	
7.51376	-0.0941291	0.256285	
7.51358	-0.0928788	0.25651	
7.5134	-0.0916448	0.257045	
7.51321	-0.0904268	0.257155	
7.51304	-0.0892246	0.257223	
7.51286	-0.088038	0.257527	
7.51269	-0.0868669	0.257737	
7.51252	-0.085711	0.257974	
7.51235	-0.0845702	0.258479	
7.51218	-0.0834442	0.258568	
7.51201	-0.0823329	0.258743	
7.51185	-0.0812361	0.259133	
7.51169	-0.0801535	0.259724	
7.51153	-0.0790851	0.259606	
7.51138	-0.0780307	0.260167	
7.51122	-0.07699	0.260239	
7.51107	-0.0759629	0.260308	
7.51092	-0.0749492	0.260454	
7.51077	-0.0739488	0.261035	
7.51063	-0.0729614	0.26152	
7.51048	-0.071987	0.261525	
7.51034	-0.0710253	0.261872	
7.5102	-0.0700762	0.26238	
7.51006	-0.0691396	0.262708	
7.50993	-0.0682152	0.262766	
7.50979	-0.0673029	0.263665	
7.50966	-0.0664026	0.264769	
7.50953	-0.0655141	0.265053	
7.5094	-0.0646373	0.26549	
7.50927	-0.063772	0.265401	
7.50915	-0.062918	0.265877	
7.50902	-0.0620753	0.266338	
7.5089	-0.0612436	0.266378	
7.50878	-0.0604229	0.267049	
7.50866	-0.059613	0.266864	
7.50854	-0.0588137	0.267533	
7.50843	-0.0580249	0.268216	
7.50831	-0.0572466	0.268308	
7.5082	-0.0564785	0.268742	
7.50809	-0.0557205	0.269135	
7.50798	-0.0549725	0.269444	
7.50787	-0.0542343	0.270325	
7.50776	-0.0535059	0.270568	
7.50766	-0.0527871	0.270688	
7.50755	-0.0520778	0.270953	
7.50745	-0.0513779	0.271133	
7.50735	-0.0506872	0.271153	
7.50725	-0.0500056	0.271762	
7.50715	-0.0493331	0.271851	
7.50705	-0.0486694	0.271344	
7.50696	-0.0480145	0.270545	
7.50686	-0.0473683	0.270021	
7.50677	-0.0467306	0.268715	
7.50667	-0.0461014	0.267962	
7.50658	-0.0454805	0.268101	
7.50649	-0.0448679	0.26733	
7.50641	-0.0442633	0.266547	
7.50632	-0.0436668	0.265866	
7.50623	-0.0430781	0.265429	
7.50615	-0.0424973	0.264587	
7.50606	-0.0419242	0.264144	
7.50598	-0.0413587	0.264204	
7.5059	-0.0408007	0.264262	
7.50582	-0.0402501	0.263449	
7.50574	-0.0397069	0.262633	
7.50566	-0.0391708	0.262072	
7.50558	-0.0386419	0.262187	
7.50551	-0.03812	0.261354	
7.50543	-0.0376051	0.261062	
7.50536	-0.037097	0.261033	
7.50528	-0.0365956	0.260782	
7.50521	-0.036101	0.259305	
7.50514	-0.0356129	0.257909	
7.50507	-0.0351313	0.257069	
7.505	-0.0346562	0.256151	
7.50493	-0.0341873	0.254546	
7.50487	-0.0337248	0.253314	
7.5048	-0.0332684	0.25292	
7.50473	-0.0328181	0.25227	
7.50467	-0.0323737	0.251788	
7.5046	-0.0319354	0.250797	
7.50454	-0.0315029	0.249968	
7.50448	-0.0310761	0.249786	
7.50442	-0.0306551	0.250126	
7.50436	-0.0302396	0.250514	
7.5043	-0.0298298	0.250256	
7.50424	-0.0294254	0.2499	
7.50418	-0.0290264	0.250313	
7.50412	-0.0286327	0.250212	
7.50407	-0.0282444	0.249883	
7.50401	-0.0278612	0.249153	
7.50396	-0.0274831	0.248086	
7.5039	-0.0271101	0.248121	
7.50385	-0.0267422	0.247434	
7.5038	-0.0263791	0.247546	
7.50374	-0.0260209	0.246945	
7.50369	-0.0256675	0.245949	
7.50364	-0.0253188	0.245334	
7.50359	-0.0249748	0.244858	
7.50354	-0.0246355	0.244913	
7.50349	-0.0243007	0.244823	
7.50345	-0.0239703	0.244165	
7.5034	-0.0236444	0.24414	
7.50335	-0.0233229	0.244279	
7.50331	-0.0230057	0.244197	
7.50326	-0.0226928	0.244506	
7.50322	-0.0223841	0.245391	
7.50317	-0.0220795	0.245498	
7.50313	-0.021779	0.244568	
7.50309	-0.0214825	0.243872	
7.50304	-0.0211901	0.242576	
7.503	-0.0209016	0.242416	
7.50296	-0.0206169	0.240772	
7.50292	-0.0203361	0.239535	
7.50288	-0.0200591	0.238395	
7.50284	-0.0197858	0.237493	
7.5028	-0.0195161	0.235661	
7.50276	-0.0192501	0.234343	
7.50272	-0.0189877	0.233931	
7.50269	-0.0187289	0.234171	
7.50265	-0.0184735	0.23422	
7.50261	-0.0182215	0.233583	
7.50258	-0.017973	0.234147	
7.50254	-0.0177278	0.233863	
7.50251	-0.0174859	0.233698	
7.50247	-0.0172473	0.233833	
7.50244	-0.0170119	0.234667	
7.50241	-0.0167797	0.235097	
7.50237	-0.0165506	0.235706	
7.50234	-0.0163246	0.235387	
7.50231	-0.0161017	0.234661	
7.50228	-0.0158817	0.234531	
7.50224	-0.0156648	0.234077	
7.50221	-0.0154508	0.232832	
7.50218	-0.0152396	0.23231	
7.50215	-0.0150314	0.230105	
7.50212	-0.0148259	0.229666	
7.50209	-0.0146232	0.229624	
7.50207	-0.0144233	0.230479	
7.50204	-0.0142261	0.230181	
7.50201	-0.0140315	0.230387	
7.50198	-0.0138396	0.230876	
7.50195	-0.0136502	0.232041	
7.50193	-0.0134635	0.23244	
7.5019	-0.0132792	0.23356	
7.50187	-0.0130975	0.235261	
7.50185	-0.0129182	0.237275	
7.50182	-0.0127414	0.237811	
7.5018	-0.0125669	0.238561	
7.50177	-0.0123948	0.238307	
7.50175	-0.0122251	0.237691	
7.50172	-0.0120577	0.238214	
7.5017	-0.0118925	0.235742	
7.50168	-0.0117295	0.234382	
7.50165	-0.0115688	0.230947	
7.50163	-0.0114103	0.229217	
7.50161	-0.0112539	0.226304	
7.50159	-0.0110996	0.225497	
7.50156	-0.0109474	0.224526	
7.50154	-0.0107973	0.222246	
7.50152	-0.0106493	0.223019	
7.5015	-0.0105032	0.222501	
7.50148	-0.0103592	0.223151	
7.50146	-0.010217	0.223501	
7.50144	-0.0100769	0.222922	
7.50142	-0.0099386	0.223251	
7.5014	-0.0098022	0.225014	
7.50138	-0.00966767	0.22499	
7.50136	-0.00953496	0.226822	
7.50134	-0.00940406	0.226083	
7.50132	-0.00927494	0.227643	
7.50131	-0.00914758	0.227972	
7.50129	-0.00902195	0.228337	
7.50127	-0.00889803	0.227099	
7.50125	-0.0087758	0.224536	
7.50123	-0.00865524	0.221163	
7.50122	-0.00853632	0.218983	
7.5012	-0.00841901	0.216508	
7.50118	-0.00830331	0.215564	
7.50117	-0.00818918	0.21465	
7.50115	-0.00807661	0.215627	
7.50114	-0.00796557	0.217046	
7.50112	-0.00785605	0.219398	
7.5011	-0.00774802	0.219409	
7.50109	-0.00764146	0.223044	
7.50107	-0.00753636	0.22241	
7.50106	-0.00743269	0.223067	
7.50104	-0.00733044	0.222794	
7.50103	-0.00722958	0.221797	
7.50102	-0.0071301	0.219166	
7.501	-0.00703197	0.21949	
7.50099	-0.00693519	0.216836	
7.50097	-0.00683973	0.21553	
7.50096	-0.00674557	0.212668	
7.50095	-0.0066527	0.209743	
7.50093	-0.00656109	0.207319	
7.50092	-0.00647074	0.204389	
7.50091	-0.00638163	0.201796	
7.5009	-0.00629373	0.199456	
7.50088	-0.00620703	0.198679	
7.50087	-0.00612152	0.197506	
7.50086	-0.00603718	0.197716	
7.50085	-0.00595399	0.199309	
7.50084	-0.00587193	0.200733	
7.50082	-0.00579101	0.202335	
7.50081	-0.00571118	0.205331	
7.5008	-0.00563245	0.205862	
7.50079	-0.0055548	0.207213	
7.50078	-0.00547821	0.208272	
7.50077	-0.00540267	0.205713	
7.50076	-0.00532817	0.203488	
7.50075	-0.00525468	0.20276	
7.50074	-0.0051822	0.200888	
7.50073	-0.00511071	0.200102	
7.50072	-0.0050402	0.200226	
7.50071	-0.00497066	0.198388	
7.5007	-0.00490207	0.197453	
7.50069	-0.00483442	0.199528	
7.50068	-0.0047677	0.198029	
7.50067	-0.00470189	0.198909	
7.50066	-0.00463699	0.203007	
7.50065	-0.00457297	0.20277	
7.50064	-0.00450984	0.205661	
7.50063	-0.00444756	0.208249	
7.50062	-0.00438615	0.210378	
7.50061	-0.00432557	0.211039	
7.50061	-0.00426583	0.208407	
7.5006	-0.0042069	0.208204	
7.50059	-0.00414879	0.205684	
7.50058	-0.00409147	0.196558	
7.50057	-0.00403494	0.193137	
7.50057	-0.00397918	0.190264	
7.50056	-0.00392419	0.190129	
7.50055	-0.00386996	0.190755	
7.50054	-0.00381647	0.194573	
7.50053	-0.00376371	0.197378	
7.50053	-0.00371168	0.200501	
7.50052	-0.00366037	0.202508	
7.50051	-0.00360975	0.203789	
7.50051	-0.00355984	0.203876	
7.5005	-0.00351061	0.204412	
7.50049	-0.00346206	0.206263	
7.50048	-0.00341417	0.207681	
7.50048	-0.00336694	0.203881	
7.50047	-0.00332037	0.205546	
7.50046	-0.00327443	0.201082	
7.50046	-0.00322912	0.199844	
7.50045	-0.00318444	0.19693	
7.50045	-0.00314037	0.192637	
7.50044	-0.00309691	0.191362	
7.50043	-0.00305405	0.192805	
7.50043	-0.00301178	0.194816	
7.50042	-0.00297008	0.194264	
7.50042	-0.00292897	0.201384	
7.50041	-0.00288841	0.200668	
7.5004	-0.00284842	0.207154	
7.5004	-0.00280898	0.211985	
7.50039	-0.00277008	0.214914	
7.50039	-0.00273171	0.219498	
7.50038	-0.00269387	0.220224	
7.50038	-0.00265656	0.221464	
7.50037	-0.00261976	0.209779	
7.50037	-0.00258346	0.200044	
7.50036	-0.00254767	0.185037	
7.50036	-0.00251237	0.168327	
7.50035	-0.00247755	0.156155	
7.50035	-0.00244322	0.152507	
7.50034	-0.00240936	0.154898	
7.50034	-0.00237596	0.161498	
7.50033	-0.00234303	0.165436	
7.50033	-0.00231055	0.171165	
7.50032	-0.00227852	0.175339	
7.50032	-0.00224693	0.181687	
7.50031	-0.00221577	0.186118	
7.50031	-0.00218505	0.19294	
7.50031	-0.00215475	0.199858	
7.5003	-0.00212486	0.204075	
7.5003	-0.00212486	0.204075	
7.5003	-0.00212486	0.204075	
7.5003	-0.00212486	0.204075	
7.5003	-0.00212486	0.204075	
7.5003	-0.00212486	0.204075	
7.5003	-0.00212486	0.204075	
7.5003	-0.00209539	0.199986	
7.50029	-0.00206633	0.178897	
7.50029	-0.00203766	0.165719	
7.50028	-0.0020094	0.151365	
7.50028	-0.00198152	0.14498	
7.50028	-0.00195403	0.148519	
7.50027	-0.00192691	0.15488	
7.50027	-0.00190017	0.160518	
7.50027	-0.0018738	0.172198	
7.50026	-0.0018478	0.17862	
7.50026	-0.0018478	0.17862	
7.50026	-0.0018478	0.17862	
7.50026	-0.0018478	0.17862	
7.50026	-0.0018478	0.17862	
7.50026	-0.0018478	0.17862	
7.50026	-0.0018478	0.17862	
7.50026	-0.0018478	0.17862	
7.50026	-0.0018478	0.17862	
7.50026	-0.0018478	0.17862	
7.50026	-0.0018478	0.17862	
7.50026	-0.0018478	0.17862	
7.50026	-0.0018478	0.17862	
7.50026	-0.0018478	0.17862	
7.50026	-0.0018478	0.17862	
7.50026	-0.0018478	0.17862	
7.50026	-0.0018478	0.17862	
7.50026	-0.0018478	0.17862	
7.50026	-0.0018478	0.17862	
7.50026	-0.0018478	0.17862	
7.50026	-0.0018478	0.17862	
7.50026	-0.0018478	0.17862	
7.50026	-0.0018478	0.17862	
7.50026	-0.0018478	0.17862	
7.50026	-0.0018478	0.17862	
7.50026	-0.0018478	0.17862	
7.50026	-0.0018478	0.17862	
7.50026	-0.0018478	0.17862	
7.50026	-0.0018478	0.17862	
7.50026	-0.0018478	0.17862	
7.50026	-0.0018478	0.17862	
7.50026	-0.0018478	0.17862	
7.50026	-0.0018478	0.17862	
7.50026	-0.0018478	0.17862	
7.50026	-0.0018478	0.17862	
7.50026	-0.0018478	0.17862	
7.50026	-0.0018478	0.17862	
7.50026	-0.0018478	0.17862	
7.50026	-0.0018478	0.17862	
7.50026	-0.0018478	0.17862	
7.50026	-0.0018478	0.17862	
7.50026	-0.0018478	0.17862	
7.50026	-0.0018478	0.17862	
7.50026	-0.0018478	0.17862	
7.50026	-0.0018478	0.17862	
7.50026	-0.0018478	0.17862	
7.50026	-0.0018478	0.17862	
7.50026	-0.0018478	0.17862	
7.50026	-0.0018478	0.17862	
7.50026	-0.0018478	0.17862	
7.50026	-0.0018478	0.17862	
7.50026	-0.0018478	0.17862	
7.50026	-0.0018478	0.17862	
7.50026	-0.0018478	0.17862	
7.50026	-0.0018478	0.17862	
7.50026	-0.0018478	0.17862	
7.50026	-0.0018478	0.17862	
7.50026	-0.0018478	0.17862	
7.50026	-0.0018478	0.17862	
7.50026	-0.0018478	0.17862	
7.50026	-0.0018478	0.17862	
7.50026	-0.0018478	0.17862	
7.50026	-0.0018478	0.17862	
7.50026	-0.0018478	0.17862	
7.50026	-0.0018478	0.17862	
7.50026	-0.0018478	0.17862	
7.50026	-0.0018478	0.17862	
7.50026	-0.0018478	0.17862	
7.50026	-0.0018478	0.17862	
7.50026	-0.0018478	0.17862	
7.50026	-0.0018478	0.17862	
7.50026	-0.0018478	0.17862	
7.50026	-0.0018478	0.17862	
7.50026	-0.0018478	0.17862	
7.50026	-0.0018478	0.17862	
7.50026	-0.0018478	0.17862	
7.50026	-0.0018478	0.17862	
7.50026	-0.0018478	0.17862	
7.50026	-0.0018478	0.17862	
7.50026	-0.0018478	0.17862	
7.50026	-0.0018478	0.17862	
7.50026	-0.0018478	0.17862	
7.50026	-0.0018478	0.17862	
7.50026	-0.0018478	0.17862	
7.50026	-0.0018478	0.17862	
7.50026	-0.0018478	0.17862	
7.50026	-0.0018478	0.17862	
7.50026	-0.0018478	0.17862	
7.50026	-0.0018478	0.17862	
7.50026	-0.0018478	0.17862	
7.50026	-0.0018478	0.17862	
7.50026	-0.0018478	0.17862	
7.50026	-0.00182215	0.173681	
7.50025	-0.00179686	0.165366	
7.50025	-0.00177192	0.154759	
7.50025	-0.00174732	0.146375	
7.50024	-0.00172306	0.140637	
7.50024	-0.00169914	0.140678	
7.50024	-0.00167554	0.144135	
7.50023	-0.00165228	0.155823	
7.50023	-0.00165228	0.155823	
7.50023	-0.00165228	0.155823	
7.50023	-0.00165228	0.155823	
7.50023	-0.00165228	0.155823	
7.50023	-0.00165228	0.155823	
7.50023	-0.00165228	0.155823	
7.50023	-0.00165228	0.155823	
7.50023	-0.00165228	0.155823	
7.50023	-0.00165228	0.155823	
7.50023	-0.00165228	0.155823	
7.50023	-0.00165228	0.155823	
7.50023	-0.00165228	0.155823	
7.50023	-0.00165228	0.155823	
7.50023	-0.00165228	0.155823	
7.50023	-0.00165228	0.155823	
7.50023	-0.00165228	0.155823	
7.50023	-0.00165228	0.155823	
7.50023	-0.00165228	0.155823	
7.50023	-0.00165228	0.155823	
7.50023	-0.00165228	0.155823	
7.50023	-0.00165228	0.155823	
7.50023	-0.00165228	0.155823	
7.50023	-0.00165228	0.155823	
7.50023	-0.00165228	0.155823	
7.50023	-0.00165228	0.155823	
7.50023	-0.00165228	0.155823	
7.50023	-0.00165228	0.155823	
7.50023	-0.00165228	0.155823	
7.50023	-0.00165228	0.155823	
7.50023	-0.00165228	0.155823	
7.50023	-0.00165228	0.155823	
7.50023	-0.00165228	0.155823	
7.50023	-0.00165228	0.155823	
7.50023	-0.00165228	0.155823	
7.50023	-0.00165228	0.155823	
7.50023	-0.00165228	0.155823	
7.50023	-0.00165228	0.155823	
7.50023	-0.00165228	0.155823	
7.50023	-0.00165228	0.155823	
7.50023	-0.00165228	0.155823	
7.50023	-0.00165228	0.155823	
7.50023	-0.00165228	0.155823	
7.50023	-0.00165228	0.155823	
7.50023	-0.00165228	0.155823	
7.50023	-0.00165228	0.155823	
7.50023	-0.00165228	0.155823	
7.50023	-0.00165228	0.155823	
7.50023	-0.00165228	0.155823	
7.50023	-0.00165228	0.155823	
7.50023	-0.00165228	0.155823	
7.50023	-0.00165228	0.155823	
7.50023	-0.00165228	0.155823	
7.50023	-0.00165228	0.155823	
7.50023	-0.00165228	0.155823	
7.50023	-0.00165228	0.155823	
7.50023	-0.00165228	0.155823	
7.50023	-0.00165228	0.155823	
7.50023	-0.00165228	0.155823	
7.50023	-0.00165228	0.155823	
7.50023	-0.00165228	0.155823	
7.50023	-0.00165228	0.155823	
7.50023	-0.00165228	0.155823	
7.50023	-0.00165228	0.155823	
7.50023	-0.00165228	0.155823	
7.50023	-0.00165228	0.155823	
7.50023	-0.00165228	0.155823	
7.50023	-0.00165228	0.155823	
7.50023	-0.00165228	0.155823	
7.50023	-0.00165228	0.155823	
7.50023	-0.00165228	0.155823	
7.50023	-0.00165228	0.155823	
7.50023	-0.00165228	0.155823	
7.50023	-0.00165228	0.155823	
7.50023	-0.00165228	0.155823	
7.50023	-0.00165228	0.155823	
7.50023	-0.00165228	0.155823	
7.50023	-0.00165228	0.155823	
7.50023	-0.00165228	0.155823	
7.50023	-0.00165228	0.155823	
7.50023	-0.00165228	0.155823	
7.50023	-0.00165228	0.155823	
7.50023	-0.00165228	0.155823	
7.50023	-0.00165228	0.155823	
7.50023	-0.00165228	0.155823	
7.50023	-0.00165228	0.155823	
7.50023	-0.00165228	0.155823	
7.50023	-0.00165228	0.155823	
7.50023	-0.00165228	0.155823	
7.50023	-0.00165228	0.155823	
7.50023	-0.00165228	0.155823	
7.50023	-0.00165228	0.155823	
7.50023	-0.00165228	0.155823	
7.50023	-0.00165228	0.155823	
7.50023	-0.00165228	0.155823	
7.50023	-0.00165228	0.155823	
7.50023	-0.00165228	0.155823	
7.50023	-0.00165228	0.155823	
7.50023	-0.00165228	0.155823	
7.50023	-0.00165228	0.155823	
7.50023	-0.00165228	0.155823	
7.50023	-0.00165228	0.155823	
7.50023	-0.00165228	0.155823	
7.50023	-0.00165228	0.155823	
7.50023	-0.00165228	0.155823	
7.50023	-0.00165228	0.155823	
7.50023	-0.00165228	0.155823	
7.50023	-0.00165228	0.155823	
7.50023	-0.00165228	0.155823	
7.50023	-0.00165228	0.155823	
7.50023	-0.00165228	0.155823	
7.50023	-0.00165228	0.155823	
7.50023	-0.00165228	0.155823	
7.50023	-0.00165228	0.155823	
7.50023	-0.00165228	0.155823	
7.50023	-0.00165228	0.155823	
7.50023	-0.00165228	0.155823	
7.50023	-0.00165228	0.155823	
7.50023	-0.00165228	0.155823	
7.50023	-0.00165228	0.155823	
7.50023	-0.00165228	0.155823	
7.50023	-0.00165228	0.155823	
7.50023	-0.00165228	0.155823	
7.50023	-0.00165228	0.155823	
7.50023	-0.00165228	0.155823	
7.50023	-0.00165228	0.155823	
7.50023	-0.00165228	0.155823	
7.50023	-0.00165228	0.155823	
7.50023	-0.00165228	0.155823	
7.50023	-0.00165228	0.155823	
7.50023	-0.00165228	0.155823	
7.50023	-0.00165228	0.155823	
7.50023	-0.00165228	0.155823	
7.50023	-0.00165228	0.155823	
7.50023	-0.00165228	0.155823	
7.50023	-0.00165228	0.155823	
7.50023	-0.00165228	0.155823	
7.50023	-0.00165228	0.155823	
7.50023	-0.00165228	0.155823	
7.50023	-0.00165228	0.155823	
7.50023	-0.00165228	0.155823	
7.50023	-0.00165228	0.155823	
7.50023	-0.00165228	0.155823	
7.50023	-0.00165228	0.155823	
7.50023	-0.00165228	0.155823	
7.50023	-0.00165228	0.155823	
7.50023	-0.00165228	0.155823	
7.50023	-0.00162933	0.157724	
7.50023	-0.0016067	0.152746	
7.50022	-0.00158439	0.143086	
7.50022	-0.00156238	0.139232	
7.50022	-0.00154068	0.13231	
7.50022	-0.00151928	0.129188	
7.50021	-0.00149817	0.130324	
7.50021	-0.00147736	0.133558	
7.50021	-0.00145683	0.136872	
7.50021	-0.00145683	0.136872	
7.50021	-0.00145683	0.136872	
7.50021	-0.00145683	0.136872	
7.50021	-0.00145683	0.136872	
7.50021	-0.00145683	0.136872	
7.50021	-0.00145683	0.136872	
7.50021	-0.00145683	0.136872	
7.50021	-0.00145683	0.136872	
7.50021	-0.00145683	0.136872	
7.50021	-0.00145683	0.136872	
7.50021	-0.00145683	0.136872	
7.50021	-0.00145683	0.136872	
7.50021	-0.00145683	0.136872	
7.50021	-0.00145683	0.136872	
7.50021	-0.00145683	0.136872	
7.50021	-0.00145683	0.136872	
7.50021	-0.00145683	0.136872	
7.50021	-0.00145683	0.136872	
7.50021	-0.00145683	0.136872	
7.50021	-0.00145683	0.136872	
7.50021	-0.00145683	0.136872	
7.50021	-0.00145683	0.136872	
7.50021	-0.00145683	0.136872	
7.50021	-0.00145683	0.136872	
7.50021	-0.00145683	0.136872	
7.50021	-0.00145683	0.136872	
7.50021	-0.00145683	0.136872	
7.50021	-0.00145683	0.136872	
7.50021	-0.00145683	0.136872	
7.50021	-0.00145683	0.136872	
7.50021	-0.00145683	0.136872	
7.50021	-0.00145683	0.136872	
7.50021	-0.00145683	0.136872	
7.50021	-0.00145683	0.136872	
7.50021	-0.00145683	0.136872	
7.50021	-0.00145683	0.136872	
7.50021	-0.00145683	0.136872	
7.50021	-0.00145683	0.136872	
7.50021	-0.00145683	0.136872	
7.50021	-0.00145683	0.136872	
7.50021	-0.00145683	0.136872	
7.50021	-0.00145683	0.136872	
7.50021	-0.00145683	0.136872	
7.50021	-0.00145683	0.136872	
7.50021	-0.00145683	0.136872	
7.50021	-0.00145683	0.136872	
7.50021	-0.00145683	0.136872	
7.50021	-0.00145683	0.136872	
7.50021	-0.00145683	0.136872	
7.50021	-0.00145683	0.136872	
7.50021	-0.00145683	0.136872	
7.50021	-0.00145683	0.136872	
7.50021	-0.00145683	0.136872	
7.50021	-0.00145683	0.136872	
7.50021	-0.00145683	0.136872	
7.50021	-0.00145683	0.136872	
7.50021	-0.00145683	0.136872	
7.50021	-0.00145683	0.136872	
7.50021	-0.00145683	0.136872	
7.50021	-0.00145683	0.136872	
7.50021	-0.00145683	0.136872	
7.50021	-0.00145683	0.136872	
7.50021	-0.00145683	0.136872	
7.50021	-0.00145683	0.136872	
7.50021	-0.00145683	0.136872	
7.50021	-0.00145683	0.136872	
7.50021	-0.00145683	0.136872	
7.50021	-0.00145683	0.136872	
7.50021	-0.00145683	0.136872	
7.50021	-0.00145683	0.136872	
7.50021	-0.00145683	0.136872	
7.50021	-0.00145683	0.136872	
7.50021	-0.00145683	0.136872	
7.50021	-0.00145683	0.136872	
7.50021	-0.00145683	0.136872	
7.50021	-0.00145683	0.136872	
7.50021	-0.00145683	0.136872	
7.50021	-0.00145683	0.136872	
7.50021	-0.00145683	0.136872	
7.50021	-0.00145683	0.136872	
7.50021	-0.00145683	0.136872	
7.50021	-0.00145683	0.136872	
7.50021	-0.00145683	0.136872	
7.50021	-0.00145683	0.136872	
7.50021	-0.00145683	0.136872	
7.50021	-0.00145683	0.136872	
7.50021	-0.00145683	0.136872	
7.50021	-0.00145683	0.136872	
7.50021	-0.00145683	0.136872	
7.50021	-0.00145683	0.136872	
7.50021	-0.00145683	0.136872	
7.50021	-0.00145683	0.136872	
7.50021	-0.00145683	0.136872	
7.50021	-0.00145683	0.136872	
7.50021	-0.00145683	0.136872	
7.50021	-0.00145683	0.136872	
7.50021	-0.00145683	0.136872	
7.50021	-0.00145683	0.136872	
7.50021	-0.00145683	0.136872	
7.50021	-0.00145683	0.136872	
7.50021	-0.00145683	0.136872	
7.50021	-0.00145683	0.136872	
7.50021	-0.00145683	0.136872	
7.50021	-0.00145683	0.136872	
7.50021	-0.00145683	0.136872	
7.50021	-0.00145683	0.136872	
7.50021	-0.00145683	0.136872	
7.50021	-0.00145683	0.136872	
7.50021	-0.00145683	0.136872	
7.50021	-0.00145683	0.136872	
7.50021	-0.00145683	0.136872	
7.50021	-0.00145683	0.136872	
7.50021	-0.00145683	0.136872	
7.50021	-0.00145683	0.136872	
7.50021	-0.00145683	0.136872	
7.50021	-0.00145683	0.136872	
7.50021	-0.00145683	0.136872	
7.50021	-0.00145683	0.136872	
7.50021	-0.00145683	0.136872	
7.50021	-0.00145683	0.136872	
7.50021	-0.00145683	0.136872	
7.50021	-0.00145683	0.136872	
7.50021	-0.00145683	0.136872	
7.50021	-0.00145683	0.136872	
7.50021	-0.00145683	0.136872	
7.50021	-0.00145683	0.136872	
7.50021	-0.00145683	0.136872	
7.50021	-0.00145683	0.136872	
7.50021	-0.00145683	0.136872	
7.50021	-0.00145683	0.136872	
7.50021	-0.00145683	0.136872	
7.50021	-0.00145683	0.136872	
7.50021	-0.00145683	0.136872	
7.50021	-0.00145683	0.136872	
7.50021	-0.00145683	0.136872	
7.50021	-0.00145683	0.136872	
7.50021	-0.00145683	0.136872	
7.50021	-0.00145683	0.136872	
7.50021	-0.00145683	0.136872	
7.50021	-0.00145683	0.136872	
7.50021	-0.00145683	0.136872	
7.50021	-0.00145683	0.136872	
7.50021	-0.00145683	0.136872	
7.50021	-0.00145683	0.136872	
7.50021	-0.00145683	0.136872	
7.50021	-0.00145683	0.136872	
7.50021	-0.00145683	0.136872	
7.50021	-0.00145683	0.136872	
7.50021	-0.00145683	0.136872	
7.50021	-0.00145683	0.136872	
7.50021	-0.00145683	0.136872	
7.50021	-0.00145683	0.136872	
7.50021	-0.00145683	0.136872	
7.50021	-0.00145683	0.136872	
7.50021	-0.00145683	0.136872	
7.50021	-0.00145683	0.136872	
7.50021	-0.00145683	0.136872	
7.50021	-0.00145683	0.136872	
7.50021	-0.00145683	0.136872	
7.50021	-0.00145683	0.136872	
7.50021	-0.00145683	0.136872	
7.50021	-0.00145683	0.136872	
7.50021	-0.00145683	0.136872	
7.50021	-0.00145683	0.136872	
7.50021	-0.00145683	0.136872	
7.50021	-0.00145683	0.136872	
7.50021	-0.00145683	0.136872	
7.50021	-0.00145683	0.136872	
7.50021	-0.00145683	0.136872	
7.50021	-0.00145683	0.136872	
7.50021	-0.00145683	0.136872	
7.50021	-0.00145683	0.136872	
7.50021	-0.00145683	0.136872	
7.50021	-0.00145683	0.136872	
7.50021	-0.00145683	0.136872	
7.50021	-0.00145683	0.136872	
7.50021	-0.00145683	0.136872	
7.50021	-0.00145683	0.136872	
7.50021	-0.00145683	0.136872	
7.50021	-0.00145683	0.136872	
7.50021	-0.00145683	0.136872	
7.50021	-0.00145683	0.136872	
7.50021	-0.00145683	0.136872	
7.50021	-0.00145683	0.136872	
7.50021	-0.00145683	0.136872	
7.50021	-0.00145683	0.136872	
7.50021	-0.00145683	0.136872	
7.50021	-0.00145683	0.136872	
7.50021	-0.00145683	0.136872	
7.50021	-0.00145683	0.136872	
7.50021	-0.00145683	0.136872	
7.50021	-0.00145683	0.136872	
7.50021	-0.00145683	0.136872	
7.50021	-0.00145683	0.136872	
7.50021	-0.00145683	0.136872	
7.50021	-0.00145683	0.136872	
7.50021	-0.00145683	0.136872	
7.50021	-0.00145683	0.136872	
7.50021	-0.00145683	0.136872	
7.50021	-0.00145683	0.136872	
7.50021	-0.00145683	0.136872	
7.50021	-0.00145683	0.136872	
7.50021	-0.00145683	0.136872	
7.50021	-0.00145683	0.136872	
7.50021	-0.00145683	0.136872	
7.50021	-0.00145683	0.136872	
7.50021	-0.00145683	0.136872	
7.5002	-0.00143659	0.137972	
7.5002	-0.00141662	0.128036	
7.5002	-0.00139694	0.12115	
7.5002	-0.00137752	0.113367	
7.50019	-0.00135838	0.109547	
7.50019	-0.0013395	0.108847	
7.50019	-0.00132088	0.113565	
7.50018	-0.00130252	0.116415	
7.50018	-0.00128441	0.122089	
7.50018	-0.00128441	0.122089	
7.50018	-0.00128441	0.122089	
7.50018	-0.00128441	0.122089	
7.50018	-0.00128441	0.122089	
7.50018	-0.00128441	0.122089	
7.50018	-0.00128441	0.122089	
7.50018	-0.00128441	0.122089	
7.50018	-0.00128441	0.122089	
7.50018	-0.00128441	0.122089	
7.50018	-0.00128441	0.122089	
7.50018	-0.00128441	0.122089	
7.50018	-0.00128441	0.122089	
7.50018	-0.00128441	0.122089	
7.50018	-0.00128441	0.122089	
7.50018	-0.00128441	0.122089	
7.50018	-0.00128441	0.122089	
7.50018	-0.00128441	0.122089	
7.50018	-0.00128441	0.122089	
7.50018	-0.00128441	0.122089	
7.50018	-0.00128441	0.122089	
7.50018	-0.00128441	0.122089	
7.50018	-0.00128441	0.122089	
7.50018	-0.00128441	0.122089	
7.50018	-0.00128441	0.122089	
7.50018	-0.00128441	0.122089	
7.50018	-0.00128441	0.122089	
7.50018	-0.00128441	0.122089	
7.50018	-0.00128441	0.122089	
7.50018	-0.00128441	0.122089	
7.50018	-0.00128441	0.122089	
7.50018	-0.00128441	0.122089	
7.50018	-0.00128441	0.122089	
7.50018	-0.00128441	0.122089	
7.50018	-0.00128441	0.122089	
7.50018	-0.00128441	0.122089	
7.50018	-0.00128441	0.122089	
7.50018	-0.00128441	0.122089	
7.50018	-0.00128441	0.122089	
7.50018	-0.00128441	0.122089	
7.50018	-0.00128441	0.122089	
7.50018	-0.00128441	0.122089	
7.50018	-0.00128441	0.122089	
7.50018	-0.00128441	0.122089	
7.50018	-0.00128441	0.122089	
7.50018	-0.00128441	0.122089	
7.50018	-0.00128441	0.122089	
7.50018	-0.00128441	0.122089	
7.50018	-0.00128441	0.122089	
7.50018	-0.00128441	0.122089	
7.50018	-0.00128441	0.122089	
7.50018	-0.00128441	0.122089	
7.50018	-0.00128441	0.122089	
7.50018	-0.00128441	0.122089	
7.50018	-0.00128441	0.122089	
7.50018	-0.00128441	0.122089	
7.50018	-0.00128441	0.122089	
7.50018	-0.00128441	0.122089	
7.50018	-0.00128441	0.122089	
7.50018	-0.00128441	0.122089	
7.50018	-0.00128441	0.122089	
7.50018	-0.00128441	0.122089	
7.50018	-0.00128441	0.122089	
7.50018	-0.00128441	0.122089	
7.50018	-0.00128441	0.122089	
7.50018	-0.00128441	0.122089	
7.50018	-0.00128441	0.122089	
7.50018	-0.00128441	0.122089	
7.50018	-0.00128441	0.122089	
7.50018	-0.00128441	0.122089	
7.50018	-0.00128441	0.122089	
7.50018	-0.00128441	0.122089	
7.50018	-0.00128441	0.122089	
7.50018	-0.00128441	0.122089	
7.50018	-0.00128441	0.122089	
7.50018	-0.00128441	0.122089	
7.50018	-0.00128441	0.122089	
7.50018	-0.00128441	0.122089	
7.50018	-0.00128441	0.122089	
7.50018	-0.00128441	0.122089	
7.50018	-0.00128441	0.122089	
7.50018	-0.00128441	0.122089	
7.50018	-0.00128441	0.122089	
7.50018	-0.00128441	0.122089	
7.50018	-0.00128441	0.122089	
7.50018	-0.00128441	0.122089	
7.50018	-0.00128441	0.122089	
7.50018	-0.00128441	0.122089	
7.50018	-0.00128441	0.122089	
7.50018	-0.00128441	0.122089	
7.50018	-0.00128441	0.122089	
7.50018	-0.00128441	0.122089	
7.50018	-0.00128441	0.122089	
7.50018	-0.00128441	0.122089	
7.50018	-0.00128441	0.122089	
7.50018	-0.00128441	0.122089	
7.50018	-0.00128441	0.122089	
7.50018	-0.00128441	0.122089	
7.50018	-0.00128441	0.122089	
7.50018	-0.00128441	0.122089	
7.50018	-0.00128441	0.122089	
7.50018	-0.00128441	0.122089	
7.50018	-0.00128441	0.122089	
7.50018	-0.00128441	0.122089	
7.50018	-0.00128441	0.122089	
7.50018	-0.00128441	0.122089	
7.50018	-0.00128441	0.122089	
7.50018	-0.00128441	0.122089	
7.50018	-0.00128441	0.122089	
7.50018	-0.00128441	0.122089	
7.50018	-0.00128441	0.122089	
7.50018	-0.00128441	0.122089	
7.50018	-0.00128441	0.122089	
7.50018	-0.00128441	0.122089	
7.50018	-0.00128441	0.122089	
7.50018	-0.00128441	0.122089	
7.50018	-0.00128441	0.122089	
7.50018	-0.00128441	0.122089	
7.50018	-0.00128441	0.122089	
7.50018	-0.00128441	0.122089	
7.50018	-0.00128441	0.122089	
7.50018	-0.00128441	0.122089	
7.50018	-0.00128441	0.122089	
7.50018	-0.00128441	0.122089	
7.50018	-0.00128441	0.122089	
7.50018	-0.00128441	0.122089	
7.50018	-0.00128441	0.122089	
7.50018	-0.00128441	0.122089	
7.50018	-0.00128441	0.122089	
7.50018	-0.00128441	0.122089	
7.50018	-0.00128441	0.122089	
7.50018	-0.00128441	0.122089	
7.50018	-0.00128441	0.122089	
7.50018	-0.00128441	0.122089	
7.50018	-0.00128441	0.122089	
7.50018	-0.00128441	0.122089	
7.50018	-0.00128441	0.122089	
7.50018	-0.00128441	0.122089	
7.50018	-0.00128441	0.122089	
7.50018	-0.00128441	0.122089	
7.50018	-0.00128441	0.122089	
7.50018	-0.00128441	0.122089	
7.50018	-0.00128441	0.122089	
7.50018	-0.00128441	0.122089	
7.50018	-0.00128441	0.122089	
7.50018	-0.00126655	0.121465	
7.50018	-0.00124894	0.1202	
7.50017	-0.00123158	0.11381	
7.50017	-0.00121445	0.113211	
7.50017	-0.00119756	0.111318	
7.50017	-0.00118091	0.109839	
7.50016	-0.00116448	0.108757	
7.50016	-0.00114829	0.111505	
7.50016	-0.00114829	0.111505	
7.50016	-0.00114829	0.111505	
7.50016	-0.00114829	0.111505	
7.50016	-0.00114829	0.111505	
7.50016	-0.00114829	0.111505	
7.50016	-0.00114829	0.111505	
7.50016	-0.00114829	0.111505	
7.50016	-0.00114829	0.111505	
7.50016	-0.00114829	0.111505	
7.50016	-0.00114829	0.111505	
7.50016	-0.00114829	0.111505	
7.50016	-0.00114829	0.111505	
7.50016	-0.00114829	0.111505	
7.50016	-0.00114829	0.111505	
7.50016	-0.00114829	0.111505	
7.50016	-0.00114829	0.111505	
7.50016	-0.00114829	0.111505	
7.50016	-0.00114829	0.111505	
7.50016	-0.00114829	0.111505	
7.50016	-0.00114829	0.111505	
7.50016	-0.00114829	0.111505	
7.50016	-0.00114829	0.111505	
7.50016	-0.00114829	0.111505	
7.50016	-0.00114829	0.111505	
7.50016	-0.00114829	0.111505	
7.50016	-0.00114829	0.111505	
7.50016	-0.00114829	0.111505	
7.50016	-0.00114829	0.111505	
7.50016	-0.00114829	0.111505	
7.50016	-0.00114829	0.111505	
7.50016	-0.00114829	0.111505	
7.50016	-0.00114829	0.111505	
7.50016	-0.00114829	0.111505	
7.50016	-0.00114829	0.111505	
7.50016	-0.00114829	0.111505	
7.50016	-0.00114829	0.111505	
7.50016	-0.00114829	0.111505	
7.50016	-0.00114829	0.111505	
7.50016	-0.00114829	0.111505	
7.50016	-0.00114829	0.111505	
7.50016	-0.00114829	0.111505	
7.50016	-0.00114829	0.111505	
7.50016	-0.00114829	0.111505	
7.50016	-0.00114829	0.111505	
7.50016	-0.00114829	0.111505	
7.50016	-0.00114829	0.111505	
7.50016	-0.00114829	0.111505	
7.50016	-0.00114829	0.111505	
7.50016	-0.00114829	0.111505	
7.50016	-0.00114829	0.111505	
7.50016	-0.00114829	0.111505	
7.50016	-0.00114829	0.111505	
7.50016	-0.00114829	0.111505	
7.50016	-0.00114829	0.111505	
7.50016	-0.00114829	0.111505	
7.50016	-0.00114829	0.111505	
7.50016	-0.00114829	0.111505	
7.50016	-0.00114829	0.111505	
7.50016	-0.00114829	0.111505	
7.50016	-0.00114829	0.111505	
7.50016	-0.00114829	0.111505	
7.50016	-0.00114829	0.111505	
7.50016	-0.00114829	0.111505	
7.50016	-0.00114829	0.111505	
7.50016	-0.00114829	0.111505	
7.50016	-0.00114829	0.111505	
7.50016	-0.00114829	0.111505	
7.50016	-0.00114829	0.111505	
7.50016	-0.00114829	0.111505	
7.50016	-0.00114829	0.111505	
7.50016	-0.00114829	0.111505	
7.50016	-0.00114829	0.111505	
7.50016	-0.00114829	0.111505	
7.50016	-0.00114829	0.111505	
7.50016	-0.00114829	0.111505	
7.50016	-0.00114829	0.111505	
7.50016	-0.00114829	0.111505	
7.50016	-0.00114829	0.111505	
7.50016	-0.00114829	0.111505	
7.50016	-0.00114829	0.111505	
7.50016	-0.00114829	0.111505	
7.50016	-0.00114829	0.111505	
7.50016	-0.00114829	0.111505	
7.50016	-0.00114829	0.111505	
7.50016	-0.00114829	0.111505	
7.50016	-0.00114829	0.111505	
7.50016	-0.00114829	0.111505	
7.50016	-0.00114829	0.111505	
7.50016	-0.00114829	0.111505	
7.50016	-0.00114829	0.111505	
7.50016	-0.00114829	0.111505	
7.50016	-0.00114829	0.111505	
7.50016	-0.00114829	0.111505	
7.50016	-0.00114829	0.111505	
7.50016	-0.00114829	0.111505	
7.50016	-0.00114829	0.111505	
7.50016	-0.00114829	0.111505	
7.50016	-0.00114829	0.111505	
7.50016	-0.00114829	0.111505	
7.50016	-0.00114829	0.111505	
7.50016	-0.00114829	0.111505	
7.50016	-0.00114829	0.111505	
7.50016	-0.00114829	0.111505	
7.50016	-0.00114829	0.111505	
7.50016	-0.00114829	0.111505	
7.50016	-0.00114829	0.111505	
7.50016	-0.00114829	0.111505	
7.50016	-0.00114829	0.111505	
7.50016	-0.00114829	0.111505	
7.50016	-0.00114829	0.111505	
7.50016	-0.00114829	0.111505	
7.50016	-0.00114829	0.111505	
7.50016	-0.00114829	0.111505	
7.50016	-0.00114829	0.111505	
7.50016	-0.00114829	0.111505	
7.50016	-0.00114829	0.111505	
7.50016	-0.00114829	0.111505	
7.50016	-0.00114829	0.111505	
7.50016	-0.00114829	0.111505	
7.50016	-0.00114829	0.111505	
7.50016	-0.00114829	0.111505	
7.50016	-0.00114829	0.111505	
7.50016	-0.00114829	0.111505	
7.50016	-0.00114829	0.111505	
7.50016	-0.00114829	0.111505	
7.50016	-0.00114829	0.111505	
7.50016	-0.00114829	0.111505	
7.50016	-0.00114829	0.111505	
7.50016	-0.00114829	0.111505	
7.50016	-0.00114829	0.111505	
7.50016	-0.00114829	0.111505	
7.50016	-0.00114829	0.111505	
7.50016	-0.00114829	0.111505	
7.50016	-0.00114829	0.111505	
7.50016	-0.00114829	0.111505	
7.50016	-0.00114829	0.111505	
7.50016	-0.00114829	0.111505	
7.50016	-0.00114829	0.111505	
7.50016	-0.00114829	0.111505	
7.50016	-0.00114829	0.111505	
7.50016	-0.00114829	0.111505	
7.50016	-0.00114829	0.111505	
7.50016	-0.00114829	0.111505	
7.50016	-0.00114829	0.111505	
7.50016	-0.00114829	0.111505	
7.50016	-0.00114829	0.111505	
7.50016	-0.00114829	0.111505	
7.50016	-0.00114829	0.111505	
7.50016	-0.00114829	0.111505	
7.50016	-0.00114829	0.111505	
7.50016	-0.00114829	0.111505	
7.50016	-0.00114829	0.111505	
7.50016	-0.00114829	0.111505	
7.50016	-0.00114829	0.111505	
7.50016	-0.00114829	0.111505	
7.50016	-0.00114829	0.111505	
7.50016	-0.00114829	0.111505	
7.50016	-0.00114829	0.111505	
7.50016	-0.00114829	0.111505	
7.50016	-0.00114829	0.111505	
7.50016	-0.00114829	0.111505	
7.50016	-0.00114829	0.111505	
7.50016	-0.00114829	0.111505	
7.50016	-0.00114829	0.111505	
7.50016	-0.00114829	0.111505	
7.50016	-0.00114829	0.111505	
7.50016	-0.00114829	0.111505	
7.50016	-0.00114829	0.111505	
7.50016	-0.00114829	0.111505	
7.50016	-0.00114829	0.111505	
7.50016	-0.00114829	0.111505	
7.50016	-0.00114829	0.111505	
7.50016	-0.00114829	0.111505	
7.50016	-0.00114829	0.111505	
7.50016	-0.00114829	0.111505	
7.50016	-0.00114829	0.111505	
7.50016	-0.00114829	0.111505	
7.50016	-0.00114829	0.111505	
7.50016	-0.00114829	0.111505	
7.50016	-0.00114829	0.111505	
7.50016	-0.00114829	0.111505	
7.50016	-0.00114829	0.111505	
7.50016	-0.00114829	0.111505	
7.50016	-0.00114829	0.111505	
7.50016	-0.00114829	0.111505	
7.50016	-0.00114829	0.111505	
7.50016	-0.00114829	0.111505	
7.50016	-0.00114829	0.111505	
7.50016	-0.00114829	0.111505	
7.50016	-0.00114829	0.111505	
7.50016	-0.00114829	0.111505	
7.50016	-0.00114829	0.111505	
7.50016	-0.00114829	0.111505	
7.50016	-0.00114829	0.111505	
7.50016	-0.00114829	0.111505	
7.50016	-0.00114829	0.111505	
7.50016	-0.00114829	0.111505	
7.50016	-0.00114829	0.111505	
7.50016	-0.00114829	0.111505	
7.50016	-0.00114829	0.111505	
7.50016	-0.00114829	0.111505	
7.50016	-0.00114829	0.111505	
7.50016	-0.00114829	0.111505	
7.50016	-0.00114829	0.111505	
7.50016	-0.00114829	0.111505	
7.50016	-0.00114829	0.111505	
7.50016	-0.00114829	0.111505	
7.50016	-0.00114829	0.111505	
7.50016	-0.00114829	0.111505	
7.50016	-0.00114829	0.111505	
7.50016	-0.00114829	0.111505	
7.50016	-0.00114829	0.111505	
7.50016	-0.00114829	0.111505	
7.50016	-0.00114829	0.111505	
7.50016	-0.00114829	0.111505	
7.50016	-0.00114829	0.111505	
7.50016	-0.00114829	0.111505	
7.50016	-0.00114829	0.111505	
7.50016	-0.00114829	0.111505	
7.50016	-0.00114829	0.111505	
7.50016	-0.00114829	0.111505	
7.50016	-0.00114829	0.111505	
7.50016	-0.00114829	0.111505	
7.50016	-0.00114829	0.111505	
7.50016	-0.00114829	0.111505	
7.50016	-0.00114829	0.111505	
7.50016	-0.00114829	0.111505	
7.50016	-0.00114829	0.111505	
7.50016	-0.00114829	0.111505	
7.50016	-0.00114829	0.111505	
7.50016	-0.00114829	0.111505	
7.50016	-0.00114829	0.111505	
7.50016	-0.00114829	0.111505	
7.50016	-0.00114829	0.111505	
7.50016	-0.00114829	0.111505	
7.50016	-0.00114829	0.111505	
7.50016	-0.00114829	0.111505	
7.50016	-0.00114829	0.111505	
7.50016	-0.00114829	0.111505	
7.50016	-0.00114829	0.111505	
7.50016	-0.00114829	0.111505	
7.50016	-0.00114829	0.111505	
7.50016	-0.00114829	0.111505	
7.50016	-0.00114829	0.111505	
7.50016	-0.00114829	0.111505	
7.50016	-0.00114829	0.111505	
7.50016	-0.00114829	0.111505	
7.50016	-0.00114829	0.111505	
7.50016	-0.00114829	0.111505	
7.50016	-0.00114829	0.111505	
7.50016	-0.00114829	0.111505	
7.50016	-0.00114829	0.111505	
7.50016	-0.00114829	0.111505	
7.50016	-0.00114829	0.111505	
7.50016	-0.00114829	0.111505	
7.50016	-0.00114829	0.111505	
7.50016	-0.00114829	0.111505	
7.50016	-0.00114829	0.111505	
7.50016	-0.00114829	0.111505	
7.50016	-0.00114829	0.111505	
7.50016	-0.00114829	0.111505	
7.50016	-0.00114829	0.111505	
7.50016	-0.00114829	0.111505	
7.50016	-0.00114829	0.111505	
7.50016	-0.00114829	0.111505	
7.50016	-0.00114829	0.111505	
7.50016	-0.00114829	0.111505	
7.50016	-0.00114829	0.111505	
7.50016	-0.00114829	0.111505	
7.50016	-0.00114829	0.111505	
7.50016	-0.00114829	0.111505	
7.50016	-0.00114829	0.111505	
7.50016	-0.00114829	0.111505	
7.50016	-0.00114829	0.111505	
7.50016	-0.00114829	0.111505	
7.50016	-0.00114829	0.111505	
7.50016	-0.00114829	0.111505	
7.50016	-0.00114829	0.111505	
7.50016	-0.00114829	0.111505	
7.50016	-0.00114829	0.111505	
7.50016	-0.00114829	0.111505	
7.50016	-0.00114829	0.111505	
7.50016	-0.00114829	0.111505	
7.50016	-0.00114829	0.111505	
7.50016	-0.00114829	0.111505	
7.50016	-0.00114829	0.111505	
7.50016	-0.00114829	0.111505	
7.50016	-0.00114829	0.111505	
7.50016	-0.00114829	0.111505	
7.50016	-0.00114829	0.111505	
7.50016	-0.00114829	0.111505	
7.50016	-0.00114829	0.111505	
7.50016	-0.00114829	0.111505	
7.50016	-0.00114829	0.111505	
7.50016	-0.00114829	0.111505	
7.50016	-0.00114829	0.111505	
7.50016	-0.00114829	0.111505	
7.50016	-0.00114829	0.111505	
7.50016	-0.00114829	0.111505	
7.50016	-0.00114829	0.111505	
7.50016	-0.00114829	0.111505	
7.50016	-0.00114829	0.111505	
7.50016	-0.00114829	0.111505	
7.50016	-0.00114829	0.111505	
7.50016	-0.00114829	0.111505	
7.50016	-0.00114829	0.111505	
7.50016	-0.00114829	0.111505	
7.50016	-0.00114829	0.111505	
7.50016	-0.00114829	0.111505	
7.50016	-0.00114829	0.111505	
7.50016	-0.00114829	0.111505	
7.50016	-0.00114829	0.111505	
7.50016	-0.00114829	0.111505	
7.50016	-0.00114829	0.111505	
7.50016	-0.00114829	0.111505	
7.50016	-0.00114829	0.111505	
7.50016	-0.00114829	0.111505	
7.50016	-0.00114829	0.111505	
7.50016	-0.00114829	0.111505	
7.50016	-0.00114829	0.111505	
7.50016	-0.00114829	0.111505	
7.50016	-0.00114829	0.111505	
7.50016	-0.00114829	0.111505	
7.50016	-0.00114829	0.111505	
7.50016	-0.00114829	0.111505	
7.50016	-0.00114829	0.111505	
7.50016	-0.00114829	0.111505	
7.50016	-0.00114829	0.111505	
7.50016	-0.00114829	0.111505	
7.50016	-0.00114829	0.111505	
7.50016	-0.00114829	0.111505	
7.50016	-0.00114829	0.111505	
7.50016	-0.00114829	0.111505	
7.50016	-0.00114829	0.111505	
7.50016	-0.00114829	0.111505	
7.50016	-0.00114829	0.111505	
7.50016	-0.00114829	0.111505	
7.50016	-0.00114829	0.111505	
7.50016	-0.00114829	0.111505	
7.50016	-0.00114829	0.111505	
7.50016	-0.00114829	0.111505	
7.50016	-0.00114829	0.111505	
7.50016	-0.00114829	0.111505	
7.50016	-0.00114829	0.111505	
7.50016	-0.00114829	0.111505	
7.50016	-0.00114829	0.111505	
7.50016	-0.00114829	0.111505	
7.50016	-0.00114829	0.111505	
7.50016	-0.00114829	0.111505	
7.50016	-0.00114829	0.111505	
7.50016	-0.00114829	0.111505	
7.50016	-0.00114829	0.111505	
7.50016	-0.00114829	0.111505	
7.50016	-0.00114829	0.111505	
7.50016	-0.00114829	0.111505	
7.50016	-0.00114829	0.111505	
7.50016	-0.00114829	0.111505	
7.50016	-0.00114829	0.111505	
7.50016	-0.00114829	0.111505	
7.50016	-0.00114829	0.111505	
7.50016	-0.00114829	0.111505	
7.50016	-0.00114829	0.111505	
7.50016	-0.00114829	0.111505	
7.50016	-0.00114829	0.111505	
7.50016	-0.00114829	0.111505	
7.50016	-0.00114829	0.111505	
7.50016	-0.00114829	0.111505	
7.50016	-0.00114829	0.111505	
7.50016	-0.00114829	0.111505	
7.50016	-0.00114829	0.111505	
7.50016	-0.00114829	0.111505	
7.50016	-0.00114829	0.111505	
7.50016	-0.00114829	0.111505	
7.50016	-0.00114829	0.111505	
7.50016	-0.00114829	0.111505	
7.50016	-0.00114829	0.111505	
7.50016	-0.00114829	0.111505	
7.50016	-0.00114829	0.111505	
7.50016	-0.00114829	0.111505	
7.50016	-0.00114829	0.111505	
7.50016	-0.00114829	0.111505	
7.50016	-0.00114829	0.111505	
7.50016	-0.00114829	0.111505	
7.50016	-0.00114829	0.111505	
7.50016	-0.00114829	0.111505	
7.50016	-0.00114829	0.111505	
7.50016	-0.00114829	0.111505	
7.50016	-0.00114829	0.111505	
7.50016	-0.00114829	0.111505	
7.50016	-0.00114829	0.111505	
7.50016	-0.00114829	0.111505	
7.50016	-0.00114829	0.111505	
7.50016	-0.00114829	0.111505	
7.50016	-0.00114829	0.111505	
7.50016	-0.00114829	0.111505	
7.50016	-0.00114829	0.111505	
7.50016	-0.00114829	0.111505	
7.50016	-0.00114829	0.111505	
7.50016	-0.00114829	0.111505	
7.50016	-0.00114829	0.111505	
7.50016	-0.00114829	0.111505	
7.50016	-0.00114829	0.111505	
7.50016	-0.00114829	0.111505	
7.50016	-0.00114829	0.111505	
7.50016	-0.00114829	0.111505	
7.50016	-0.00114829	0.111505	
7.50016	-0.00114829	0.111505	
7.50016	-0.00114829	0.111505	
7.50016	-0.00114829	0.111505	
7.50016	-0.00114829	0.111505	
7.50016	-0.00114829	0.111505	
7.50016	-0.00114829	0.111505	
7.50016	-0.00114829	0.111505	
7.50016	-0.00114829	0.111505	
7.50016	-0.00114829	0.111505	
7.50016	-0.00114829	0.111505	
7.50016	-0.00114829	0.111505	
7.50016	-0.00114829	0.111505	
7.50016	-0.00114829	0.111505	
7.50016	-0.00114829	0.111505	
7.50016	-0.00114829	0.111505	
7.50016	-0.00114829	0.111505	
7.50016	-0.00114829	0.111505	
7.50016	-0.00114829	0.111505	
7.50016	-0.00114829	0.111505	
7.50016	-0.00114829	0.111505	
7.50016	-0.00114829	0.111505	
7.50016	-0.00114829	0.111505	
7.50016	-0.00114829	0.111505	
7.50016	-0.00114829	0.111505	
7.50016	-0.00114829	0.111505	
7.50016	-0.00114829	0.111505	
7.50016	-0.00114829	0.111505	
7.50016	-0.00114829	0.111505	
7.50016	-0.00114829	0.111505	
7.50016	-0.00114829	0.111505	
7.50016	-0.00114829	0.111505	
7.50016	-0.00114829	0.111505	
7.50016	-0.00114829	0.111505	
7.50016	-0.00114829	0.111505	
7.50016	-0.00114829	0.111505	
7.50016	-0.00114829	0.111505	
7.50016	-0.00114829	0.111505	
7.50016	-0.00114829	0.111505	
7.50016	-0.00114829	0.111505	
7.50016	-0.00114829	0.111505	
7.50016	-0.00114829	0.111505	
7.50016	-0.00114829	0.111505	
7.50016	-0.00114829	0.111505	
7.50016	-0.00114829	0.111505	
7.50016	-0.00114829	0.111505	
7.50016	-0.00114829	0.111505	
7.50016	-0.00114829	0.111505	
7.50016	-0.00114829	0.111505	
7.50016	-0.00114829	0.111505	
7.50016	-0.00114829	0.111505	
7.50016	-0.00114829	0.111505	
7.50016	-0.00114829	0.111505	
7.50016	-0.00114829	0.111505	
7.50016	-0.00114829	0.111505	
7.50016	-0.00114829	0.111505	
7.50016	-0.00114829	0.111505	
7.50016	-0.00114829	0.111505	
7.50016	-0.00114829	0.111505	
7.50016	-0.00114829	0.111505	
7.50016	-0.00114829	0.111505	
7.50016	-0.00114829	0.111505	
7.50016	-0.00114829	0.111505	
7.50016	-0.00114829	0.111505	
7.50016	-0.00114829	0.111505	
7.50016	-0.00114829	0.111505	
7.50016	-0.00114829	0.111505	
7.50016	-0.00114829	0.111505	
7.50016	-0.00114829	0.111505	
7.50016	-0.00114829	0.111505	
7.50016	-0.00114829	0.111505	
7.50016	-0.00114829	0.111505	
7.50016	-0.00114829	0.111505	
7.50016	-0.00114829	0.111505	
7.50016	-0.00114829	0.111505	
7.50016	-0.00114829	0.111505	
7.50016	-0.00114829	0.111505	
7.50016	-0.00114829	0.111505	
7.50016	-0.00114829	0.111505	
7.50016	-0.00114829	0.111505	
7.50016	-0.00114829	0.111505	
7.50016	-0.00114829	0.111505	
7.50016	-0.00114829	0.111505	
7.50016	-0.00114829	0.111505	
7.50016	-0.00114829	0.111505	
7.50016	-0.00114829	0.111505	
7.50016	-0.00114829	0.111505	
7.50016	-0.00114829	0.111505	
7.50016	-0.00114829	0.111505	
7.50016	-0.00114829	0.111505	
7.50016	-0.00114829	0.111505	
7.50016	-0.00114829	0.111505	
7.50016	-0.00114829	0.111505	
7.50016	-0.00114829	0.111505	
7.50016	-0.00114829	0.111505	
7.50016	-0.00114829	0.111505	
7.50016	-0.00114829	0.111505	
7.50016	-0.00114829	0.111505	
7.50016	-0.00114829	0.111505	
7.50016	-0.00114829	0.111505	
7.50016	-0.00114829	0.111505	
7.50016	-0.00114829	0.111505	
7.50016	-0.00114829	0.111505	
7.50016	-0.00114829	0.111505	
7.50016	-0.00114829	0.111505	
7.50016	-0.00114829	0.111505	
7.50016	-0.00114829	0.111505	
7.50016	-0.00114829	0.111505	
7.50016	-0.00114829	0.111505	
7.50016	-0.00114829	0.111505	
7.50016	-0.00114829	0.111505	
7.50016	-0.00114829	0.111505	
7.50016	-0.00114829	0.111505	
7.50016	-0.00114829	0.111505	
7.50016	-0.00114829	0.111505	
7.50016	-0.00114829	0.111505	
7.50016	-0.00114829	0.111505	
7.50016	-0.00114829	0.111505	
7.50016	-0.00114829	0.111505	
7.50016	-0.00114829	0.111505	
7.50016	-0.00114829	0.111505	
7.50016	-0.00114829	0.111505	
7.50016	-0.00114829	0.111505	
7.50016	-0.00114829	0.111505	
7.50016	-0.00114829	0.111505	
7.50016	-0.00114829	0.111505	
7.50016	-0.00114829	0.111505	
7.50016	-0.00114829	0.111505	
7.50016	-0.00114829	0.111505	
7.50016	-0.00114829	0.111505	
7.50016	-0.00114829	0.111505	
7.50016	-0.00114829	0.111505	
7.50016	-0.00114829	0.111505	
7.50016	-0.00114829	0.111505	
7.50016	-0.00114829	0.111505	
7.50016	-0.00114829	0.111505	
7.50016	-0.00114829	0.111505	
7.50016	-0.00114829	0.111505	
7.50016	-0.00114829	0.111505	
7.50016	-0.00114829	0.111505	
7.50016	-0.00114829	0.111505	
7.50016	-0.00114829	0.111505	
7.50016	-0.00114829	0.111505	
7.50016	-0.00114829	0.111505	
7.50016	-0.00114829	0.111505	
7.50016	-0.00114829	0.111505	
7.50016	-0.00114829	0.111505	
7.50016	-0.00114829	0.111505	
7.50016	-0.00114829	0.111505	
7.50016	-0.00114829	0.111505	
7.50016	-0.00114829	0.111505	
7.50016	-0.00114829	0.111505	
7.50016	-0.00114829	0.111505	
7.50016	-0.00114829	0.111505	
7.50016	-0.00114829	0.111505	
7.50016	-0.00114829	0.111505	
7.50016	-0.00114829	0.111505	
7.50016	-0.00114829	0.111505	
7.50016	-0.00114829	0.111505	
7.50016	-0.00114829	0.111505	
7.50016	-0.00114829	0.111505	
7.50016	-0.00114829	0.111505	
7.50016	-0.00114829	0.111505	
7.50016	-0.00114829	0.111505	
7.50016	-0.00114829	0.111505	
7.50016	-0.00114829	0.111505	
7.50016	-0.00114829	0.111505	
7.50016	-0.00114829	0.111505	
7.50016	-0.00114829	0.111505	
7.50016	-0.00114829	0.111505	
7.50016	-0.00114829	0.111505	
7.50016	-0.00114829	0.111505	
7.50016	-0.00113231	0.101869	
7.50016	-0.00111656	0.0942052	
7.50016	-0.00110103	0.0884111	
7.50015	-0.00108571	0.0892758	
7.50015	-0.00107061	0.0920971	
7.50015	-0.00105571	0.0966342	
7.50015	-0.00104102	0.0991011	
7.50015	-0.00104102	0.0991011	
7.50015	-0.00104102	0.0991011	
7.50015	-0.00104102	0.0991011	
7.50015	-0.00104102	0.0991011	
7.50015	-0.00104102	0.0991011	
7.50015	-0.00104102	0.0991011	
7.50015	-0.00104102	0.0991011	
7.50015	-0.00104102	0.0991011	
7.50015	-0.00104102	0.0991011	
7.50015	-0.00104102	0.0991011	
7.50015	-0.00104102	0.0991011	
7.50015	-0.00104102	0.0991011	
7.50015	-0.00104102	0.0991011	
7.50015	-0.00104102	0.0991011	
7.50015	-0.00104102	0.0991011	
7.50015	-0.00104102	0.0991011	
7.50015	-0.00104102	0.0991011	
7.50015	-0.00104102	0.0991011	
7.50015	-0.00104102	0.0991011	
7.50015	-0.00104102	0.0991011	
7.50015	-0.00104102	0.0991011	
7.50015	-0.00104102	0.0991011	
7.50015	-0.00104102	0.0991011	
7.50015	-0.00104102	0.0991011	
7.50015	-0.00104102	0.0991011	
7.50015	-0.00104102	0.0991011	
7.50015	-0.00104102	0.0991011	
7.50015	-0.00104102	0.0991011	
7.50015	-0.00104102	0.0991011	
7.50015	-0.00104102	0.0991011	
7.50015	-0.00104102	0.0991011	
7.50015	-0.00104102	0.0991011	
7.50015	-0.00104102	0.0991011	
7.50015	-0.00104102	0.0991011	
7.50015	-0.00104102	0.0991011	
7.50015	-0.00104102	0.0991011	
7.50015	-0.00104102	0.0991011	
7.50015	-0.00104102	0.0991011	
7.50015	-0.00104102	0.0991011	
7.50015	-0.00104102	0.0991011	
7.50015	-0.00104102	0.0991011	
7.50015	-0.00104102	0.0991011	
7.50015	-0.00104102	0.0991011	
7.50015	-0.00104102	0.0991011	
7.50015	-0.00104102	0.0991011	
7.50015	-0.00104102	0.0991011	
7.50015	-0.00104102	0.0991011	
7.50015	-0.00104102	0.0991011	
7.50015	-0.00104102	0.0991011	
7.50015	-0.00104102	0.0991011	
7.50015	-0.00104102	0.0991011	
7.50015	-0.00104102	0.0991011	
7.50015	-0.00104102	0.0991011	
7.50015	-0.00104102	0.0991011	
7.50015	-0.00104102	0.0991011	
7.50015	-0.00104102	0.0991011	
7.50015	-0.00104102	0.0991011	
7.50015	-0.00104102	0.0991011	
7.50015	-0.00104102	0.0991011	
7.50015	-0.00104102	0.0991011	
7.50015	-0.00104102	0.0991011	
7.50015	-0.00104102	0.0991011	
7.50015	-0.00104102	0.0991011	
7.50015	-0.00104102	0.0991011	
7.50015	-0.00104102	0.0991011	
7.50015	-0.00104102	0.0991011	
7.50015	-0.00104102	0.0991011	
7.50015	-0.00104102	0.0991011	
7.50015	-0.00104102	0.0991011	
7.50015	-0.00104102	0.0991011	
7.50015	-0.00104102	0.0991011	
7.50015	-0.00104102	0.0991011	
7.50015	-0.00104102	0.0991011	
7.50015	-0.00104102	0.0991011	
7.50015	-0.00104102	0.0991011	
7.50015	-0.00104102	0.0991011	
7.50015	-0.00104102	0.0991011	
7.50015	-0.00104102	0.0991011	
7.50015	-0.00104102	0.0991011	
7.50015	-0.00104102	0.0991011	
7.50015	-0.00104102	0.0991011	
7.50015	-0.00104102	0.0991011	
7.50015	-0.00104102	0.0991011	
7.50015	-0.00104102	0.0991011	
7.50015	-0.00104102	0.0991011	
7.50015	-0.00104102	0.0991011	
7.50015	-0.00104102	0.0991011	
7.50015	-0.00104102	0.0991011	
7.50015	-0.00104102	0.0991011	
7.50015	-0.00104102	0.0991011	
7.50015	-0.00104102	0.0991011	
7.50015	-0.00104102	0.0991011	
7.50015	-0.00104102	0.0991011	
7.50015	-0.00104102	0.0991011	
7.50015	-0.00104102	0.0991011	
7.50015	-0.00104102	0.0991011	
7.50015	-0.00104102	0.0991011	
7.50015	-0.00104102	0.0991011	
7.50015	-0.00104102	0.0991011	
7.50015	-0.00104102	0.0991011	
7.50015	-0.00104102	0.0991011	
7.50015	-0.00104102	0.0991011	
7.50015	-0.00104102	0.0991011	
7.50015	-0.00104102	0.0991011	
7.50015	-0.00104102	0.0991011	
7.50015	-0.00104102	0.0991011	
7.50015	-0.00104102	0.0991011	
7.50015	-0.00104102	0.0991011	
7.50015	-0.00104102	0.0991011	
7.50015	-0.00104102	0.0991011	
7.50015	-0.00104102	0.0991011	
7.50015	-0.00104102	0.0991011	
7.50015	-0.00104102	0.0991011	
7.50015	-0.00104102	0.0991011	
7.50015	-0.00104102	0.0991011	
7.50015	-0.00104102	0.0991011	
7.50015	-0.00104102	0.0991011	
7.50015	-0.00104102	0.0991011	
7.50015	-0.00104102	0.0991011	
7.50015	-0.00104102	0.0991011	
7.50015	-0.00104102	0.0991011	
7.50015	-0.00104102	0.0991011	
7.50015	-0.00104102	0.0991011	
7.50015	-0.00104102	0.0991011	
7.50015	-0.00104102	0.0991011	
7.50015	-0.00104102	0.0991011	
7.50015	-0.00104102	0.0991011	
7.50015	-0.00104102	0.0991011	
7.50015	-0.00104102	0.0991011	
7.50015	-0.00104102	0.0991011	
7.50015	-0.00104102	0.0991011	
7.50015	-0.00104102	0.0991011	
7.50015	-0.00104102	0.0991011	
7.50015	-0.00104102	0.0991011	
7.50015	-0.00104102	0.0991011	
7.50015	-0.00104102	0.0991011	
7.50015	-0.00104102	0.0991011	
7.50015	-0.00104102	0.0991011	
7.50015	-0.00104102	0.0991011	
7.50015	-0.00104102	0.0991011	
7.50015	-0.00104102	0.0991011	
7.50015	-0.00104102	0.0991011	
7.50015	-0.00104102	0.0991011	
7.50015	-0.00104102	0.0991011	
7.50015	-0.00104102	0.0991011	
7.50015	-0.00104102	0.0991011	
7.50015	-0.00104102	0.0991011	
7.50015	-0.00104102	0.0991011	
7.50015	-0.00104102	0.0991011	
7.50015	-0.00104102	0.0991011	
7.50015	-0.00104102	0.0991011	
7.50015	-0.00104102	0.0991011	
7.50015	-0.00104102	0.0991011	
7.50015	-0.00104102	0.0991011	
7.50015	-0.00104102	0.0991011	
7.50015	-0.00104102	0.0991011	
7.50015	-0.00104102	0.0991011	
7.50015	-0.00104102	0.0991011	
7.50015	-0.00104102	0.0991011	
7.50015	-0.00104102	0.0991011	
7.50015	-0.00104102	0.0991011	
7.50015	-0.00104102	0.0991011	
7.50015	-0.00104102	0.0991011	
7.50015	-0.00104102	0.0991011	
7.50015	-0.00104102	0.0991011	
7.50015	-0.00104102	0.0991011	
7.50015	-0.00104102	0.0991011	
7.50015	-0.00104102	0.0991011	
7.50015	-0.00104102	0.0991011	
7.50015	-0.00104102	0.0991011	
7.50015	-0.00104102	0.0991011	
7.50015	-0.00104102	0.0991011	
7.50015	-0.00104102	0.0991011	
7.50015	-0.00104102	0.0991011	
7.50015	-0.00104102	0.0991011	
7.50015	-0.00104102	0.0991011	
7.50015	-0.00104102	0.0991011	
7.50015	-0.00104102	0.0991011	
7.50015	-0.00104102	0.0991011	
7.50015	-0.00104102	0.0991011	
7.50015	-0.00104102	0.0991011	
7.50015	-0.00104102	0.0991011	
7.50015	-0.00104102	0.0991011	
7.50015	-0.00104102	0.0991011	
7.50015	-0.00104102	0.0991011	
7.50015	-0.00104102	0.0991011	
7.50015	-0.00104102	0.0991011	
7.50015	-0.00104102	0.0991011	
7.50015	-0.00104102	0.0991011	
7.50015	-0.00104102	0.0991011	
7.50015	-0.00104102	0.0991011	
7.50015	-0.00104102	0.0991011	
7.50015	-0.00104102	0.0991011	
7.50015	-0.00104102	0.0991011	
7.50015	-0.00104102	0.0991011	
7.50015	-0.00104102	0.0991011	
7.50015	-0.00104102	0.0991011	
7.50015	-0.00104102	0.0991011	
7.50015	-0.00104102	0.0991011	
7.50015	-0.00104102	0.0991011	
7.50015	-0.00104102	0.0991011	
7.50015	-0.00104102	0.0991011	
7.50015	-0.00104102	0.0991011	
7.50015	-0.00104102	0.0991011	
7.50015	-0.00104102	0.0991011	
7.50015	-0.00104102	0.0991011	
7.50015	-0.00104102	0.0991011	
7.50015	-0.00104102	0.0991011	
7.50015	-0.00104102	0.0991011	
7.50015	-0.00104102	0.0991011	
7.50015	-0.00104102	0.0991011	
7.50015	-0.00104102	0.0991011	
7.50015	-0.00104102	0.0991011	
7.50015	-0.00104102	0.0991011	
7.50015	-0.00104102	0.0991011	
7.50015	-0.00104102	0.0991011	
7.50015	-0.00104102	0.0991011	
7.50015	-0.00104102	0.0991011	
7.50015	-0.00104102	0.0991011	
7.50015	-0.00104102	0.0991011	
7.50015	-0.00104102	0.0991011	
7.50015	-0.00104102	0.0991011	
7.50015	-0.00104102	0.0991011	
7.50015	-0.00104102	0.0991011	
7.50015	-0.00104102	0.0991011	
7.50015	-0.00104102	0.0991011	
7.50015	-0.00104102	0.0991011	
7.50015	-0.00104102	0.0991011	
7.50015	-0.00104102	0.0991011	
7.50015	-0.00104102	0.0991011	
7.50015	-0.00104102	0.0991011	
7.50015	-0.00104102	0.0991011	
7.50015	-0.00104102	0.0991011	
7.50015	-0.00104102	0.0991011	
7.50015	-0.00104102	0.0991011	
7.50015	-0.00104102	0.0991011	
7.50015	-0.00104102	0.0991011	
7.50015	-0.00104102	0.0991011	
7.50015	-0.00104102	0.0991011	
7.50015	-0.00104102	0.0991011	
7.50015	-0.00104102	0.0991011	
7.50015	-0.00104102	0.0991011	
7.50015	-0.00104102	0.0991011	
7.50015	-0.00104102	0.0991011	
7.50015	-0.00104102	0.0991011	
7.50015	-0.00104102	0.0991011	
7.50015	-0.00104102	0.0991011	
7.50015	-0.00104102	0.0991011	
7.50015	-0.00104102	0.0991011	
7.50015	-0.00104102	0.0991011	
7.50015	-0.00104102	0.0991011	
7.50015	-0.00104102	0.0991011	
7.50015	-0.00104102	0.0991011	
7.50015	-0.00104102	0.0991011	
7.50015	-0.00104102	0.0991011	
7.50015	-0.00104102	0.0991011	
7.50015	-0.00104102	0.0991011	
7.50015	-0.00104102	0.0991011	
7.50015	-0.00104102	0.0991011	
7.50015	-0.00104102	0.0991011	
7.50015	-0.00104102	0.0991011	
7.50015	-0.00104102	0.0991011	
7.50015	-0.00104102	0.0991011	
7.50015	-0.00104102	0.0991011	
7.50015	-0.00104102	0.0991011	
7.50015	-0.00104102	0.0991011	
7.50015	-0.00104102	0.0991011	
7.50015	-0.00104102	0.0991011	
7.50015	-0.00104102	0.0991011	
7.50015	-0.00104102	0.0991011	
7.50015	-0.00104102	0.0991011	
7.50015	-0.00104102	0.0991011	
7.50015	-0.00104102	0.0991011	
7.50015	-0.00104102	0.0991011	
7.50015	-0.00104102	0.0991011	
7.50015	-0.00104102	0.0991011	
7.50015	-0.00104102	0.0991011	
7.50015	-0.00104102	0.0991011	
7.50015	-0.00104102	0.0991011	
7.50015	-0.00104102	0.0991011	
7.50015	-0.00104102	0.0991011	
7.50015	-0.00104102	0.0991011	
7.50015	-0.00104102	0.0991011	
7.50015	-0.00104102	0.0991011	
7.50015	-0.00104102	0.0991011	
7.50015	-0.00104102	0.0991011	
7.50015	-0.00104102	0.0991011	
7.50015	-0.00104102	0.0991011	
7.50015	-0.00104102	0.0991011	
7.50015	-0.00104102	0.0991011	
7.50015	-0.00104102	0.0991011	
7.50015	-0.00104102	0.0991011	
7.50015	-0.00104102	0.0991011	
7.50015	-0.00104102	0.0991011	
7.50015	-0.00104102	0.0991011	
7.50015	-0.00104102	0.0991011	
7.50015	-0.00104102	0.0991011	
7.50015	-0.00104102	0.0991011	
7.50015	-0.00104102	0.0991011	
7.50015	-0.00104102	0.0991011	
7.50015	-0.00104102	0.0991011	
7.50015	-0.00104102	0.0991011	
7.50015	-0.00104102	0.0991011	
7.50015	-0.00104102	0.0991011	
7.50015	-0.00104102	0.0991011	
7.50015	-0.00104102	0.0991011	
7.50015	-0.00104102	0.0991011	
7.50015	-0.00104102	0.0991011	
7.50015	-0.00104102	0.0991011	
7.50015	-0.00104102	0.0991011	
7.50015	-0.00104102	0.0991011	
7.50015	-0.00104102	0.0991011	
7.50015	-0.00104102	0.0991011	
7.50015	-0.00104102	0.0991011	
7.50015	-0.00104102	0.0991011	
7.50015	-0.00104102	0.0991011	
7.50015	-0.00104102	0.0991011	
7.50015	-0.00104102	0.0991011	
7.50015	-0.00104102	0.0991011	
7.50015	-0.00104102	0.0991011	
7.50015	-0.00104102	0.0991011	
7.50015	-0.00104102	0.0991011	
7.50015	-0.00104102	0.0991011	
7.50015	-0.00104102	0.0991011	
7.50015	-0.00104102	0.0991011	
7.50015	-0.00104102	0.0991011	
7.50015	-0.00104102	0.0991011	
7.50015	-0.00104102	0.0991011	
7.50015	-0.00104102	0.0991011	
7.50015	-0.00104102	0.0991011	
7.50015	-0.00104102	0.0991011	
7.50015	-0.00104102	0.0991011	
7.50015	-0.00104102	0.0991011	
7.50015	-0.00104102	0.0991011	
7.50015	-0.00104102	0.0991011	
7.50015	-0.00104102	0.0991011	
7.50015	-0.00104102	0.0991011	
7.50015	-0.00104102	0.0991011	
7.50015	-0.00104102	0.0991011	
7.50015	-0.00104102	0.0991011	
7.50015	-0.00104102	0.0991011	
7.50015	-0.00104102	0.0991011	
7.50015	-0.00104102	0.0991011	
7.50015	-0.00104102	0.0991011	
7.50015	-0.00104102	0.0991011	
7.50015	-0.00104102	0.0991011	
7.50015	-0.00104102	0.0991011	
7.50015	-0.00104102	0.0991011	
7.50015	-0.00104102	0.0991011	
7.50015	-0.00104102	0.0991011	
7.50015	-0.00104102	0.0991011	
7.50015	-0.00104102	0.0991011	
7.50015	-0.00104102	0.0991011	
7.50015	-0.00104102	0.0991011	
7.50015	-0.00104102	0.0991011	
7.50015	-0.00104102	0.0991011	
7.50015	-0.00104102	0.0991011	
7.50015	-0.00104102	0.0991011	
7.50015	-0.00104102	0.0991011	
7.50015	-0.00104102	0.0991011	
7.50015	-0.00104102	0.0991011	
7.50015	-0.00104102	0.0991011	
7.50015	-0.00104102	0.0991011	
7.50015	-0.00104102	0.0991011	
7.50015	-0.00104102	0.0991011	
7.50015	-0.00104102	0.0991011	
7.50015	-0.00104102	0.0991011	
7.50015	-0.00104102	0.0991011	
7.50015	-0.00104102	0.0991011	
7.50015	-0.00104102	0.0991011	
7.50015	-0.00104102	0.0991011	
7.50015	-0.00104102	0.0991011	
7.50015	-0.00104102	0.0991011	
7.50015	-0.00104102	0.0991011	
7.50015	-0.00104102	0.0991011	
7.50015	-0.00104102	0.0991011	
7.50015	-0.00104102	0.0991011	
7.50015	-0.00104102	0.0991011	
7.50015	-0.00104102	0.0991011	
7.50015	-0.00104102	0.0991011	
7.50015	-0.00104102	0.0991011	
7.50015	-0.00104102	0.0991011	
7.50015	-0.00104102	0.0991011	
7.50015	-0.00104102	0.0991011	
7.50015	-0.00104102	0.0991011	
7.50015	-0.00104102	0.0991011	
7.50015	-0.00104102	0.0991011	
7.50015	-0.00104102	0.0991011	
7.50015	-0.00104102	0.0991011	
7.50015	-0.00104102	0.0991011	
7.50015	-0.00104102	0.0991011	
7.50015	-0.00104102	0.0991011	
7.50015	-0.00104102	0.0991011	
7.50015	-0.00104102	0.0991011	
7.50015	-0.00104102	0.0991011	
7.50015	-0.00104102	0.0991011	
7.50015	-0.00104102	0.0991011	
7.50015	-0.00104102	0.0991011	
7.50015	-0.00104102	0.0991011	
7.50015	-0.00104102	0.0991011	
7.50015	-0.00104102	0.0991011	
7.50015	-0.00104102	0.0991011	
7.50015	-0.00104102	0.0991011	
7.50015	-0.00104102	0.0991011	
7.50015	-0.00104102	0.0991011	
7.50015	-0.00104102	0.0991011	
7.50015	-0.00104102	0.0991011	
7.50015	-0.00104102	0.0991011	
7.50015	-0.00104102	0.0991011	
7.50015	-0.00104102	0.0991011	
7.50015	-0.00104102	0.0991011	
7.50015	-0.00104102	0.0991011	
7.50015	-0.00104102	0.0991011	
7.50015	-0.00104102	0.0991011	
7.50015	-0.00104102	0.0991011	
7.50015	-0.00104102	0.0991011	
7.50015	-0.00104102	0.0991011	
7.50015	-0.00104102	0.0991011	
7.50015	-0.00104102	0.0991011	
7.50015	-0.00104102	0.0991011	
7.50015	-0.00104102	0.0991011	
7.50015	-0.00104102	0.0991011	
7.50015	-0.00104102	0.0991011	
7.50015	-0.00104102	0.0991011	
7.50015	-0.00104102	0.0991011	
7.50015	-0.00104102	0.0991011	
7.50015	-0.00104102	0.0991011	
7.50015	-0.00104102	0.0991011	
7.50015	-0.00104102	0.0991011	
7.50015	-0.00104102	0.0991011	
7.50015	-0.00104102	0.0991011	
7.50015	-0.00104102	0.0991011	
7.50015	-0.00104102	0.0991011	
7.50015	-0.00104102	0.0991011	
7.50015	-0.00104102	0.0991011	
7.50015	-0.00104102	0.0991011	
7.50015	-0.00104102	0.0991011	
7.50015	-0.00104102	0.0991011	
7.50015	-0.00104102	0.0991011	
7.50015	-0.00104102	0.0991011	
7.50015	-0.00104102	0.0991011	
7.50015	-0.00104102	0.0991011	
7.50015	-0.00104102	0.0991011	
7.50015	-0.00104102	0.0991011	
7.50015	-0.00104102	0.0991011	
7.50015	-0.00104102	0.0991011	
7.50015	-0.00104102	0.0991011	
7.50015	-0.00104102	0.0991011	
7.50015	-0.00104102	0.0991011	
7.50015	-0.00104102	0.0991011	
7.50015	-0.00104102	0.0991011	
7.50015	-0.00104102	0.0991011	
7.50015	-0.00104102	0.0991011	
7.50015	-0.00104102	0.0991011	
7.50015	-0.00104102	0.0991011	
7.50015	-0.00104102	0.0991011	
7.50015	-0.00104102	0.0991011	
7.50015	-0.00104102	0.0991011	
7.50015	-0.00104102	0.0991011	
7.50015	-0.00104102	0.0991011	
7.50015	-0.00104102	0.0991011	
7.50015	-0.00104102	0.0991011	
7.50015	-0.00104102	0.0991011	
7.50015	-0.00104102	0.0991011	
7.50015	-0.00104102	0.0991011	
7.50015	-0.00104102	0.0991011	
7.50015	-0.00104102	0.0991011	
7.50015	-0.00104102	0.0991011	
7.50015	-0.00104102	0.0991011	
7.50015	-0.00104102	0.0991011	
7.50015	-0.00104102	0.0991011	
7.50015	-0.00104102	0.0991011	
7.50015	-0.00104102	0.0991011	
7.50015	-0.00104102	0.0991011	
7.50015	-0.00104102	0.0991011	
7.50015	-0.00104102	0.0991011	
7.50015	-0.00104102	0.0991011	
7.50015	-0.00104102	0.0991011	
7.50015	-0.00104102	0.0991011	
7.50015	-0.00104102	0.0991011	
7.50015	-0.00104102	0.0991011	
7.50015	-0.00104102	0.0991011	
7.50015	-0.00104102	0.0991011	
7.50015	-0.00104102	0.0991011	
7.50015	-0.00104102	0.0991011	
7.50015	-0.00104102	0.0991011	
7.50015	-0.00104102	0.0991011	
7.50015	-0.00104102	0.0991011	
7.50015	-0.00104102	0.0991011	
7.50015	-0.00104102	0.0991011	
7.50015	-0.00104102	0.0991011	
7.50015	-0.00104102	0.0991011	
7.50015	-0.00104102	0.0991011	
7.50015	-0.00104102	0.0991011	
7.50015	-0.00104102	0.0991011	
7.50015	-0.00104102	0.0991011	
7.50015	-0.00104102	0.0991011	
7.50015	-0.00104102	0.0991011	
7.50015	-0.00104102	0.0991011	
7.50015	-0.00104102	0.0991011	
7.50015	-0.00104102	0.0991011	
7.50015	-0.00104102	0.0991011	
7.50015	-0.00104102	0.0991011	
7.50015	-0.00104102	0.0991011	
7.50015	-0.00104102	0.0991011	
7.50015	-0.00104102	0.0991011	
7.50015	-0.00104102	0.0991011	
7.50015	-0.00104102	0.0991011	
7.50015	-0.00104102	0.0991011	
7.50015	-0.00104102	0.0991011	
7.50015	-0.00104102	0.0991011	
7.50015	-0.00104102	0.0991011	
7.50015	-0.00104102	0.0991011	
7.50015	-0.00104102	0.0991011	
7.50015	-0.00104102	0.0991011	
7.50015	-0.00104102	0.0991011	
7.50015	-0.00104102	0.0991011	
7.50015	-0.00104102	0.0991011	
7.50015	-0.00104102	0.0991011	
7.50015	-0.00104102	0.0991011	
7.50015	-0.00104102	0.0991011	
7.50015	-0.00104102	0.0991011	
7.50015	-0.00104102	0.0991011	
7.50015	-0.00104102	0.0991011	
7.50015	-0.00104102	0.0991011	
7.50015	-0.00104102	0.0991011	
7.50015	-0.00104102	0.0991011	
7.50015	-0.00104102	0.0991011	
7.50015	-0.00104102	0.0991011	
7.50015	-0.00104102	0.0991011	
7.50015	-0.00104102	0.0991011	
7.50015	-0.00104102	0.0991011	
7.50015	-0.00104102	0.0991011	
7.50015	-0.00104102	0.0991011	
7.50015	-0.00104102	0.0991011	
7.50015	-0.00104102	0.0991011	
7.50015	-0.00104102	0.0991011	
7.50015	-0.00104102	0.0991011	
7.50015	-0.00104102	0.0991011	
7.50015	-0.00104102	0.0991011	
7.50015	-0.00104102	0.0991011	
7.50015	-0.00104102	0.0991011	
7.50015	-0.00104102	0.0991011	
7.50015	-0.00104102	0.0991011	
7.50015	-0.00104102	0.0991011	
7.50015	-0.00104102	0.0991011	
7.50015	-0.00104102	0.0991011	
7.50015	-0.00104102	0.0991011	
7.50015	-0.00104102	0.0991011	
7.50015	-0.00104102	0.0991011	
7.50015	-0.00104102	0.0991011	
7.50015	-0.00104102	0.0991011	
7.50015	-0.00104102	0.0991011	
7.50015	-0.00104102	0.0991011	
7.50015	-0.00104102	0.0991011	
7.50015	-0.00104102	0.0991011	
7.50015	-0.00104102	0.0991011	
7.50015	-0.00104102	0.0991011	
7.50015	-0.00104102	0.0991011	
7.50015	-0.00104102	0.0991011	
7.50015	-0.00104102	0.0991011	
7.50015	-0.00104102	0.0991011	
7.50015	-0.00104102	0.0991011	
7.50015	-0.00104102	0.0991011	
7.50015	-0.00104102	0.0991011	
7.50015	-0.00104102	0.0991011	
