10	0	1	
10	0	1	
10	0	1	
10	0	1	
10	0	1	
10	0	1	
10	0	1	
10	0	1	
10	0	1	
10	0	1	
10	0	1	
10	0	1	
10	0	1	
10	0	1	
10	0	1	
10	0	1	
10	0	1	
10	0	1	
10	0	1	
10	0	1	
10	0	1	
10	0	1	
10	0	1	
10	0	1	
10	0	1	
10	0	1	
10	0	1	
10	0	1	
10	0	1	
10	0	1	
10	0	1	
10	0	1	
10	0	1	
10	0	1	
10	0	1	
10	0	1	
10	0	1	
10	0	1	
10	0	1	
10	0	1	
10	0	1	
10	0	1	
10	0	1	
10	0	1	
10	0	1	
10	0	1	
10	0	1	
10	0	1	
10	0	1	
10	0	1	
10	0	1	
10	0	1	
10	0	1	
10	0	1	
10	0	1	
10	0	1	
10	0	1	
10	0	1	
10	0	1	
10	0	1	
10	0	1	
10	0	1	
10	0	1	
10	0	1	
10	0	1	
10	0	1	
10	0	1	
10	0	1	
10	0	1	
10	0	1	
10	0	1	
10	0	1	
10	0	1	
10	0	1	
10	0	1	
10	0	1	
10	0	1	
10	0	1	
10	0	1	
10	0	1	
10	0	1	
10	0	1	
10	0	1	
10	0	1	
10	0	1	
10	0	1	
10	0	1	
10	0	1	
10	0	1	
10	0	1	
10	0	1	
10	0	1	
10	0	1	
10	0	1	
10	0	1	
10	0	1	
10	0	1	
10	0	1	
10	0	1	
10	0	1	
10	0	1	
10	0	1	
10	0	1	
10	0	1	
10	0	1	
10	0	1	
10	0	1	
10	0	1	
10	0	1	
10	0	1	
10	0	1	
10	0	1	
10	0	1	
10	0	1	
10	0	1	
10	0	1	
10	0	1	
10	0	1	
10	0	1	
10	0	1	
10	0	1	
10	0	1	
10	0	1	
10	0	1	
10	0	1	
10	0	1	
10	0	1	
10	0	1	
10	0	1	
10	0	1	
10	0	1	
10	0	1	
10	0	1	
10	0	1	
10	0	1	
10	0	1	
10	0	1	
10	0	1	
10	0	1	
10	0	1	
10	0	1	
10	0	1	
10	0	1	
10	0	1	
10	0	1	
10	0	1	
10	0	1	
10	0	1	
10	0	1	
10	0	1	
10	0	1	
10	0	1	
10	0	1	
10	0	1	
10	0	1	
10	0	1	
10	0	1	
10	0	1	
10	0	1	
10	0	1	
10	0	1	
10	0	1	
10	0	1	
10	0	1	
10	0	1	
10	0	1	
10	0	1	
10	0	1	
10	0	1	
10	0	1	
10	0	1	
10	0	1	
10	0	1	
10	0	1	
10	0	1	
10	0	1	
10	0	1	
10	0	1	
10	0	1	
10	0	1	
10	0	1	
10	0	1	
10	0	1	
10	0	1	
10	0	1	
10	0	1	
10	0	1	
10	0	1	
10	0	1	
10	0	1	
10	0	1	
10	0	1	
10	0	1	
10	0	1	
10	0	1	
10	0	1	
10	0	1	
10	0	1	
10	0	1	
10	0	1	
10	0	1	
10	0	1	
10	0	1	
10	0	1	
10	0	1	
10	0	1	
10	0	1	
10	0	1	
10	0	1	
10	0	1	
10	0	1	
10	0	1	
10	0	1	
10	0	1	
10	0	1	
10	0	1	
10	0	1	
10	0	1	
10	0	1	
10	0	1	
10	0	1	
10	0	1	
10	0	1	
10	0	1	
10	0	1	
10	0	1	
10	0	1	
10	0	1	
10	0	1	
10	0	1	
10	0	1	
10	0	1	
10	0	1	
10	0	1	
10	0	1	
10	0	1	
10	0	1	
10	0	1	
10	0	1	
10	0	1	
10	0	1	
10	0	1	
10	0	1	
10	0	1	
10	0	1	
10	0	1	
10	0	1	
10	0	1	
10	0	1	
10	0	1	
10	0	1	
10	0	1	
10	0	1	
10	0	1	
10	0	1	
10	0	1	
10	0	1	
10	0	1	
10	0	1	
10	0	1	
10	0	1	
10	0	1	
10	0	1	
10	0	1	
10	0	1	
10	0	1	
10	0	1	
10	0	1	
10	0	1	
10	0	1	
10	0	1	
10	0	1	
10	0	1	
10	0	1	
10	0	1	
10	0	1	
10	0	1	
10	0	1	
10	0	1	
10	0	1	
10	0	1	
9.99998	-0.00815136	1	
9.99995	-0.0149245	1	
9.99991	-0.0206003	1	
9.99986	-0.0254045	1	
9.9998	-0.0295164	1	
9.99974	-0.0330816	1	
9.99966	-0.0362153	1	
9.99959	-0.0390104	1	
9.9995	-0.0415418	1	
9.99942	-0.0438689	1	
9.99932	-0.0460395	1	
9.99923	-0.0480913	1	
9.99913	-0.0500553	1	
9.99902	-0.0519561	1	
9.99892	-0.0538132	1	
9.9988	-0.0556425	1	
9.99869	-0.0574565	1	
9.99857	-0.059265	1	
9.99845	-0.0610767	1	
9.99832	-0.0628979	1	
9.99819	-0.0647353	1	
9.99806	-0.0665941	1	
9.99792	-0.0684785	1	
9.99778	-0.0703919	1	
9.99764	-0.0723358	1	
9.99749	-0.074313	1	
9.99734	-0.0763252	1	
9.99718	-0.0783732	1	
9.99702	-0.080458	1	
9.99685	-0.0825801	1	
9.99668	-0.0847399	1	
9.99651	-0.0869381	1	
9.99633	-0.0891743	1	
9.99615	-0.0914479	1	
9.99596	-0.093758	1	
9.99577	-0.0961053	1	
9.99557	-0.0984911	1	
9.99537	-0.100914	1	
9.99516	-0.103374	1	
9.99495	-0.105871	1	
9.99473	-0.108406	1	
9.99451	-0.110978	1	
9.99429	-0.113589	1	
9.99405	-0.11624	1	
9.99382	-0.118932	1	
9.99357	-0.121665	1	
9.99332	-0.124441	1	
9.99307	-0.127259	1	
9.99281	-0.13012	1	
9.99254	-0.133025	1	
9.99227	-0.135973	1	
9.99199	-0.138965	1	
9.99171	-0.142002	1	
9.99142	-0.145086	1	
9.99112	-0.148217	1	
9.99082	-0.151398	1	
9.99051	-0.15463	1	
9.99019	-0.157913	1	
9.98987	-0.161253	1	
9.98954	-0.16465	1	
9.98921	-0.168108	1	
9.98886	-0.17163	1	
9.98851	-0.175217	1	
9.98815	-0.178873	1	
9.98779	-0.182601	1	
9.98742	-0.186406	1	
9.98704	-0.190292	1	
9.98665	-0.194263	1	
9.98625	-0.198322	1	
9.98585	-0.20247	1	
9.98543	-0.206707	1	
9.98501	-0.211034	1	
9.98458	-0.215452	1	
9.98414	-0.219962	1	
9.98369	-0.224567	1	
9.98323	-0.229268	1	
9.98276	-0.234069	1	
9.98229	-0.238972	1	
9.9818	-0.24398	1	
9.9813	-0.249097	1	
9.98079	-0.254322	1	
9.98027	-0.259659	1	
9.97974	-0.265111	1	
9.9792	-0.27068	1	
9.97865	-0.27637	1	
9.97808	-0.282182	1	
9.97751	-0.288111	1	
9.97692	-0.294156	1	
9.97632	-0.300314	1	
9.97571	-0.306583	1	
9.97508	-0.312961	1	
9.97444	-0.31945	1	
9.97379	-0.326047	1	
9.97312	-0.33275	1	
9.97244	-0.339558	1	
9.97175	-0.34647	1	
9.97104	-0.353485	1	
9.97032	-0.360604	1	
9.96959	-0.367825	1	
9.96884	-0.375152	1	
9.96807	-0.382586	1	
9.96729	-0.390132	1	
9.9665	-0.397796	1	
9.96568	-0.405581	1	
9.96486	-0.413494	1	
9.96401	-0.42154	1	
9.96315	-0.429723	1	
9.96228	-0.438049	1	
9.96139	-0.44652	1	
9.96047	-0.45514	1	
9.95955	-0.463911	1	
9.9586	-0.472834	1	
9.95764	-0.48191	1	
9.95666	-0.491142	1	
9.95565	-0.500526	1	
9.95463	-0.510066	1	
9.9536	-0.519762	1	
9.95254	-0.529615	1	
9.95146	-0.539629	1	
9.95036	-0.549806	1	
9.94924	-0.560149	1	
9.9481	-0.570661	1	
9.94693	-0.581342	1	
9.94575	-0.592191	1	
9.94454	-0.603213	1	
9.94331	-0.61441	1	
9.94206	-0.625785	1	
9.94079	-0.637339	1	
9.93949	-0.649067	1	
9.93817	-0.660964	1	
9.93682	-0.673028	1	
9.93545	-0.685255	1	
9.93405	-0.69765	1	
9.93263	-0.710212	1	
9.93119	-0.722942	1	
9.92972	-0.735837	1	
9.92822	-0.7489	1	
9.92669	-0.76213	1	
9.92514	-0.775531	1	
9.92357	-0.789097	1	
9.92196	-0.802827	1	
9.92033	-0.81672	1	
9.91866	-0.830779	1	
9.91698	-0.845011	1	
9.91526	-0.859424	1	
9.91351	-0.874028	1	
9.91173	-0.888827	1	
9.90992	-0.903826	1	
9.90808	-0.919035	1	
9.90622	-0.934462	1	
9.90431	-0.950109	1	
9.90238	-0.965982	1	
9.90042	-0.982085	1	
9.89842	-0.998433	1	
9.89639	-1.01504	1	
9.89433	-1.03191	1	
9.89223	-1.04907	1	
9.8901	-1.06651	1	
9.88793	-1.08424	1	
9.88572	-1.10226	1	
9.88348	-1.12056	1	
9.8812	-1.13913	1	
9.87889	-1.15799	1	
9.87653	-1.17715	1	
9.87414	-1.1966	1	
9.87171	-1.21636	1	
9.86924	-1.23643	1	
9.86672	-1.2568	1	
9.86417	-1.27747	1	
9.86157	-1.29846	1	
9.85893	-1.31975	1	
9.85625	-1.34134	1	
9.85352	-1.36323	1	
9.85075	-1.38542	1	
9.84793	-1.40787	1	
9.84507	-1.43059	1	
9.84217	-1.45355	1	
9.83921	-1.47672	1	
9.83621	-1.50008	1	
9.83317	-1.52363	1	
9.83007	-1.54736	1	
9.82693	-1.57126	1	
9.82374	-1.59532	1	
9.8205	-1.61954	1	
9.81721	-1.64391	1	
9.81387	-1.66842	1	
9.81049	-1.69306	1	
9.80705	-1.71781	1	
9.80357	-1.74267	1	
9.80003	-1.76763	1	
9.79645	-1.79272	1	
9.79281	-1.81794	1	
9.78912	-1.84335	1	
9.78539	-1.86898	1	
9.7816	-1.89486	1	
9.77775	-1.92102	1	
9.77386	-1.94749	1	
9.76991	-1.9743	1	
9.76591	-2.00145	1	
9.76185	-2.029	1	
9.75774	-2.05659	0.999134	
9.75357	-2.0838	0.997053	
9.74935	-2.11063	0.994595	
9.74507	-2.13708	0.9918	
9.74075	-2.16316	0.988714	
9.73637	-2.18887	0.985382	
9.73194	-2.21423	0.981812	
9.72746	-2.23923	0.978014	
9.72293	-2.26388	0.974008	
9.71836	-2.28819	0.969823	
9.71373	-2.31215	0.965492	
9.70906	-2.33578	0.961047	
9.70434	-2.35908	0.95652	
9.69958	-2.38205	0.951935	
9.69477	-2.40471	0.94732	
9.68992	-2.42704	0.942695	
9.68502	-2.44906	0.938055	
9.68008	-2.47077	0.933403	
9.67509	-2.49218	0.928756	
9.67007	-2.51329	0.924133	
9.665	-2.53411	0.919553	
9.65989	-2.55463	0.915012	
9.65474	-2.57486	0.910493	
9.64955	-2.59482	0.905964	
9.64432	-2.61449	0.901399	
9.63905	-2.63389	0.896784	
9.63375	-2.65301	0.892109	
9.6284	-2.67187	0.887374	
9.62302	-2.69046	0.882579	
9.6176	-2.7088	0.877735	
9.61215	-2.72687	0.872844	
9.60666	-2.7447	0.86791	
9.60114	-2.76227	0.862944	
9.59558	-2.7796	0.857953	
9.58998	-2.79669	0.852965	
9.58436	-2.81353	0.847994	
9.5787	-2.83014	0.84304	
9.573	-2.84652	0.83809	
9.56728	-2.86267	0.833142	
9.56152	-2.87859	0.828202	
9.55573	-2.89429	0.82328	
9.54991	-2.90977	0.818393	
9.54406	-2.92503	0.813545	
9.53818	-2.94008	0.808738	
9.53227	-2.95492	0.803962	
9.52633	-2.96955	0.799193	
9.52037	-2.98398	0.794425	
9.51437	-2.9982	0.789666	
9.50834	-3.01223	0.78492	
9.50229	-3.02606	0.780181	
9.49621	-3.03969	0.775435	
9.49011	-3.05314	0.770686	
9.48397	-3.06639	0.76595	
9.47782	-3.07946	0.761252	
9.47163	-3.09235	0.756606	
9.46542	-3.10506	0.752019	
9.45919	-3.11759	0.747491	
9.45293	-3.12994	0.743022	
9.44664	-3.14212	0.738608	
9.44033	-3.15413	0.734258	
9.434	-3.16598	0.729983	
9.42765	-3.17765	0.72579	
9.42127	-3.18916	0.721685	
9.41487	-3.20052	0.717672	
9.40844	-3.21171	0.71375	
9.402	-3.22275	0.709925	
9.39553	-3.23363	0.706189	
9.38904	-3.24436	0.702526	
9.38253	-3.25494	0.698917	
9.376	-3.26537	0.695353	
9.36945	-3.27565	0.69183	
9.36288	-3.28579	0.688341	
9.35629	-3.29579	0.684872	
9.34968	-3.30565	0.681412	
9.34304	-3.31537	0.677958	
9.33639	-3.32496	0.67452	
9.32973	-3.33441	0.671108	
9.32304	-3.34372	0.667727	
9.31633	-3.35291	0.664377	
9.30961	-3.36197	0.661055	
9.30287	-3.3709	0.65776	
9.29611	-3.37971	0.654503	
9.28933	-3.3884	0.6513	
9.28254	-3.39696	0.648153	
9.27573	-3.4054	0.645059	
9.2689	-3.41372	0.642007	
9.26205	-3.42193	0.638994	
9.25519	-3.43003	0.636011	
9.24832	-3.438	0.633043	
9.24143	-3.44587	0.630081	
9.23452	-3.45363	0.627108	
9.2276	-3.46128	0.624116	
9.22066	-3.46882	0.621106	
9.21371	-3.47626	0.618081	
9.20674	-3.48359	0.615053	
9.19976	-3.49082	0.612031	
9.19276	-3.49795	0.609013	
9.18575	-3.50498	0.606008	
9.17873	-3.51191	0.60303	
9.17169	-3.51874	0.60009	
9.16464	-3.52548	0.597201	
9.15758	-3.53212	0.594364	
9.1505	-3.53867	0.591587	
9.14341	-3.54513	0.588873	
9.1363	-3.5515	0.586224	
9.12919	-3.55778	0.583643	
9.12206	-3.56397	0.581132	
9.11492	-3.57007	0.57869	
9.10777	-3.57609	0.576314	
9.10061	-3.58203	0.573999	
9.09343	-3.58788	0.571742	
9.08624	-3.59365	0.56953	
9.07904	-3.59934	0.567349	
9.07183	-3.60495	0.56519	
9.06461	-3.61048	0.563048	
9.05738	-3.61593	0.560925	
9.05014	-3.62131	0.558819	
9.04288	-3.62661	0.556732	
9.03562	-3.63184	0.554668	
9.02835	-3.63699	0.552633	
9.02106	-3.64207	0.550627	
9.01377	-3.64708	0.548651	
9.00646	-3.65203	0.546703	
8.99915	-3.6569	0.544778	
8.99183	-3.6617	0.542875	
8.9845	-3.66644	0.540998	
8.97715	-3.67111	0.539151	
8.9698	-3.67571	0.537328	
8.96244	-3.68025	0.535515	
8.95507	-3.68473	0.533714	
8.94769	-3.68914	0.531926	
8.94031	-3.69349	0.530153	
8.93291	-3.69778	0.528391	
8.92551	-3.70202	0.526631	
8.91809	-3.70619	0.524874	
8.91067	-3.7103	0.523124	
8.90324	-3.71436	0.521389	
8.89581	-3.71836	0.519673	
8.88836	-3.7223	0.517976	
8.88091	-3.72619	0.516298	
8.87345	-3.73002	0.514633	
8.86598	-3.7338	0.512983	
8.85851	-3.73753	0.511354	
8.85103	-3.7412	0.509748	
8.84354	-3.74482	0.508164	
8.83604	-3.7484	0.506604	
8.82854	-3.75192	0.505072	
8.82102	-3.75539	0.503576	
8.81351	-3.75882	0.502119	
8.80598	-3.76219	0.500698	
8.79845	-3.76552	0.49931	
8.79091	-3.76881	0.497949	
8.78337	-3.77204	0.496609	
8.77582	-3.77523	0.495277	
8.76826	-3.77838	0.493952	
8.7607	-3.78148	0.492629	
8.75313	-3.78454	0.491309	
8.74556	-3.78756	0.489997	
8.73797	-3.79053	0.488699	
8.73039	-3.79347	0.487424	
8.72279	-3.79636	0.486171	
8.7152	-3.79921	0.484936	
8.70759	-3.80202	0.483719	
8.69998	-3.80479	0.482527	
8.69237	-3.80752	0.481362	
8.68475	-3.81022	0.480224	
8.67712	-3.81288	0.47911	
8.66949	-3.81549	0.47802	
8.66185	-3.81808	0.476953	
8.65421	-3.82062	0.475907	
8.64657	-3.82314	0.474876	
8.63892	-3.82561	0.473859	
8.63126	-3.82805	0.47285	
8.6236	-3.83046	0.471849	
8.61593	-3.83283	0.470856	
8.60826	-3.83517	0.469872	
8.60059	-3.83748	0.468893	
8.59291	-3.83976	0.467922	
8.58522	-3.842	0.466957	
8.57754	-3.84421	0.466001	
8.56984	-3.84639	0.46506	
8.56215	-3.84854	0.464132	
8.55444	-3.85066	0.463212	
8.54674	-3.85276	0.462296	
8.53903	-3.85482	0.461381	
8.53132	-3.85685	0.460472	
8.5236	-3.85885	0.45957	
8.51588	-3.86083	0.458677	
8.50815	-3.86278	0.457791	
8.50042	-3.8647	0.456914	
8.49269	-3.86659	0.456049	
8.48495	-3.86846	0.4552	
8.47721	-3.8703	0.454374	
8.46947	-3.87212	0.453571	
8.46172	-3.87391	0.452784	
8.45397	-3.87567	0.452006	
8.44621	-3.87741	0.451238	
8.43845	-3.87913	0.450484	
8.43069	-3.88082	0.449749	
8.42293	-3.88249	0.449031	
8.41516	-3.88414	0.448321	
8.40739	-3.88576	0.447622	
8.39961	-3.88736	0.446932	
8.39184	-3.88893	0.44625	
8.38405	-3.89049	0.445579	
8.37627	-3.89202	0.444921	
8.36848	-3.89353	0.444278	
8.36069	-3.89503	0.443651	
8.3529	-3.89649	0.44304	
8.3451	-3.89794	0.442447	
8.33731	-3.89937	0.441873	
8.3295	-3.90078	0.441313	
8.3217	-3.90217	0.440755	
8.31389	-3.90354	0.440195	
8.30608	-3.90489	0.439625	
8.29827	-3.90622	0.439043	
8.29045	-3.90753	0.438451	
8.28264	-3.90883	0.437845	
8.27482	-3.91011	0.437225	
8.26699	-3.91136	0.436592	
8.25917	-3.91261	0.435951	
8.25134	-3.91383	0.435306	
8.24351	-3.91504	0.43466	
8.23568	-3.91622	0.434021	
8.22784	-3.9174	0.433392	
8.22001	-3.91855	0.432774	
8.21217	-3.91969	0.432166	
8.20433	-3.92082	0.431569	
8.19648	-3.92193	0.430988	
8.18864	-3.92302	0.430424	
8.18079	-3.9241	0.429881	
8.17294	-3.92516	0.429358	
8.16509	-3.92621	0.42886	
8.15723	-3.92724	0.428386	
8.14937	-3.92826	0.427939	
8.14152	-3.92926	0.427523	
8.13366	-3.93025	0.427132	
8.12579	-3.93123	0.426759	
8.11793	-3.93219	0.426394	
8.11006	-3.93314	0.426029	
8.10219	-3.93408	0.425661	
8.09432	-3.935	0.425285	
8.08645	-3.93591	0.424902	
8.07858	-3.93681	0.424511	
8.0707	-3.93769	0.42411	
8.06283	-3.93857	0.423705	
8.05495	-3.93943	0.423303	
8.04707	-3.94027	0.422906	
8.03918	-3.94111	0.422517	
8.0313	-3.94193	0.422136	
8.02342	-3.94275	0.421764	
8.01553	-3.94355	0.421408	
8.00764	-3.94434	0.421065	
7.99975	-3.94512	0.420738	
7.99186	-3.94589	0.420425	
7.98396	-3.94664	0.420131	
7.97607	-3.94739	0.419851	
7.96817	-3.94813	0.419582	
7.96028	-3.94885	0.419318	
7.95238	-3.94957	0.419058	
7.94448	-3.95028	0.418799	
7.93657	-3.95097	0.41854	
7.92867	-3.95166	0.418279	
7.92077	-3.95234	0.41801	
7.91286	-3.953	0.417733	
7.90495	-3.95366	0.417446	
7.89704	-3.95431	0.417149	
7.88913	-3.95495	0.416842	
7.88122	-3.95558	0.416531	
7.87331	-3.9562	0.416225	
7.8654	-3.95682	0.415927	
7.85748	-3.95742	0.41564	
7.84957	-3.95802	0.415366	
7.84165	-3.9586	0.415107	
7.83373	-3.95918	0.414866	
7.82581	-3.95975	0.414643	
7.81789	-3.96032	0.41444	
7.80997	-3.96087	0.414255	
7.80205	-3.96142	0.414089	
7.79412	-3.96196	0.413939	
7.7862	-3.96249	0.413799	
7.77827	-3.96302	0.413665	
7.77034	-3.96354	0.41354	
7.76242	-3.96405	0.413427	
7.75449	-3.96455	0.413326	
7.74656	-3.96505	0.413228	
7.73863	-3.96554	0.413124	
7.73069	-3.96602	0.41301	
7.72276	-3.96649	0.412886	
7.71483	-3.96696	0.412753	
7.70689	-3.96743	0.41262	
7.69896	-3.96788	0.412491	
7.69102	-3.96833	0.412369	
7.68308	-3.96878	0.412262	
7.67514	-3.96921	0.412169	
7.6672	-3.96964	0.412091	
7.65926	-3.97007	0.412031	
7.65132	-3.97049	0.411993	
7.64338	-3.9709	0.411979	
7.63544	-3.97131	0.411988	
7.6275	-3.97138	0.411845	
7.61955	-3.97068	0.411448	
7.61162	-3.96922	0.410991	
7.60368	-3.96702	0.410472	
7.59575	-3.9641	0.40989	
7.58783	-3.96049	0.409248	
7.57992	-3.9562	0.408547	
7.57202	-3.95126	0.407787	
7.56413	-3.94569	0.406959	
7.55625	-3.93949	0.406055	
7.54838	-3.9327	0.40507	
7.54053	-3.92532	0.404006	
7.5327	-3.91739	0.402872	
7.52488	-3.9089	0.401676	
7.51708	-3.89989	0.400421	
7.5093	-3.89037	0.399112	
7.50154	-3.88035	0.397755	
7.4938	-3.86985	0.39636	
7.48608	-3.85889	0.394933	
7.47838	-3.84747	0.393484	
7.47071	-3.83563	0.392021	
7.46307	-3.82336	0.390544	
7.45545	-3.81069	0.389057	
7.44785	-3.79762	0.387556	
7.44028	-3.78418	0.386039	
7.43274	-3.77037	0.384508	
7.42523	-3.7562	0.382968	
7.41775	-3.7417	0.381423	
7.41029	-3.72687	0.379874	
7.40287	-3.71173	0.378317	
7.39548	-3.69628	0.376747	
7.38811	-3.68054	0.375157	
7.38079	-3.66452	0.37354	
7.37349	-3.64823	0.371891	
7.36623	-3.63169	0.37021	
7.359	-3.61489	0.368502	
7.3518	-3.59785	0.366773	
7.34464	-3.58059	0.365024	
7.33751	-3.56311	0.363257	
7.33042	-3.54542	0.361473	
7.32337	-3.52753	0.359672	
7.31635	-3.50945	0.35786	
7.30937	-3.49118	0.356036	
7.30242	-3.47275	0.354206	
7.29551	-3.45415	0.352372	
7.28864	-3.43539	0.350539	
7.28181	-3.41649	0.34871	
7.27501	-3.39744	0.346888	
7.26826	-3.37827	0.345074	
7.26154	-3.35896	0.34327	
7.25486	-3.33954	0.341477	
7.24822	-3.32001	0.339697	
7.24162	-3.30038	0.337924	
7.23506	-3.28065	0.336153	
7.22854	-3.26082	0.334378	
7.22205	-3.24092	0.332594	
7.21561	-3.22093	0.3308	
7.20921	-3.20088	0.328993	
7.20285	-3.18075	0.327175	
7.19653	-3.16057	0.325352	
7.19025	-3.14034	0.323529	
7.18401	-3.12005	0.321708	
7.17781	-3.09972	0.319895	
7.17165	-3.07936	0.318086	
7.16553	-3.05895	0.31628	
7.15945	-3.03853	0.314478	
7.15342	-3.01807	0.312682	
7.14742	-2.9976	0.310896	
7.14147	-2.97712	0.309122	
7.13555	-2.95662	0.307363	
7.12968	-2.93612	0.305622	
7.12385	-2.91562	0.303902	
7.11806	-2.89512	0.302205	
7.11231	-2.87463	0.30053	
7.1066	-2.85414	0.298877	
7.10094	-2.83367	0.297241	
7.09531	-2.81322	0.295624	
7.08972	-2.79279	0.294023	
7.08418	-2.77239	0.292433	
7.07868	-2.75201	0.290849	
7.07321	-2.73166	0.289266	
7.06779	-2.71135	0.287681	
7.06241	-2.69108	0.286089	
7.05707	-2.67084	0.284489	
7.05176	-2.65065	0.28288	
7.0465	-2.63051	0.28126	
7.04128	-2.61041	0.279633	
7.0361	-2.59036	0.278001	
7.03096	-2.57037	0.276366	
7.02586	-2.55044	0.27473	
7.0208	-2.53056	0.273094	
7.01578	-2.51074	0.271461	
7.0108	-2.49099	0.269834	
7.00585	-2.4713	0.268215	
7.00095	-2.45167	0.266604	
6.99609	-2.43212	0.265002	
6.99126	-2.41264	0.263413	
6.98647	-2.39323	0.26184	
6.98173	-2.37389	0.26029	
6.97702	-2.35463	0.258766	
6.97235	-2.33545	0.257267	
6.96771	-2.31635	0.255793	
6.96312	-2.29732	0.254342	
6.95856	-2.27838	0.252911	
6.95404	-2.25953	0.251497	
6.94956	-2.24076	0.250095	
6.94512	-2.22207	0.248701	
6.94071	-2.20348	0.247317	
6.93634	-2.18497	0.245943	
6.93201	-2.16655	0.244579	
6.92771	-2.14823	0.243226	
6.92345	-2.12999	0.241885	
6.91923	-2.11185	0.240553	
6.91504	-2.0938	0.239229	
6.91089	-2.07585	0.237914	
6.90677	-2.05799	0.23661	
6.90269	-2.04023	0.235318	
6.89865	-2.02257	0.23404	
6.89464	-2.005	0.232773	
6.89066	-1.98754	0.231518	
6.88672	-1.97017	0.230272	
6.88281	-1.95291	0.229037	
6.87894	-1.93574	0.227814	
6.87511	-1.91868	0.226605	
6.8713	-1.90171	0.225409	
6.86753	-1.88485	0.224225	
6.8638	-1.8681	0.223052	
6.86009	-1.85144	0.221887	
6.85642	-1.83489	0.220732	
6.85279	-1.81844	0.219586	
6.84918	-1.8021	0.218449	
6.84561	-1.78586	0.217319	
6.84207	-1.76973	0.216194	
6.83856	-1.7537	0.215075	
6.83509	-1.73777	0.213959	
6.83164	-1.72195	0.212846	
6.82823	-1.70624	0.211736	
6.82485	-1.69063	0.210631	
6.8215	-1.67513	0.209533	
6.81818	-1.65973	0.208439	
6.81489	-1.64444	0.207349	
6.81163	-1.62926	0.206265	
6.80841	-1.61418	0.205186	
6.80521	-1.59921	0.204113	
6.80204	-1.58434	0.203048	
6.7989	-1.56958	0.201988	
6.79579	-1.55492	0.200933	
6.79271	-1.54037	0.199881	
6.78966	-1.52592	0.198833	
6.78663	-1.51159	0.197789	
6.78364	-1.49735	0.196752	
6.78067	-1.48322	0.195722	
6.77773	-1.4692	0.194704	
6.77482	-1.45528	0.193696	
6.77194	-1.44146	0.192698	
6.76908	-1.42775	0.191708	
6.76626	-1.41415	0.190727	
6.76346	-1.40064	0.189755	
6.76068	-1.38724	0.188792	
6.75793	-1.37395	0.187838	
6.75521	-1.36075	0.186896	
6.75252	-1.34766	0.185965	
6.74985	-1.33468	0.185045	
6.7472	-1.32179	0.184136	
6.74459	-1.30901	0.183237	
6.74199	-1.29632	0.182348	
6.73943	-1.28374	0.181468	
6.73688	-1.27126	0.180595	
6.73436	-1.25888	0.179731	
6.73187	-1.2466	0.178877	
6.7294	-1.23442	0.178033	
6.72696	-1.22233	0.177201	
6.72454	-1.21035	0.17638	
6.72214	-1.19847	0.17557	
6.71977	-1.18668	0.17477	
6.71742	-1.17499	0.173979	
6.71509	-1.1634	0.173199	
6.71279	-1.1519	0.172427	
6.71051	-1.1405	0.171661	
6.70825	-1.1292	0.170902	
6.70601	-1.11799	0.17015	
6.7038	-1.10687	0.169406	
6.70161	-1.09585	0.168668	
6.69944	-1.08493	0.167935	
6.69729	-1.07409	0.167209	
6.69516	-1.06335	0.166491	
6.69306	-1.0527	0.165781	
6.69097	-1.04215	0.165079	
6.68891	-1.03168	0.164385	
6.68687	-1.02131	0.163696	
6.68484	-1.01102	0.163013	
6.68284	-1.00083	0.162334	
6.68086	-0.990726	0.161658	
6.6789	-0.98071	0.160986	
6.67696	-0.970782	0.160318	
6.67504	-0.960942	0.159655	
6.67313	-0.951189	0.158994	
6.67125	-0.941523	0.158336	
6.66939	-0.931943	0.15768	
6.66754	-0.922448	0.157028	
6.66572	-0.913038	0.156378	
6.66391	-0.903713	0.155733	
6.66212	-0.894472	0.155092	
6.66035	-0.885315	0.154452	
6.6586	-0.87624	0.153816	
6.65686	-0.867248	0.153181	
6.65514	-0.858337	0.15255	
6.65345	-0.849508	0.151921	
6.65176	-0.840759	0.151296	
6.6501	-0.832091	0.150675	
6.64845	-0.823502	0.15006	
6.64682	-0.814993	0.149453	
6.64521	-0.806561	0.148855	
6.64361	-0.798208	0.148266	
6.64203	-0.789933	0.147684	
6.64047	-0.781734	0.147108	
6.63892	-0.773611	0.146537	
6.63739	-0.765565	0.145969	
6.63588	-0.757593	0.145406	
6.63438	-0.749696	0.144849	
6.63289	-0.741874	0.144299	
6.63142	-0.734125	0.143755	
6.62997	-0.726449	0.143215	
6.62853	-0.718846	0.14268	
6.62711	-0.711314	0.142148	
6.6257	-0.703855	0.141619	
6.62431	-0.696466	0.141094	
6.62293	-0.689147	0.140572	
6.62157	-0.681898	0.140053	
6.62022	-0.674719	0.139536	
6.61888	-0.667608	0.13902	
6.61756	-0.660566	0.138505	
6.61626	-0.653591	0.137992	
6.61496	-0.646684	0.13748	
6.61368	-0.639843	0.136971	
6.61242	-0.633069	0.136464	
6.61116	-0.626359	0.135961	
6.60992	-0.619715	0.13546	
6.6087	-0.613136	0.134961	
6.60749	-0.606621	0.134463	
6.60629	-0.600169	0.133967	
6.6051	-0.59378	0.133473	
6.60392	-0.587454	0.132982	
6.60276	-0.581189	0.132495	
6.60161	-0.574987	0.132013	
6.60047	-0.568845	0.131536	
6.59935	-0.562763	0.131062	
6.59823	-0.556742	0.130591	
6.59713	-0.55078	0.130121	
6.59604	-0.544877	0.129654	
6.59496	-0.539033	0.129188	
6.5939	-0.533246	0.128724	
6.59284	-0.527517	0.128263	
6.5918	-0.521846	0.127806	
6.59077	-0.51623	0.127352	
6.58975	-0.510671	0.1269	
6.58873	-0.505167	0.12645	
6.58774	-0.499718	0.126001	
6.58675	-0.494324	0.125553	
6.58577	-0.488984	0.125107	
6.5848	-0.483698	0.124662	
6.58384	-0.478465	0.124221	
6.5829	-0.473285	0.123783	
6.58196	-0.468157	0.123349	
6.58104	-0.463081	0.12292	
6.58012	-0.458056	0.122495	
6.57921	-0.453082	0.122074	
6.57832	-0.448159	0.121657	
6.57743	-0.443285	0.121243	
6.57655	-0.438461	0.120832	
6.57569	-0.433687	0.120425	
6.57483	-0.428961	0.120022	
6.57398	-0.424283	0.119623	
6.57314	-0.419653	0.119227	
6.57231	-0.41507	0.118835	
6.57149	-0.410535	0.118448	
6.57068	-0.406046	0.118066	
6.56987	-0.401603	0.117688	
6.56908	-0.397205	0.117317	
6.56829	-0.392853	0.11695	
6.56752	-0.388546	0.116588	
6.56675	-0.384284	0.116232	
6.56599	-0.380065	0.11588	
6.56524	-0.37589	0.115534	
6.56449	-0.371758	0.115195	
6.56376	-0.367669	0.114861	
6.56303	-0.363622	0.114535	
6.56231	-0.359618	0.114217	
6.5616	-0.355655	0.113908	
6.5609	-0.351733	0.113609	
6.5602	-0.347853	0.113318	
6.55951	-0.344012	0.113037	
6.55883	-0.340212	0.112764	
6.55816	-0.336452	0.1125	
6.55749	-0.332731	0.112244	
6.55684	-0.329049	0.111999	
6.55618	-0.325405	0.111761	
6.55554	-0.3218	0.111532	
6.5549	-0.318232	0.111309	
6.55427	-0.314702	0.111093	
6.55365	-0.31121	0.110883	
6.55304	-0.307754	0.110678	
6.55243	-0.304334	0.11048	
6.55183	-0.300951	0.110286	
6.55123	-0.297603	0.110096	
6.55064	-0.294291	0.109911	
6.55006	-0.291014	0.109732	
6.54948	-0.287771	0.109556	
6.54892	-0.284563	0.109385	
6.54835	-0.281389	0.109221	
6.5478	-0.278249	0.109063	
6.54725	-0.275142	0.108912	
6.5467	-0.272068	0.108768	
6.54616	-0.269027	0.108633	
6.54563	-0.266018	0.108505	
6.54511	-0.263042	0.108386	
6.54459	-0.260097	0.108275	
6.54407	-0.257184	0.108172	
6.54356	-0.254302	0.108076	
6.54306	-0.25145	0.107989	
6.54256	-0.24863	0.10791	
6.54207	-0.245839	0.107839	
6.54158	-0.243079	0.107773	
6.5411	-0.240348	0.107714	
6.54063	-0.237646	0.107662	
6.54016	-0.234974	0.107614	
6.53969	-0.23233	0.107571	
6.53923	-0.229715	0.107532	
6.53878	-0.227128	0.107497	
6.53833	-0.224569	0.107466	
6.53789	-0.222037	0.10744	
6.53745	-0.219533	0.107418	
6.53701	-0.217056	0.107402	
6.53658	-0.214606	0.107391	
6.53616	-0.212182	0.107385	
6.53574	-0.209785	0.107383	
6.53533	-0.207414	0.107388	
6.53492	-0.205068	0.1074	
6.53451	-0.202748	0.107419	
6.53411	-0.200453	0.107446	
6.53371	-0.198183	0.107483	
6.53332	-0.195938	0.107528	
6.53293	-0.193717	0.107582	
6.53255	-0.19152	0.107643	
6.53217	-0.189348	0.107711	
6.5318	-0.187199	0.107787	
6.53143	-0.185074	0.107871	
6.53106	-0.182971	0.107962	
6.5307	-0.180892	0.108059	
6.53034	-0.178836	0.108162	
6.52999	-0.176802	0.108269	
6.52964	-0.17479	0.108381	
6.52929	-0.172801	0.108497	
6.52895	-0.170833	0.108617	
6.52861	-0.168887	0.108738	
6.52828	-0.166963	0.108863	
6.52795	-0.165059	0.108992	
6.52762	-0.163176	0.109123	
6.5273	-0.161315	0.109259	
6.52698	-0.159473	0.109398	
6.52667	-0.157652	0.10954	
6.52636	-0.155851	0.109684	
6.52605	-0.15407	0.109833	
6.52574	-0.152309	0.109987	
6.52544	-0.150567	0.110146	
6.52514	-0.148844	0.11031	
6.52485	-0.147141	0.110479	
6.52456	-0.145456	0.110651	
6.52427	-0.14379	0.110828	
6.52399	-0.142142	0.111008	
6.52371	-0.140513	0.11119	
6.52343	-0.138902	0.111375	
6.52315	-0.137309	0.11156	
6.52288	-0.135733	0.111745	
6.52261	-0.134175	0.111926	
6.52235	-0.132634	0.112106	
6.52209	-0.13111	0.112283	
6.52183	-0.129604	0.112455	
6.52157	-0.128114	0.112621	
6.52132	-0.12664	0.112781	
6.52107	-0.125183	0.112934	
6.52082	-0.123743	0.113082	
6.52057	-0.122318	0.113224	
6.52033	-0.12091	0.113359	
6.52009	-0.119517	0.113486	
6.51986	-0.11814	0.113607	
6.51962	-0.116778	0.113723	
6.51939	-0.115431	0.113832	
6.51916	-0.114099	0.113933	
6.51894	-0.112783	0.114027	
6.51872	-0.111481	0.114114	
6.5185	-0.110194	0.114193	
6.51828	-0.108921	0.114263	
6.51806	-0.107662	0.114322	
6.51785	-0.106418	0.114371	
6.51764	-0.105187	0.114408	
6.51743	-0.103971	0.114433	
6.51723	-0.102768	0.114443	
6.51702	-0.101579	0.114439	
6.51682	-0.100403	0.114421	
6.51662	-0.0992399	0.114385	
6.51643	-0.0980903	0.114332	
6.51623	-0.0969536	0.114261	
6.51604	-0.0958298	0.114174	
6.51585	-0.0947186	0.114068	
6.51567	-0.09362	0.113943	
6.51548	-0.0925339	0.113802	
6.5153	-0.09146	0.113644	
6.51512	-0.0903982	0.113472	
6.51494	-0.0893484	0.113284	
6.51476	-0.0883106	0.113084	
6.51459	-0.0872844	0.112866	
6.51441	-0.0862699	0.112635	
6.51424	-0.0852669	0.112392	
6.51407	-0.0842753	0.112133	
6.51391	-0.0832949	0.111862	
6.51374	-0.0823257	0.111579	
6.51358	-0.0813674	0.111288	
6.51342	-0.08042	0.110983	
6.51326	-0.0794834	0.110667	
6.5131	-0.0785575	0.110338	
6.51295	-0.077642	0.109993	
6.51279	-0.076737	0.109636	
6.51264	-0.0758423	0.109271	
6.51249	-0.0749578	0.108892	
6.51235	-0.0740833	0.108501	
6.5122	-0.0732188	0.1081	
6.51205	-0.0723642	0.107688	
6.51191	-0.0715193	0.107268	
6.51177	-0.0706841	0.106846	
6.51163	-0.0698583	0.106417	
6.51149	-0.069042	0.105979	
6.51136	-0.0682351	0.10553	
6.51122	-0.0674373	0.105074	
6.51109	-0.0666487	0.104611	
6.51096	-0.0658691	0.104145	
6.51083	-0.0650984	0.103678	
6.5107	-0.0643366	0.10321	
6.51057	-0.0635834	0.102735	
6.51044	-0.0628389	0.102255	
6.51032	-0.0621029	0.101773	
6.5102	-0.0613753	0.101288	
6.51008	-0.0606561	0.100799	
6.50996	-0.0599452	0.100311	
6.50984	-0.0592424	0.0998275	
6.50972	-0.0585476	0.0993435	
6.5096	-0.0578609	0.0988574	
6.50949	-0.057182	0.0983727	
6.50938	-0.0565109	0.0978904	
6.50927	-0.0558476	0.0974092	
6.50915	-0.0551918	0.0969307	
6.50905	-0.0545436	0.0964599	
6.50894	-0.0539029	0.095994	
6.50883	-0.0532696	0.0955294	
6.50873	-0.0526435	0.0950676	
6.50862	-0.0520247	0.0946112	
6.50852	-0.0514129	0.0941629	
6.50842	-0.0508083	0.0937172	
6.50832	-0.0502106	0.0932799	
6.50822	-0.0496198	0.0928556	
6.50812	-0.0490358	0.0924384	
6.50802	-0.0484586	0.092028	
6.50793	-0.047888	0.091624	
6.50783	-0.047324	0.0912297	
6.50774	-0.0467665	0.0908437	
6.50765	-0.0462155	0.0904608	
6.50756	-0.0456708	0.0900864	
6.50746	-0.0451325	0.0897263	
6.50738	-0.0446003	0.0893749	
6.50729	-0.0440744	0.0890346	
6.5072	-0.0435545	0.0887043	
6.50711	-0.0430406	0.088382	
6.50703	-0.0425327	0.0880719	
6.50695	-0.0420307	0.0877752	
6.50686	-0.0415345	0.0874906	
6.50678	-0.041044	0.0872156	
6.5067	-0.0405593	0.0869511	
6.50662	-0.0400801	0.0866986	
6.50654	-0.0396065	0.0864584	
6.50646	-0.0391384	0.0862297	
6.50638	-0.0386758	0.0860155	
6.50631	-0.0382185	0.0858129	
6.50623	-0.0377665	0.085621	
6.50616	-0.0373198	0.0854422	
6.50608	-0.0368783	0.0852763	
6.50601	-0.0364419	0.0851269	
6.50594	-0.0360106	0.0849922	
6.50587	-0.0355843	0.0848722	
6.5058	-0.035163	0.0847694	
6.50573	-0.0347466	0.0846803	
6.50566	-0.034335	0.0846052	
6.50559	-0.0339282	0.084548	
6.50552	-0.0335262	0.0845044	
6.50546	-0.0331289	0.084478	
6.50539	-0.0327361	0.0844656	
6.50533	-0.032348	0.084467	
6.50526	-0.0319644	0.0844854	
6.5052	-0.0315853	0.0845188	
6.50514	-0.0312105	0.0845702	
6.50508	-0.0308402	0.0846389	
6.50502	-0.0304742	0.0847264	
6.50496	-0.0301125	0.0848322	
6.5049	-0.0297549	0.0849541	
6.50484	-0.0294016	0.0850997	
6.50478	-0.0290524	0.0852636	
6.50472	-0.0287073	0.0854422	
6.50466	-0.0283662	0.0856417	
6.50461	-0.0280291	0.08586	
6.50455	-0.027696	0.0860973	
6.5045	-0.0273667	0.0863513	
6.50444	-0.0270413	0.0866219	
6.50439	-0.0267198	0.0869088	
6.50434	-0.026402	0.0872103	
6.50429	-0.0260879	0.0875246	
6.50423	-0.0257775	0.0878532	
6.50418	-0.0254707	0.0881926	
6.50413	-0.0251675	0.0885444	
6.50408	-0.0248679	0.0889067	
6.50403	-0.0245718	0.0892795	
6.50399	-0.0242792	0.0896562	
6.50394	-0.02399	0.090042	
6.50389	-0.0237042	0.0904381	
6.50384	-0.0234218	0.0908384	
6.5038	-0.0231426	0.091245	
6.50375	-0.0228668	0.091662	
6.50371	-0.0225942	0.0920744	
6.50366	-0.0223248	0.0924929	
6.50362	-0.0220586	0.0929104	
6.50357	-0.0217955	0.0933222	
6.50353	-0.0215355	0.0937257	
6.50349	-0.0212785	0.0941156	
6.50345	-0.0210246	0.0944882	
6.50341	-0.0207737	0.0948314	
6.50336	-0.0205257	0.0951485	
6.50332	-0.0202806	0.0954337	
6.50328	-0.0200385	0.0956843	
6.50324	-0.0197992	0.0959122	
6.5032	-0.0195627	0.0961144	
6.50317	-0.0193289	0.0962788	
6.50313	-0.019098	0.0964039	
6.50309	-0.0188698	0.096487	
6.50305	-0.0186442	0.0965374	
6.50302	-0.0184214	0.0965369	
6.50298	-0.0182011	0.096496	
6.50294	-0.0179835	0.0964125	
6.50291	-0.0177684	0.0962842	
6.50287	-0.0175558	0.0961117	
6.50284	-0.0173458	0.0958934	
6.5028	-0.0171383	0.0956366	
6.50277	-0.0169332	0.0953333	
6.50274	-0.0167305	0.0949781	
6.5027	-0.0165302	0.0945664	
6.50267	-0.0163323	0.094088	
6.50264	-0.0161367	0.0935465	
6.50261	-0.0159435	0.0929445	
6.50257	-0.0157525	0.0922797	
6.50254	-0.0155638	0.0915781	
6.50251	-0.0153773	0.090832	
6.50248	-0.0151931	0.0900577	
6.50245	-0.015011	0.08926	
6.50242	-0.0148311	0.0884382	
6.50239	-0.0146533	0.0875909	
6.50237	-0.0144776	0.0867169	
6.50234	-0.014304	0.0858189	
6.50231	-0.0141324	0.0849022	
6.50228	-0.0139629	0.083993	
6.50225	-0.0137954	0.0830823	
6.50223	-0.0136298	0.0821857	
6.5022	-0.0134663	0.0812967	
6.50217	-0.0133047	0.0804152	
6.50215	-0.013145	0.0795562	
6.50212	-0.0129872	0.0787093	
6.50209	-0.0128312	0.0778792	
6.50207	-0.0126771	0.0770738	
6.50204	-0.0125249	0.0762923	
6.50202	-0.0123744	0.0755303	
6.50199	-0.0122258	0.0747953	
6.50197	-0.0120789	0.0740849	
6.50195	-0.0119337	0.0734084	
6.50192	-0.0117903	0.0727513	
6.5019	-0.0116486	0.0721314	
6.50188	-0.0115086	0.0715423	
6.50185	-0.0113702	0.0709951	
6.50183	-0.0112335	0.0704848	
6.50181	-0.0110984	0.0700166	
6.50179	-0.0109649	0.0695847	
6.50177	-0.010833	0.0691954	
6.50174	-0.0107027	0.0688454	
6.50172	-0.0105739	0.0685353	
6.5017	-0.0104467	0.0682758	
6.50168	-0.0103209	0.0680555	
6.50166	-0.0101967	0.0678775	
6.50164	-0.010074	0.0677474	
6.50162	-0.00995266	0.067656	
6.5016	-0.00983282	0.0676024	
6.50158	-0.00971441	0.0675872	
6.50156	-0.0095974	0.0676093	
6.50154	-0.00948179	0.0676739	
6.50152	-0.00936756	0.0677852	
6.50151	-0.0092547	0.0679253	
6.50149	-0.00914318	0.0680994	
6.50147	-0.00903299	0.0683021	
6.50145	-0.00892411	0.0685238	
6.50143	-0.00881654	0.0687722	
6.50142	-0.00871024	0.0690403	
6.5014	-0.00860522	0.0693243	
6.50138	-0.00850145	0.0696253	
6.50137	-0.00839892	0.0699445	
6.50135	-0.00829762	0.0702757	
6.50133	-0.00819752	0.0706165	
6.50132	-0.00809862	0.0709726	
6.5013	-0.00800091	0.0713381	
6.50129	-0.00790436	0.0717134	
6.50127	-0.00780896	0.0720941	
6.50125	-0.00771471	0.0724747	
6.50124	-0.00762158	0.0728653	
6.50122	-0.00752957	0.0732657	
6.50121	-0.00743865	0.0736716	
6.50119	-0.00734883	0.0740875	
6.50118	-0.00726008	0.0745087	
6.50117	-0.00717239	0.074926	
6.50115	-0.00708575	0.0753595	
6.50114	-0.00700015	0.0757984	
6.50112	-0.00691557	0.0762478	
6.50111	-0.006832	0.076696	
6.5011	-0.00674944	0.0771562	
6.50108	-0.00666787	0.0776135	
6.50107	-0.00658727	0.0780844	
6.50106	-0.00650764	0.0785534	
6.50104	-0.00642896	0.079035	
6.50103	-0.00635122	0.0795144	
6.50102	-0.00627442	0.0800134	
6.50101	-0.00619854	0.0804957	
6.50099	-0.00612356	0.0809834	
6.50098	-0.00604949	0.0814669	
6.50097	-0.00597631	0.0819658	
6.50096	-0.005904	0.0824374	
6.50095	-0.00583256	0.0829223	
6.50093	-0.00576197	0.0833981	
6.50092	-0.00569224	0.0838798	
6.50091	-0.00562334	0.0843508	
6.5009	-0.00555527	0.0848107	
6.50089	-0.00548801	0.0852598	
6.50088	-0.00542156	0.0856982	
6.50087	-0.00535592	0.086107	
6.50086	-0.00529105	0.0864852	
6.50085	-0.00522697	0.086834	
6.50084	-0.00516366	0.0871352	
6.50083	-0.00510111	0.0873854	
6.50082	-0.00503931	0.0876067	
6.50081	-0.00497825	0.0877381	
6.5008	-0.00491793	0.0878417	
6.50079	-0.00485833	0.0878772	
6.50078	-0.00479945	0.087866	
6.50077	-0.00474127	0.0877891	
6.50076	-0.0046838	0.0876451	
6.50075	-0.00462702	0.0874169	
6.50074	-0.00457092	0.0871138	
6.50073	-0.00451549	0.0867457	
6.50072	-0.00446073	0.0862646	
6.50071	-0.00440664	0.0857133	
6.5007	-0.00435319	0.0850951	
6.5007	-0.00430038	0.0844146	
6.50069	-0.00424821	0.0836697	
6.50068	-0.00419667	0.0828578	
6.50067	-0.00414575	0.0819976	
6.50066	-0.00409544	0.0810868	
6.50065	-0.00404574	0.080137	
6.50065	-0.00399664	0.0791392	
6.50064	-0.00394813	0.0781258	
6.50063	-0.0039002	0.0771161	
6.50062	-0.00385285	0.07607	
6.50062	-0.00380608	0.0750322	
6.50061	-0.00375986	0.0739935	
6.5006	-0.0037142	0.0729718	
6.50059	-0.0036691	0.0719697	
6.50059	-0.00362453	0.071017	
6.50058	-0.00358051	0.0700958	
6.50057	-0.00353701	0.0692136	
6.50057	-0.00349404	0.0683686	
6.50056	-0.00345159	0.0675745	
6.50055	-0.00340965	0.0668191	
6.50054	-0.00336821	0.0661115	
6.50054	-0.00332728	0.0654452	
6.50053	-0.00328684	0.0648311	
6.50052	-0.00324689	0.0642559	
6.50052	-0.00320742	0.0637512	
6.50051	-0.00316843	0.0632878	
6.50051	-0.0031299	0.0628803	
6.5005	-0.00309185	0.0625269	
6.50049	-0.00305425	0.0622174	
6.50049	-0.00301711	0.0619331	
6.50048	-0.00298041	0.0616971	
6.50048	-0.00294416	0.0615162	
6.50047	-0.00290835	0.0613699	
6.50046	-0.00287297	0.0612828	
6.50046	-0.00283801	0.0612365	
6.50045	-0.00280348	0.0612315	
6.50045	-0.00276937	0.0612765	
6.50044	-0.00273567	0.0613855	
6.50044	-0.00270237	0.0615656	
6.50043	-0.00266948	0.0617939	
6.50043	-0.00263699	0.0620681	
6.50042	-0.00260489	0.0623982	
6.50042	-0.00257318	0.0627775	
6.50041	-0.00254185	0.0632048	
6.50041	-0.0025109	0.0636812	
6.5004	-0.00248032	0.0642071	
6.5004	-0.00245012	0.0647757	
6.50039	-0.00242028	0.0653648	
6.50039	-0.0023908	0.0660108	
6.50038	-0.00236168	0.066681	
6.50038	-0.00233291	0.0673126	
6.50037	-0.00230449	0.0679639	
6.50037	-0.00227641	0.0686327	
6.50036	-0.00224868	0.0693055	
6.50036	-0.00222128	0.0699539	
6.50035	-0.00219935	0.0699539	
6.50035	-0.00218182	0.0699539	
6.50035	-0.00216779	0.0699539	
6.50034	-0.00215657	0.0699539	
6.50034	-0.00214759	0.0699539	
6.50033	-0.0021404	0.0699539	
6.50033	-0.00213466	0.0699539	
6.50032	-0.00213006	0.0699539	
6.50032	-0.00212638	0.0699539	
6.50032	-0.00212344	0.0699539	
6.50031	-0.00212109	0.0699539	
6.50031	-0.0021192	0.0699539	
6.5003	-0.0021177	0.0699539	
6.5003	-0.00211649	0.0699539	
6.50029	-0.00211553	0.0699539	
6.50029	-0.00211476	0.0699539	
6.50029	-0.00211414	0.0699539	
6.50028	-0.00211365	0.0699539	
6.50028	-0.00211325	0.0699539	
6.50027	-0.00211294	0.0699539	
6.50027	-0.00211268	0.0699539	
6.50026	-0.00211248	0.0699539	
6.50026	-0.00211232	0.0699539	
6.50026	-0.00211219	0.0699539	
6.50025	-0.00211209	0.0699539	
6.50025	-0.002112	0.0699539	
6.50024	-0.00211194	0.0699539	
6.50024	-0.00211188	0.0699539	
6.50024	-0.00211184	0.0699539	
6.50023	-0.00211181	0.0699539	
6.50023	-0.00211178	0.0699539	
6.50022	-0.00211176	0.0699539	
6.50022	-0.00211174	0.0699539	
6.50021	-0.00211173	0.0699539	
6.50021	-0.00211172	0.0699539	
6.50021	-0.00211171	0.0699539	
6.5002	-0.0021117	0.0699539	
6.5002	-0.00211169	0.0699539	
6.50019	-0.00211169	0.0699539	
6.50019	-0.00211169	0.0699539	
6.50018	-0.00211168	0.0699539	
6.50018	-0.00211168	0.0699539	
6.50018	-0.00211168	0.0699539	
6.50017	-0.00211168	0.0699539	
6.50017	-0.00211168	0.0699539	
6.50016	-0.00211168	0.0699539	
6.50016	-0.00211167	0.0699539	
6.50015	-0.00211167	0.0699539	
6.50015	-0.00211167	0.0699539	
6.50015	-0.00211167	0.0699539	
6.50014	-0.00211167	0.0699539	
6.50014	-0.00211167	0.0699539	
6.50013	-0.00211167	0.0699539	
6.50013	-0.00211167	0.0699539	
6.50013	-0.00211167	0.0699539	
6.50012	-0.00211167	0.0699539	
6.50012	-0.00211167	0.0699539	
6.50011	-0.00211167	0.0699539	
6.50011	-0.00211167	0.0699539	
6.5001	-0.00211167	0.0699539	
6.5001	-0.00211167	0.0699539	
6.5001	-0.00211167	0.0699539	
6.50009	-0.00211167	0.0699539	
6.50009	-0.00211167	0.0699539	
6.50008	-0.00211167	0.0699539	
6.50008	-0.00211167	0.0699539	
6.50007	-0.00211167	0.0699539	
6.50007	-0.00211167	0.0699539	
6.50007	-0.00211167	0.0699539	
6.50006	-0.00211167	0.0699539	
6.50006	-0.00211167	0.0699539	
6.50005	-0.00211167	0.0699539	
6.50005	-0.00211167	0.0699539	
6.50004	-0.00211167	0.0699539	
6.50004	-0.00211167	0.0699539	
6.50004	-0.00211167	0.0699539	
6.50003	-0.00211167	0.0699539	
6.50003	-0.00211167	0.0699539	
6.50002	-0.00211167	0.0699539	
6.50002	-0.00211167	0.0699539	
6.50002	-0.00211167	0.0699539	
6.50001	-0.00211167	0.0699539	
6.50001	-0.00211167	0.0699539	
6.5	-0.00211167	0.0699539	
6.5	-0.00211167	0.0699539	
6.49999	-0.00211167	0.0699539	
6.49999	-0.00211167	0.0699539	
6.49999	-0.00211167	0.0699539	
6.49998	-0.00211167	0.0699539	
6.49998	-0.00211167	0.0699539	
6.49997	-0.00211167	0.0699539	
6.49997	-0.00211167	0.0699539	
6.49996	-0.00211167	0.0699539	
6.49996	-0.00211167	0.0699539	
6.49996	-0.00211167	0.0699539	
6.49995	-0.00211167	0.0699539	
6.49995	-0.00211167	0.0699539	
6.49994	-0.00211167	0.0699539	
6.49994	-0.00211167	0.0699539	
6.49994	-0.00211167	0.0699539	
6.49993	-0.00211167	0.0699539	
6.49993	-0.00211167	0.0699539	
6.49992	-0.00211167	0.0699539	
6.49992	-0.00211167	0.0699539	
6.49991	-0.00211167	0.0699539	
6.49991	-0.00211167	0.0699539	
6.49991	-0.00211167	0.0699539	
6.4999	-0.00211167	0.0699539	
6.4999	-0.00211167	0.0699539	
6.49989	-0.00211167	0.0699539	
6.49989	-0.00211167	0.0699539	
6.49988	-0.00211167	0.0699539	
6.49988	-0.00211167	0.0699539	
6.49988	-0.00211167	0.0699539	
6.49987	-0.00211167	0.0699539	
6.49987	-0.00211167	0.0699539	
6.49986	-0.00211167	0.0699539	
6.49986	-0.00211167	0.0699539	
6.49986	-0.00211167	0.0699539	
6.49985	-0.00211167	0.0699539	
6.49985	-0.00211167	0.0699539	
6.49984	-0.00211167	0.0699539	
6.49984	-0.00211167	0.0699539	
6.49983	-0.00211167	0.0699539	
6.49983	-0.00211167	0.0699539	
6.49983	-0.00211167	0.0699539	
6.49982	-0.00211167	0.0699539	
6.49982	-0.00211167	0.0699539	
6.49981	-0.00211167	0.0699539	
6.49981	-0.00211167	0.0699539	
6.4998	-0.00211167	0.0699539	
6.4998	-0.00211167	0.0699539	
6.4998	-0.00211167	0.0699539	
6.49979	-0.00211167	0.0699539	
6.49979	-0.00211167	0.0699539	
6.49978	-0.00211167	0.0699539	
6.49978	-0.00211167	0.0699539	
6.49977	-0.00211167	0.0699539	
6.49977	-0.00211167	0.0699539	
6.49977	-0.00211167	0.0699539	
6.49976	-0.00211167	0.0699539	
6.49976	-0.00211167	0.0699539	
6.49975	-0.00211167	0.0699539	
6.49975	-0.00211167	0.0699539	
6.49975	-0.00211167	0.0699539	
6.49974	-0.00211167	0.0699539	
6.49974	-0.00211167	0.0699539	
6.49973	-0.00211167	0.0699539	
6.49973	-0.00211167	0.0699539	
6.49972	-0.00211167	0.0699539	
6.49972	-0.00211167	0.0699539	
6.49972	-0.00211167	0.0699539	
6.49971	-0.00211167	0.0699539	
6.49971	-0.00211167	0.0699539	
6.4997	-0.00211167	0.0699539	
6.4997	-0.00211167	0.0699539	
6.49969	-0.00211167	0.0699539	
6.49969	-0.00211167	0.0699539	
6.49969	-0.00211167	0.0699539	
6.49968	-0.00211167	0.0699539	
6.49968	-0.00211167	0.0699539	
6.49967	-0.00211167	0.0699539	
6.49967	-0.00211167	0.0699539	
6.49966	-0.00211167	0.0699539	
6.49966	-0.00211167	0.0699539	
6.49966	-0.00211167	0.0699539	
6.49965	-0.00211167	0.0699539	
6.49965	-0.00211167	0.0699539	
6.49964	-0.00211167	0.0699539	
6.49964	-0.00211167	0.0699539	
6.49964	-0.00211167	0.0699539	
6.49963	-0.00211167	0.0699539	
6.49963	-0.00211167	0.0699539	
6.49962	-0.00211167	0.0699539	
6.49962	-0.00211167	0.0699539	
6.49961	-0.00211167	0.0699539	
6.49961	-0.00211167	0.0699539	
6.49961	-0.00211167	0.0699539	
6.4996	-0.00211167	0.0699539	
6.4996	-0.00211167	0.0699539	
6.49959	-0.00211167	0.0699539	
6.49959	-0.00211167	0.0699539	
6.49958	-0.00211167	0.0699539	
6.49958	-0.00211167	0.0699539	
6.49958	-0.00211167	0.0699539	
6.49957	-0.00211167	0.0699539	
6.49957	-0.00211167	0.0699539	
6.49956	-0.00211167	0.0699539	
6.49956	-0.00211167	0.0699539	
6.49956	-0.00211167	0.0699539	
6.49955	-0.00211167	0.0699539	
6.49955	-0.00211167	0.0699539	
6.49954	-0.00211167	0.0699539	
6.49954	-0.00211167	0.0699539	
6.49953	-0.00211167	0.0699539	
6.49953	-0.00211167	0.0699539	
6.49953	-0.00211167	0.0699539	
6.49952	-0.00211167	0.0699539	
6.49952	-0.00211167	0.0699539	
6.49951	-0.00211167	0.0699539	
6.49951	-0.00211167	0.0699539	
6.4995	-0.00211167	0.0699539	
6.4995	-0.00211167	0.0699539	
6.4995	-0.00211167	0.0699539	
6.49949	-0.00211167	0.0699539	
6.49949	-0.00211167	0.0699539	
6.49948	-0.00211167	0.0699539	
6.49948	-0.00211167	0.0699539	
6.49948	-0.00211167	0.0699539	
6.49947	-0.00211167	0.0699539	
6.49947	-0.00211167	0.0699539	
6.49946	-0.00211167	0.0699539	
6.49946	-0.00211167	0.0699539	
6.49945	-0.00211167	0.0699539	
6.49945	-0.00211167	0.0699539	
6.49945	-0.00211167	0.0699539	
6.49944	-0.00211167	0.0699539	
6.49944	-0.00211167	0.0699539	
6.49943	-0.00211167	0.0699539	
6.49943	-0.00211167	0.0699539	
6.49942	-0.00211167	0.0699539	
6.49942	-0.00211167	0.0699539	
6.49942	-0.00211167	0.0699539	
6.49941	-0.00211167	0.0699539	
6.49941	-0.00199488	0.0376273	
6.4994	-0.00188096	0.0339982	
6.4994	-0.00176986	0.0306166	
6.4994	-0.00166153	0.0275141	
6.49939	-0.0015559	0.0248071	
6.49939	-0.00145293	0.0224408	
6.49939	-0.00135256	0.0203482	
6.49939	-0.00125473	0.0184722	
6.49938	-0.00115939	0.0167975	
6.49938	-0.0010665	0.0152963	
6.49938	-0.000975998	0.0139509	
6.49938	-0.000887839	0.0127478	
6.49938	-0.000801975	0.0116667	
6.49937	-0.000718358	0.0106797	
6.49937	-0.000636942	0.00976642	
6.49937	-0.000571808	0.00976642	
6.49937	-0.000519702	0.00976642	
6.49937	-0.000478016	0.00976642	
6.49937	-0.000444668	0.00976642	
6.49937	-0.000417989	0.00976642	
6.49937	-0.000396647	0.00976642	
6.49937	-0.000379572	0.00976642	
6.49937	-0.000365913	0.00976642	
6.49937	-0.000354985	0.00976642	
6.49938	0.00851393	1	
6.49942	0.0177228	1	
6.49947	0.0272887	1	
6.49955	0.0368391	1	
6.49963	0.0441384	1	
6.49973	0.046132	1	
6.49982	0.0477269	1	
6.49992	0.0490028	1	
6.50002	0.0476385	0.376773	
6.50011	0.0463031	0.203583	
6.5002	0.0449961	0.129024	
6.50029	0.0437168	0.0891488	
6.50037	0.0424648	0.0659878	
6.50045	0.0412395	0.0514273	
6.50053	0.0400404	0.0414731	
6.50061	0.038867	0.0342099	
6.50069	0.0377189	0.0287076	
6.50076	0.0365955	0.0244374	
6.50083	0.0354965	0.0210792	
6.5009	0.0344212	0.0184151	
6.50097	0.0333693	0.0162859	
6.50103	0.0323403	0.0145701	
6.50109	0.0313338	0.0131739	
6.50115	0.0303493	0.0120244	
6.50121	0.0293865	0.0110646	
6.50127	0.0284448	0.01025	
6.50132	0.0275239	0.00954608	
6.50138	0.0266235	0.00892658	
6.50143	0.025743	0.00837319	
6.50148	0.0248821	0.00787212	
6.50153	0.0240405	0.00741357	
6.50157	0.0232177	0.00699125	
6.50162	0.0224134	0.00660144	
6.50166	0.0216272	0.00624186	
6.5017	0.0208588	0.00591078	
6.50174	0.0201078	0.00560591	
6.50178	0.0193739	0.00532484	
6.50182	0.0186568	0.00506474	
6.50186	0.0179561	0.00482267	
6.50189	0.0172715	0.00459619	
6.50192	0.0166026	0.00438348	
6.50196	0.0159493	0.00418301	
6.50199	0.0153111	0.00399376	
6.50202	0.0146878	0.00381488	
6.50204	0.014079	0.0036454	
6.50207	0.0134846	0.00348433	
6.5021	0.0129041	0.00333037	
6.50212	0.0123374	0.00318222	
6.50214	0.0117841	0.00303872	
6.50217	0.011244	0.0028989	
6.50219	0.0107168	0.00276187	
6.50221	0.0102023	0.00262699	
6.50223	0.00970015	0.00249364	
6.50225	0.00921019	0.00236136	
6.50226	0.00873214	0.00222978	
6.50228	0.00826577	0.00209883	
6.5023	0.00781084	0.0019686	
6.50231	0.00736712	0.0018393	
6.50232	0.00693437	0.00171127	
6.50234	0.00651238	0.00158492	
6.50235	0.00610094	0.00146074	
6.50236	0.00569981	0.00133912	
6.50237	0.0053088	0.00122047	
6.50238	0.0049277	0.00110516	
6.50239	0.00455631	0.000993426	
6.5024	0.00419442	0.000885405	
6.50241	0.00384184	0.000781096	
6.50241	0.00349838	0.000680401	
6.50242	0.00316385	0.000583193	
6.50243	0.00283807	0.000489303	
6.50243	0.00252085	0.000398531	
6.50244	0.00221202	0.000310654	
6.50244	0.00191141	0.000225442	
6.50244	0.00161883	0.00014268	
6.50245	0.00133414	6.21863e-05	
6.50245	0.00105715	1.61908e-05	
6.50245	0.000787708	9.25621e-05	
6.50245	0.000525659	0.000166997	
6.50245	0.000270844	0.000239527	
6.50245	2.31109e-05	0.000310163	
6.50245	-0.00021769	0.000378895	
6.50245	-0.000451706	0.000445691	
6.50245	-0.000679081	0.000510491	
6.50245	-0.000899957	0.000573223	
6.50244	-0.00111447	0.000633809	
6.50244	-0.00132276	0.000692235	
6.50244	-0.00152496	0.000748533	
6.50243	-0.0017212	0.000802816	
6.50243	-0.0019116	0.000855218	
6.50243	-0.0020963	0.000905895	
6.50242	-0.00227542	0.000955001	
6.50242	-0.00244908	0.00100267	
6.50241	-0.00261739	0.00104905	
6.50241	-0.00278048	0.00109428	
6.5024	-0.00293845	0.00113841	
6.50239	-0.00309143	0.00118157	
6.50239	-0.00323952	0.00122386	
6.50238	-0.00338283	0.00126537	
6.50237	-0.00352146	0.0013062	
6.50237	-0.00365552	0.00134645	
6.50236	-0.00378511	0.00138613	
6.50235	-0.00391032	0.00142522	
6.50234	-0.00403127	0.0014637	
6.50234	-0.00414804	0.00150152	
6.50233	-0.00426073	0.00153866	
6.50232	-0.00436942	0.00157503	
6.50231	-0.00447422	0.00161059	
6.5023	-0.0045752	0.0016453	
6.50229	-0.00467247	0.00167914	
6.50228	-0.00476609	0.00171216	
6.50227	-0.00485615	0.00174439	
6.50226	-0.00494275	0.00177594	
6.50225	-0.00502595	0.0018069	
6.50224	-0.00510583	0.00183742	
6.50223	-0.00518248	0.0018677	
6.50222	-0.00525596	0.0018979	
6.50221	-0.00532636	0.0019281	
6.5022	-0.00539374	0.00195841	
6.50219	-0.00545818	0.00198888	
6.50218	-0.00551975	0.00201964	
6.50217	-0.0055785	0.00205077	
6.50215	-0.00563452	0.00208239	
6.50214	-0.00568787	0.00211457	
6.50213	-0.00573861	0.00214732	
6.50212	-0.0057868	0.00218062	
6.50211	-0.00583251	0.0022144	
6.5021	-0.0058758	0.00224854	
6.50208	-0.00591672	0.00228294	
6.50207	-0.00595534	0.00231759	
6.50206	-0.00599171	0.00235248	
6.50205	-0.00602588	0.00238761	
6.50204	-0.00605792	0.00242295	
6.50202	-0.00608788	0.00245847	
6.50201	-0.0061158	0.00249422	
6.502	-0.00614174	0.00253023	
6.50199	-0.00616575	0.00256652	
6.50198	-0.00618788	0.00260318	
6.50196	-0.00620818	0.00264024	
6.50195	-0.00622669	0.00267776	
6.50194	-0.00624347	0.00271575	
6.50192	-0.00625855	0.0027543	
6.50191	-0.00627198	0.00279347	
6.5019	-0.0062838	0.00283344	
6.50189	-0.00629407	0.00287441	
6.50187	-0.00630281	0.00291656	
6.50186	-0.00631007	0.00296008	
6.50185	-0.00631589	0.00300499	
6.50184	-0.00632031	0.0030514	
6.50182	-0.00632337	0.00309925	
6.50181	-0.00632511	0.00314853	
6.5018	-0.00632555	0.00319916	
6.50179	-0.00632475	0.00325109	
6.50177	-0.00632272	0.00330427	
6.50176	-0.00631951	0.00335861	
6.50175	-0.00631516	0.00341411	
6.50174	-0.00630969	0.00347085	
6.50172	-0.00630313	0.00352866	
6.50171	-0.00629553	0.0035875	
6.5017	-0.0062869	0.00364733	
6.50169	-0.00627728	0.00370809	
6.50167	-0.0062667	0.0037697	
6.50166	-0.00625519	0.00383218	
6.50165	-0.00624278	0.0038955	
6.50164	-0.00622948	0.00395971	
6.50162	-0.00621535	0.00402485	
6.50161	-0.00620038	0.00409105	
6.5016	-0.00618462	0.00415831	
6.50159	-0.0061681	0.00422682	
6.50157	-0.00615082	0.0042966	
6.50156	-0.00613282	0.00436767	
6.50155	-0.00611413	0.00444018	
6.50154	-0.00609476	0.0045143	
6.50152	-0.00607473	0.00458998	
6.50151	-0.00605408	0.00466702	
6.5015	-0.00603282	0.00474535	
6.50149	-0.00601097	0.00482483	
6.50148	-0.00598856	0.00490538	
6.50146	-0.0059656	0.00498672	
6.50145	-0.00594211	0.00506881	
6.50144	-0.00591812	0.00515156	
6.50143	-0.00589363	0.0052348	
6.50142	-0.00586868	0.00531839	
6.50141	-0.00584328	0.00540204	
6.50139	-0.00581744	0.00548572	
6.50138	-0.00579119	0.00556932	
6.50137	-0.00576453	0.00565269	
6.50136	-0.0057375	0.00573576	
6.50135	-0.00571009	0.00581856	
6.50134	-0.00568233	0.00590113	
6.50133	-0.00565424	0.00598363	
6.50131	-0.00562583	0.00606614	
6.5013	-0.0055971	0.00614865	
6.50129	-0.00556809	0.00623129	
6.50128	-0.00553879	0.00631433	
6.50127	-0.00550924	0.00639786	
6.50126	-0.00547942	0.00648191	
6.50125	-0.00544937	0.00656671	
6.50124	-0.0054191	0.00665224	
6.50123	-0.0053886	0.00673858	
6.50122	-0.00535791	0.00682554	
6.5012	-0.00532703	0.00691339	
6.50119	-0.00529596	0.00700188	
6.50118	-0.00526473	0.00709113	
6.50117	-0.00523334	0.00718102	
6.50116	-0.0052018	0.00727156	
6.50115	-0.00517013	0.00736282	
6.50114	-0.00513833	0.00745464	
6.50113	-0.00510641	0.00754704	
6.50112	-0.00507439	0.00764015	
6.50111	-0.00504227	0.00773399	
6.5011	-0.00501006	0.00782855	
6.50109	-0.00497777	0.007924	
6.50108	-0.00494541	0.00802034	
6.50107	-0.00491298	0.00811759	
6.50106	-0.0048805	0.00821576	
6.50105	-0.00484797	0.00831473	
6.50104	-0.00481541	0.00841474	
6.50103	-0.00478281	0.00851557	
6.50102	-0.00475019	0.00861722	
6.50101	-0.00471754	0.00871982	
6.50101	-0.00468489	0.00882338	
6.501	-0.00465224	0.00892776	
6.50099	-0.00461958	0.00903311	
6.50098	-0.00458694	0.00913967	
6.50097	-0.00455431	0.00924723	
6.50096	-0.0045217	0.00935605	
6.50095	-0.00448912	0.00946588	
6.50094	-0.00445657	0.00957672	
6.50093	-0.00442406	0.00968867	
6.50092	-0.00439159	0.00980178	
6.50092	-0.00435917	0.00991586	
6.50091	-0.00432681	0.0100307	
6.5009	-0.0042945	0.0101467	
6.50089	-0.00426225	0.0102638	
6.50088	-0.00423008	0.0103822	
6.50087	-0.00419797	0.0105013	
6.50086	-0.00416594	0.0106214	
6.50086	-0.00413399	0.0107429	
6.50085	-0.00410213	0.0108652	
6.50084	-0.00407035	0.0109883	
6.50083	-0.00403866	0.0111125	
6.50082	-0.00400708	0.0112378	
6.50082	-0.00397559	0.0113643	
6.50081	-0.0039442	0.0114919	
6.5008	-0.00391292	0.0116204	
6.50079	-0.00388174	0.0117503	
6.50078	-0.00385068	0.0118809	
6.50078	-0.00381974	0.0120127	
6.50077	-0.00378891	0.0121456	
6.50076	-0.0037582	0.0122797	
6.50075	-0.00372762	0.0124149	
6.50075	-0.00369716	0.0125511	
6.50074	-0.00366683	0.0126882	
6.50073	-0.00363663	0.0128265	
6.50072	-0.00360656	0.0129655	
6.50072	-0.00357663	0.0131057	
6.50071	-0.00354683	0.0132472	
6.5007	-0.00351718	0.0133892	
6.5007	-0.00348766	0.0135325	
6.50069	-0.00345829	0.0136768	
6.50068	-0.00342906	0.0138224	
6.50068	-0.00339998	0.0139689	
6.50067	-0.00337105	0.0141159	
6.50066	-0.00334227	0.0142637	
6.50066	-0.00331363	0.0144117	
6.50065	-0.00328515	0.0145601	
6.50064	-0.00325682	0.0147086	
6.50064	-0.00322865	0.0148566	
6.50063	-0.00320064	0.0150051	
6.50062	-0.00317278	0.0151526	
6.50062	-0.00314507	0.0152984	
6.50061	-0.00311753	0.015443	
6.50061	-0.00309015	0.0155871	
6.5006	-0.00306293	0.0157299	
6.50059	-0.00303587	0.0158719	
6.50059	-0.00300898	0.0160136	
6.50058	-0.00298224	0.0161539	
6.50058	-0.00295567	0.0162946	
6.50057	-0.00292927	0.016435	
6.50056	-0.00290303	0.0165756	
6.50056	-0.00287696	0.0167165	
6.50055	-0.00285105	0.0168591	
6.50055	-0.00282531	0.0170019	
6.50054	-0.00279974	0.0171437	
6.50054	-0.00277433	0.017285	
6.50053	-0.00274909	0.0174258	
6.50052	-0.00272402	0.0175666	
6.50052	-0.00269912	0.0177075	
6.50051	-0.00267438	0.0178486	
6.50051	-0.00264982	0.0179899	
6.5005	-0.00262542	0.0181312	
6.5005	-0.00260119	0.0182716	
6.50049	-0.00257713	0.0184118	
6.50049	-0.00255324	0.0185503	
6.50048	-0.00252951	0.0186877	
6.50048	-0.00250596	0.0188215	
6.50047	-0.00248257	0.0189522	
6.50047	-0.00245935	0.0190809	
6.50046	-0.0024363	0.0192055	
6.50046	-0.00241342	0.0193261	
6.50045	-0.00239071	0.0194414	
6.50045	-0.00236816	0.0195504	
6.50044	-0.00234578	0.0196525	
6.50044	-0.00232357	0.0197504	
6.50043	-0.00230152	0.0198451	
6.50043	-0.00227964	0.0199377	
6.50043	-0.00225792	0.0200284	
6.50042	-0.00223638	0.0201181	
6.50042	-0.00221499	0.0202042	
6.50041	-0.00219377	0.0202908	
6.50041	-0.00217272	0.0203777	
6.5004	-0.00215182	0.0204651	
6.5004	-0.0021311	0.0205542	
6.50039	-0.00211053	0.0206421	
6.50039	-0.00209013	0.0207315	
6.50039	-0.00206989	0.020821	
6.50038	-0.0020498	0.0209135	
6.50038	-0.00202988	0.0210041	
6.50037	-0.00201012	0.0210977	
6.50037	-0.00199052	0.0211942	
6.50037	-0.00197108	0.0212905	
6.50036	-0.0019518	0.0213898	
6.50036	-0.00193267	0.0214918	
6.50035	-0.0019137	0.0215926	
6.50035	-0.00189488	0.0216928	
6.50035	-0.00187623	0.021796	
6.50034	-0.00185772	0.0219001	
6.50034	-0.00183937	0.0220048	
6.50034	-0.00182117	0.0221069	
6.50033	-0.00180313	0.0222119	
6.50033	-0.00178524	0.0223197	
6.50033	-0.0017675	0.0224304	
6.50032	-0.00174991	0.0225439	
6.50032	-0.00173246	0.0226539	
6.50032	-0.00171517	0.0227647	
6.50031	-0.00169803	0.0228808	
6.50031	-0.00168103	0.0229972	
6.50031	-0.00166418	0.0231164	
6.5003	-0.00164747	0.0232363	
6.5003	-0.00163091	0.0233589	
6.5003	-0.0016145	0.0234744	
6.50029	-0.00159822	0.0235905	
6.50029	-0.00158209	0.0237048	
6.50029	-0.0015661	0.0238196	
6.50028	-0.00155026	0.0239325	
6.50028	-0.00153455	0.0240434	
6.50028	-0.00151898	0.0241522	
6.50027	-0.00150355	0.0242527	
6.50027	-0.00148825	0.0243511	
6.50027	-0.0014731	0.0244476	
6.50026	-0.00145807	0.0245414	
6.50026	-0.00144319	0.0246357	
6.50026	-0.00142843	0.0247213	
6.50026	-0.00141381	0.0248076	
6.50025	-0.00139933	0.0248921	
6.50025	-0.00138497	0.0249765	
6.50025	-0.00137074	0.0250589	
6.50025	-0.00135665	0.0251492	
6.50024	-0.00134268	0.025232	
6.50024	-0.00132884	0.0253122	
6.50024	-0.00131513	0.0253963	
6.50023	-0.00130154	0.0254884	
6.50023	-0.00128808	0.025573	
6.50023	-0.00127475	0.0256569	
6.50023	-0.00126153	0.0257378	
6.50022	-0.00124844	0.0258157	
6.50022	-0.00123548	0.0258818	
6.50022	-0.00122263	0.0259448	
6.50022	-0.0012099	0.0259981	
6.50021	-0.00119729	0.0260439	
6.50021	-0.0011848	0.0260773	
6.50021	-0.00117243	0.0260989	
6.50021	-0.00116018	0.026114	
6.50021	-0.00114804	0.0261219	
6.5002	-0.00113601	0.0261223	
6.5002	-0.0011241	0.026113	
6.5002	-0.0011123	0.0260968	
6.5002	-0.00110062	0.0260665	
6.50019	-0.00108904	0.0260353	
6.50019	-0.00107758	0.0259954	
6.50019	-0.00106623	0.0259461	
6.50019	-0.00105498	0.025866	
6.50019	-0.00104385	0.0257788	
6.50018	-0.00103282	0.0256755	
6.50018	-0.00102189	0.0255605	
6.50018	-0.00101108	0.0254313	
6.50018	-0.00100037	0.0252888	
6.50018	-0.000989756	0.0251202	
6.50017	-0.000979251	0.0249353	
6.50017	-0.000968847	0.0247449	
6.50017	-0.000958545	0.0245395	
6.50017	-0.000948344	0.0243295	
6.50017	-0.000938242	0.0241057	
6.50016	-0.000928239	0.0238631	
6.50016	-0.000918335	0.0236104	
6.50016	-0.000908527	0.0233482	
6.50016	-0.000898817	0.0230829	
6.50016	-0.000889202	0.0228152	
6.50015	-0.000879682	0.0225373	
6.50015	-0.000870256	0.0222511	
6.50015	-0.000860923	0.0219647	
6.50015	-0.000851683	0.0216788	
6.50015	-0.000842535	0.0213893	
6.50015	-0.000833478	0.0211009	
6.50014	-0.000824511	0.0208143	
6.50014	-0.000815634	0.0205361	
6.50014	-0.000806845	0.0202595	
6.50014	-0.000798144	0.0199912	
6.50014	-0.00078953	0.0197248	
6.50014	-0.000781003	0.0194614	
6.50014	-0.000772562	0.0192019	
6.50013	-0.000764205	0.0189522	
6.50013	-0.000755933	0.0187141	
6.50013	-0.000747744	0.0184844	
6.50013	-0.000739638	0.0182709	
6.50013	-0.000731613	0.018064	
6.50013	-0.00072367	0.0178674	
6.50012	-0.000715808	0.0176898	
6.50012	-0.000708026	0.0175165	
6.50012	-0.000700322	0.0173605	
6.50012	-0.000692697	0.0172112	
6.50012	-0.00068515	0.0170737	
6.50012	-0.00067768	0.0169473	
6.50012	-0.000670286	0.0168311	
6.50012	-0.000662968	0.0167192	
6.50011	-0.000655725	0.0166167	
6.50011	-0.000648556	0.0165229	
6.50011	-0.000641461	0.0164374	
6.50011	-0.000634438	0.0163596	
6.50011	-0.000627488	0.0162892	
6.50011	-0.00062061	0.0162227	
6.50011	-0.000613802	0.0161659	
6.50011	-0.000607065	0.0161153	
6.5001	-0.000600397	0.0160676	
6.5001	-0.000593799	0.0160287	
6.5001	-0.000587269	0.015992	
6.5001	-0.000580806	0.0159567	
6.5001	-0.000574411	0.0159304	
6.5001	-0.000568082	0.0159088	
6.5001	-0.000561819	0.0158878	
6.5001	-0.000555621	0.0158714	
6.50009	-0.000549488	0.0158633	
6.50009	-0.000543419	0.0158551	
6.50009	-0.000537414	0.015855	
6.50009	-0.000531471	0.0158544	
6.50009	-0.00052559	0.0158617	
6.50009	-0.000519771	0.0158682	
6.50009	-0.000514014	0.0158781	
6.50009	-0.000508316	0.0158948	
6.50009	-0.000502679	0.0159146	
6.50009	-0.000498169	0.0159146	
6.50008	-0.000494561	0.0159146	
6.50008	-0.000491674	0.0159146	
6.50008	-0.000489365	0.0159146	
6.50008	-0.000487518	0.0159146	
6.50008	-0.00048604	0.0159146	
6.50008	-0.000484858	0.0159146	
6.50008	-0.000483912	0.0159146	
6.50008	-0.000483155	0.0159146	
6.50008	-0.00048255	0.0159146	
6.50008	-0.000482066	0.0159146	
6.50007	-0.000481678	0.0159146	
6.50007	-0.000481368	0.0159146	
6.50007	-0.00048112	0.0159146	
6.50007	-0.000480922	0.0159146	
6.50007	-0.000480763	0.0159146	
6.50007	-0.000480636	0.0159146	
6.50007	-0.000480535	0.0159146	
6.50007	-0.000480454	0.0159146	
6.50007	-0.000480389	0.0159146	
6.50007	-0.000480337	0.0159146	
6.50007	-0.000480295	0.0159146	
6.50006	-0.000480262	0.0159146	
6.50006	-0.000480235	0.0159146	
6.50006	-0.000480214	0.0159146	
6.50006	-0.000480197	0.0159146	
6.50006	-0.000480183	0.0159146	
6.50006	-0.000480172	0.0159146	
6.50006	-0.000480163	0.0159146	
6.50006	-0.000480156	0.0159146	
6.50006	-0.000480151	0.0159146	
6.50006	-0.000480146	0.0159146	
6.50005	-0.000480143	0.0159146	
6.50005	-0.00048014	0.0159146	
6.50005	-0.000480138	0.0159146	
6.50005	-0.000480136	0.0159146	
6.50005	-0.000480134	0.0159146	
6.50005	-0.000480133	0.0159146	
6.50005	-0.000480132	0.0159146	
6.50005	-0.000480132	0.0159146	
6.50005	-0.000480131	0.0159146	
6.50005	-0.00048013	0.0159146	
6.50005	-0.00048013	0.0159146	
6.50004	-0.00048013	0.0159146	
6.50004	-0.00048013	0.0159146	
6.50004	-0.000480129	0.0159146	
6.50004	-0.000480129	0.0159146	
6.50004	-0.000480129	0.0159146	
6.50004	-0.000480129	0.0159146	
6.50004	-0.000480129	0.0159146	
6.50004	-0.000480129	0.0159146	
6.50004	-0.000480129	0.0159146	
6.50004	-0.000480129	0.0159146	
6.50003	-0.000480129	0.0159146	
6.50003	-0.000480129	0.0159146	
6.50003	-0.000480129	0.0159146	
6.50003	-0.000480129	0.0159146	
6.50003	-0.000480129	0.0159146	
6.50003	-0.000480129	0.0159146	
6.50003	-0.000480129	0.0159146	
6.50003	-0.000480129	0.0159146	
6.50003	-0.000480129	0.0159146	
6.50003	-0.000480129	0.0159146	
6.50003	-0.000480129	0.0159146	
6.50002	-0.000480129	0.0159146	
6.50002	-0.000480129	0.0159146	
6.50002	-0.000480129	0.0159146	
6.50002	-0.000480129	0.0159146	
6.50002	-0.000480129	0.0159146	
6.50002	-0.000480129	0.0159146	
6.50002	-0.000480129	0.0159146	
6.50002	-0.000480129	0.0159146	
6.50002	-0.000480129	0.0159146	
6.50002	-0.000480129	0.0159146	
6.50001	-0.000480129	0.0159146	
6.50001	-0.000480129	0.0159146	
6.50001	-0.000480129	0.0159146	
6.50001	-0.000480129	0.0159146	
6.50001	-0.000480129	0.0159146	
6.50001	-0.000480129	0.0159146	
6.50001	-0.000480129	0.0159146	
6.50001	-0.000480129	0.0159146	
6.50001	-0.000480129	0.0159146	
6.50001	-0.000480129	0.0159146	
6.5	-0.000480129	0.0159146	
6.5	-0.000480129	0.0159146	
6.5	-0.000480129	0.0159146	
6.5	-0.000480129	0.0159146	
6.5	-0.000480129	0.0159146	
6.5	-0.000480129	0.0159146	
6.5	-0.000480129	0.0159146	
6.5	-0.000480129	0.0159146	
6.5	-0.000480129	0.0159146	
6.5	-0.000480129	0.0159146	
6.5	-0.000480129	0.0159146	
6.49999	-0.000480129	0.0159146	
6.49999	-0.000480129	0.0159146	
6.49999	-0.000480129	0.0159146	
6.49999	-0.000480129	0.0159146	
6.49999	-0.000480129	0.0159146	
6.49999	-0.000480129	0.0159146	
6.49999	-0.000480129	0.0159146	
6.49999	-0.000480129	0.0159146	
6.49999	-0.000480129	0.0159146	
6.49999	-0.000480129	0.0159146	
6.49998	-0.000480129	0.0159146	
6.49998	-0.000480129	0.0159146	
6.49998	-0.000480129	0.0159146	
6.49998	-0.000480129	0.0159146	
6.49998	-0.000480129	0.0159146	
6.49998	-0.000480129	0.0159146	
6.49998	-0.000480129	0.0159146	
6.49998	-0.000480129	0.0159146	
6.49998	-0.000480129	0.0159146	
6.49998	-0.000480129	0.0159146	
6.49998	-0.000480129	0.0159146	
6.49997	-0.000480129	0.0159146	
6.49997	-0.000480129	0.0159146	
6.49997	-0.000480129	0.0159146	
6.49997	-0.000480129	0.0159146	
6.49997	-0.000480129	0.0159146	
6.49997	-0.000480129	0.0159146	
6.49997	-0.000480129	0.0159146	
6.49997	-0.000480129	0.0159146	
6.49997	-0.000480129	0.0159146	
6.49997	-0.000480129	0.0159146	
6.49996	-0.000480129	0.0159146	
6.49996	-0.000480129	0.0159146	
6.49996	-0.000480129	0.0159146	
6.49996	-0.000480129	0.0159146	
6.49996	-0.000480129	0.0159146	
6.49996	-0.000480129	0.0159146	
6.49996	-0.000480129	0.0159146	
6.49996	-0.000480129	0.0159146	
6.49996	-0.000480129	0.0159146	
6.49996	-0.000480129	0.0159146	
6.49996	-0.000480129	0.0159146	
6.49995	-0.000480129	0.0159146	
6.49995	-0.000480129	0.0159146	
6.49995	-0.000480129	0.0159146	
6.49995	-0.000480129	0.0159146	
6.49995	-0.000480129	0.0159146	
6.49995	-0.000480129	0.0159146	
6.49995	-0.000480129	0.0159146	
6.49995	-0.000480129	0.0159146	
6.49995	-0.000480129	0.0159146	
6.49995	-0.000480129	0.0159146	
6.49994	-0.000480129	0.0159146	
6.49994	-0.000480129	0.0159146	
6.49994	-0.000480129	0.0159146	
6.49994	-0.000480129	0.0159146	
6.49994	-0.000480129	0.0159146	
6.49994	-0.000480129	0.0159146	
6.49994	-0.000480129	0.0159146	
6.49994	-0.000480129	0.0159146	
6.49994	-0.000480129	0.0159146	
6.49994	-0.000480129	0.0159146	
6.49993	-0.000480129	0.0159146	
6.49993	-0.000480129	0.0159146	
6.49993	-0.000480129	0.0159146	
6.49993	-0.000480129	0.0159146	
6.49993	-0.000480129	0.0159146	
6.49993	-0.000480129	0.0159146	
6.49993	-0.000480129	0.0159146	
6.49993	-0.000480129	0.0159146	
6.49993	-0.000480129	0.0159146	
6.49993	-0.000480129	0.0159146	
6.49993	-0.000480129	0.0159146	
6.49992	-0.000480129	0.0159146	
6.49992	-0.000480129	0.0159146	
6.49992	-0.000480129	0.0159146	
6.49992	-0.000480129	0.0159146	
6.49992	-0.000480129	0.0159146	
6.49992	-0.000480129	0.0159146	
6.49992	-0.000480129	0.0159146	
6.49992	-0.000480129	0.0159146	
6.49992	-0.000480129	0.0159146	
6.49992	-0.000480129	0.0159146	
6.49991	-0.000480129	0.0159146	
6.49991	-0.000480129	0.0159146	
6.49991	-0.000480129	0.0159146	
6.49991	-0.000480129	0.0159146	
6.49991	-0.000480129	0.0159146	
6.49991	-0.000480129	0.0159146	
6.49991	-0.000480129	0.0159146	
6.49991	-0.000480129	0.0159146	
6.49991	-0.000480129	0.0159146	
6.49991	-0.000480129	0.0159146	
6.49991	-0.000480129	0.0159146	
6.4999	-0.000480129	0.0159146	
6.4999	-0.000480129	0.0159146	
6.4999	-0.000480129	0.0159146	
6.4999	-0.000480129	0.0159146	
6.4999	-0.000480129	0.0159146	
6.4999	-0.000480129	0.0159146	
6.4999	-0.000480129	0.0159146	
6.4999	-0.000480129	0.0159146	
6.4999	-0.000480129	0.0159146	
6.4999	-0.000480129	0.0159146	
6.49989	-0.000480129	0.0159146	
6.49989	-0.000480129	0.0159146	
6.49989	-0.000480129	0.0159146	
6.49989	-0.000480129	0.0159146	
6.49989	-0.000480129	0.0159146	
6.49989	-0.000480129	0.0159146	
6.49989	-0.000480129	0.0159146	
6.49989	-0.000480129	0.0159146	
6.49989	-0.000480129	0.0159146	
6.49989	-0.000480129	0.0159146	
6.49989	-0.000480129	0.0159146	
6.49988	-0.000480129	0.0159146	
6.49988	-0.000480129	0.0159146	
6.49988	-0.000480129	0.0159146	
6.49988	-0.000480129	0.0159146	
6.49988	-0.000480129	0.0159146	
6.49988	-0.000480129	0.0159146	
6.49988	-0.000480129	0.0159146	
6.49988	-0.000480129	0.0159146	
6.49988	-0.000480129	0.0159146	
6.49988	-0.000480129	0.0159146	
6.49987	-0.000480129	0.0159146	
6.49987	-0.000480129	0.0159146	
6.49987	-0.000480129	0.0159146	
6.49987	-0.000480129	0.0159146	
6.49987	-0.000480129	0.0159146	
6.49987	-0.000480129	0.0159146	
6.49987	-0.000480129	0.0159146	
6.49987	-0.000480129	0.0159146	
6.49987	-0.000480129	0.0159146	
6.49987	-0.000480129	0.0159146	
6.49986	-0.000480129	0.0159146	
6.49986	-0.000480129	0.0159146	
6.49986	-0.000480129	0.0159146	
6.49986	-0.000480129	0.0159146	
6.49986	-0.000480129	0.0159146	
6.49986	-0.000480129	0.0159146	
6.49986	-0.000480129	0.0159146	
6.49986	-0.000480129	0.0159146	
6.49986	-0.000480129	0.0159146	
6.49986	-0.000480129	0.0159146	
6.49986	-0.000480129	0.0159146	
6.49985	-0.000480129	0.0159146	
6.49985	-0.000480129	0.0159146	
6.49985	-0.000480129	0.0159146	
6.49985	-0.000480129	0.0159146	
6.49985	-0.000480129	0.0159146	
6.49985	-0.000480129	0.0159146	
6.49985	-0.000480129	0.0159146	
6.49985	-0.000480129	0.0159146	
6.49985	-0.000480129	0.0159146	
6.49985	-0.000480129	0.0159146	
6.49984	-0.000480129	0.0159146	
6.49984	-0.000480129	0.0159146	
6.49984	-0.000480129	0.0159146	
6.49984	-0.000480129	0.0159146	
6.49984	-0.000480129	0.0159146	
6.49984	-0.000480129	0.0159146	
6.49984	-0.000480129	0.0159146	
6.49984	-0.000480129	0.0159146	
6.49984	-0.000480129	0.0159146	
6.49984	-0.000480129	0.0159146	
6.49984	-0.000480129	0.0159146	
6.49983	-0.000480129	0.0159146	
6.49983	-0.000480129	0.0159146	
6.49983	-0.000480129	0.0159146	
6.49983	-0.000480129	0.0159146	
6.49983	-0.000480129	0.0159146	
6.49983	-0.000480129	0.0159146	
6.49983	-0.000480129	0.0159146	
6.49983	-0.000480129	0.0159146	
6.49983	-0.000480129	0.0159146	
6.49983	-0.000480129	0.0159146	
6.49982	-0.000480129	0.0159146	
6.49982	-0.000480129	0.0159146	
6.49982	-0.000480129	0.0159146	
6.49982	-0.000480129	0.0159146	
6.49982	-0.000480129	0.0159146	
6.49982	-0.000480129	0.0159146	
6.49982	-0.000480129	0.0159146	
6.49982	-0.000480129	0.0159146	
6.49982	-0.000480129	0.0159146	
6.49982	-0.000480129	0.0159146	
6.49981	-0.000480129	0.0159146	
6.49981	-0.000480129	0.0159146	
6.49981	-0.000480129	0.0159146	
6.49981	-0.000480129	0.0159146	
6.49981	-0.000480129	0.0159146	
6.49981	-0.000480129	0.0159146	
6.49981	-0.000480129	0.0159146	
6.49981	-0.000480129	0.0159146	
6.49981	-0.000480129	0.0159146	
6.49981	-0.000480129	0.0159146	
6.4998	-0.000480129	0.0159146	
6.4998	-0.000480129	0.0159146	
6.4998	-0.000480129	0.0159146	
6.4998	-0.000480129	0.0159146	
6.4998	-0.000480129	0.0159146	
6.4998	-0.000480129	0.0159146	
6.4998	-0.000480129	0.0159146	
6.4998	-0.000480129	0.0159146	
6.4998	-0.000480129	0.0159146	
6.4998	-0.000480129	0.0159146	
6.4998	-0.000480129	0.0159146	
6.49979	-0.000480129	0.0159146	
6.49979	-0.000480129	0.0159146	
6.49979	-0.000480129	0.0159146	
6.49979	-0.000480129	0.0159146	
6.49979	-0.000480129	0.0159146	
