10	0	1	
10	0	1	
10	0	1	
10	0	1	
10	0	1	
10	0	1	
10	0	1	
10	0	1	
10	0	1	
10	0	1	
10	0	1	
10	0	1	
10	0	1	
10	0	1	
10	0	1	
10	0	1	
10	0	1	
10	0	1	
10	0	1	
10	0	1	
10	0	1	
10	0	1	
10	0	1	
10	0	1	
10	0	1	
10	0	1	
10	0	1	
10	0	1	
10	0	1	
10	0	1	
10	0	1	
10	0	1	
10	0	1	
10	0	1	
10	0	1	
10	0	1	
10	0	1	
10	0	1	
10	0	1	
10	0	1	
10	0	1	
10	0	1	
10	0	1	
10	0	1	
10	0	1	
10	0	1	
10	0	1	
10	0	1	
10	0	1	
10	0	1	
10	0	1	
10	0	1	
10	0	1	
10	0	1	
10	0	1	
10	0	1	
10	0	1	
10	0	1	
10	0	1	
10	0	1	
10	0	1	
10	0	1	
10	0	1	
10	0	1	
10	0	1	
10	0	1	
10	0	1	
10	0	1	
10	0	1	
10	0	1	
10	0	1	
10	0	1	
10	0	1	
10	0	1	
10	0	1	
10	0	1	
10	0	1	
10	0	1	
10	0	1	
10	0	1	
10	0	1	
10	0	1	
10	0	1	
10	0	1	
10	0	1	
10	0	1	
10	0	1	
10	0	1	
10	0	1	
10	0	1	
10	0	1	
10	0	1	
10	0	1	
10	0	1	
10	0	1	
10	0	1	
10	0	1	
10	0	1	
10	0	1	
10	0	1	
10	0	1	
10	0	1	
10	0	1	
10	0	1	
10	0	1	
10	0	1	
10	0	1	
10	0	1	
10	0	1	
10	0	1	
10	0	1	
10	0	1	
10	0	1	
10	0	1	
10	0	1	
10	0	1	
10	0	1	
10	0	1	
10	0	1	
10	0	1	
10	0	1	
10	0	1	
10	0	1	
10	0	1	
10	0	1	
10	0	1	
10	0	1	
10	0	1	
10	0	1	
10	0	1	
10	0	1	
10	0	1	
10	0	1	
10	0	1	
10	0	1	
10	0	1	
10	0	1	
10	0	1	
10	0	1	
10	0	1	
10	0	1	
10	0	1	
10	0	1	
10	0	1	
10	0	1	
10	0	1	
10	0	1	
10	0	1	
10	0	1	
10	0	1	
10	0	1	
10	0	1	
10	0	1	
10	0	1	
10	0	1	
10	0	1	
10	0	1	
10	0	1	
10	0	1	
10	0	1	
10	0	1	
10	0	1	
10	0	1	
10	0	1	
10	0	1	
10	0	1	
10	0	1	
10	0	1	
10	0	1	
10	0	1	
10	0	1	
10	0	1	
10	0	1	
10	0	1	
10	0	1	
10	0	1	
10	0	1	
10	0	1	
10	0	1	
10	0	1	
10	0	1	
10	0	1	
10	0	1	
10	0	1	
10	0	1	
10	0	1	
10	0	1	
10	0	1	
10	0	1	
10	0	1	
10	0	1	
10	0	1	
10	0	1	
10	0	1	
10	0	1	
10	0	1	
10	0	1	
10	0	1	
10	0	1	
10	0	1	
10	0	1	
10	0	1	
10	0	1	
10	0	1	
10	0	1	
10	0	1	
10	0	1	
10	0	1	
10	0	1	
10	0	1	
10	0	1	
10	0	1	
10	0	1	
10	0	1	
10	0	1	
10	0	1	
10	0	1	
10	0	1	
10	0	1	
10	0	1	
10	0	1	
10	0	1	
10	0	1	
10	0	1	
10	0	1	
10	0	1	
10	0	1	
10	0	1	
10	0	1	
10	0	1	
10	0	1	
10	0	1	
10	0	1	
10	0	1	
10	0	1	
10	0	1	
10	0	1	
10	0	1	
10	0	1	
10	0	1	
10	0	1	
10	0	1	
10	0	1	
10	0	1	
10	0	1	
10	0	1	
10	0	1	
10	0	1	
10	0	1	
10	0	1	
10	0	1	
10	0	1	
10	0	1	
10	0	1	
10	0	1	
10	0	1	
10	0	1	
10	0	1	
10	0	1	
10	0	1	
10	0	1	
10	0	1	
10	0	1	
10	0	1	
10	0	1	
10	0	1	
10	0	1	
10	0	1	
10	0	1	
10	0	1	
10	0	1	
10	0	1	
10	0	1	
10	0	1	
10	0	1	
10	0	1	
10	0	1	
10	0	1	
10	0	1	
10	0	1	
10	0	1	
9.99998	-0.00809789	1	
9.99995	-0.0148278	1	
9.99991	-0.0204688	1	
9.99986	-0.0252438	1	
9.9998	-0.0293319	1	
9.99974	-0.0328763	1	
9.99967	-0.0359921	1	
9.99959	-0.0387722	1	
9.99951	-0.0412909	1	
9.99942	-0.0436068	1	
9.99933	-0.0457673	1	
9.99923	-0.0478107	1	
9.99913	-0.0497666	1	
9.99903	-0.0516597	1	
9.99892	-0.0535101	1	
9.99881	-0.0553324	1	
9.9987	-0.0571394	1	
9.99858	-0.0589415	1	
9.99846	-0.0607465	1	
9.99833	-0.0625621	1	
9.9982	-0.0643954	1	
9.99807	-0.0662512	1	
9.99794	-0.0681334	1	
9.9978	-0.0700455	1	
9.99765	-0.0719901	1	
9.9975	-0.0739695	1	
9.99735	-0.0759848	1	
9.9972	-0.0780377	1	
9.99704	-0.0801294	1	
9.99687	-0.0822596	1	
9.9967	-0.0844305	1	
9.99653	-0.0866424	1	
9.99635	-0.0888953	1	
9.99617	-0.091189	1	
9.99598	-0.0935237	1	
9.99579	-0.0959001	1	
9.99559	-0.0983183	1	
9.99539	-0.100777	1	
9.99518	-0.103276	1	
9.99497	-0.105815	1	
9.99476	-0.108395	1	
9.99453	-0.111017	1	
9.99431	-0.113679	1	
9.99407	-0.116384	1	
9.99384	-0.119132	1	
9.99359	-0.121924	1	
9.99334	-0.12476	1	
9.99309	-0.127641	1	
9.99283	-0.130564	1	
9.99256	-0.133529	1	
9.99229	-0.136536	1	
9.99201	-0.139586	1	
9.99172	-0.142679	1	
9.99143	-0.145817	1	
9.99113	-0.149	1	
9.99083	-0.15223	1	
9.99052	-0.155509	1	
9.9902	-0.15884	1	
9.98987	-0.162226	1	
9.98954	-0.16567	1	
9.9892	-0.169173	1	
9.98886	-0.172739	1	
9.98851	-0.17637	1	
9.98815	-0.180069	1	
9.98778	-0.18384	1	
9.9874	-0.187691	1	
9.98702	-0.191625	1	
9.98663	-0.195645	1	
9.98623	-0.199757	1	
9.98582	-0.203959	1	
9.9854	-0.208252	1	
9.98498	-0.212638	1	
9.98454	-0.217117	1	
9.9841	-0.22169	1	
9.98365	-0.226359	1	
9.98319	-0.231125	1	
9.98271	-0.235992	1	
9.98223	-0.240964	1	
9.98174	-0.246041	1	
9.98124	-0.251227	1	
9.98072	-0.256521	1	
9.9802	-0.261927	1	
9.97967	-0.267448	1	
9.97912	-0.273085	1	
9.97856	-0.278839	1	
9.97799	-0.284711	1	
9.97741	-0.290699	1	
9.97682	-0.2968	1	
9.97621	-0.303012	1	
9.97559	-0.309333	1	
9.97496	-0.315762	1	
9.97432	-0.322299	1	
9.97366	-0.328946	1	
9.97299	-0.335701	1	
9.9723	-0.342562	1	
9.9716	-0.349528	1	
9.97089	-0.356595	1	
9.97016	-0.363766	1	
9.96942	-0.371042	1	
9.96866	-0.378425	1	
9.96789	-0.385917	1	
9.9671	-0.393523	1	
9.9663	-0.401246	1	
9.96548	-0.409094	1	
9.96465	-0.417071	1	
9.9638	-0.425185	1	
9.96293	-0.433439	1	
9.96205	-0.441839	1	
9.96115	-0.450385	1	
9.96023	-0.459079	1	
9.95929	-0.467921	1	
9.95834	-0.476911	1	
9.95737	-0.48605	1	
9.95638	-0.49534	1	
9.95537	-0.504781	1	
9.95434	-0.514379	1	
9.95329	-0.524135	1	
9.95222	-0.534054	1	
9.95113	-0.54414	1	
9.95003	-0.554395	1	
9.9489	-0.564821	1	
9.94775	-0.575419	1	
9.94657	-0.586188	1	
9.94538	-0.597127	1	
9.94416	-0.608236	1	
9.94292	-0.619514	1	
9.94166	-0.630963	1	
9.94038	-0.642583	1	
9.93907	-0.654372	1	
9.93773	-0.666328	1	
9.93638	-0.678454	1	
9.935	-0.690751	1	
9.93359	-0.703219	1	
9.93216	-0.715858	1	
9.9307	-0.728662	1	
9.92922	-0.74163	1	
9.92771	-0.75476	1	
9.92617	-0.768053	1	
9.92461	-0.781511	1	
9.92302	-0.795132	1	
9.9214	-0.808918	1	
9.91975	-0.822872	1	
9.91808	-0.837001	1	
9.91638	-0.851312	1	
9.91465	-0.865812	1	
9.91289	-0.880505	1	
9.9111	-0.895398	1	
9.90927	-0.910501	1	
9.90742	-0.925824	1	
9.90554	-0.941374	1	
9.90363	-0.957152	1	
9.90168	-0.973158	1	
9.8997	-0.989399	1	
9.89769	-1.00589	1	
9.89564	-1.02264	1	
9.89356	-1.03968	1	
9.89145	-1.057	1	
9.8893	-1.07461	1	
9.88712	-1.09251	1	
9.88489	-1.1107	1	
9.88264	-1.12917	1	
9.88034	-1.14792	1	
9.87801	-1.16696	1	
9.87563	-1.1863	1	
9.87322	-1.20594	1	
9.87077	-1.22587	1	
9.86828	-1.24611	1	
9.86574	-1.26666	1	
9.86317	-1.28753	1	
9.86055	-1.30871	1	
9.85789	-1.33019	1	
9.85519	-1.35197	1	
9.85244	-1.37403	1	
9.84965	-1.39636	1	
9.84681	-1.41897	1	
9.84393	-1.44182	1	
9.841	-1.46489	1	
9.83802	-1.48817	1	
9.835	-1.51163	1	
9.83193	-1.53528	1	
9.82881	-1.55911	1	
9.82564	-1.58311	1	
9.82243	-1.60728	1	
9.81916	-1.6316	1	
9.81585	-1.65605	1	
9.81249	-1.68062	1	
9.80908	-1.7053	1	
9.80562	-1.73007	1	
9.80211	-1.75494	1	
9.79855	-1.77992	1	
9.79494	-1.80504	1	
9.79128	-1.83033	1	
9.78757	-1.8558	1	
9.7838	-1.8815	1	
9.77999	-1.90746	1	
9.77612	-1.93369	1	
9.7722	-1.96023	1	
9.76823	-1.9871	1	
9.7642	-2.01434	1	
9.76011	-2.04198	1	
9.75598	-2.06939	0.99844	
9.75178	-2.09642	0.996203	
9.74754	-2.12307	0.993613	
9.74324	-2.14935	0.990717	
9.73889	-2.17526	0.987557	
9.73449	-2.2008	0.984136	
9.73003	-2.22599	0.980466	
9.72553	-2.25083	0.976573	
9.72098	-2.27532	0.972488	
9.71638	-2.29946	0.968245	
9.71174	-2.32327	0.96387	
9.70704	-2.34675	0.959398	
9.7023	-2.36989	0.954859	
9.69752	-2.39271	0.950284	
9.69269	-2.41521	0.945677	
9.68781	-2.4374	0.941035	
9.68289	-2.45928	0.936371	
9.67793	-2.48085	0.931703	
9.67293	-2.50212	0.927059	
9.66788	-2.52309	0.922468	
9.66279	-2.54376	0.917924	
9.65767	-2.56415	0.913399	
9.6525	-2.58425	0.90887	
9.64729	-2.60407	0.904307	
9.64204	-2.62362	0.89971	
9.63676	-2.64288	0.895074	
9.63143	-2.66188	0.890393	
9.62607	-2.68062	0.885658	
9.62067	-2.69909	0.880866	
9.61524	-2.7173	0.876023	
9.60977	-2.73526	0.871133	
9.60426	-2.75297	0.866205	
9.59872	-2.77042	0.861253	
9.59315	-2.78764	0.856302	
9.58754	-2.80461	0.851371	
9.58189	-2.82135	0.846454	
9.57622	-2.83785	0.841536	
9.57051	-2.85412	0.836613	
9.56477	-2.87016	0.83169	
9.559	-2.88598	0.82679	
9.55319	-2.90158	0.821922	
9.54736	-2.91695	0.817093	
9.5415	-2.93212	0.812294	
9.5356	-2.94707	0.807515	
9.52968	-2.96181	0.802746	
9.52373	-2.97634	0.79798	
9.51774	-2.99067	0.793229	
9.51173	-3.0048	0.788486	
9.5057	-3.01874	0.783743	
9.49963	-3.03247	0.778986	
9.49354	-3.04602	0.774214	
9.48742	-3.05938	0.769448	
9.48128	-3.07254	0.764712	
9.47511	-3.08553	0.76002	
9.46891	-3.09833	0.755379	
9.46269	-3.11095	0.750791	
9.45644	-3.1234	0.746261	
9.45017	-3.13567	0.741788	
9.44387	-3.14777	0.737379	
9.43755	-3.1597	0.73304	
9.43121	-3.17147	0.728779	
9.42484	-3.18307	0.724601	
9.41846	-3.19451	0.720514	
9.41204	-3.20578	0.716524	
9.40561	-3.2169	0.712638	
9.39915	-3.22786	0.708857	
9.39268	-3.23867	0.705162	
9.38618	-3.24933	0.701529	
9.37966	-3.25984	0.697945	
9.37312	-3.27021	0.694413	
9.36656	-3.28042	0.690919	
9.35998	-3.2905	0.687448	
9.35338	-3.30043	0.683988	
9.34676	-3.31022	0.680542	
9.34012	-3.31988	0.677115	
9.33346	-3.3294	0.673717	
9.32678	-3.33879	0.670344	
9.32008	-3.34805	0.666998	
9.31337	-3.35717	0.663679	
9.30664	-3.36617	0.660383	
9.29989	-3.37505	0.657127	
9.29312	-3.3838	0.653917	
9.28633	-3.39242	0.65076	
9.27953	-3.40093	0.647646	
9.27271	-3.40932	0.644571	
9.26588	-3.41759	0.641537	
9.25903	-3.42574	0.638545	
9.25216	-3.43378	0.635574	
9.24528	-3.44171	0.632605	
9.23838	-3.44952	0.629622	
9.23146	-3.45723	0.626619	
9.22453	-3.46483	0.623603	
9.21759	-3.47232	0.620577	
9.21063	-3.47971	0.617538	
9.20365	-3.48699	0.61449	
9.19667	-3.49417	0.611437	
9.18966	-3.50126	0.608395	
9.18265	-3.50824	0.605377	
9.17562	-3.51512	0.602396	
9.16857	-3.52191	0.599456	
9.16152	-3.5286	0.596561	
9.15445	-3.5352	0.593724	
9.14736	-3.54171	0.590953	
9.14027	-3.54813	0.588247	
9.13316	-3.55445	0.58561	
9.12604	-3.56069	0.583041	
9.1189	-3.56684	0.580545	
9.11176	-3.57291	0.578123	
9.1046	-3.57889	0.575764	
9.09743	-3.58478	0.573463	
9.09025	-3.59059	0.571212	
9.08305	-3.59633	0.569001	
9.07585	-3.60198	0.566815	
9.06864	-3.60755	0.564648	
9.06141	-3.61304	0.562496	
9.05417	-3.61846	0.560358	
9.04693	-3.6238	0.558238	
9.03967	-3.62907	0.556142	
9.0324	-3.63426	0.554076	
9.02512	-3.63938	0.552039	
9.01783	-3.64443	0.55003	
9.01053	-3.64941	0.548042	
9.00322	-3.65432	0.546076	
8.9959	-3.65916	0.544131	
8.98858	-3.66393	0.542207	
8.98124	-3.66863	0.54031	
8.97389	-3.67327	0.538432	
8.96654	-3.67785	0.536572	
8.95917	-3.68236	0.534732	
8.9518	-3.6868	0.532912	
8.94442	-3.69119	0.531108	
8.93703	-3.69551	0.529312	
8.92963	-3.69978	0.527519	
8.92222	-3.70398	0.52573	
8.9148	-3.70812	0.523956	
8.90738	-3.71221	0.522204	
8.89995	-3.71624	0.520471	
8.8925	-3.72021	0.518751	
8.88506	-3.72413	0.517044	
8.8776	-3.72799	0.515352	
8.87014	-3.7318	0.513681	
8.86267	-3.73555	0.512029	
8.85519	-3.73926	0.510397	
8.8477	-3.74291	0.508782	
8.84021	-3.74651	0.507188	
8.83271	-3.75005	0.505624	
8.8252	-3.75355	0.504096	
8.81769	-3.757	0.502604	
8.81017	-3.76041	0.501144	
8.80264	-3.76376	0.499712	
8.7951	-3.76707	0.498307	
8.78756	-3.77033	0.496924	
8.78002	-3.77354	0.495553	
8.77246	-3.77671	0.494186	
8.7649	-3.77984	0.492823	
8.75734	-3.78292	0.491464	
8.74977	-3.78596	0.490118	
8.74219	-3.78896	0.48879	
8.7346	-3.79191	0.487486	
8.72702	-3.79483	0.486208	
8.71942	-3.7977	0.484951	
8.71182	-3.80053	0.483716	
8.70421	-3.80332	0.48251	
8.6966	-3.80608	0.481333	
8.68898	-3.80879	0.480185	
8.68136	-3.81147	0.479063	
8.67373	-3.81411	0.477967	
8.6661	-3.81671	0.476898	
8.65846	-3.81928	0.47585	
8.65082	-3.82181	0.474819	
8.64317	-3.8243	0.473801	
8.63551	-3.82676	0.472796	
8.62786	-3.82919	0.471805	
8.62019	-3.83158	0.470826	
8.61252	-3.83394	0.469852	
8.60485	-3.83626	0.468883	
8.59717	-3.83855	0.46792	
8.58949	-3.84081	0.466964	
8.58181	-3.84304	0.466017	
8.57412	-3.84524	0.465082	
8.56642	-3.84741	0.464156	
8.55872	-3.84954	0.463237	
8.55102	-3.85165	0.462319	
8.54331	-3.85373	0.461403	
8.5356	-3.85577	0.460495	
8.52788	-3.85779	0.459595	
8.52016	-3.85978	0.458699	
8.51244	-3.86175	0.45781	
8.50471	-3.86368	0.456933	
8.49698	-3.86559	0.456076	
8.48925	-3.86747	0.455241	
8.48151	-3.86933	0.454425	
8.47377	-3.87116	0.453626	
8.46602	-3.87296	0.452843	
8.45827	-3.87474	0.452078	
8.45052	-3.87649	0.451329	
8.44276	-3.87822	0.4506	
8.435	-3.87993	0.449889	
8.42724	-3.88161	0.449189	
8.41947	-3.88327	0.448497	
8.4117	-3.8849	0.447814	
8.40393	-3.88651	0.447143	
8.39615	-3.8881	0.446484	
8.38837	-3.88967	0.445836	
8.38059	-3.89121	0.445197	
8.37281	-3.89273	0.444573	
8.36502	-3.89424	0.443965	
8.35723	-3.89572	0.443372	
8.34943	-3.89718	0.442795	
8.34163	-3.89862	0.442233	
8.33383	-3.90004	0.441683	
8.32603	-3.90143	0.441135	
8.31823	-3.90281	0.440586	
8.31042	-3.90418	0.440028	
8.30261	-3.90552	0.439465	
8.29479	-3.90684	0.438892	
8.28698	-3.90814	0.438308	
8.27916	-3.90943	0.437709	
8.27134	-3.9107	0.4371	
8.26351	-3.91195	0.436487	
8.25569	-3.91318	0.435874	
8.24786	-3.9144	0.435262	
8.24003	-3.91559	0.434656	
8.23219	-3.91678	0.434059	
8.22436	-3.91794	0.433473	
8.21652	-3.91909	0.432899	
8.20868	-3.92022	0.432339	
8.20084	-3.92134	0.431796	
8.19299	-3.92244	0.431271	
8.18514	-3.92353	0.430764	
8.17729	-3.9246	0.430278	
8.16944	-3.92565	0.429814	
8.16159	-3.92669	0.429377	
8.15373	-3.92772	0.428969	
8.14588	-3.92873	0.428589	
8.13802	-3.92973	0.42823	
8.13016	-3.93071	0.427885	
8.12229	-3.93168	0.427549	
8.11443	-3.93264	0.427215	
8.10656	-3.93358	0.426876	
8.09869	-3.93451	0.426524	
8.09082	-3.93543	0.426158	
8.08295	-3.93633	0.425777	
8.07507	-3.93723	0.425386	
8.0672	-3.9381	0.424989	
8.05932	-3.93897	0.424594	
8.05144	-3.93983	0.424204	
8.04356	-3.94067	0.423824	
8.03568	-3.9415	0.423452	
8.02779	-3.94232	0.423089	
8.0199	-3.94312	0.42274	
8.01202	-3.94392	0.422406	
8.00413	-3.94471	0.422087	
7.99624	-3.94548	0.421786	
7.98834	-3.94624	0.421504	
7.98045	-3.947	0.421239	
7.97255	-3.94774	0.420988	
7.96466	-3.94847	0.420745	
7.95676	-3.94919	0.420505	
7.94886	-3.9499	0.42027	
7.94096	-3.9506	0.420036	
7.93305	-3.9513	0.419799	
7.92515	-3.95198	0.419553	
7.91725	-3.95265	0.419293	
7.90934	-3.95331	0.419017	
7.90143	-3.95397	0.418727	
7.89352	-3.95461	0.418426	
7.88561	-3.95525	0.418119	
7.8777	-3.95587	0.417812	
7.86979	-3.95649	0.417507	
7.86187	-3.9571	0.417207	
7.85396	-3.9577	0.416914	
7.84604	-3.95829	0.416631	
7.83812	-3.95888	0.416363	
7.8302	-3.95945	0.416115	
7.82228	-3.96002	0.415882	
7.81436	-3.96058	0.415665	
7.80644	-3.96113	0.415462	
7.79852	-3.96168	0.415271	
7.79059	-3.96221	0.415095	
7.78267	-3.96274	0.414936	
7.77474	-3.96326	0.414794	
7.76681	-3.96378	0.414669	
7.75888	-3.96428	0.414555	
7.75096	-3.96478	0.414445	
7.74302	-3.96528	0.414333	
7.73509	-3.96576	0.414214	
7.72716	-3.96624	0.414087	
7.71923	-3.96672	0.413955	
7.71129	-3.96718	0.413822	
7.70336	-3.96764	0.413691	
7.69542	-3.96809	0.413565	
7.68748	-3.96854	0.41345	
7.67955	-3.96898	0.413347	
7.67161	-3.96942	0.41326	
7.66367	-3.96984	0.413189	
7.65573	-3.97027	0.413138	
7.64779	-3.97068	0.413105	
7.63984	-3.97109	0.413087	
7.6319	-3.9715	0.413078	
7.62396	-3.97122	0.412724	
7.61602	-3.97018	0.412262	
7.60808	-3.96838	0.411743	
7.60015	-3.96586	0.411171	
7.59222	-3.96263	0.410541	
7.58431	-3.95871	0.409851	
7.5764	-3.95413	0.409091	
7.5685	-3.9489	0.408258	
7.56061	-3.94305	0.407346	
7.55274	-3.93658	0.406356	
7.54488	-3.92952	0.405291	
7.53704	-3.9219	0.404156	
7.52921	-3.91371	0.402955	
7.5214	-3.90499	0.401691	
7.51361	-3.89575	0.400372	
7.50584	-3.886	0.399008	
7.49809	-3.87577	0.397613	
7.49036	-3.86506	0.396194	
7.48265	-3.85389	0.394757	
7.47496	-3.84228	0.3933	
7.4673	-3.83024	0.391823	
7.45967	-3.81779	0.390332	
7.45206	-3.80494	0.388824	
7.44447	-3.7917	0.387303	
7.43692	-3.7781	0.385771	
7.42939	-3.76413	0.384238	
7.42189	-3.74981	0.382705	
7.41442	-3.73516	0.381169	
7.40698	-3.72019	0.37962	
7.39957	-3.70491	0.378052	
7.39219	-3.68933	0.376459	
7.38484	-3.67346	0.37484	
7.37753	-3.65732	0.373193	
7.37025	-3.64091	0.371519	
7.363	-3.62425	0.369821	
7.35578	-3.60735	0.368095	
7.3486	-3.59021	0.366343	
7.34146	-3.57285	0.364565	
7.33435	-3.55527	0.362765	
7.32727	-3.53749	0.360951	
7.32023	-3.51951	0.359129	
7.31323	-3.50135	0.357298	
7.30626	-3.48301	0.355459	
7.29934	-3.4645	0.353611	
7.29244	-3.44583	0.351759	
7.28559	-3.427	0.349909	
7.27877	-3.40803	0.348064	
7.272	-3.38893	0.346231	
7.26526	-3.36969	0.344412	
7.25856	-3.35034	0.342608	
7.25189	-3.33087	0.340817	
7.24527	-3.31129	0.339029	
7.23869	-3.29161	0.337237	
7.23215	-3.27184	0.335436	
7.22564	-3.25197	0.333625	
7.21918	-3.23203	0.331806	
7.21275	-3.21201	0.329984	
7.20637	-3.19193	0.328159	
7.20003	-3.17178	0.326333	
7.19372	-3.15157	0.324508	
7.18746	-3.13131	0.322683	
7.18124	-3.11101	0.320857	
7.17506	-3.09066	0.31903	
7.16892	-3.07028	0.317204	
7.16282	-3.04986	0.315383	
7.15676	-3.02942	0.313572	
7.15074	-3.00896	0.311772	
7.14476	-2.98848	0.309986	
7.13883	-2.96799	0.308217	
7.13293	-2.94749	0.306466	
7.12708	-2.92699	0.304734	
7.12126	-2.90649	0.303023	
7.11549	-2.88599	0.301334	
7.10976	-2.8655	0.299669	
7.10407	-2.84502	0.298027	
7.09842	-2.82456	0.296406	
7.09281	-2.80412	0.2948	
7.08725	-2.7837	0.293202	
7.08172	-2.76331	0.291607	
7.07623	-2.74294	0.290009	
7.07079	-2.72261	0.288407	
7.06538	-2.70232	0.286799	
7.06002	-2.68206	0.285186	
7.0547	-2.66184	0.283566	
7.04941	-2.64167	0.281938	
7.04417	-2.62155	0.280303	
7.03897	-2.60147	0.278666	
7.0338	-2.58145	0.277026	
7.02868	-2.56148	0.275386	
7.0236	-2.54157	0.273746	
7.01855	-2.52172	0.272108	
7.01355	-2.50193	0.270475	
7.00859	-2.4822	0.268849	
7.00366	-2.46254	0.267235	
6.99878	-2.44295	0.265635	
6.99393	-2.42343	0.264052	
6.98912	-2.40398	0.26249	
6.98435	-2.3846	0.260951	
6.97962	-2.3653	0.259439	
6.97493	-2.34607	0.257953	
6.97027	-2.32693	0.25649	
6.96566	-2.30786	0.255051	
6.96108	-2.28887	0.25363	
6.95654	-2.26997	0.252228	
6.95204	-2.25115	0.250842	
6.94757	-2.23242	0.24947	
6.94315	-2.21377	0.248107	
6.93876	-2.19522	0.246753	
6.9344	-2.17675	0.245407	
6.93009	-2.15837	0.244071	
6.92581	-2.14009	0.242744	
6.92156	-2.12189	0.241427	
6.91735	-2.10379	0.240118	
6.91318	-2.08579	0.238815	
6.90905	-2.06788	0.237518	
6.90495	-2.05006	0.236228	
6.90088	-2.03235	0.234946	
6.89685	-2.01473	0.233672	
6.89286	-1.99721	0.232409	
6.8889	-1.97978	0.231155	
6.88497	-1.96246	0.229912	
6.88108	-1.94524	0.228681	
6.87723	-1.92812	0.227464	
6.87341	-1.9111	0.226259	
6.86962	-1.89418	0.225067	
6.86586	-1.87737	0.223889	
6.86214	-1.86066	0.222723	
6.85845	-1.84405	0.221567	
6.8548	-1.82754	0.22042	
6.85118	-1.81114	0.219284	
6.84759	-1.79485	0.218157	
6.84403	-1.77865	0.217038	
6.8405	-1.76257	0.215925	
6.83701	-1.74658	0.214817	
6.83355	-1.73071	0.213711	
6.83012	-1.71493	0.212608	
6.82672	-1.69927	0.211508	
6.82335	-1.68371	0.210413	
6.82002	-1.66825	0.209323	
6.81671	-1.6529	0.208238	
6.81344	-1.63766	0.207159	
6.81019	-1.62252	0.206087	
6.80698	-1.60749	0.20502	
6.80379	-1.59256	0.203959	
6.80063	-1.57774	0.202904	
6.79751	-1.56303	0.201854	
6.79441	-1.54842	0.200808	
6.79134	-1.53392	0.199768	
6.7883	-1.51952	0.198736	
6.78529	-1.50523	0.197712	
6.78231	-1.49104	0.196698	
6.77936	-1.47696	0.195695	
6.77643	-1.46298	0.194703	
6.77353	-1.4491	0.193722	
6.77066	-1.43534	0.19275	
6.76782	-1.42167	0.191787	
6.765	-1.40811	0.190834	
6.76221	-1.39465	0.189889	
6.75945	-1.3813	0.188955	
6.75672	-1.36805	0.188034	
6.75401	-1.3549	0.187125	
6.75132	-1.34186	0.186228	
6.74866	-1.32892	0.185341	
6.74603	-1.31608	0.184463	
6.74343	-1.30334	0.183596	
6.74084	-1.2907	0.182737	
6.73829	-1.27816	0.181889	
6.73576	-1.26573	0.181048	
6.73325	-1.25339	0.180219	
6.73077	-1.24115	0.179401	
6.72831	-1.22902	0.178595	
6.72588	-1.21698	0.177801	
6.72347	-1.20504	0.17702	
6.72108	-1.1932	0.17625	
6.71872	-1.18145	0.175489	
6.71638	-1.16981	0.174735	
6.71406	-1.15826	0.173988	
6.71177	-1.1468	0.173246	
6.7095	-1.13545	0.17251	
6.70725	-1.12418	0.17178	
6.70502	-1.11302	0.171057	
6.70282	-1.10195	0.170339	
6.70064	-1.09097	0.169627	
6.69848	-1.08008	0.168921	
6.69634	-1.06929	0.168221	
6.69422	-1.05859	0.167527	
6.69212	-1.04798	0.16684	
6.69005	-1.03747	0.16616	
6.68799	-1.02704	0.165486	
6.68596	-1.01671	0.16482	
6.68395	-1.00647	0.16416	
6.68196	-0.996313	0.163504	
6.67998	-0.986248	0.162851	
6.67803	-0.976271	0.162199	
6.6761	-0.966382	0.16155	
6.67418	-0.956581	0.160904	
6.67229	-0.946867	0.160261	
6.67042	-0.937239	0.15962	
6.66856	-0.927697	0.158981	
6.66672	-0.918241	0.158345	
6.66491	-0.908869	0.157711	
6.66311	-0.899581	0.157078	
6.66133	-0.890378	0.156445	
6.65956	-0.881257	0.155811	
6.65782	-0.872219	0.155176	
6.65609	-0.863263	0.154542	
6.65438	-0.854389	0.15391	
6.65269	-0.845596	0.153282	
6.65102	-0.836883	0.152658	
6.64936	-0.82825	0.152039	
6.64772	-0.819697	0.151425	
6.6461	-0.811222	0.150818	
6.6445	-0.802826	0.150219	
6.64291	-0.794508	0.149629	
6.64133	-0.786266	0.149045	
6.63978	-0.778101	0.148468	
6.63824	-0.770013	0.147898	
6.63671	-0.762	0.147333	
6.63521	-0.754062	0.146774	
6.63371	-0.746198	0.146222	
6.63224	-0.738408	0.145678	
6.63077	-0.730692	0.145141	
6.62933	-0.723049	0.144608	
6.6279	-0.715478	0.144079	
6.62648	-0.707978	0.143552	
6.62508	-0.70055	0.143028	
6.62369	-0.693193	0.142505	
6.62232	-0.685905	0.141988	
6.62097	-0.678688	0.141474	
6.61962	-0.671539	0.140964	
6.61829	-0.664459	0.140456	
6.61698	-0.657447	0.13995	
6.61568	-0.650502	0.139445	
6.61439	-0.643624	0.13894	
6.61312	-0.636813	0.138434	
6.61186	-0.630068	0.13793	
6.61061	-0.623388	0.137429	
6.60938	-0.616773	0.136931	
6.60816	-0.610222	0.136437	
6.60695	-0.603735	0.135947	
6.60575	-0.597311	0.135459	
6.60457	-0.59095	0.134976	
6.6034	-0.584652	0.134496	
6.60225	-0.578415	0.134022	
6.6011	-0.572239	0.133552	
6.59997	-0.566125	0.133086	
6.59885	-0.56007	0.132623	
6.59774	-0.554075	0.132163	
6.59664	-0.54814	0.131703	
6.59556	-0.542263	0.131243	
6.59449	-0.536444	0.130784	
6.59343	-0.530684	0.130325	
6.59238	-0.52498	0.129868	
6.59134	-0.519334	0.129412	
6.59031	-0.513743	0.128959	
6.58929	-0.508209	0.128507	
6.58829	-0.50273	0.128055	
6.58729	-0.497305	0.127604	
6.58631	-0.491936	0.127152	
6.58534	-0.48662	0.1267	
6.58437	-0.481357	0.126247	
6.58342	-0.476148	0.125796	
6.58248	-0.470991	0.125346	
6.58155	-0.465886	0.124898	
6.58063	-0.460833	0.124454	
6.57971	-0.455831	0.124016	
6.57881	-0.450879	0.12358	
6.57792	-0.445978	0.12315	
6.57704	-0.441127	0.122723	
6.57617	-0.436325	0.1223	
6.5753	-0.431572	0.121881	
6.57445	-0.426868	0.121464	
6.5736	-0.422211	0.121051	
6.57277	-0.417603	0.120642	
6.57194	-0.413041	0.120237	
6.57113	-0.408526	0.119836	
6.57032	-0.404058	0.11944	
6.56952	-0.399635	0.119046	
6.56873	-0.395258	0.118657	
6.56795	-0.390926	0.118272	
6.56717	-0.386639	0.117892	
6.56641	-0.382396	0.117518	
6.56565	-0.378197	0.117149	
6.5649	-0.374041	0.116785	
6.56416	-0.369929	0.116427	
6.56343	-0.365859	0.116076	
6.56271	-0.361831	0.115734	
6.56199	-0.357845	0.1154	
6.56128	-0.3539	0.115074	
6.56058	-0.349997	0.114759	
6.55989	-0.346135	0.114455	
6.55921	-0.342312	0.114161	
6.55853	-0.33853	0.11388	
6.55786	-0.334787	0.113608	
6.5572	-0.331083	0.113346	
6.55654	-0.327418	0.113095	
6.5559	-0.323792	0.112852	
6.55526	-0.320204	0.112619	
6.55462	-0.316653	0.112395	
6.554	-0.31314	0.11218	
6.55338	-0.309663	0.111973	
6.55276	-0.306224	0.111772	
6.55216	-0.30282	0.11158	
6.55156	-0.299453	0.111394	
6.55097	-0.296121	0.111215	
6.55038	-0.292825	0.111041	
6.5498	-0.289563	0.110873	
6.54923	-0.286336	0.110711	
6.54866	-0.283143	0.110556	
6.5481	-0.279984	0.110407	
6.54755	-0.276859	0.110264	
6.547	-0.273767	0.110128	
6.54646	-0.270707	0.109999	
6.54593	-0.267681	0.109876	
6.5454	-0.264686	0.109761	
6.54487	-0.261724	0.109654	
6.54436	-0.258793	0.109555	
6.54384	-0.255894	0.109463	
6.54334	-0.253026	0.109377	
6.54284	-0.250188	0.109298	
6.54234	-0.247381	0.109224	
6.54185	-0.244604	0.109155	
6.54137	-0.241857	0.109089	
6.54089	-0.239139	0.109028	
6.54042	-0.23645	0.108972	
6.53995	-0.233791	0.10892	
6.53949	-0.23116	0.108871	
6.53903	-0.228557	0.108826	
6.53858	-0.225983	0.108783	
6.53813	-0.223436	0.108744	
6.53769	-0.220917	0.108707	
6.53725	-0.218425	0.108673	
6.53682	-0.21596	0.108644	
6.5364	-0.213521	0.108619	
6.53597	-0.211109	0.108598	
6.53556	-0.208724	0.108583	
6.53514	-0.206364	0.108573	
6.53473	-0.20403	0.108571	
6.53433	-0.201721	0.108574	
6.53393	-0.199437	0.108584	
6.53354	-0.197178	0.108601	
6.53315	-0.194944	0.108624	
6.53276	-0.192734	0.108653	
6.53238	-0.190548	0.108689	
6.532	-0.188386	0.108729	
6.53163	-0.186248	0.108776	
6.53126	-0.184133	0.108828	
6.5309	-0.182041	0.108885	
6.53054	-0.179972	0.108947	
6.53018	-0.177926	0.109012	
6.52983	-0.175902	0.10908	
6.52948	-0.1739	0.109151	
6.52914	-0.17192	0.109223	
6.5288	-0.169962	0.109298	
6.52846	-0.168026	0.109374	
6.52813	-0.166111	0.109452	
6.5278	-0.164217	0.109534	
6.52748	-0.162343	0.109616	
6.52716	-0.160491	0.109699	
6.52684	-0.158658	0.109785	
6.52653	-0.156846	0.109872	
6.52622	-0.155054	0.109961	
6.52591	-0.153282	0.110055	
6.52561	-0.151529	0.110151	
6.52531	-0.149796	0.110247	
6.52501	-0.148082	0.110345	
6.52472	-0.146387	0.110443	
6.52443	-0.14471	0.110541	
6.52414	-0.143053	0.110639	
6.52386	-0.141413	0.110738	
6.52358	-0.139792	0.110837	
6.5233	-0.138189	0.110935	
6.52303	-0.136603	0.111031	
6.52276	-0.135036	0.111126	
6.52249	-0.133485	0.11122	
6.52223	-0.131952	0.111313	
6.52197	-0.130436	0.111403	
6.52171	-0.128937	0.11149	
6.52146	-0.127454	0.111576	
6.5212	-0.125988	0.11166	
6.52096	-0.124539	0.11174	
6.52071	-0.123105	0.111816	
6.52047	-0.121688	0.11189	
6.52023	-0.120286	0.111963	
6.51999	-0.1189	0.112032	
6.51975	-0.11753	0.112096	
6.51952	-0.116175	0.112158	
6.51929	-0.114835	0.112218	
6.51906	-0.11351	0.112274	
6.51884	-0.1122	0.112323	
6.51862	-0.110905	0.112369	
6.5184	-0.109624	0.112411	
6.51818	-0.108358	0.112445	
6.51797	-0.107105	0.112473	
6.51776	-0.105867	0.112495	
6.51755	-0.104643	0.112513	
6.51734	-0.103432	0.112523	
6.51714	-0.102236	0.112522	
6.51693	-0.101052	0.112512	
6.51673	-0.0998822	0.112493	
6.51654	-0.0987253	0.112461	
6.51634	-0.0975815	0.112419	
6.51615	-0.0964506	0.112367	
6.51596	-0.0953325	0.112305	
6.51577	-0.0942269	0.11223	
6.51558	-0.0931339	0.112142	
6.5154	-0.0920532	0.112043	
6.51522	-0.0909847	0.111934	
6.51504	-0.0899283	0.111812	
6.51486	-0.0888839	0.111676	
6.51468	-0.0878513	0.111527	
6.51451	-0.0868304	0.111362	
6.51434	-0.085821	0.11118	
6.51417	-0.0848231	0.110983	
6.514	-0.0838365	0.110774	
6.51383	-0.0828611	0.110552	
6.51367	-0.0818968	0.110322	
6.51351	-0.0809434	0.110081	
6.51335	-0.0800008	0.109823	
6.51319	-0.079069	0.109547	
6.51303	-0.0781477	0.109258	
6.51288	-0.077237	0.108951	
6.51273	-0.0763365	0.108629	
6.51258	-0.0754464	0.108295	
6.51243	-0.0745664	0.107947	
6.51228	-0.0736964	0.107582	
6.51213	-0.0728363	0.107204	
6.51199	-0.071986	0.106813	
6.51185	-0.0711454	0.10641	
6.51171	-0.0703145	0.105998	
6.51157	-0.069493	0.105573	
6.51143	-0.0686808	0.105133	
6.5113	-0.067878	0.104681	
6.51116	-0.0670843	0.10422	
6.51103	-0.0662998	0.103749	
6.5109	-0.0655241	0.103278	
6.51077	-0.0647574	0.102804	
6.51064	-0.0639994	0.102322	
6.51051	-0.0632501	0.101833	
6.51039	-0.0625094	0.101338	
6.51026	-0.0617772	0.100838	
6.51014	-0.0610534	0.100337	
6.51002	-0.0603379	0.0998373	
6.5099	-0.0596306	0.0993384	
6.50978	-0.0589314	0.0988351	
6.50967	-0.0582402	0.0983329	
6.50955	-0.057557	0.0978308	
6.50944	-0.0568816	0.0973259	
6.50933	-0.056214	0.0968237	
6.50922	-0.055554	0.0963282	
6.50911	-0.0549017	0.0958336	
6.509	-0.0542568	0.0953422	
6.50889	-0.0536194	0.0948544	
6.50878	-0.0529893	0.0943726	
6.50868	-0.0523665	0.0938949	
6.50858	-0.0517508	0.0934243	
6.50847	-0.0511423	0.0929657	
6.50837	-0.0505407	0.0925144	
6.50827	-0.0499461	0.09207	
6.50817	-0.0493584	0.091631	
6.50808	-0.0487774	0.0912041	
6.50798	-0.0482031	0.0907901	
6.50788	-0.0476355	0.0903888	
6.50779	-0.0470744	0.0899985	
6.5077	-0.0465199	0.0896231	
6.50761	-0.0459717	0.0892638	
6.50751	-0.0454298	0.0889186	
6.50743	-0.0448943	0.0885856	
6.50734	-0.0443649	0.0882628	
6.50725	-0.0438416	0.087956	
6.50716	-0.0433245	0.0876662	
6.50708	-0.0428133	0.0873907	
6.50699	-0.042308	0.0871303	
6.50691	-0.0418086	0.0868868	
6.50683	-0.0413149	0.0866563	
6.50674	-0.040827	0.0864434	
6.50666	-0.0403448	0.0862508	
6.50658	-0.0398681	0.0860763	
6.5065	-0.039397	0.0859184	
6.50643	-0.0389313	0.085778	
6.50635	-0.0384711	0.0856535	
6.50627	-0.0380162	0.0855477	
6.5062	-0.0375666	0.0854552	
6.50612	-0.0371222	0.0853786	
6.50605	-0.036683	0.085322	
6.50598	-0.0362489	0.0852826	
6.50591	-0.0358198	0.085261	
6.50584	-0.0353957	0.0852598	
6.50577	-0.0349766	0.0852773	
6.5057	-0.0345624	0.0853138	
6.50563	-0.0341529	0.0853703	
6.50556	-0.0337483	0.0854488	
6.50549	-0.0333483	0.0855501	
6.50543	-0.0329531	0.085673	
6.50536	-0.0325624	0.0858202	
6.5053	-0.0321763	0.0859894	
6.50524	-0.0317947	0.0861788	
6.50517	-0.0314175	0.0863894	
6.50511	-0.0310448	0.0866207	
6.50505	-0.0306764	0.0868741	
6.50499	-0.0303123	0.0871447	
6.50493	-0.0299524	0.0874367	
6.50487	-0.0295968	0.0877469	
6.50481	-0.0292453	0.0880731	
6.50475	-0.0288979	0.0884157	
6.5047	-0.0285546	0.0887744	
6.50464	-0.0282153	0.0891509	
6.50458	-0.02788	0.0895395	
6.50453	-0.0275486	0.0899439	
6.50447	-0.0272211	0.0903655	
6.50442	-0.0268974	0.0908036	
6.50437	-0.0265775	0.0912543	
6.50431	-0.0262613	0.0917207	
6.50426	-0.0259489	0.0922098	
6.50421	-0.0256401	0.0927055	
6.50416	-0.025335	0.0932178	
6.50411	-0.0250334	0.0937405	
6.50406	-0.0247353	0.094277	
6.50401	-0.0244408	0.0948246	
6.50396	-0.0241497	0.0953838	
6.50392	-0.023862	0.095952	
6.50387	-0.0235777	0.0965226	
6.50382	-0.0232968	0.0971053	
6.50378	-0.0230191	0.0976922	
6.50373	-0.0227448	0.0982812	
6.50369	-0.0224736	0.0988623	
6.50364	-0.0222056	0.0994428	
6.5036	-0.0219408	0.100018	
6.50355	-0.0216791	0.100573	
6.50351	-0.0214204	0.101109	
6.50347	-0.0211648	0.101622	
6.50343	-0.0209123	0.102109	
6.50339	-0.0206627	0.102557	
6.50335	-0.020416	0.102966	
6.50331	-0.0201722	0.103346	
6.50327	-0.0199313	0.103671	
6.50323	-0.0196933	0.10394	
6.50319	-0.019458	0.104171	
6.50315	-0.0192256	0.104341	
6.50311	-0.0189958	0.104445	
6.50307	-0.0187688	0.104493	
6.50304	-0.0185444	0.104452	
6.503	-0.0183227	0.10434	
6.50296	-0.0181037	0.104143	
6.50293	-0.0178872	0.103882	
6.50289	-0.0176732	0.103559	
6.50286	-0.0174618	0.103169	
6.50282	-0.0172529	0.1027	
6.50279	-0.0170464	0.10216	
6.50276	-0.0168424	0.101535	
6.50272	-0.0166408	0.100827	
6.50269	-0.0164416	0.100034	
6.50266	-0.0162448	0.0991492	
6.50262	-0.0160502	0.0981859	
6.50259	-0.015858	0.0971363	
6.50256	-0.015668	0.0960263	
6.50253	-0.0154803	0.0948506	
6.5025	-0.0152948	0.0936162	
6.50247	-0.0151116	0.0923408	
6.50244	-0.0149304	0.0910122	
6.50241	-0.0147515	0.089649	
6.50238	-0.0145746	0.0882588	
6.50235	-0.0143998	0.0868626	
6.50232	-0.0142271	0.0854577	
6.5023	-0.0140565	0.0840498	
6.50227	-0.0138879	0.082636	
6.50224	-0.0137213	0.0812283	
6.50221	-0.0135566	0.0798434	
6.50219	-0.0133939	0.0784958	
6.50216	-0.0132332	0.077176	
6.50213	-0.0130743	0.0758715	
6.50211	-0.0129173	0.0746044	
6.50208	-0.0127622	0.0733817	
6.50206	-0.012609	0.0722019	
6.50203	-0.0124575	0.0710761	
6.50201	-0.0123079	0.0699983	
6.50198	-0.01216	0.0689774	
6.50196	-0.0120139	0.0680146	
6.50194	-0.0118695	0.0671209	
6.50191	-0.0117269	0.0662955	
6.50189	-0.0115859	0.0655322	
6.50187	-0.0114466	0.0648378	
6.50184	-0.011309	0.0642099	
6.50182	-0.011173	0.0636565	
6.5018	-0.0110386	0.0631745	
6.50178	-0.0109059	0.0627645	
6.50176	-0.0107747	0.0624327	
6.50173	-0.010645	0.062177	
6.50171	-0.0105169	0.0620033	
6.50169	-0.0103904	0.0619052	
6.50167	-0.0102653	0.0618884	
6.50165	-0.0101417	0.0619504	
6.50163	-0.0100196	0.0620765	
6.50161	-0.00989901	0.0622762	
6.50159	-0.0097798	0.0625487	
6.50157	-0.00966202	0.0628914	
6.50155	-0.00954564	0.0633056	
6.50153	-0.00943065	0.0637849	
6.50152	-0.00931703	0.0643255	
6.5015	-0.00920477	0.0649368	
6.50148	-0.00909384	0.0656031	
6.50146	-0.00898424	0.0663339	
6.50144	-0.00887595	0.0671239	
6.50143	-0.00876895	0.0679801	
6.50141	-0.00866322	0.068899	
6.50139	-0.00855876	0.0698862	
6.50138	-0.00845555	0.0709457	
6.50136	-0.00835357	0.0720692	
6.50134	-0.0082528	0.0732435	
6.50133	-0.00815324	0.0744655	
6.50131	-0.00805487	0.0757286	
6.50129	-0.00795768	0.0770295	
6.50128	-0.00786165	0.0783742	
6.50126	-0.00776676	0.0797625	
6.50125	-0.00767301	0.0812013	
6.50123	-0.00758038	0.0826856	
6.50122	-0.00748886	0.0842016	
6.5012	-0.00739844	0.0857466	
6.50119	-0.00730909	0.0873036	
6.50117	-0.00722082	0.0888351	
6.50116	-0.0071336	0.0903088	
6.50114	-0.00704742	0.0917421	
6.50113	-0.00696228	0.093053	
6.50112	-0.00687816	0.0942669	
6.5011	-0.00679504	0.0953372	
6.50109	-0.00671292	0.0962468	
6.50108	-0.00663178	0.0969978	
6.50106	-0.00655162	0.0975567	
6.50105	-0.00647241	0.0978824	
6.50104	-0.00639415	0.0979015	
6.50103	-0.00631684	0.0976529	
6.50101	-0.00624045	0.097107	
6.501	-0.00616497	0.0962878	
6.50099	-0.0060904	0.0952202	
6.50098	-0.00601672	0.0939199	
6.50096	-0.00594393	0.0923913	
6.50095	-0.00587201	0.0906552	
6.50094	-0.00580096	0.0887285	
6.50093	-0.00573075	0.08667	
6.50092	-0.00566139	0.0845239	
6.50091	-0.00559286	0.0823124	
6.5009	-0.00552516	0.0800898	
6.50089	-0.00545826	0.0778331	
6.50087	-0.00539217	0.0756007	
6.50086	-0.00532688	0.0734017	
6.50085	-0.00526236	0.0712458	
6.50084	-0.00519863	0.0691412	
6.50083	-0.00513565	0.0671255	
6.50082	-0.00507344	0.0651955	
6.50081	-0.00501197	0.0633623	
6.5008	-0.00495124	0.0616183	
6.50079	-0.00489124	0.0599646	
6.50078	-0.00483197	0.0583987	
6.50077	-0.0047734	0.0569484	
6.50076	-0.00471554	0.0556128	
6.50075	-0.00465838	0.0543863	
6.50075	-0.0046019	0.0532755	
6.50074	-0.0045461	0.0522761	
6.50073	-0.00449098	0.0513987	
6.50072	-0.00443651	0.050676	
6.50071	-0.0043827	0.0500907	
6.5007	-0.00432954	0.0496544	
6.50069	-0.00427702	0.0493596	
6.50068	-0.00422514	0.0492157	
6.50068	-0.00417387	0.0492384	
6.50067	-0.00412323	0.0494261	
6.50066	-0.00407319	0.0497676	
6.50065	-0.00402376	0.0502834	
6.50064	-0.00397492	0.0509709	
6.50064	-0.00392667	0.0518367	
6.50063	-0.003879	0.0528989	
6.50062	-0.00383191	0.0541738	
6.50061	-0.00378538	0.0556842	
6.50061	-0.00373942	0.0574178	
6.5006	-0.00369401	0.0593831	
6.50059	-0.00364914	0.0615986	
6.50058	-0.00360482	0.0640745	
6.50058	-0.00356103	0.0668373	
6.50057	-0.00351777	0.0698638	
6.50056	-0.00347503	0.073194	
6.50056	-0.00343281	0.0768344	
6.50055	-0.00339903	0.0768344	
6.50054	-0.00337201	0.0768344	
6.50054	-0.00335039	0.0768344	
6.50053	-0.0033331	0.0768344	
6.50052	-0.00331926	0.0768344	
6.50051	-0.00330819	0.0768344	
6.50051	-0.00329934	0.0768344	
6.5005	-0.00329225	0.0768344	
6.5005	-0.00328659	0.0768344	
6.50049	-0.00328205	0.0768344	
6.50048	-0.00327843	0.0768344	
6.50048	-0.00327553	0.0768344	
6.50047	-0.0032732	0.0768344	
6.50046	-0.00327135	0.0768344	
6.50046	-0.00326986	0.0768344	
6.50045	-0.00326867	0.0768344	
6.50044	-0.00326772	0.0768344	
6.50044	-0.00326696	0.0768344	
6.50043	-0.00326635	0.0768344	
6.50042	-0.00326587	0.0768344	
6.50042	-0.00326548	0.0768344	
6.50041	-0.00326517	0.0768344	
6.5004	-0.00326492	0.0768344	
6.5004	-0.00326472	0.0768344	
6.50039	-0.00326456	0.0768344	
6.50038	-0.00326443	0.0768344	
6.50038	-0.00326433	0.0768344	
6.50037	-0.00326425	0.0768344	
6.50036	-0.00326418	0.0768344	
6.50036	-0.00326413	0.0768344	
6.50035	-0.00326409	0.0768344	
6.50034	-0.00326405	0.0768344	
6.50034	-0.00326403	0.0768344	
6.50033	-0.00326401	0.0768344	
6.50033	-0.00326399	0.0768344	
6.50032	-0.00326397	0.0768344	
6.50031	-0.00326396	0.0768344	
6.50031	-0.00326395	0.0768344	
6.5003	-0.00326395	0.0768344	
6.50029	-0.00326394	0.0768344	
6.50029	-0.00326394	0.0768344	
6.50028	-0.00326393	0.0768344	
6.50027	-0.00326393	0.0768344	
6.50027	-0.00326393	0.0768344	
6.50026	-0.00326393	0.0768344	
6.50025	-0.00326393	0.0768344	
6.50025	-0.00326392	0.0768344	
6.50024	-0.00326392	0.0768344	
6.50023	-0.00326392	0.0768344	
6.50023	-0.00319546	0.0716168	
6.50022	-0.00312829	0.0687125	
6.50022	-0.00306238	0.065998	
6.50021	-0.00299772	0.0634674	
6.5002	-0.00293428	0.0611487	
6.5002	-0.00287205	0.0590038	
6.50019	-0.00281099	0.057076	
6.50019	-0.00275109	0.0553404	
6.50018	-0.00269233	0.0537868	
6.50018	-0.00263469	0.052395	
6.50017	-0.00257815	0.051134	
6.50017	-0.00252268	0.0499983	
6.50016	-0.00246827	0.0489806	
6.50016	-0.0024149	0.0480794	
6.50015	-0.00236256	0.0473141	
6.50015	-0.00231121	0.0466687	
6.50014	-0.00226085	0.0461419	
6.50014	-0.00221146	0.0457377	
6.50013	-0.00216301	0.0454377	
6.50013	-0.0021155	0.0452467	
6.50012	-0.00206891	0.0451653	
6.50012	-0.00202321	0.0451911	
6.50012	-0.00198665	0.0451911	
6.50011	-0.00195741	0.0451911	
6.50011	-0.00193401	0.0451911	
6.50011	-0.00191529	0.0451911	
6.5001	-0.00190032	0.0451911	
6.5001	-0.00188834	0.0451911	
6.50009	-0.00187876	0.0451911	
6.50009	-0.00187109	0.0451911	
6.50009	-0.00186496	0.0451911	
6.50008	-0.00186005	0.0451911	
6.50008	-0.00185613	0.0451911	
6.50008	-0.00185299	0.0451911	
6.50007	-0.00185047	0.0451911	
6.50007	-0.00184846	0.0451911	
6.50006	-0.00184686	0.0451911	
6.50006	-0.00184557	0.0451911	
6.50006	-0.00184454	0.0451911	
6.50005	-0.00184372	0.0451911	
6.50005	-0.00184306	0.0451911	
6.50005	-0.00184253	0.0451911	
6.50004	-0.00184211	0.0451911	
6.50004	-0.00184177	0.0451911	
6.50003	-0.0018415	0.0451911	
6.50003	-0.00184129	0.0451911	
6.50003	-0.00184112	0.0451911	
6.50002	-0.00184098	0.0451911	
6.50002	-0.00184087	0.0451911	
6.50002	-0.00184078	0.0451911	
6.50001	-0.00184071	0.0451911	
6.50001	-0.00184065	0.0451911	
6.50001	-0.00184061	0.0451911	
6.5	-0.00184057	0.0451911	
6.5	-0.00184054	0.0451911	
6.49999	-0.00184052	0.0451911	
6.49999	-0.0018405	0.0451911	
6.49999	-0.00184049	0.0451911	
6.49998	-0.00184047	0.0451911	
6.49998	-0.00184046	0.0451911	
6.49998	-0.00184046	0.0451911	
6.49997	-0.00184045	0.0451911	
6.49997	-0.00184045	0.0451911	
6.49996	-0.00184044	0.0451911	
6.49996	-0.00184044	0.0451911	
6.49996	-0.00184044	0.0451911	
6.49995	-0.00184043	0.0451911	
6.49995	-0.00184043	0.0451911	
6.49995	-0.00184043	0.0451911	
6.49994	-0.00184043	0.0451911	
6.49994	-0.00184043	0.0451911	
6.49994	-0.00184043	0.0451911	
6.49993	-0.00184043	0.0451911	
6.49993	-0.00184043	0.0451911	
6.49992	-0.00184043	0.0451911	
6.49992	-0.00184043	0.0451911	
6.49992	-0.00184043	0.0451911	
6.49991	-0.00184043	0.0451911	
6.49991	-0.00184043	0.0451911	
6.49991	-0.00184043	0.0451911	
6.4999	-0.00184043	0.0451911	
6.4999	-0.00184043	0.0451911	
6.49989	-0.00184043	0.0451911	
6.49989	-0.00184043	0.0451911	
6.49989	-0.00184043	0.0451911	
6.49988	-0.00184043	0.0451911	
6.49988	-0.00184043	0.0451911	
6.49988	-0.00184043	0.0451911	
6.49987	-0.00184043	0.0451911	
6.49987	-0.00184043	0.0451911	
6.49987	-0.00184043	0.0451911	
6.49986	-0.00184043	0.0451911	
6.49986	-0.00184043	0.0451911	
6.49985	-0.00184043	0.0451911	
6.49985	-0.00184043	0.0451911	
6.49985	-0.00184043	0.0451911	
6.49984	-0.00184043	0.0451911	
6.49984	-0.00184043	0.0451911	
6.49984	-0.00184043	0.0451911	
6.49983	-0.00184043	0.0451911	
6.49983	-0.00184043	0.0451911	
6.49983	-0.00184043	0.0451911	
6.49982	-0.00184043	0.0451911	
6.49982	-0.00184043	0.0451911	
6.49981	-0.00184043	0.0451911	
6.49981	-0.00184043	0.0451911	
6.49981	-0.00184043	0.0451911	
6.4998	-0.00184043	0.0451911	
6.4998	-0.00184043	0.0451911	
6.4998	-0.00184043	0.0451911	
6.49979	-0.00184043	0.0451911	
6.49979	-0.00184043	0.0451911	
6.49978	-0.00184043	0.0451911	
6.49978	-0.00184043	0.0451911	
6.49978	-0.00184043	0.0451911	
6.49977	-0.00184043	0.0451911	
6.49977	-0.00184043	0.0451911	
6.49977	-0.00184043	0.0451911	
6.49976	-0.00184043	0.0451911	
6.49976	-0.00184043	0.0451911	
6.49975	-0.00184043	0.0451911	
6.49975	-0.00184043	0.0451911	
6.49975	-0.00184043	0.0451911	
6.49974	-0.00184043	0.0451911	
6.49974	-0.00184043	0.0451911	
6.49974	-0.00184043	0.0451911	
6.49973	-0.00184043	0.0451911	
6.49973	-0.00184043	0.0451911	
6.49973	-0.00184043	0.0451911	
6.49972	-0.00184043	0.0451911	
6.49972	-0.00184043	0.0451911	
6.49971	-0.00184043	0.0451911	
6.49971	-0.00184043	0.0451911	
6.49971	-0.00184043	0.0451911	
6.4997	-0.00184043	0.0451911	
6.4997	-0.00184043	0.0451911	
6.4997	-0.00184043	0.0451911	
6.49969	-0.00184043	0.0451911	
6.49969	-0.00184043	0.0451911	
6.49968	-0.00184043	0.0451911	
6.49968	-0.00184043	0.0451911	
6.49968	-0.00184043	0.0451911	
6.49967	-0.00184043	0.0451911	
6.49967	-0.00184043	0.0451911	
6.49967	-0.00184043	0.0451911	
6.49966	-0.00184043	0.0451911	
6.49966	-0.00184043	0.0451911	
6.49966	-0.00184043	0.0451911	
6.49965	-0.00184043	0.0451911	
6.49965	-0.00184043	0.0451911	
6.49964	-0.00184043	0.0451911	
6.49964	-0.00184043	0.0451911	
6.49964	-0.00184043	0.0451911	
6.49963	-0.00184043	0.0451911	
6.49963	-0.00184043	0.0451911	
6.49963	-0.00184043	0.0451911	
6.49962	-0.00184043	0.0451911	
6.49962	-0.00184043	0.0451911	
6.49962	-0.00184043	0.0451911	
6.49961	-0.00184043	0.0451911	
6.49961	-0.00184043	0.0451911	
6.4996	-0.00184043	0.0451911	
6.4996	-0.00184043	0.0451911	
6.4996	-0.00184043	0.0451911	
6.49959	-0.00184043	0.0451911	
6.49959	-0.00184043	0.0451911	
6.49959	-0.00184043	0.0451911	
6.49958	-0.00184043	0.0451911	
6.49958	-0.00184043	0.0451911	
6.49957	-0.00184043	0.0451911	
6.49957	-0.00184043	0.0451911	
6.49957	-0.00184043	0.0451911	
6.49956	-0.00184043	0.0451911	
6.49956	-0.00184043	0.0451911	
6.49956	-0.00184043	0.0451911	
6.49955	-0.00184043	0.0451911	
6.49955	-0.00184043	0.0451911	
6.49955	-0.00184043	0.0451911	
6.49954	-0.00184043	0.0451911	
6.49954	-0.00184043	0.0451911	
6.49953	-0.00184043	0.0451911	
6.49953	-0.00184043	0.0451911	
6.49953	-0.00184043	0.0451911	
6.49952	-0.00184043	0.0451911	
6.49952	-0.00184043	0.0451911	
6.49952	-0.00184043	0.0451911	
6.49951	-0.00184043	0.0451911	
6.49951	-0.00184043	0.0451911	
6.4995	-0.00184043	0.0451911	
6.4995	-0.00184043	0.0451911	
6.4995	-0.00184043	0.0451911	
6.49949	-0.00184043	0.0451911	
6.49949	-0.00184043	0.0451911	
6.49949	-0.00184043	0.0451911	
6.49948	-0.00184043	0.0451911	
6.49948	-0.00184043	0.0451911	
6.49948	-0.00184043	0.0451911	
6.49947	-0.00184043	0.0451911	
6.49947	-0.00184043	0.0451911	
6.49946	-0.00184043	0.0451911	
6.49946	-0.00184043	0.0451911	
6.49946	-0.00184043	0.0451911	
6.49945	-0.00184043	0.0451911	
6.49945	-0.00184043	0.0451911	
6.49945	-0.00184043	0.0451911	
6.49944	-0.00184043	0.0451911	
6.49944	-0.00184043	0.0451911	
6.49943	-0.00184043	0.0451911	
6.49943	-0.00184043	0.0451911	
6.49943	-0.00184043	0.0451911	
6.49942	-0.00184043	0.0451911	
6.49942	-0.00184043	0.0451911	
6.49942	-0.00184043	0.0451911	
6.49941	-0.00184043	0.0451911	
6.49941	-0.00184043	0.0451911	
6.49941	-0.00184043	0.0451911	
6.4994	-0.00184043	0.0451911	
6.4994	-0.00184043	0.0451911	
6.49939	-0.00184043	0.0451911	
6.49939	-0.00184043	0.0451911	
6.49939	-0.00184043	0.0451911	
6.49938	-0.00184043	0.0451911	
6.49938	-0.00184043	0.0451911	
6.49938	-0.00184043	0.0451911	
6.49937	-0.00184043	0.0451911	
6.49937	-0.00184043	0.0451911	
6.49936	-0.00184043	0.0451911	
6.49936	-0.00184043	0.0451911	
6.49936	-0.00184043	0.0451911	
6.49935	-0.00184043	0.0451911	
6.49935	-0.00184043	0.0451911	
6.49935	-0.00184043	0.0451911	
6.49934	-0.00184043	0.0451911	
6.49934	-0.00184043	0.0451911	
6.49934	-0.00184043	0.0451911	
6.49933	-0.00184043	0.0451911	
6.49933	-0.00184043	0.0451911	
6.49932	-0.00184043	0.0451911	
6.49932	-0.00184043	0.0451911	
6.49932	-0.00184043	0.0451911	
6.49931	-0.00184043	0.0451911	
6.49931	-0.00184043	0.0451911	
6.49931	-0.00184043	0.0451911	
6.4993	-0.00184043	0.0451911	
6.4993	-0.00184043	0.0451911	
6.49929	-0.00184043	0.0451911	
6.49929	-0.00184043	0.0451911	
6.49929	-0.00184043	0.0451911	
6.49928	-0.00184043	0.0451911	
6.49928	-0.00184043	0.0451911	
6.49928	-0.00184043	0.0451911	
6.49927	-0.00184043	0.0451911	
6.49927	-0.00184043	0.0451911	
6.49927	-0.00184043	0.0451911	
6.49926	-0.00184043	0.0451911	
6.49926	-0.00184043	0.0451911	
6.49925	-0.00184043	0.0451911	
6.49925	-0.00184043	0.0451911	
6.49925	-0.00184043	0.0451911	
6.49924	-0.00184043	0.0451911	
6.49924	-0.00184043	0.0451911	
6.49924	-0.00184043	0.0451911	
6.49923	-0.00184043	0.0451911	
6.49923	-0.00184043	0.0451911	
6.49922	-0.00184043	0.0451911	
6.49922	-0.00184043	0.0451911	
6.49922	-0.00184043	0.0451911	
6.49921	-0.00184043	0.0451911	
6.49921	-0.00184043	0.0451911	
6.49921	-0.00184043	0.0451911	
6.4992	-0.00184043	0.0451911	
6.4992	-0.00184043	0.0451911	
6.4992	-0.00184043	0.0451911	
6.49919	-0.00184043	0.0451911	
6.49919	-0.00184043	0.0451911	
6.49918	-0.00184043	0.0451911	
6.49918	-0.00184043	0.0451911	
6.49918	-0.00184043	0.0451911	
6.49917	-0.00184043	0.0451911	
6.49917	-0.00184043	0.0451911	
6.49917	-0.00184043	0.0451911	
6.49916	-0.00184043	0.0451911	
6.49916	-0.00184043	0.0451911	
6.49916	-0.00184043	0.0451911	
6.49915	-0.00184043	0.0451911	
6.49915	-0.00184043	0.0451911	
6.49914	-0.00184043	0.0451911	
6.49914	-0.00184043	0.0451911	
6.49914	-0.00184043	0.0451911	
6.49913	-0.00184043	0.0451911	
6.49913	-0.00184043	0.0451911	
6.49913	-0.00184043	0.0451911	
6.49912	-0.00184043	0.0451911	
6.49912	-0.00184043	0.0451911	
6.49911	-0.00184043	0.0451911	
6.49911	-0.00184043	0.0451911	
6.49911	-0.00184043	0.0451911	
6.4991	-0.00184043	0.0451911	
6.4991	-0.00184043	0.0451911	
6.4991	-0.00184043	0.0451911	
6.49909	-0.00184043	0.0451911	
6.49909	-0.00184043	0.0451911	
6.49908	-0.00184043	0.0451911	
6.49908	-0.00184043	0.0451911	
6.49908	-0.00184043	0.0451911	
6.49907	-0.00184043	0.0451911	
6.49907	-0.00184043	0.0451911	
6.49907	-0.00184043	0.0451911	
6.49906	-0.00184043	0.0451911	
6.49906	-0.00184043	0.0451911	
6.49906	-0.00184043	0.0451911	
6.49905	-0.00184043	0.0451911	
6.49905	-0.00184043	0.0451911	
6.49904	-0.00184043	0.0451911	
6.49904	-0.00184043	0.0451911	
6.49904	-0.00184043	0.0451911	
6.49903	-0.00184043	0.0451911	
6.49903	-0.00184043	0.0451911	
6.49903	-0.00184043	0.0451911	
6.49902	-0.00184043	0.0451911	
6.49902	-0.00184043	0.0451911	
6.49901	-0.00184043	0.0451911	
6.49901	-0.00184043	0.0451911	
6.49901	-0.00184043	0.0451911	
6.499	-0.00184043	0.0451911	
6.499	-0.00184043	0.0451911	
6.499	-0.00184043	0.0451911	
6.49899	-0.00184043	0.0451911	
6.49899	-0.00184043	0.0451911	
6.49899	-0.00184043	0.0451911	
6.49898	-0.00184043	0.0451911	
6.49898	-0.00184043	0.0451911	
6.49897	-0.00184043	0.0451911	
6.49897	-0.00184043	0.0451911	
6.49897	-0.00184043	0.0451911	
6.49896	-0.00184043	0.0451911	
6.49896	-0.00184043	0.0451911	
6.49896	-0.00184043	0.0451911	
6.49895	-0.00184043	0.0451911	
6.49895	-0.00184043	0.0451911	
6.49895	-0.00184043	0.0451911	
6.49894	-0.00184043	0.0451911	
6.49894	-0.00184043	0.0451911	
6.49893	-0.00184043	0.0451911	
6.49893	-0.00184043	0.0451911	
6.49893	-0.00184043	0.0451911	
6.49892	-0.00184043	0.0451911	
6.49892	-0.00184043	0.0451911	
6.49892	-0.00184043	0.0451911	
6.49891	-0.00184043	0.0451911	
6.49891	-0.00184043	0.0451911	
6.4989	-0.00184043	0.0451911	
6.4989	-0.00184043	0.0451911	
6.4989	-0.00184043	0.0451911	
6.49889	-0.00184043	0.0451911	
6.49889	-0.00184043	0.0451911	
6.49889	-0.00184043	0.0451911	
6.49888	-0.00184043	0.0451911	
6.49888	-0.00184043	0.0451911	
6.49888	-0.00184043	0.0451911	
6.49887	-0.00184043	0.0451911	
6.49887	-0.00184043	0.0451911	
6.49886	-0.00184043	0.0451911	
6.49886	-0.00184043	0.0451911	
6.49886	-0.00184043	0.0451911	
6.49885	-0.00184043	0.0451911	
6.49885	-0.00184043	0.0451911	
6.49885	-0.00184043	0.0451911	
6.49884	-0.00184043	0.0451911	
6.49884	-0.00184043	0.0451911	
6.49883	-0.00184043	0.0451911	
6.49883	-0.00184043	0.0451911	
6.49883	-0.00184043	0.0451911	
6.49882	-0.00184043	0.0451911	
6.49882	-0.00184043	0.0451911	
6.49882	-0.00184043	0.0451911	
6.49881	-0.00184043	0.0451911	
6.49881	-0.00184043	0.0451911	
6.49881	-0.00184043	0.0451911	
6.4988	-0.00184043	0.0451911	
6.4988	-0.00184043	0.0451911	
6.49879	-0.00184043	0.0451911	
6.49879	-0.00184043	0.0451911	
6.49879	-0.00184043	0.0451911	
6.49878	-0.00184043	0.0451911	
6.49878	-0.00184043	0.0451911	
6.49878	-0.00184043	0.0451911	
6.49877	-0.00184043	0.0451911	
6.49877	-0.00184043	0.0451911	
6.49876	-0.00184043	0.0451911	
6.49876	-0.00184043	0.0451911	
6.49876	-0.00184043	0.0451911	
6.49875	-0.00184043	0.0451911	
6.49875	-0.00184043	0.0451911	
6.49875	-0.00184043	0.0451911	
6.49874	-0.00184043	0.0451911	
6.49874	-0.00184043	0.0451911	
6.49874	-0.00184043	0.0451911	
6.49873	-0.00184043	0.0451911	
6.49873	-0.00184043	0.0451911	
6.49872	-0.00184043	0.0451911	
6.49872	-0.00184043	0.0451911	
6.49872	-0.00184043	0.0451911	
6.49871	-0.00184043	0.0451911	
6.49871	-0.00184043	0.0451911	
6.49871	-0.00184043	0.0451911	
6.4987	-0.00184043	0.0451911	
6.4987	-0.00184043	0.0451911	
6.49869	-0.00184043	0.0451911	
6.49869	-0.00184043	0.0451911	
6.49869	-0.00184043	0.0451911	
6.49868	-0.00184043	0.0451911	
6.49868	-0.00184043	0.0451911	
6.49868	-0.00184043	0.0451911	
6.49867	-0.00184043	0.0451911	
6.49867	-0.00184043	0.0451911	
6.49867	-0.00184043	0.0451911	
6.49866	-0.00184043	0.0451911	
6.49866	-0.00184043	0.0451911	
6.49865	-0.00184043	0.0451911	
6.49865	-0.00184043	0.0451911	
6.49865	-0.00184043	0.0451911	
6.49864	-0.00184043	0.0451911	
6.49864	-0.00184043	0.0451911	
6.49864	-0.00184043	0.0451911	
6.49863	-0.00184043	0.0451911	
6.49863	-0.00184043	0.0451911	
6.49862	-0.00184043	0.0451911	
6.49862	-0.00184043	0.0451911	
6.49862	-0.00184043	0.0451911	
6.49861	-0.00184043	0.0451911	
6.49861	-0.00184043	0.0451911	
6.49861	-0.00184043	0.0451911	
6.4986	-0.00184043	0.0451911	
6.4986	-0.00184043	0.0451911	
6.4986	-0.00184043	0.0451911	
6.49859	-0.00184043	0.0451911	
6.49859	-0.00184043	0.0451911	
6.49858	-0.00184043	0.0451911	
6.49858	-0.00184043	0.0451911	
6.49858	-0.00184043	0.0451911	
6.49857	-0.00184043	0.0451911	
6.49857	-0.00184043	0.0451911	
6.49857	-0.00184043	0.0451911	
6.49856	-0.00184043	0.0451911	
6.49856	-0.00184043	0.0451911	
6.49856	-0.00184043	0.0451911	
6.49855	-0.00184043	0.0451911	
6.49855	-0.00184043	0.0451911	
6.49854	-0.00184043	0.0451911	
6.49854	-0.00184043	0.0451911	
6.49854	-0.00184043	0.0451911	
6.49853	-0.00184043	0.0451911	
6.49853	-0.00184043	0.0451911	
6.49853	-0.00184043	0.0451911	
6.49852	-0.00184043	0.0451911	
6.49852	-0.00184043	0.0451911	
6.49851	-0.00184043	0.0451911	
6.49851	-0.00184043	0.0451911	
6.49851	-0.00184043	0.0451911	
6.4985	-0.00184043	0.0451911	
6.4985	-0.00184043	0.0451911	
6.4985	-0.00184043	0.0451911	
6.49849	-0.00184043	0.0451911	
6.49849	-0.00184043	0.0451911	
6.49849	-0.00184043	0.0451911	
6.49848	-0.00184043	0.0451911	
6.49848	-0.00184043	0.0451911	
6.49847	-0.00184043	0.0451911	
6.49847	-0.00184043	0.0451911	
6.49847	-0.00184043	0.0451911	
6.49846	-0.00184043	0.0451911	
6.49846	-0.00184043	0.0451911	
6.49846	-0.00184043	0.0451911	
6.49845	-0.00184043	0.0451911	
6.49845	-0.00184043	0.0451911	
6.49844	-0.00184043	0.0451911	
6.49844	-0.00184043	0.0451911	
6.49844	-0.00184043	0.0451911	
6.49843	-0.00184043	0.0451911	
6.49843	-0.00184043	0.0451911	
6.49843	-0.00184043	0.0451911	
6.49842	-0.00184043	0.0451911	
6.49842	-0.00184043	0.0451911	
6.49841	-0.00184043	0.0451911	
6.49841	-0.00184043	0.0451911	
6.49841	-0.00184043	0.0451911	
6.4984	-0.00184043	0.0451911	
6.4984	-0.00184043	0.0451911	
6.4984	-0.00184043	0.0451911	
6.49839	-0.00184043	0.0451911	
6.49839	-0.00184043	0.0451911	
6.49839	-0.00184043	0.0451911	
6.49838	-0.00184043	0.0451911	
6.49838	-0.00184043	0.0451911	
6.49837	-0.00184043	0.0451911	
6.49837	-0.00184043	0.0451911	
6.49837	-0.00184043	0.0451911	
6.49836	-0.00184043	0.0451911	
6.49836	-0.00184043	0.0451911	
6.49836	-0.00184043	0.0451911	
6.49835	-0.00184043	0.0451911	
6.49835	-0.00184043	0.0451911	
6.49835	-0.00184043	0.0451911	
6.49834	-0.00184043	0.0451911	
6.49834	-0.00184043	0.0451911	
6.49833	-0.00184043	0.0451911	
6.49833	-0.00184043	0.0451911	
6.49833	-0.00184043	0.0451911	
6.49832	-0.00184043	0.0451911	
6.49832	-0.00184043	0.0451911	
6.49832	-0.00184043	0.0451911	
6.49831	-0.00184043	0.0451911	
6.49831	-0.00184043	0.0451911	
6.4983	-0.00184043	0.0451911	
6.4983	-0.00184043	0.0451911	
6.4983	-0.00184043	0.0451911	
6.49829	-0.00184043	0.0451911	
6.49829	-0.00184043	0.0451911	
6.49829	-0.00184043	0.0451911	
6.49828	-0.00184043	0.0451911	
6.49828	-0.00184043	0.0451911	
6.49828	-0.00184043	0.0451911	
6.49827	-0.00184043	0.0451911	
6.49827	-0.00184043	0.0451911	
6.49826	-0.00184043	0.0451911	
6.49826	-0.00184043	0.0451911	
6.49826	-0.00184043	0.0451911	
6.49825	-0.00184043	0.0451911	
6.49825	-0.00184043	0.0451911	
6.49825	-0.00184043	0.0451911	
6.49824	-0.00184043	0.0451911	
6.49824	-0.00184043	0.0451911	
6.49823	-0.00184043	0.0451911	
6.49823	-0.00184043	0.0451911	
6.49823	-0.00184043	0.0451911	
6.49822	-0.00184043	0.0451911	
6.49822	-0.00184043	0.0451911	
6.49822	-0.00184043	0.0451911	
6.49821	-0.00184043	0.0451911	
6.49821	-0.00184043	0.0451911	
6.49821	-0.00184043	0.0451911	
6.4982	-0.00184043	0.0451911	
6.4982	-0.00184043	0.0451911	
6.49819	-0.00184043	0.0451911	
6.49819	-0.00184043	0.0451911	
6.49819	-0.00184043	0.0451911	
6.49818	-0.00184043	0.0451911	
6.49818	-0.00184043	0.0451911	
6.49818	-0.00184043	0.0451911	
6.49817	-0.00184043	0.0451911	
6.49817	-0.00184043	0.0451911	
6.49816	-0.00184043	0.0451911	
6.49816	-0.00184043	0.0451911	
6.49816	-0.00184043	0.0451911	
6.49815	-0.00184043	0.0451911	
6.49815	-0.00184043	0.0451911	
6.49815	-0.00184043	0.0451911	
6.49814	-0.00184043	0.0451911	
6.49814	-0.00184043	0.0451911	
6.49814	-0.00184043	0.0451911	
6.49813	-0.00184043	0.0451911	
6.49813	-0.00184043	0.0451911	
6.49812	-0.00184043	0.0451911	
6.49812	-0.00184043	0.0451911	
6.49812	-0.00184043	0.0451911	
6.49811	-0.00184043	0.0451911	
6.49811	-0.00184043	0.0451911	
6.49811	-0.00184043	0.0451911	
6.4981	-0.00184043	0.0451911	
6.4981	-0.00184043	0.0451911	
6.4981	-0.00184043	0.0451911	
6.49809	-0.00184043	0.0451911	
6.49809	-0.00184043	0.0451911	
6.49808	-0.00184043	0.0451911	
6.49808	-0.00184043	0.0451911	
6.49808	-0.00184043	0.0451911	
6.49807	-0.00184043	0.0451911	
6.49807	-0.00184043	0.0451911	
6.49807	-0.00184043	0.0451911	
6.49806	-0.00184043	0.0451911	
6.49806	-0.00184043	0.0451911	
6.49805	-0.00184043	0.0451911	
6.49805	-0.00184043	0.0451911	
6.49805	-0.00184043	0.0451911	
6.49804	-0.00184043	0.0451911	
6.49804	-0.00184043	0.0451911	
6.49804	-0.00184043	0.0451911	
6.49803	-0.00184043	0.0451911	
6.49803	-0.00184043	0.0451911	
6.49802	-0.00184043	0.0451911	
6.49802	-0.00184043	0.0451911	
6.49802	-0.00184043	0.0451911	
6.49801	-0.00184043	0.0451911	
6.49801	-0.00184043	0.0451911	
6.49801	-0.00184043	0.0451911	
6.498	-0.00184043	0.0451911	
6.498	-0.00184043	0.0451911	
6.498	-0.00184043	0.0451911	
6.49799	-0.00184043	0.0451911	
6.49799	-0.00184043	0.0451911	
6.49798	-0.00184043	0.0451911	
6.49798	-0.00184043	0.0451911	
6.49798	-0.00184043	0.0451911	
6.49797	-0.00184043	0.0451911	
6.49797	-0.00184043	0.0451911	
6.49797	-0.00184043	0.0451911	
6.49796	-0.00184043	0.0451911	
6.49796	-0.00184043	0.0451911	
6.49795	-0.00184043	0.0451911	
6.49795	-0.00184043	0.0451911	
6.49795	-0.00184043	0.0451911	
6.49794	-0.00184043	0.0451911	
6.49794	-0.00184043	0.0451911	
6.49794	-0.00184043	0.0451911	
6.49793	-0.00184043	0.0451911	
6.49793	-0.00184043	0.0451911	
6.49793	-0.00184043	0.0451911	
6.49792	-0.00184043	0.0451911	
6.49792	-0.00184043	0.0451911	
6.49791	-0.00184043	0.0451911	
6.49791	-0.00184043	0.0451911	
6.49791	-0.00184043	0.0451911	
6.4979	-0.00184043	0.0451911	
6.4979	-0.00184043	0.0451911	
6.4979	-0.00184043	0.0451911	
6.49789	-0.00184043	0.0451911	
6.49789	-0.00184043	0.0451911	
6.49789	-0.00184043	0.0451911	
6.49788	-0.00184043	0.0451911	
6.49788	-0.00184043	0.0451911	
6.49787	-0.00184043	0.0451911	
6.49787	-0.00184043	0.0451911	
6.49787	-0.00184043	0.0451911	
6.49786	-0.00184043	0.0451911	
6.49786	-0.00184043	0.0451911	
6.49786	-0.00184043	0.0451911	
6.49785	-0.00184043	0.0451911	
6.49785	-0.00184043	0.0451911	
6.49784	-0.00184043	0.0451911	
6.49784	-0.00184043	0.0451911	
6.49784	-0.00184043	0.0451911	
6.49783	-0.00184043	0.0451911	
6.49783	-0.00184043	0.0451911	
6.49783	-0.00184043	0.0451911	
6.49782	-0.00184043	0.0451911	
6.49782	-0.00184043	0.0451911	
6.49782	-0.00184043	0.0451911	
6.49781	-0.00184043	0.0451911	
6.49781	-0.00184043	0.0451911	
6.4978	-0.00184043	0.0451911	
6.4978	-0.00184043	0.0451911	
6.4978	-0.00184043	0.0451911	
6.49779	-0.00184043	0.0451911	
6.49779	-0.00184043	0.0451911	
6.49779	-0.00184043	0.0451911	
6.49778	-0.00184043	0.0451911	
6.49778	-0.00184043	0.0451911	
6.49777	-0.00184043	0.0451911	
6.49777	-0.00184043	0.0451911	
6.49777	-0.00184043	0.0451911	
6.49776	-0.00184043	0.0451911	
6.49776	-0.00184043	0.0451911	
6.49776	-0.00184043	0.0451911	
6.49775	-0.00184043	0.0451911	
6.49775	-0.00184043	0.0451911	
6.49775	-0.00184043	0.0451911	
6.49774	-0.00184043	0.0451911	
6.49774	-0.00184043	0.0451911	
6.49773	-0.00184043	0.0451911	
6.49773	-0.00184043	0.0451911	
6.49773	-0.00184043	0.0451911	
6.49772	-0.00184043	0.0451911	
6.49772	-0.00184043	0.0451911	
6.49772	-0.00184043	0.0451911	
6.49771	-0.00184043	0.0451911	
6.49771	-0.00184043	0.0451911	
6.4977	-0.00184043	0.0451911	
6.4977	-0.00184043	0.0451911	
6.4977	-0.00184043	0.0451911	
6.49769	-0.00184043	0.0451911	
6.49769	-0.00184043	0.0451911	
6.49769	-0.00184043	0.0451911	
6.49768	-0.00184043	0.0451911	
6.49768	-0.00184043	0.0451911	
6.49768	-0.00184043	0.0451911	
6.49767	-0.00184043	0.0451911	
6.49767	-0.00184043	0.0451911	
6.49766	-0.00184043	0.0451911	
6.49766	-0.00184043	0.0451911	
6.49766	-0.00184043	0.0451911	
6.49765	-0.00184043	0.0451911	
6.49765	-0.00184043	0.0451911	
6.49765	-0.00184043	0.0451911	
6.49764	-0.00184043	0.0451911	
6.49764	-0.00184043	0.0451911	
6.49763	-0.00184043	0.0451911	
6.49763	-0.00184043	0.0451911	
6.49763	-0.00184043	0.0451911	
6.49762	-0.00184043	0.0451911	
6.49762	-0.00184043	0.0451911	
6.49762	-0.00184043	0.0451911	
6.49761	-0.00184043	0.0451911	
6.49761	-0.00184043	0.0451911	
6.49761	-0.00184043	0.0451911	
6.4976	-0.00184043	0.0451911	
6.4976	-0.00184043	0.0451911	
6.49759	-0.00184043	0.0451911	
6.49759	-0.00184043	0.0451911	
6.49759	-0.00184043	0.0451911	
6.49758	-0.00184043	0.0451911	
6.49758	-0.00184043	0.0451911	
6.49758	-0.00184043	0.0451911	
6.49757	-0.00184043	0.0451911	
6.49757	-0.00184043	0.0451911	
6.49756	-0.00184043	0.0451911	
6.49756	-0.00184043	0.0451911	
6.49756	-0.00184043	0.0451911	
6.49755	-0.00184043	0.0451911	
6.49755	-0.00184043	0.0451911	
6.49755	-0.00184043	0.0451911	
6.49754	-0.00184043	0.0451911	
6.49754	-0.00184043	0.0451911	
6.49754	-0.00184043	0.0451911	
6.49753	-0.00184043	0.0451911	
6.49753	-0.00184043	0.0451911	
6.49752	-0.00184043	0.0451911	
6.49752	-0.00184043	0.0451911	
6.49752	-0.00184043	0.0451911	
6.49751	-0.00184043	0.0451911	
6.49751	-0.00184043	0.0451911	
6.49751	-0.00184043	0.0451911	
6.4975	-0.00184043	0.0451911	
6.4975	-0.00184043	0.0451911	
6.49749	-0.00184043	0.0451911	
6.49749	-0.00184043	0.0451911	
6.49749	-0.00184043	0.0451911	
6.49748	-0.00184043	0.0451911	
6.49748	-0.00184043	0.0451911	
6.49748	-0.00184043	0.0451911	
6.49747	-0.00184043	0.0451911	
6.49747	-0.00184043	0.0451911	
6.49747	-0.00184043	0.0451911	
6.49746	-0.00184043	0.0451911	
6.49746	-0.00184043	0.0451911	
6.49745	-0.00184043	0.0451911	
6.49745	-0.00184043	0.0451911	
6.49745	-0.00184043	0.0451911	
6.49744	-0.00184043	0.0451911	
6.49744	-0.00184043	0.0451911	
6.49744	-0.00184043	0.0451911	
6.49743	-0.00184043	0.0451911	
6.49743	-0.00184043	0.0451911	
6.49743	-0.00184043	0.0451911	
6.49742	-0.00184043	0.0451911	
6.49742	-0.00184043	0.0451911	
6.49741	-0.00184043	0.0451911	
6.49741	-0.00184043	0.0451911	
6.49741	-0.00184043	0.0451911	
6.4974	-0.00184043	0.0451911	
6.4974	-0.00184043	0.0451911	
6.4974	-0.00184043	0.0451911	
6.49739	-0.00184043	0.0451911	
6.49739	-0.00184043	0.0451911	
6.49738	-0.00184043	0.0451911	
6.49738	-0.00184043	0.0451911	
6.49738	-0.00184043	0.0451911	
6.49737	-0.00184043	0.0451911	
6.49737	-0.00184043	0.0451911	
6.49737	-0.00184043	0.0451911	
6.49736	-0.00184043	0.0451911	
6.49736	-0.00184043	0.0451911	
6.49735	-0.00184043	0.0451911	
6.49735	-0.00184043	0.0451911	
6.49735	-0.00184043	0.0451911	
6.49734	-0.00184043	0.0451911	
6.49734	-0.00184043	0.0451911	
6.49734	-0.00184043	0.0451911	
6.49733	-0.00184043	0.0451911	
6.49733	-0.00184043	0.0451911	
6.49733	-0.00184043	0.0451911	
6.49732	-0.00184043	0.0451911	
6.49732	-0.00184043	0.0451911	
6.49731	-0.00184043	0.0451911	
6.49731	-0.00184043	0.0451911	
6.49731	-0.00184043	0.0451911	
6.4973	-0.00184043	0.0451911	
6.4973	-0.00184043	0.0451911	
6.4973	-0.00184043	0.0451911	
6.49729	-0.00184043	0.0451911	
6.49729	-0.00184043	0.0451911	
6.49728	-0.00184043	0.0451911	
6.49728	-0.00184043	0.0451911	
6.49728	-0.00184043	0.0451911	
6.49727	-0.00184043	0.0451911	
6.49727	-0.00184043	0.0451911	
6.49727	-0.00184043	0.0451911	
6.49726	-0.00184043	0.0451911	
6.49726	-0.00184043	0.0451911	
6.49726	-0.00184043	0.0451911	
6.49725	-0.00184043	0.0451911	
6.49725	-0.00184043	0.0451911	
6.49724	-0.00184043	0.0451911	
6.49724	-0.00184043	0.0451911	
6.49724	-0.00184043	0.0451911	
6.49723	-0.00184043	0.0451911	
6.49723	-0.00184043	0.0451911	
6.49723	-0.00184043	0.0451911	
6.49722	-0.00184043	0.0451911	
6.49722	-0.00184043	0.0451911	
6.49722	-0.00184043	0.0451911	
6.49721	-0.00184043	0.0451911	
6.49721	-0.00184043	0.0451911	
6.4972	-0.00184043	0.0451911	
6.4972	-0.00184043	0.0451911	
6.4972	-0.00184043	0.0451911	
6.49719	-0.00184043	0.0451911	
6.49719	-0.00184043	0.0451911	
6.49719	-0.00184043	0.0451911	
6.49718	-0.00184043	0.0451911	
6.49718	-0.00184043	0.0451911	
6.49717	-0.00184043	0.0451911	
6.49717	-0.00184043	0.0451911	
6.49717	-0.00184043	0.0451911	
6.49716	-0.00184043	0.0451911	
6.49716	-0.00184043	0.0451911	
6.49716	-0.00184043	0.0451911	
6.49715	-0.00184043	0.0451911	
6.49715	-0.00184043	0.0451911	
6.49715	-0.00184043	0.0451911	
6.49714	-0.00184043	0.0451911	
6.49714	-0.00184043	0.0451911	
6.49713	-0.00184043	0.0451911	
6.49713	-0.00184043	0.0451911	
6.49713	-0.00184043	0.0451911	
6.49712	-0.00184043	0.0451911	
6.49712	-0.00184043	0.0451911	
6.49712	-0.00184043	0.0451911	
6.49711	-0.00184043	0.0451911	
6.49711	-0.00184043	0.0451911	
6.4971	-0.00184043	0.0451911	
6.4971	-0.00184043	0.0451911	
6.4971	-0.00184043	0.0451911	
6.49709	-0.00184043	0.0451911	
6.49709	-0.00184043	0.0451911	
6.49709	-0.00184043	0.0451911	
6.49708	-0.00184043	0.0451911	
6.49708	-0.00184043	0.0451911	
6.49708	-0.00184043	0.0451911	
6.49707	-0.00184043	0.0451911	
6.49707	-0.00184043	0.0451911	
6.49706	-0.00184043	0.0451911	
6.49706	-0.00184043	0.0451911	
6.49706	-0.00184043	0.0451911	
6.49705	-0.00184043	0.0451911	
6.49705	-0.00184043	0.0451911	
6.49705	-0.00184043	0.0451911	
6.49704	-0.00184043	0.0451911	
6.49704	-0.00184043	0.0451911	
6.49703	-0.00184043	0.0451911	
6.49703	-0.00184043	0.0451911	
6.49703	-0.00184043	0.0451911	
6.49702	-0.00184043	0.0451911	
6.49702	-0.00184043	0.0451911	
6.49702	-0.00184043	0.0451911	
6.49701	-0.00184043	0.0451911	
6.49701	-0.00184043	0.0451911	
6.49701	-0.00184043	0.0451911	
6.497	-0.00184043	0.0451911	
6.497	-0.00184043	0.0451911	
6.49699	-0.00184043	0.0451911	
6.49699	-0.00184043	0.0451911	
6.49699	-0.00184043	0.0451911	
6.49698	-0.00184043	0.0451911	
6.49698	-0.00184043	0.0451911	
6.49698	-0.00184043	0.0451911	
6.49697	-0.00184043	0.0451911	
6.49697	-0.00184043	0.0451911	
6.49696	-0.00184043	0.0451911	
6.49696	-0.00184043	0.0451911	
6.49696	-0.00184043	0.0451911	
6.49695	-0.00184043	0.0451911	
6.49695	-0.00184043	0.0451911	
6.49695	-0.00184043	0.0451911	
6.49694	-0.00184043	0.0451911	
6.49694	-0.00184043	0.0451911	
6.49694	-0.00184043	0.0451911	
6.49693	-0.00184043	0.0451911	
6.49693	-0.00184043	0.0451911	
6.49692	-0.00184043	0.0451911	
6.49692	-0.00184043	0.0451911	
6.49692	-0.00184043	0.0451911	
6.49691	-0.00184043	0.0451911	
6.49691	-0.00184043	0.0451911	
6.49691	-0.00184043	0.0451911	
6.4969	-0.00184043	0.0451911	
6.4969	-0.00184043	0.0451911	
6.49689	-0.00184043	0.0451911	
6.49689	-0.00184043	0.0451911	
6.49689	-0.00184043	0.0451911	
6.49688	-0.00184043	0.0451911	
6.49688	-0.00184043	0.0451911	
6.49688	-0.00184043	0.0451911	
6.49687	-0.00184043	0.0451911	
6.49687	-0.00184043	0.0451911	
6.49687	-0.00184043	0.0451911	
6.49686	-0.00184043	0.0451911	
6.49686	-0.00184043	0.0451911	
6.49685	-0.00184043	0.0451911	
6.49685	-0.00184043	0.0451911	
6.49685	-0.00184043	0.0451911	
6.49684	-0.00184043	0.0451911	
6.49684	-0.00184043	0.0451911	
6.49684	-0.00184043	0.0451911	
6.49683	-0.00184043	0.0451911	
6.49683	-0.00184043	0.0451911	
6.49682	-0.00184043	0.0451911	
6.49682	-0.00184043	0.0451911	
6.49682	-0.00184043	0.0451911	
6.49681	-0.00184043	0.0451911	
6.49681	-0.00184043	0.0451911	
6.49681	-0.00184043	0.0451911	
6.4968	-0.00184043	0.0451911	
6.4968	-0.00184043	0.0451911	
6.4968	-0.00184043	0.0451911	
6.49679	-0.00184043	0.0451911	
6.49679	-0.00184043	0.0451911	
6.49678	-0.00184043	0.0451911	
6.49678	-0.00184043	0.0451911	
6.49678	-0.00184043	0.0451911	
6.49677	-0.00184043	0.0451911	
6.49677	-0.00184043	0.0451911	
6.49677	-0.00184043	0.0451911	
6.49676	-0.00184043	0.0451911	
6.49676	-0.00184043	0.0451911	
6.49676	-0.00184043	0.0451911	
6.49675	-0.00184043	0.0451911	
6.49675	-0.00184043	0.0451911	
6.49674	-0.00184043	0.0451911	
6.49674	-0.00184043	0.0451911	
6.49674	-0.00184043	0.0451911	
6.49673	-0.00184043	0.0451911	
6.49673	-0.00184043	0.0451911	
6.49673	-0.00184043	0.0451911	
6.49672	-0.00184043	0.0451911	
6.49672	-0.00184043	0.0451911	
6.49671	-0.00184043	0.0451911	
6.49671	-0.00184043	0.0451911	
6.49671	-0.00184043	0.0451911	
6.4967	-0.00184043	0.0451911	
6.4967	-0.00184043	0.0451911	
6.4967	-0.00184043	0.0451911	
6.49669	-0.00184043	0.0451911	
6.49669	-0.00184043	0.0451911	
6.49669	-0.00184043	0.0451911	
6.49668	-0.00184043	0.0451911	
6.49668	-0.00184043	0.0451911	
6.49667	-0.00184043	0.0451911	
6.49667	-0.00184043	0.0451911	
6.49667	-0.00184043	0.0451911	
6.49666	-0.00184043	0.0451911	
6.49666	-0.00184043	0.0451911	
6.49666	-0.00184043	0.0451911	
6.49665	-0.00184043	0.0451911	
6.49665	-0.00184043	0.0451911	
6.49664	-0.00184043	0.0451911	
6.49664	-0.00184043	0.0451911	
6.49664	-0.00184043	0.0451911	
6.49663	-0.00184043	0.0451911	
6.49663	-0.00184043	0.0451911	
6.49663	-0.00184043	0.0451911	
6.49662	-0.00184043	0.0451911	
6.49662	-0.00184043	0.0451911	
6.49661	-0.00184043	0.0451911	
6.49661	-0.00184043	0.0451911	
6.49661	-0.00184043	0.0451911	
6.4966	-0.00184043	0.0451911	
6.4966	-0.00184043	0.0451911	
6.4966	-0.00184043	0.0451911	
6.49659	-0.00184043	0.0451911	
6.49659	-0.00184043	0.0451911	
6.49659	-0.00184043	0.0451911	
6.49658	-0.00184043	0.0451911	
6.49658	-0.00184043	0.0451911	
6.49657	-0.00184043	0.0451911	
6.49657	-0.00184043	0.0451911	
6.49657	-0.00184043	0.0451911	
6.49656	-0.00184043	0.0451911	
6.49656	-0.00184043	0.0451911	
6.49656	-0.00184043	0.0451911	
6.49655	-0.00184043	0.0451911	
6.49655	-0.00184043	0.0451911	
6.49655	-0.00184043	0.0451911	
6.49654	-0.00184043	0.0451911	
6.49654	-0.00184043	0.0451911	
6.49653	-0.00184043	0.0451911	
6.49653	-0.00184043	0.0451911	
6.49653	-0.00184043	0.0451911	
6.49652	-0.00184043	0.0451911	
6.49652	-0.00184043	0.0451911	
6.49652	-0.00184043	0.0451911	
6.49651	-0.00184043	0.0451911	
6.49651	-0.00184043	0.0451911	
6.4965	-0.00184043	0.0451911	
6.4965	-0.00184043	0.0451911	
6.4965	-0.00184043	0.0451911	
6.49649	-0.00184043	0.0451911	
6.49649	-0.00184043	0.0451911	
6.49649	-0.00184043	0.0451911	
6.49648	-0.00184043	0.0451911	
6.49648	-0.00184043	0.0451911	
6.49648	-0.00184043	0.0451911	
6.49647	-0.00184043	0.0451911	
6.49647	-0.00184043	0.0451911	
6.49646	-0.00184043	0.0451911	
6.49646	-0.00184043	0.0451911	
6.49646	-0.00184043	0.0451911	
6.49645	-0.00184043	0.0451911	
6.49645	-0.00184043	0.0451911	
6.49645	-0.00184043	0.0451911	
6.49644	-0.00184043	0.0451911	
6.49644	-0.00184043	0.0451911	
6.49643	-0.00184043	0.0451911	
6.49643	-0.00184043	0.0451911	
6.49643	-0.00184043	0.0451911	
6.49642	-0.00184043	0.0451911	
6.49642	-0.00184043	0.0451911	
6.49642	-0.00184043	0.0451911	
6.49641	-0.00184043	0.0451911	
6.49641	-0.00184043	0.0451911	
6.49641	-0.00184043	0.0451911	
6.4964	-0.00184043	0.0451911	
6.4964	-0.00184043	0.0451911	
6.49639	-0.00184043	0.0451911	
6.49639	-0.00184043	0.0451911	
6.49639	-0.00184043	0.0451911	
6.49638	-0.00184043	0.0451911	
6.49638	-0.00184043	0.0451911	
6.49638	-0.00184043	0.0451911	
6.49637	-0.00184043	0.0451911	
6.49637	-0.00184043	0.0451911	
6.49637	-0.00184043	0.0451911	
6.49636	-0.00184043	0.0451911	
6.49636	-0.00184043	0.0451911	
6.49635	-0.00184043	0.0451911	
6.49635	-0.00184043	0.0451911	
6.49635	-0.00184043	0.0451911	
6.49634	-0.00184043	0.0451911	
6.49634	-0.00184043	0.0451911	
6.49634	-0.00184043	0.0451911	
6.49633	-0.00184043	0.0451911	
6.49633	-0.00184043	0.0451911	
6.49632	-0.00184043	0.0451911	
6.49632	-0.00184043	0.0451911	
6.49632	-0.00184043	0.0451911	
6.49631	-0.00184043	0.0451911	
6.49631	-0.00184043	0.0451911	
6.49631	-0.00184043	0.0451911	
6.4963	-0.00184043	0.0451911	
6.4963	-0.00184043	0.0451911	
6.49629	-0.00184043	0.0451911	
6.49629	-0.00184043	0.0451911	
6.49629	-0.00184043	0.0451911	
6.49628	-0.00184043	0.0451911	
6.49628	-0.00184043	0.0451911	
6.49628	-0.00184043	0.0451911	
6.49627	-0.00184043	0.0451911	
6.49627	-0.00184043	0.0451911	
6.49627	-0.00184043	0.0451911	
6.49626	-0.00184043	0.0451911	
6.49626	-0.00184043	0.0451911	
6.49625	-0.00184043	0.0451911	
6.49625	-0.00184043	0.0451911	
6.49625	-0.00184043	0.0451911	
6.49624	-0.00184043	0.0451911	
6.49624	-0.00184043	0.0451911	
6.49624	-0.00184043	0.0451911	
6.49623	-0.00184043	0.0451911	
6.49623	-0.00184043	0.0451911	
6.49622	-0.00184043	0.0451911	
6.49622	-0.00184043	0.0451911	
6.49622	-0.00184043	0.0451911	
6.49621	-0.00184043	0.0451911	
6.49621	-0.00184043	0.0451911	
6.49621	-0.00184043	0.0451911	
6.4962	-0.00184043	0.0451911	
6.4962	-0.00184043	0.0451911	
6.4962	-0.00184043	0.0451911	
6.49619	-0.00184043	0.0451911	
6.49619	-0.00184043	0.0451911	
6.49618	-0.00184043	0.0451911	
6.49618	-0.00184043	0.0451911	
6.49618	-0.00184043	0.0451911	
6.49617	-0.00184043	0.0451911	
6.49617	-0.00184043	0.0451911	
6.49617	-0.00184043	0.0451911	
6.49616	-0.00184043	0.0451911	
6.49616	-0.00184043	0.0451911	
6.49616	-0.00184043	0.0451911	
6.49615	-0.00184043	0.0451911	
6.49615	-0.00184043	0.0451911	
6.49614	-0.00184043	0.0451911	
6.49614	-0.00184043	0.0451911	
6.49614	-0.00184043	0.0451911	
6.49613	-0.00184043	0.0451911	
6.49613	-0.00184043	0.0451911	
6.49613	-0.00184043	0.0451911	
6.49612	-0.00184043	0.0451911	
6.49612	-0.00184043	0.0451911	
6.49611	-0.00184043	0.0451911	
6.49611	-0.00184043	0.0451911	
6.49611	-0.00184043	0.0451911	
6.4961	-0.00184043	0.0451911	
6.4961	-0.00184043	0.0451911	
6.4961	-0.00184043	0.0451911	
6.49609	-0.00184043	0.0451911	
6.49609	-0.00184043	0.0451911	
6.49609	-0.00184043	0.0451911	
6.49608	-0.00184043	0.0451911	
6.49608	-0.00184043	0.0451911	
6.49607	-0.00184043	0.0451911	
6.49607	-0.00184043	0.0451911	
6.49607	-0.00184043	0.0451911	
6.49606	-0.00184043	0.0451911	
6.49606	-0.00184043	0.0451911	
6.49606	-0.00184043	0.0451911	
6.49605	-0.00184043	0.0451911	
6.49605	-0.00184043	0.0451911	
6.49604	-0.00184043	0.0451911	
6.49604	-0.00184043	0.0451911	
6.49604	-0.00184043	0.0451911	
6.49603	-0.00184043	0.0451911	
6.49603	-0.00184043	0.0451911	
6.49603	-0.00184043	0.0451911	
6.49602	-0.00184043	0.0451911	
6.49602	-0.00184043	0.0451911	
6.49602	-0.00184043	0.0451911	
6.49601	-0.00184043	0.0451911	
6.49601	-0.00184043	0.0451911	
6.496	-0.00184043	0.0451911	
6.496	-0.00184043	0.0451911	
6.496	-0.00184043	0.0451911	
6.49599	-0.00184043	0.0451911	
6.49599	-0.00184043	0.0451911	
6.49599	-0.00184043	0.0451911	
6.49598	-0.00184043	0.0451911	
6.49598	-0.00184043	0.0451911	
6.49597	-0.00184043	0.0451911	
6.49597	-0.00184043	0.0451911	
6.49597	-0.00184043	0.0451911	
6.49596	-0.00184043	0.0451911	
6.49596	-0.00184043	0.0451911	
6.49596	-0.00184043	0.0451911	
6.49595	-0.00184043	0.0451911	
6.49595	-0.00184043	0.0451911	
6.49595	-0.00184043	0.0451911	
6.49594	-0.00184043	0.0451911	
6.49594	-0.00184043	0.0451911	
6.49593	-0.00184043	0.0451911	
6.49593	-0.00184043	0.0451911	
6.49593	-0.00184043	0.0451911	
6.49592	-0.00184043	0.0451911	
6.49592	-0.00184043	0.0451911	
6.49592	-0.00184043	0.0451911	
6.49591	-0.00184043	0.0451911	
6.49591	-0.00184043	0.0451911	
6.4959	-0.00184043	0.0451911	
6.4959	-0.00184043	0.0451911	
6.4959	-0.00184043	0.0451911	
6.49589	-0.00184043	0.0451911	
6.49589	-0.00184043	0.0451911	
6.49589	-0.00184043	0.0451911	
6.49588	-0.00184043	0.0451911	
6.49588	-0.00184043	0.0451911	
6.49588	-0.00184043	0.0451911	
6.49587	-0.00184043	0.0451911	
6.49587	-0.00184043	0.0451911	
6.49586	-0.00184043	0.0451911	
6.49586	-0.00184043	0.0451911	
6.49586	-0.00184043	0.0451911	
6.49585	-0.00184043	0.0451911	
6.49585	-0.00184043	0.0451911	
6.49585	-0.00184043	0.0451911	
6.49584	-0.00184043	0.0451911	
6.49584	-0.00184043	0.0451911	
6.49583	-0.00184043	0.0451911	
6.49583	-0.00184043	0.0451911	
6.49583	-0.00184043	0.0451911	
6.49582	-0.00184043	0.0451911	
6.49582	-0.00184043	0.0451911	
6.49582	-0.00184043	0.0451911	
6.49581	-0.00184043	0.0451911	
6.49581	-0.00184043	0.0451911	
6.49581	-0.00184043	0.0451911	
6.4958	-0.00184043	0.0451911	
6.4958	-0.00184043	0.0451911	
6.49579	-0.00184043	0.0451911	
6.49579	-0.00184043	0.0451911	
6.49579	-0.00184043	0.0451911	
6.49578	-0.00184043	0.0451911	
6.49578	-0.00184043	0.0451911	
6.49578	-0.00184043	0.0451911	
6.49577	-0.00184043	0.0451911	
6.49577	-0.00184043	0.0451911	
6.49576	-0.00184043	0.0451911	
6.49576	-0.00184043	0.0451911	
6.49576	-0.00184043	0.0451911	
6.49575	-0.00184043	0.0451911	
6.49575	-0.00184043	0.0451911	
6.49575	-0.00184043	0.0451911	
6.49574	-0.00184043	0.0451911	
6.49574	-0.00184043	0.0451911	
6.49574	-0.00184043	0.0451911	
6.49573	-0.00184043	0.0451911	
6.49573	-0.00184043	0.0451911	
6.49572	-0.00184043	0.0451911	
6.49572	-0.00184043	0.0451911	
6.49572	-0.00184043	0.0451911	
6.49571	-0.00184043	0.0451911	
6.49571	-0.00184043	0.0451911	
6.49571	-0.00184043	0.0451911	
6.4957	-0.00184043	0.0451911	
6.4957	-0.00184043	0.0451911	
6.4957	-0.00184043	0.0451911	
6.49569	-0.00184043	0.0451911	
6.49569	-0.00184043	0.0451911	
6.49568	-0.00184043	0.0451911	
6.49568	-0.00184043	0.0451911	
6.49568	-0.00184043	0.0451911	
6.49567	-0.00184043	0.0451911	
6.49567	-0.00184043	0.0451911	
6.49567	-0.00184043	0.0451911	
6.49566	-0.00184043	0.0451911	
6.49566	-0.00184043	0.0451911	
6.49565	-0.00184043	0.0451911	
6.49565	-0.00184043	0.0451911	
6.49565	-0.00184043	0.0451911	
6.49564	-0.00184043	0.0451911	
6.49564	-0.00184043	0.0451911	
6.49564	-0.00184043	0.0451911	
6.49563	-0.00184043	0.0451911	
6.49563	-0.00184043	0.0451911	
6.49563	-0.00184043	0.0451911	
6.49562	-0.00184043	0.0451911	
6.49562	-0.00184043	0.0451911	
6.49561	-0.00184043	0.0451911	
6.49561	-0.00184043	0.0451911	
6.49561	-0.00184043	0.0451911	
6.4956	-0.00184043	0.0451911	
6.4956	-0.00184043	0.0451911	
6.4956	-0.00184043	0.0451911	
6.49559	-0.00184043	0.0451911	
6.49559	-0.00184043	0.0451911	
6.49558	-0.00184043	0.0451911	
6.49558	-0.00184043	0.0451911	
6.49558	-0.00184043	0.0451911	
6.49557	-0.00184043	0.0451911	
6.49557	-0.00184043	0.0451911	
6.49557	-0.00184043	0.0451911	
6.49556	-0.00184043	0.0451911	
6.49556	-0.00184043	0.0451911	
6.49555	-0.00184043	0.0451911	
6.49555	-0.00184043	0.0451911	
6.49555	-0.00184043	0.0451911	
6.49554	-0.00184043	0.0451911	
6.49554	-0.00184043	0.0451911	
6.49554	-0.00184043	0.0451911	
6.49553	-0.00184043	0.0451911	
6.49553	-0.00184043	0.0451911	
6.49553	-0.00184043	0.0451911	
6.49552	-0.00184043	0.0451911	
6.49552	-0.00184043	0.0451911	
6.49551	-0.00184043	0.0451911	
6.49551	-0.00184043	0.0451911	
6.49551	-0.00184043	0.0451911	
6.4955	-0.00184043	0.0451911	
6.4955	-0.00184043	0.0451911	
6.4955	-0.00184043	0.0451911	
6.49549	-0.00184043	0.0451911	
6.49549	-0.00184043	0.0451911	
6.49549	-0.00184043	0.0451911	
6.49548	-0.00184043	0.0451911	
6.49548	-0.00184043	0.0451911	
6.49547	-0.00184043	0.0451911	
6.49547	-0.00184043	0.0451911	
6.49547	-0.00184043	0.0451911	
6.49546	-0.00184043	0.0451911	
6.49546	-0.00184043	0.0451911	
6.49546	-0.00184043	0.0451911	
6.49545	-0.00184043	0.0451911	
6.49545	-0.00184043	0.0451911	
6.49544	-0.00184043	0.0451911	
6.49544	-0.00184043	0.0451911	
6.49544	-0.00184043	0.0451911	
6.49543	-0.00184043	0.0451911	
6.49543	-0.00184043	0.0451911	
6.49543	-0.00184043	0.0451911	
6.49542	-0.00184043	0.0451911	
6.49542	-0.00184043	0.0451911	
6.49542	-0.00184043	0.0451911	
6.49541	-0.00184043	0.0451911	
6.49541	-0.00184043	0.0451911	
6.4954	-0.00184043	0.0451911	
6.4954	-0.00184043	0.0451911	
6.4954	-0.00184043	0.0451911	
6.49539	-0.00184043	0.0451911	
6.49539	-0.00184043	0.0451911	
6.49539	-0.00184043	0.0451911	
6.49538	-0.00184043	0.0451911	
6.49538	-0.00184043	0.0451911	
6.49537	-0.00184043	0.0451911	
6.49537	-0.00184043	0.0451911	
6.49537	-0.00184043	0.0451911	
6.49536	-0.00184043	0.0451911	
6.49536	-0.00184043	0.0451911	
6.49536	-0.00184043	0.0451911	
6.49535	-0.00184043	0.0451911	
6.49535	-0.00184043	0.0451911	
6.49535	-0.00184043	0.0451911	
6.49534	-0.00184043	0.0451911	
6.49534	-0.00184043	0.0451911	
6.49533	-0.00184043	0.0451911	
6.49533	-0.00184043	0.0451911	
6.49533	-0.00184043	0.0451911	
6.49532	-0.00184043	0.0451911	
6.49532	-0.00184043	0.0451911	
6.49532	-0.00184043	0.0451911	
6.49531	-0.00184043	0.0451911	
6.49531	-0.00184043	0.0451911	
6.4953	-0.00184043	0.0451911	
6.4953	-0.00184043	0.0451911	
6.4953	-0.00184043	0.0451911	
6.49529	-0.00184043	0.0451911	
6.49529	-0.00184043	0.0451911	
6.49529	-0.00184043	0.0451911	
6.49528	-0.00184043	0.0451911	
6.49528	-0.00184043	0.0451911	
6.49528	-0.00184043	0.0451911	
6.49527	-0.00184043	0.0451911	
6.49527	-0.00184043	0.0451911	
6.49526	-0.00184043	0.0451911	
6.49526	-0.00184043	0.0451911	
6.49526	-0.00184043	0.0451911	
6.49525	-0.00184043	0.0451911	
6.49525	-0.00184043	0.0451911	
6.49525	-0.00184043	0.0451911	
6.49524	-0.00184043	0.0451911	
6.49524	-0.00184043	0.0451911	
6.49523	-0.00184043	0.0451911	
6.49523	-0.00184043	0.0451911	
6.49523	-0.00184043	0.0451911	
6.49522	-0.00184043	0.0451911	
6.49522	-0.00184043	0.0451911	
6.49522	-0.00184043	0.0451911	
6.49521	-0.00184043	0.0451911	
6.49521	-0.00184043	0.0451911	
6.49521	-0.00184043	0.0451911	
6.4952	-0.00184043	0.0451911	
6.4952	-0.00184043	0.0451911	
6.49519	-0.00184043	0.0451911	
6.49519	-0.00184043	0.0451911	
6.49519	-0.00184043	0.0451911	
6.49518	-0.00184043	0.0451911	
6.49518	-0.00184043	0.0451911	
6.49518	-0.00184043	0.0451911	
6.49517	-0.00184043	0.0451911	
6.49517	-0.00184043	0.0451911	
6.49516	-0.00184043	0.0451911	
6.49516	-0.00184043	0.0451911	
6.49516	-0.00184043	0.0451911	
6.49515	-0.00184043	0.0451911	
6.49515	-0.00184043	0.0451911	
6.49515	-0.00184043	0.0451911	
6.49514	-0.00184043	0.0451911	
6.49514	-0.00184043	0.0451911	
6.49514	-0.00184043	0.0451911	
6.49513	-0.00184043	0.0451911	
6.49513	-0.00184043	0.0451911	
6.49512	-0.00184043	0.0451911	
6.49512	-0.00184043	0.0451911	
6.49512	-0.00184043	0.0451911	
6.49511	-0.00184043	0.0451911	
6.49511	-0.00184043	0.0451911	
6.49511	-0.00184043	0.0451911	
6.4951	-0.00184043	0.0451911	
6.4951	-0.00184043	0.0451911	
6.49509	-0.00184043	0.0451911	
6.49509	-0.00184043	0.0451911	
6.49509	-0.00184043	0.0451911	
6.49508	-0.00184043	0.0451911	
6.49508	-0.00184043	0.0451911	
6.49508	-0.00184043	0.0451911	
6.49507	-0.00184043	0.0451911	
6.49507	-0.00184043	0.0451911	
6.49507	-0.00184043	0.0451911	
6.49506	-0.00184043	0.0451911	
6.49506	-0.00184043	0.0451911	
6.49505	-0.00184043	0.0451911	
6.49505	-0.00184043	0.0451911	
6.49505	-0.00184043	0.0451911	
6.49504	-0.00184043	0.0451911	
6.49504	-0.00184043	0.0451911	
6.49504	-0.00184043	0.0451911	
6.49503	-0.00184043	0.0451911	
6.49503	-0.00184043	0.0451911	
6.49503	-0.00184043	0.0451911	
6.49502	-0.00184043	0.0451911	
6.49502	-0.00184043	0.0451911	
6.49501	-0.00184043	0.0451911	
6.49501	-0.00184043	0.0451911	
6.49501	-0.00184043	0.0451911	
6.495	-0.00184043	0.0451911	
6.495	-0.00184043	0.0451911	
6.495	-0.00184043	0.0451911	
6.49499	-0.00184043	0.0451911	
6.49499	-0.00184043	0.0451911	
6.49498	-0.00184043	0.0451911	
6.49498	-0.00184043	0.0451911	
6.49498	-0.00184043	0.0451911	
6.49497	-0.00184043	0.0451911	
6.49497	-0.00184043	0.0451911	
6.49497	-0.00184043	0.0451911	
6.49496	-0.00184043	0.0451911	
6.49496	-0.00184043	0.0451911	
6.49496	-0.00184043	0.0451911	
6.49495	-0.00184043	0.0451911	
6.49495	-0.00184043	0.0451911	
6.49494	-0.00184043	0.0451911	
6.49494	-0.00184043	0.0451911	
6.49494	-0.00184043	0.0451911	
6.49493	-0.00184043	0.0451911	
6.49493	-0.00184043	0.0451911	
6.49493	-0.00184043	0.0451911	
6.49492	-0.00184043	0.0451911	
6.49492	-0.00184043	0.0451911	
6.49491	-0.00184043	0.0451911	
6.49491	-0.00184043	0.0451911	
6.49491	-0.00184043	0.0451911	
6.4949	-0.00184043	0.0451911	
6.4949	-0.00184043	0.0451911	
6.4949	-0.00184043	0.0451911	
6.49489	-0.00184043	0.0451911	
6.49489	-0.00184043	0.0451911	
6.49488	-0.00184043	0.0451911	
6.49488	-0.00184043	0.0451911	
6.49488	-0.00184043	0.0451911	
6.49487	-0.00184043	0.0451911	
6.49487	-0.00184043	0.0451911	
6.49487	-0.00184043	0.0451911	
6.49486	-0.00184043	0.0451911	
6.49486	-0.00184043	0.0451911	
6.49486	-0.00184043	0.0451911	
6.49485	-0.00184043	0.0451911	
6.49485	-0.00184043	0.0451911	
6.49484	-0.00184043	0.0451911	
6.49484	-0.00184043	0.0451911	
6.49484	-0.00184043	0.0451911	
6.49483	-0.00184043	0.0451911	
6.49483	-0.00184043	0.0451911	
6.49483	-0.00184043	0.0451911	
6.49482	-0.00184043	0.0451911	
6.49482	-0.00184043	0.0451911	
6.49482	-0.00184043	0.0451911	
6.49481	-0.00184043	0.0451911	
6.49481	-0.00184043	0.0451911	
6.4948	-0.00184043	0.0451911	
6.4948	-0.00184043	0.0451911	
6.4948	-0.00184043	0.0451911	
6.49479	-0.00184043	0.0451911	
6.49479	-0.00184043	0.0451911	
6.49479	-0.00184043	0.0451911	
6.49478	-0.00184043	0.0451911	
6.49478	-0.00184043	0.0451911	
6.49477	-0.00184043	0.0451911	
6.49477	-0.00184043	0.0451911	
6.49477	-0.00184043	0.0451911	
6.49476	-0.00184043	0.0451911	
6.49476	-0.00184043	0.0451911	
6.49476	-0.00184043	0.0451911	
6.49475	-0.00184043	0.0451911	
6.49475	-0.00184043	0.0451911	
6.49475	-0.00184043	0.0451911	
6.49474	-0.00184043	0.0451911	
6.49474	-0.00184043	0.0451911	
6.49473	-0.00184043	0.0451911	
6.49473	-0.00184043	0.0451911	
6.49473	-0.00184043	0.0451911	
6.49472	-0.00184043	0.0451911	
6.49472	-0.00184043	0.0451911	
6.49472	-0.00184043	0.0451911	
6.49471	-0.00184043	0.0451911	
6.49471	-0.00184043	0.0451911	
6.4947	-0.00184043	0.0451911	
6.4947	-0.00184043	0.0451911	
6.4947	-0.00184043	0.0451911	
6.49469	-0.00184043	0.0451911	
6.49469	-0.00184043	0.0451911	
6.49469	-0.00184043	0.0451911	
6.49468	-0.00184043	0.0451911	
6.49468	-0.00184043	0.0451911	
6.49468	-0.00184043	0.0451911	
6.49467	-0.00184043	0.0451911	
6.49467	-0.00184043	0.0451911	
6.49466	-0.00184043	0.0451911	
6.49466	-0.00184043	0.0451911	
6.49466	-0.00184043	0.0451911	
6.49465	-0.00184043	0.0451911	
6.49465	-0.00184043	0.0451911	
6.49465	-0.00184043	0.0451911	
6.49464	-0.00184043	0.0451911	
6.49464	-0.00184043	0.0451911	
6.49463	-0.00184043	0.0451911	
6.49463	-0.00184043	0.0451911	
6.49463	-0.00184043	0.0451911	
6.49462	-0.00184043	0.0451911	
6.49462	-0.00184043	0.0451911	
6.49462	-0.00184043	0.0451911	
6.49461	-0.00184043	0.0451911	
6.49461	-0.00184043	0.0451911	
6.49461	-0.00184043	0.0451911	
6.4946	-0.00184043	0.0451911	
6.4946	-0.00184043	0.0451911	
6.49459	-0.00184043	0.0451911	
6.49459	-0.00184043	0.0451911	
6.49459	-0.00184043	0.0451911	
6.49458	-0.00184043	0.0451911	
6.49458	-0.00184043	0.0451911	
6.49458	-0.00184043	0.0451911	
6.49457	-0.00184043	0.0451911	
6.49457	-0.00184043	0.0451911	
6.49457	-0.00184043	0.0451911	
6.49456	-0.00184043	0.0451911	
6.49456	-0.00184043	0.0451911	
6.49455	-0.00184043	0.0451911	
6.49455	-0.00184043	0.0451911	
6.49455	-0.00184043	0.0451911	
6.49454	-0.00184043	0.0451911	
6.49454	-0.00184043	0.0451911	
6.49454	-0.00184043	0.0451911	
6.49453	-0.00184043	0.0451911	
6.49453	-0.00184043	0.0451911	
6.49452	-0.00184043	0.0451911	
6.49452	-0.00184043	0.0451911	
6.49452	-0.00184043	0.0451911	
6.49451	-0.00184043	0.0451911	
6.49451	-0.00184043	0.0451911	
6.49451	-0.00184043	0.0451911	
6.4945	-0.00184043	0.0451911	
6.4945	-0.00184043	0.0451911	
6.49449	-0.00184043	0.0451911	
6.49449	-0.00184043	0.0451911	
6.49449	-0.00184043	0.0451911	
6.49448	-0.00184043	0.0451911	
6.49448	-0.00184043	0.0451911	
6.49448	-0.00184043	0.0451911	
6.49447	-0.00184043	0.0451911	
6.49447	-0.00184043	0.0451911	
6.49447	-0.00184043	0.0451911	
6.49446	-0.00184043	0.0451911	
6.49446	-0.00184043	0.0451911	
6.49445	-0.00184043	0.0451911	
6.49445	-0.00184043	0.0451911	
6.49445	-0.00184043	0.0451911	
6.49444	-0.00184043	0.0451911	
6.49444	-0.00184043	0.0451911	
6.49444	-0.00184043	0.0451911	
6.49443	-0.00184043	0.0451911	
6.49443	-0.00184043	0.0451911	
6.49442	-0.00184043	0.0451911	
6.49442	-0.00184043	0.0451911	
6.49442	-0.00184043	0.0451911	
6.49441	-0.00184043	0.0451911	
6.49441	-0.00184043	0.0451911	
6.49441	-0.00184043	0.0451911	
6.4944	-0.00184043	0.0451911	
6.4944	-0.00184043	0.0451911	
6.4944	-0.00184043	0.0451911	
6.49439	-0.00184043	0.0451911	
6.49439	-0.00184043	0.0451911	
6.49438	-0.00184043	0.0451911	
6.49438	-0.00184043	0.0451911	
6.49438	-0.00184043	0.0451911	
6.49437	-0.00184043	0.0451911	
6.49437	-0.00184043	0.0451911	
6.49437	-0.00184043	0.0451911	
6.49436	-0.00184043	0.0451911	
6.49436	-0.00184043	0.0451911	
6.49436	-0.00184043	0.0451911	
6.49435	-0.00184043	0.0451911	
6.49435	-0.00184043	0.0451911	
6.49434	-0.00184043	0.0451911	
6.49434	-0.00184043	0.0451911	
6.49434	-0.00184043	0.0451911	
6.49433	-0.00184043	0.0451911	
6.49433	-0.00184043	0.0451911	
6.49433	-0.00184043	0.0451911	
6.49432	-0.00184043	0.0451911	
6.49432	-0.00184043	0.0451911	
6.49431	-0.00184043	0.0451911	
6.49431	-0.00184043	0.0451911	
6.49431	-0.00184043	0.0451911	
6.4943	-0.00184043	0.0451911	
6.4943	-0.00184043	0.0451911	
6.4943	-0.00184043	0.0451911	
6.49429	-0.00184043	0.0451911	
6.49429	-0.00184043	0.0451911	
6.49429	-0.00184043	0.0451911	
6.49428	-0.00184043	0.0451911	
6.49428	-0.00184043	0.0451911	
6.49427	-0.00184043	0.0451911	
6.49427	-0.00184043	0.0451911	
6.49427	-0.00184043	0.0451911	
6.49426	-0.00184043	0.0451911	
6.49426	-0.00184043	0.0451911	
6.49426	-0.00184043	0.0451911	
6.49425	-0.00184043	0.0451911	
6.49425	-0.00184043	0.0451911	
6.49424	-0.00184043	0.0451911	
6.49424	-0.00184043	0.0451911	
6.49424	-0.00184043	0.0451911	
6.49423	-0.00184043	0.0451911	
6.49423	-0.00184043	0.0451911	
6.49423	-0.00184043	0.0451911	
6.49422	-0.00184043	0.0451911	
6.49422	-0.00184043	0.0451911	
6.49422	-0.00184043	0.0451911	
6.49421	-0.00184043	0.0451911	
6.49421	-0.00184043	0.0451911	
6.4942	-0.00184043	0.0451911	
6.4942	-0.00184043	0.0451911	
6.4942	-0.00184043	0.0451911	
6.49419	-0.00184043	0.0451911	
6.49419	-0.00184043	0.0451911	
6.49419	-0.00184043	0.0451911	
6.49418	-0.00184043	0.0451911	
6.49418	-0.00184043	0.0451911	
6.49417	-0.00184043	0.0451911	
6.49417	-0.00184043	0.0451911	
6.49417	-0.00184043	0.0451911	
6.49416	-0.00184043	0.0451911	
6.49416	-0.00184043	0.0451911	
6.49416	-0.00184043	0.0451911	
6.49415	-0.00184043	0.0451911	
6.49415	-0.00184043	0.0451911	
6.49415	-0.00184043	0.0451911	
6.49414	-0.00184043	0.0451911	
6.49414	-0.00184043	0.0451911	
6.49413	-0.00184043	0.0451911	
6.49413	-0.00184043	0.0451911	
6.49413	-0.00184043	0.0451911	
6.49412	-0.00184043	0.0451911	
6.49412	-0.00184043	0.0451911	
6.49412	-0.00184043	0.0451911	
6.49411	-0.00184043	0.0451911	
6.49411	-0.00184043	0.0451911	
6.4941	-0.00184043	0.0451911	
6.4941	-0.00184043	0.0451911	
6.4941	-0.00184043	0.0451911	
6.49409	-0.00184043	0.0451911	
6.49409	-0.00184043	0.0451911	
6.49409	-0.00184043	0.0451911	
6.49408	-0.00184043	0.0451911	
6.49408	-0.00184043	0.0451911	
6.49408	-0.00184043	0.0451911	
6.49407	-0.00184043	0.0451911	
6.49407	-0.00184043	0.0451911	
6.49406	-0.00184043	0.0451911	
6.49406	-0.00184043	0.0451911	
6.49406	-0.00184043	0.0451911	
6.49405	-0.00184043	0.0451911	
6.49405	-0.00184043	0.0451911	
6.49405	-0.00184043	0.0451911	
6.49404	-0.00184043	0.0451911	
6.49404	-0.00184043	0.0451911	
6.49403	-0.00184043	0.0451911	
6.49403	-0.00184043	0.0451911	
6.49403	-0.00184043	0.0451911	
6.49402	-0.00184043	0.0451911	
6.49402	-0.00184043	0.0451911	
6.49402	-0.00184043	0.0451911	
6.49401	-0.00184043	0.0451911	
6.49401	-0.00184043	0.0451911	
6.49401	-0.00184043	0.0451911	
6.494	-0.00184043	0.0451911	
6.494	-0.00184043	0.0451911	
6.49399	-0.00184043	0.0451911	
6.49399	-0.00184043	0.0451911	
6.49399	-0.00184043	0.0451911	
6.49398	-0.00184043	0.0451911	
6.49398	-0.00184043	0.0451911	
6.49398	-0.00184043	0.0451911	
6.49397	-0.00184043	0.0451911	
6.49397	-0.00184043	0.0451911	
6.49397	-0.00184043	0.0451911	
6.49396	-0.00184043	0.0451911	
6.49396	-0.00184043	0.0451911	
6.49395	-0.00184043	0.0451911	
6.49395	-0.00184043	0.0451911	
6.49395	-0.00184043	0.0451911	
6.49394	-0.00184043	0.0451911	
6.49394	-0.00184043	0.0451911	
6.49394	-0.00184043	0.0451911	
6.49393	-0.00184043	0.0451911	
6.49393	-0.00184043	0.0451911	
6.49392	-0.00184043	0.0451911	
6.49392	-0.00184043	0.0451911	
6.49392	-0.00184043	0.0451911	
6.49391	-0.00184043	0.0451911	
6.49391	-0.00184043	0.0451911	
6.49391	-0.00184043	0.0451911	
6.4939	-0.00184043	0.0451911	
6.4939	-0.00184043	0.0451911	
6.4939	-0.00184043	0.0451911	
6.49389	-0.00184043	0.0451911	
6.49389	-0.00184043	0.0451911	
6.49388	-0.00184043	0.0451911	
6.49388	-0.00184043	0.0451911	
6.49388	-0.00184043	0.0451911	
6.49387	-0.00184043	0.0451911	
6.49387	-0.00184043	0.0451911	
6.49387	-0.00184043	0.0451911	
6.49386	-0.00184043	0.0451911	
6.49386	-0.00184043	0.0451911	
6.49385	-0.00184043	0.0451911	
6.49385	-0.00184043	0.0451911	
6.49385	-0.00184043	0.0451911	
6.49384	-0.00184043	0.0451911	
6.49384	-0.00184043	0.0451911	
6.49384	-0.00184043	0.0451911	
6.49383	-0.00184043	0.0451911	
6.49383	-0.00184043	0.0451911	
6.49382	-0.00184043	0.0451911	
6.49382	-0.00184043	0.0451911	
6.49382	-0.00184043	0.0451911	
6.49381	-0.00184043	0.0451911	
6.49381	-0.00184043	0.0451911	
6.49381	-0.00184043	0.0451911	
6.4938	-0.00184043	0.0451911	
6.4938	-0.00184043	0.0451911	
6.4938	-0.00184043	0.0451911	
6.49379	-0.00184043	0.0451911	
6.49379	-0.00184043	0.0451911	
6.49378	-0.00184043	0.0451911	
6.49378	-0.00184043	0.0451911	
6.49378	-0.00184043	0.0451911	
6.49377	-0.00184043	0.0451911	
6.49377	-0.00184043	0.0451911	
6.49377	-0.00184043	0.0451911	
6.49376	-0.00184043	0.0451911	
6.49376	-0.00184043	0.0451911	
6.49376	-0.00184043	0.0451911	
6.49375	-0.00184043	0.0451911	
6.49375	-0.00184043	0.0451911	
6.49374	-0.00184043	0.0451911	
6.49374	-0.00184043	0.0451911	
6.49374	-0.00184043	0.0451911	
6.49373	-0.00184043	0.0451911	
6.49373	-0.00184043	0.0451911	
6.49373	-0.00184043	0.0451911	
6.49372	-0.00184043	0.0451911	
6.49372	-0.00184043	0.0451911	
6.49371	-0.00184043	0.0451911	
6.49371	-0.00184043	0.0451911	
6.49371	-0.00184043	0.0451911	
6.4937	-0.00184043	0.0451911	
6.4937	-0.00184043	0.0451911	
6.4937	-0.00184043	0.0451911	
6.49369	-0.00184043	0.0451911	
6.49369	-0.00184043	0.0451911	
6.49369	-0.00184043	0.0451911	
6.49368	-0.00184043	0.0451911	
6.49368	-0.00184043	0.0451911	
6.49367	-0.00184043	0.0451911	
6.49367	-0.00184043	0.0451911	
6.49367	-0.00184043	0.0451911	
6.49366	-0.00184043	0.0451911	
6.49366	-0.00184043	0.0451911	
6.49366	-0.00184043	0.0451911	
6.49365	-0.00184043	0.0451911	
6.49365	-0.00184043	0.0451911	
6.49364	-0.00184043	0.0451911	
6.49364	-0.00184043	0.0451911	
6.49364	-0.00184043	0.0451911	
6.49363	-0.00184043	0.0451911	
6.49363	-0.00184043	0.0451911	
6.49363	-0.00184043	0.0451911	
6.49362	-0.00184043	0.0451911	
6.49362	-0.00184043	0.0451911	
6.49362	-0.00184043	0.0451911	
6.49361	-0.00184043	0.0451911	
6.49361	-0.00184043	0.0451911	
6.4936	-0.00184043	0.0451911	
6.4936	-0.00184043	0.0451911	
6.4936	-0.00184043	0.0451911	
6.49359	-0.00184043	0.0451911	
6.49359	-0.00184043	0.0451911	
6.49359	-0.00184043	0.0451911	
6.49358	-0.00184043	0.0451911	
6.49358	-0.00184043	0.0451911	
6.49357	-0.00184043	0.0451911	
6.49357	-0.00184043	0.0451911	
6.49357	-0.00184043	0.0451911	
6.49356	-0.00184043	0.0451911	
6.49356	-0.00184043	0.0451911	
6.49356	-0.00184043	0.0451911	
6.49355	-0.00184043	0.0451911	
6.49355	-0.00184043	0.0451911	
6.49355	-0.00184043	0.0451911	
6.49354	-0.00184043	0.0451911	
6.49354	-0.00184043	0.0451911	
6.49353	-0.00184043	0.0451911	
6.49353	-0.00184043	0.0451911	
6.49353	-0.00184043	0.0451911	
6.49352	-0.00184043	0.0451911	
6.49352	-0.00184043	0.0451911	
6.49352	-0.00184043	0.0451911	
6.49351	-0.00184043	0.0451911	
6.49351	-0.00184043	0.0451911	
6.49351	-0.00184043	0.0451911	
6.4935	-0.00184043	0.0451911	
6.4935	-0.00184043	0.0451911	
6.49349	-0.00184043	0.0451911	
6.49349	-0.00184043	0.0451911	
6.49349	-0.00184043	0.0451911	
6.49348	-0.00184043	0.0451911	
6.49348	-0.00184043	0.0451911	
6.49348	-0.00184043	0.0451911	
6.49347	-0.00184043	0.0451911	
6.49347	-0.00184043	0.0451911	
6.49346	-0.00184043	0.0451911	
6.49346	-0.00184043	0.0451911	
6.49346	-0.00184043	0.0451911	
6.49345	-0.00184043	0.0451911	
6.49345	-0.00184043	0.0451911	
6.49345	-0.00184043	0.0451911	
6.49344	-0.00184043	0.0451911	
6.49344	-0.00184043	0.0451911	
6.49343	-0.00184043	0.0451911	
6.49343	-0.00184043	0.0451911	
6.49343	-0.00184043	0.0451911	
6.49342	-0.00184043	0.0451911	
6.49342	-0.00184043	0.0451911	
6.49342	-0.00184043	0.0451911	
6.49341	-0.00184043	0.0451911	
6.49341	-0.00184043	0.0451911	
6.49341	-0.00184043	0.0451911	
6.4934	-0.00184043	0.0451911	
6.4934	-0.00184043	0.0451911	
6.49339	-0.00184043	0.0451911	
6.49339	-0.00184043	0.0451911	
6.49339	-0.00184043	0.0451911	
6.49338	-0.00184043	0.0451911	
6.49338	-0.00184043	0.0451911	
6.49338	-0.00184043	0.0451911	
6.49337	-0.00184043	0.0451911	
6.49337	-0.00184043	0.0451911	
6.49336	-0.00184043	0.0451911	
6.49336	-0.00184043	0.0451911	
6.49336	-0.00184043	0.0451911	
6.49335	-0.00184043	0.0451911	
6.49335	-0.00184043	0.0451911	
6.49335	-0.00184043	0.0451911	
6.49334	-0.00184043	0.0451911	
6.49334	-0.00184043	0.0451911	
6.49334	-0.00184043	0.0451911	
6.49333	-0.00184043	0.0451911	
6.49333	-0.00184043	0.0451911	
6.49332	-0.00184043	0.0451911	
6.49332	-0.00184043	0.0451911	
6.49332	-0.00184043	0.0451911	
6.49331	-0.00184043	0.0451911	
6.49331	-0.00184043	0.0451911	
6.49331	-0.00184043	0.0451911	
6.4933	-0.00184043	0.0451911	
6.4933	-0.00184043	0.0451911	
6.4933	-0.00184043	0.0451911	
6.49329	-0.00184043	0.0451911	
6.49329	-0.00184043	0.0451911	
6.49328	-0.00184043	0.0451911	
6.49328	-0.00184043	0.0451911	
6.49328	-0.00184043	0.0451911	
6.49327	-0.00184043	0.0451911	
6.49327	-0.00184043	0.0451911	
6.49327	-0.00184043	0.0451911	
6.49326	-0.00184043	0.0451911	
6.49326	-0.00184043	0.0451911	
6.49325	-0.00184043	0.0451911	
6.49325	-0.00184043	0.0451911	
6.49325	-0.00184043	0.0451911	
6.49324	-0.00184043	0.0451911	
6.49324	-0.00184043	0.0451911	
6.49324	-0.00184043	0.0451911	
6.49323	-0.00184043	0.0451911	
6.49323	-0.00184043	0.0451911	
6.49323	-0.00184043	0.0451911	
6.49322	-0.00184043	0.0451911	
6.49322	-0.00184043	0.0451911	
6.49321	-0.00184043	0.0451911	
6.49321	-0.00184043	0.0451911	
6.49321	-0.00184043	0.0451911	
6.4932	-0.00184043	0.0451911	
6.4932	-0.00184043	0.0451911	
6.4932	-0.00184043	0.0451911	
6.49319	-0.00184043	0.0451911	
6.49319	-0.00184043	0.0451911	
6.49318	-0.00184043	0.0451911	
6.49318	-0.00184043	0.0451911	
6.49318	-0.00184043	0.0451911	
6.49317	-0.00184043	0.0451911	
6.49317	-0.00184043	0.0451911	
6.49317	-0.00184043	0.0451911	
6.49316	-0.00184043	0.0451911	
6.49316	-0.00184043	0.0451911	
6.49316	-0.00184043	0.0451911	
6.49315	-0.00184043	0.0451911	
6.49315	-0.00184043	0.0451911	
6.49314	-0.00184043	0.0451911	
6.49314	-0.00184043	0.0451911	
6.49314	-0.00184043	0.0451911	
6.49313	-0.00184043	0.0451911	
6.49313	-0.00184043	0.0451911	
6.49313	-0.00184043	0.0451911	
6.49312	-0.00184043	0.0451911	
6.49312	-0.00184043	0.0451911	
6.49311	-0.00184043	0.0451911	
6.49311	-0.00184043	0.0451911	
6.49311	-0.00184043	0.0451911	
6.4931	-0.00184043	0.0451911	
6.4931	-0.00184043	0.0451911	
6.4931	-0.00184043	0.0451911	
6.49309	-0.00184043	0.0451911	
6.49309	-0.00184043	0.0451911	
6.49309	-0.00184043	0.0451911	
6.49308	-0.00184043	0.0451911	
6.49308	-0.00184043	0.0451911	
6.49307	-0.00184043	0.0451911	
6.49307	-0.00184043	0.0451911	
6.49307	-0.00184043	0.0451911	
6.49306	-0.00184043	0.0451911	
6.49306	-0.00184043	0.0451911	
6.49306	-0.00184043	0.0451911	
6.49305	-0.00184043	0.0451911	
6.49305	-0.00184043	0.0451911	
6.49304	-0.00184043	0.0451911	
6.49304	-0.00184043	0.0451911	
6.49304	-0.00184043	0.0451911	
6.49303	-0.00184043	0.0451911	
6.49303	-0.00184043	0.0451911	
6.49303	-0.00184043	0.0451911	
6.49302	-0.00184043	0.0451911	
6.49302	-0.00184043	0.0451911	
6.49302	-0.00184043	0.0451911	
6.49301	-0.00184043	0.0451911	
6.49301	-0.00184043	0.0451911	
6.493	-0.00184043	0.0451911	
6.493	-0.00184043	0.0451911	
6.493	-0.00184043	0.0451911	
6.49299	-0.00184043	0.0451911	
6.49299	-0.00184043	0.0451911	
6.49299	-0.00184043	0.0451911	
6.49298	-0.00184043	0.0451911	
6.49298	-0.00184043	0.0451911	
6.49297	-0.00184043	0.0451911	
6.49297	-0.00184043	0.0451911	
6.49297	-0.00184043	0.0451911	
6.49296	-0.00184043	0.0451911	
6.49296	-0.00184043	0.0451911	
6.49296	-0.00184043	0.0451911	
6.49295	-0.00184043	0.0451911	
6.49295	-0.00184043	0.0451911	
6.49295	-0.00184043	0.0451911	
