10	0	1	
10	0	1	
10	0	1	
10	0	1	
10	0	1	
10	0	1	
10	0	1	
10	0	1	
10	0	1	
10	0	1	
10	0	1	
10	0	1	
10	0	1	
10	0	1	
10	0	1	
10	0	1	
10	0	1	
10	0	1	
10	0	1	
10	0	1	
10	0	1	
10	0	1	
10	0	1	
10	0	1	
10	0	1	
10	0	1	
10	0	1	
10	0	1	
10	0	1	
10	0	1	
10	0	1	
10	0	1	
10	0	1	
10	0	1	
10	0	1	
10	0	1	
10	0	1	
10	0	1	
10	0	1	
10	0	1	
10	0	1	
10	0	1	
10	0	1	
10	0	1	
10	0	1	
10	0	1	
10	0	1	
10	0	1	
10	0	1	
10	0	1	
10	0	1	
10	0	1	
10	0	1	
10	0	1	
10	0	1	
10	0	1	
10	0	1	
10	0	1	
10	0	1	
10	0	1	
10	0	1	
10	0	1	
10	0	1	
10	0	1	
10	0	1	
10	0	1	
10	0	1	
10	0	1	
10	0	1	
10	0	1	
10	0	1	
10	0	1	
10	0	1	
10	0	1	
10	0	1	
10	0	1	
10	0	1	
10	0	1	
10	0	1	
10	0	1	
10	0	1	
10	0	1	
10	0	1	
10	0	1	
10	0	1	
10	0	1	
10	0	1	
10	0	1	
10	0	1	
10	0	1	
10	0	1	
10	0	1	
10	0	1	
10	0	1	
10	0	1	
10	0	1	
10	0	1	
10	0	1	
10	0	1	
10	0	1	
10	0	1	
10	0	1	
10	0	1	
10	0	1	
10	0	1	
10	0	1	
10	0	1	
10	0	1	
10	0	1	
10	0	1	
10	0	1	
10	0	1	
10	0	1	
10	0	1	
10	0	1	
10	0	1	
10	0	1	
10	0	1	
10	0	1	
10	0	1	
10	0	1	
10	0	1	
10	0	1	
10	0	1	
10	0	1	
10	0	1	
10	0	1	
10	0	1	
10	0	1	
10	0	1	
10	0	1	
10	0	1	
10	0	1	
10	0	1	
10	0	1	
10	0	1	
10	0	1	
10	0	1	
10	0	1	
10	0	1	
10	0	1	
10	0	1	
10	0	1	
10	0	1	
10	0	1	
10	0	1	
10	0	1	
10	0	1	
10	0	1	
10	0	1	
10	0	1	
10	0	1	
10	0	1	
10	0	1	
10	0	1	
10	0	1	
10	0	1	
10	0	1	
10	0	1	
10	0	1	
10	0	1	
10	0	1	
10	0	1	
10	0	1	
10	0	1	
10	0	1	
10	0	1	
10	0	1	
10	0	1	
10	0	1	
10	0	1	
10	0	1	
10	0	1	
10	0	1	
10	0	1	
10	0	1	
10	0	1	
10	0	1	
10	0	1	
10	0	1	
10	0	1	
10	0	1	
10	0	1	
10	0	1	
10	0	1	
10	0	1	
10	0	1	
10	0	1	
10	0	1	
10	0	1	
10	0	1	
10	0	1	
10	0	1	
10	0	1	
10	0	1	
10	0	1	
10	0	1	
10	0	1	
10	0	1	
10	0	1	
10	0	1	
10	0	1	
10	0	1	
10	0	1	
10	0	1	
10	0	1	
10	0	1	
10	0	1	
10	0	1	
10	0	1	
10	0	1	
10	0	1	
10	0	1	
10	0	1	
10	0	1	
10	0	1	
10	0	1	
10	0	1	
10	0	1	
10	0	1	
10	0	1	
10	0	1	
10	0	1	
10	0	1	
10	0	1	
10	0	1	
10	0	1	
10	0	1	
10	0	1	
10	0	1	
10	0	1	
10	0	1	
10	0	1	
10	0	1	
10	0	1	
10	0	1	
10	0	1	
10	0	1	
10	0	1	
10	0	1	
10	0	1	
10	0	1	
10	0	1	
10	0	1	
10	0	1	
10	0	1	
10	0	1	
10	0	1	
10	0	1	
10	0	1	
10	0	1	
10	0	1	
10	0	1	
10	0	1	
10	0	1	
10	0	1	
10	0	1	
10	0	1	
10	0	1	
10	0	1	
10	0	1	
10	0	1	
10	0	1	
10	0	1	
10	0	1	
10	0	1	
10	0	1	
10	0	1	
10	0	1	
10	0	1	
10	0	1	
10	0	1	
10	0	1	
10	0	1	
10	0	1	
10	0	1	
10	0	1	
10	0	1	
10	0	1	
10	0	1	
10	0	1	
10	0	1	
9.99998	-0.00868112	1	
9.99995	-0.0158854	1	
9.99991	-0.0219135	1	
9.99985	-0.0270064	1	
9.99979	-0.0313572	1	
9.99972	-0.0351212	1	
9.99964	-0.0384222	1	
9.99956	-0.0413596	1	
9.99947	-0.044014	1	
9.99938	-0.0464481	1	
9.99928	-0.0487137	1	
9.99918	-0.0508513	1	
9.99907	-0.0528938	1	
9.99897	-0.0548675	1	
9.99885	-0.0567924	1	
9.99873	-0.0586856	1	
9.99861	-0.0605602	1	
9.99849	-0.0624269	1	
9.99836	-0.0642947	1	
9.99823	-0.0661712	1	
9.99809	-0.0680624	1	
9.99795	-0.0699729	1	
9.99781	-0.0719066	1	
9.99766	-0.0738674	1	
9.99751	-0.0758584	1	
9.99735	-0.0778809	1	
9.99719	-0.0799367	1	
9.99703	-0.0820277	1	
9.99686	-0.0841554	1	
9.99669	-0.0863215	1	
9.99651	-0.0885283	1	
9.99633	-0.0907772	1	
9.99614	-0.0930691	1	
9.99595	-0.0954064	1	
9.99576	-0.0977903	1	
9.99556	-0.100221	1	
9.99535	-0.102699	1	
9.99514	-0.105224	1	
9.99492	-0.107796	1	
9.9947	-0.110416	1	
9.99448	-0.113082	1	
9.99425	-0.115795	1	
9.99401	-0.118556	1	
9.99377	-0.121365	1	
9.99352	-0.124223	1	
9.99326	-0.127132	1	
9.993	-0.130092	1	
9.99274	-0.133104	1	
9.99246	-0.136171	1	
9.99219	-0.139293	1	
9.9919	-0.14247	1	
9.99161	-0.145704	1	
9.99131	-0.148998	1	
9.99101	-0.152352	1	
9.99069	-0.155766	1	
9.99038	-0.159244	1	
9.99005	-0.16279	1	
9.98972	-0.166407	1	
9.98938	-0.170097	1	
9.98903	-0.173859	1	
9.98868	-0.177693	1	
9.98831	-0.181599	1	
9.98794	-0.185579	1	
9.98756	-0.189636	1	
9.98717	-0.193769	1	
9.98678	-0.197983	1	
9.98637	-0.202279	1	
9.98596	-0.20666	1	
9.98554	-0.211129	1	
9.98511	-0.215691	1	
9.98467	-0.220352	1	
9.98422	-0.225113	1	
9.98376	-0.229981	1	
9.98328	-0.234957	1	
9.98281	-0.240042	1	
9.98232	-0.245235	1	
9.98181	-0.250533	1	
9.9813	-0.255935	1	
9.98078	-0.261442	1	
9.98024	-0.267057	1	
9.9797	-0.272782	1	
9.97914	-0.27862	1	
9.97857	-0.28457	1	
9.97799	-0.290632	1	
9.9774	-0.296806	1	
9.97679	-0.303094	1	
9.97617	-0.309497	1	
9.97554	-0.316017	1	
9.9749	-0.322654	1	
9.97424	-0.329406	1	
9.97356	-0.336274	1	
9.97288	-0.343257	1	
9.97218	-0.350359	1	
9.97146	-0.357584	1	
9.97073	-0.364934	1	
9.96999	-0.37241	1	
9.96923	-0.380011	1	
9.96845	-0.387743	1	
9.96766	-0.395608	1	
9.96685	-0.403609	1	
9.96603	-0.411746	1	
9.96519	-0.420021	1	
9.96433	-0.428432	1	
9.96346	-0.43698	1	
9.96257	-0.445661	1	
9.96166	-0.454472	1	
9.96073	-0.463412	1	
9.95979	-0.472481	1	
9.95882	-0.48168	1	
9.95784	-0.491016	1	
9.95684	-0.500489	1	
9.95582	-0.510105	1	
9.95478	-0.519866	1	
9.95372	-0.529774	1	
9.95264	-0.539836	1	
9.95154	-0.550054	1	
9.95042	-0.560437	1	
9.94928	-0.570987	1	
9.94811	-0.581709	1	
9.94693	-0.592602	1	
9.94572	-0.603662	1	
9.94449	-0.614889	1	
9.94324	-0.626283	1	
9.94196	-0.637847	1	
9.94067	-0.649587	1	
9.93934	-0.661503	1	
9.93799	-0.673597	1	
9.93662	-0.68587	1	
9.93523	-0.698323	1	
9.9338	-0.710957	1	
9.93236	-0.723773	1	
9.93088	-0.736768	1	
9.92938	-0.749941	1	
9.92786	-0.763291	1	
9.9263	-0.776819	1	
9.92472	-0.790528	1	
9.92311	-0.804423	1	
9.92148	-0.81851	1	
9.91981	-0.832794	1	
9.91812	-0.847274	1	
9.91639	-0.861952	1	
9.91464	-0.876833	1	
9.91286	-0.891924	1	
9.91104	-0.90723	1	
9.90919	-0.922758	1	
9.90732	-0.938518	1	
9.90541	-0.95452	1	
9.90347	-0.97077	1	
9.90149	-0.987277	1	
9.89948	-1.00404	1	
9.89744	-1.02107	1	
9.89537	-1.03838	1	
9.89325	-1.05595	1	
9.89111	-1.07378	1	
9.88892	-1.09189	1	
9.8867	-1.11027	1	
9.88444	-1.12893	1	
9.88215	-1.14787	1	
9.87981	-1.16711	1	
9.87744	-1.18664	1	
9.87503	-1.20645	1	
9.87257	-1.22653	1	
9.87008	-1.24688	1	
9.86755	-1.26748	1	
9.86497	-1.28834	1	
9.86235	-1.30945	1	
9.85969	-1.3308	1	
9.85698	-1.35238	1	
9.85424	-1.37418	1	
9.85144	-1.39619	1	
9.84861	-1.41838	1	
9.84573	-1.44077	1	
9.8428	-1.46334	1	
9.83983	-1.48609	1	
9.83681	-1.509	1	
9.83374	-1.53209	1	
9.83063	-1.55533	1	
9.82748	-1.57871	1	
9.82427	-1.60224	1	
9.82102	-1.6259	1	
9.81772	-1.64969	1	
9.81437	-1.67363	1	
9.81098	-1.69771	1	
9.80753	-1.72195	1	
9.80404	-1.74636	1	
9.8005	-1.77095	1	
9.79691	-1.79572	1	
9.79327	-1.82069	1	
9.78957	-1.84589	1	
9.78583	-1.87134	1	
9.78204	-1.89706	1	
9.77819	-1.92309	1	
9.77429	-1.94946	1	
9.77034	-1.97618	1	
9.76633	-2.00327	1	
9.76227	-2.03074	1	
9.75815	-2.0586	1	
9.75398	-2.08685	1	
9.74975	-2.1155	1	
9.74546	-2.14456	1	
9.74111	-2.17403	1	
9.73671	-2.2039	1	
9.73224	-2.23416	1	
9.72771	-2.26478	1	
9.72312	-2.29574	1	
9.71846	-2.32702	1	
9.71375	-2.35863	1	
9.70896	-2.39055	1	
9.70412	-2.42278	1	
9.69921	-2.45529	1	
9.69423	-2.48807	1	
9.68919	-2.52111	1	
9.68408	-2.55439	1	
9.6789	-2.58792	1	
9.67366	-2.62171	1	
9.66835	-2.65577	1	
9.66297	-2.69015	1	
9.65752	-2.72485	1	
9.652	-2.75988	1	
9.64641	-2.79523	1	
9.64075	-2.83091	1	
9.63501	-2.86692	1	
9.62921	-2.90285	0.999305	
9.62333	-2.93798	0.997304	
9.61739	-2.97235	0.994991	
9.61138	-3.00596	0.992403	
9.6053	-3.03882	0.989578	
9.59916	-3.07097	0.986548	
9.59295	-3.10241	0.983343	
9.58669	-3.13316	0.979979	
9.58036	-3.16323	0.97646	
9.57397	-3.19264	0.972789	
9.56753	-3.2214	0.968983	
9.56103	-3.24953	0.965053	
9.55448	-3.27704	0.961004	
9.54787	-3.30394	0.956847	
9.54121	-3.33026	0.952586	
9.5345	-3.35599	0.948229	
9.52773	-3.38116	0.943772	
9.52092	-3.40577	0.9392	
9.51406	-3.42985	0.934509	
9.50716	-3.45339	0.929698	
9.5002	-3.47641	0.924775	
9.49321	-3.49893	0.919741	
9.48616	-3.52096	0.914599	
9.47908	-3.5425	0.909361	
9.47195	-3.56356	0.904026	
9.46478	-3.58416	0.898609	
9.45757	-3.60431	0.893136	
9.45033	-3.62402	0.887631	
9.44304	-3.64329	0.882115	
9.43572	-3.66214	0.876603	
9.42836	-3.68057	0.871102	
9.42096	-3.6986	0.86562	
9.41353	-3.71623	0.860171	
9.40606	-3.73347	0.854773	
9.39856	-3.75033	0.849441	
9.39102	-3.76683	0.844185	
9.38346	-3.78296	0.839004	
9.37586	-3.79873	0.833893	
9.36823	-3.81416	0.828845	
9.36057	-3.82925	0.823857	
9.35289	-3.844	0.818924	
9.34517	-3.85844	0.814036	
9.33742	-3.87255	0.809174	
9.32965	-3.88635	0.804334	
9.32185	-3.89985	0.799524	
9.31402	-3.91306	0.794748	
9.30617	-3.92597	0.790012	
9.2983	-3.9386	0.785317	
9.29039	-3.95095	0.78067	
9.28247	-3.96303	0.776073	
9.27452	-3.97484	0.771527	
9.26655	-3.9864	0.767029	
9.25855	-3.9977	0.762585	
9.25053	-4.00875	0.758188	
9.24249	-4.01955	0.753832	
9.23443	-4.03012	0.749521	
9.22635	-4.04046	0.745256	
9.21825	-4.05057	0.741031	
9.21013	-4.06046	0.736836	
9.20199	-4.07013	0.732666	
9.19383	-4.07959	0.728514	
9.18565	-4.08883	0.724376	
9.17746	-4.09788	0.720245	
9.16924	-4.10673	0.716117	
9.16101	-4.11538	0.711998	
9.15277	-4.12384	0.707893	
9.1445	-4.13212	0.703814	
9.13622	-4.14021	0.699773	
9.12792	-4.14812	0.69578	
9.11961	-4.15587	0.69184	
9.11129	-4.16344	0.687962	
9.10294	-4.17084	0.684151	
9.09459	-4.17808	0.680401	
9.08622	-4.18516	0.67671	
9.07783	-4.19209	0.673079	
9.06944	-4.19886	0.669512	
9.06102	-4.20549	0.666001	
9.0526	-4.21197	0.66254	
9.04416	-4.21831	0.659122	
9.03572	-4.2245	0.655749	
9.02725	-4.23056	0.652412	
9.01878	-4.23649	0.649108	
9.0103	-4.24229	0.645839	
9.0018	-4.24796	0.642605	
8.99329	-4.2535	0.639414	
8.98478	-4.25893	0.636271	
8.97625	-4.26423	0.633182	
8.96771	-4.26942	0.630148	
8.95916	-4.27449	0.627165	
8.9506	-4.27945	0.62423	
8.94203	-4.2843	0.621343	
8.93345	-4.28905	0.618503	
8.92487	-4.29369	0.615712	
8.91627	-4.29823	0.612965	
8.90767	-4.30267	0.610255	
8.89905	-4.30701	0.60758	
8.89043	-4.31125	0.604935	
8.8818	-4.31541	0.602325	
8.87316	-4.31947	0.599748	
8.86451	-4.32344	0.597206	
8.85586	-4.32732	0.594701	
8.84719	-4.33112	0.592238	
8.83852	-4.33484	0.589817	
8.82985	-4.33847	0.587444	
8.82116	-4.34203	0.585117	
8.81247	-4.3455	0.582835	
8.80378	-4.3489	0.580598	
8.79507	-4.35222	0.578409	
8.78636	-4.35547	0.576261	
8.77764	-4.35865	0.57415	
8.76892	-4.36176	0.572069	
8.76019	-4.36481	0.570016	
8.75145	-4.36778	0.567984	
8.74271	-4.37069	0.565971	
8.73397	-4.37353	0.56397	
8.72521	-4.37632	0.56198	
8.71645	-4.37904	0.559996	
8.70769	-4.3817	0.558017	
8.69892	-4.3843	0.556045	
8.69015	-4.38685	0.554084	
8.68137	-4.38934	0.552141	
8.67259	-4.39177	0.550229	
8.6638	-4.39415	0.548348	
8.65501	-4.39648	0.546501	
8.64621	-4.39876	0.544685	
8.63741	-4.40098	0.542899	
8.6286	-4.40316	0.541146	
8.61979	-4.40529	0.539428	
8.61097	-4.40738	0.537744	
8.60216	-4.40941	0.536094	
8.59333	-4.41141	0.534473	
8.58451	-4.41336	0.532885	
8.57568	-4.41526	0.53133	
8.56684	-4.41713	0.5298	
8.558	-4.41895	0.52829	
8.54916	-4.42073	0.526797	
8.54032	-4.42248	0.525322	
8.53147	-4.42418	0.523866	
8.52262	-4.42585	0.522428	
8.51376	-4.42748	0.521012	
8.5049	-4.42908	0.519622	
8.49604	-4.43064	0.518259	
8.48718	-4.43216	0.516921	
8.47831	-4.43366	0.515606	
8.46944	-4.43512	0.514309	
8.46057	-4.43654	0.51303	
8.45169	-4.43794	0.511771	
8.44281	-4.4393	0.510536	
8.43393	-4.44064	0.509319	
8.42505	-4.44195	0.508121	
8.41616	-4.44322	0.50694	
8.40727	-4.44447	0.505776	
8.39838	-4.44569	0.504629	
8.38949	-4.44689	0.503496	
8.38059	-4.44806	0.502375	
8.37169	-4.4492	0.501273	
8.36279	-4.45032	0.500192	
8.35389	-4.45141	0.499132	
8.34499	-4.45248	0.498094	
8.33608	-4.45352	0.497077	
8.32717	-4.45455	0.496085	
8.31826	-4.45555	0.495116	
8.30934	-4.45652	0.494172	
8.30043	-4.45748	0.493255	
8.29151	-4.45842	0.492363	
8.28259	-4.45933	0.491498	
8.27367	-4.46023	0.490659	
8.26475	-4.4611	0.489842	
8.25583	-4.46196	0.489042	
8.2469	-4.46279	0.488249	
8.23797	-4.46361	0.487466	
8.22905	-4.46441	0.486696	
8.22012	-4.4652	0.485939	
8.21118	-4.46596	0.485189	
8.20225	-4.46671	0.484442	
8.19331	-4.46744	0.483699	
8.18438	-4.46816	0.482962	
8.17544	-4.46886	0.482235	
8.1665	-4.46954	0.481519	
8.15756	-4.47021	0.480818	
8.14862	-4.47087	0.48013	
8.13968	-4.47151	0.479461	
8.13073	-4.47214	0.478815	
8.12179	-4.47275	0.478196	
8.11284	-4.47335	0.477606	
8.10389	-4.47394	0.477044	
8.09494	-4.47451	0.476507	
8.08599	-4.47507	0.47599	
8.07704	-4.47562	0.475491	
8.06809	-4.47616	0.475004	
8.05914	-4.47668	0.474526	
8.05018	-4.47719	0.474055	
8.04123	-4.47769	0.473587	
8.03227	-4.47819	0.473119	
8.02331	-4.47867	0.472647	
8.01435	-4.47913	0.472169	
8.00539	-4.47959	0.471686	
7.99644	-4.48004	0.471206	
7.98747	-4.48048	0.47073	
7.97851	-4.48091	0.470264	
7.96955	-4.48133	0.469806	
7.96059	-4.48174	0.469358	
7.95162	-4.48214	0.468916	
7.94266	-4.48254	0.468483	
7.93369	-4.48292	0.468064	
7.92472	-4.4833	0.467659	
7.91576	-4.48366	0.467276	
7.90679	-4.48402	0.466917	
7.89782	-4.48437	0.466586	
7.88885	-4.48472	0.466279	
7.87988	-4.48505	0.465988	
7.87091	-4.48538	0.465708	
7.86194	-4.4857	0.465435	
7.85297	-4.48602	0.465163	
7.84399	-4.48633	0.464892	
7.83502	-4.48663	0.464618	
7.82605	-4.48692	0.464343	
7.81707	-4.48721	0.464068	
7.8081	-4.48749	0.463795	
7.79912	-4.48777	0.463523	
7.79015	-4.48804	0.463256	
7.78117	-4.4883	0.462994	
7.77219	-4.48856	0.462735	
7.76321	-4.48881	0.46248	
7.75424	-4.48905	0.462229	
7.74526	-4.4893	0.461988	
7.73628	-4.48953	0.461759	
7.7273	-4.48976	0.461548	
7.71832	-4.48999	0.461357	
7.70934	-4.49021	0.46119	
7.70036	-4.49042	0.461045	
7.69138	-4.49063	0.460919	
7.68239	-4.49084	0.460807	
7.67341	-4.49104	0.460709	
7.66443	-4.49124	0.460626	
7.65545	-4.49143	0.460554	
7.64646	-4.49162	0.46049	
7.63748	-4.4918	0.460434	
7.6285	-4.49198	0.460382	
7.61951	-4.49216	0.460336	
7.61053	-4.49233	0.460298	
7.60154	-4.4925	0.460266	
7.59256	-4.49267	0.460239	
7.58357	-4.49283	0.460216	
7.57459	-4.49298	0.460199	
7.5656	-4.49314	0.460185	
7.55661	-4.49329	0.460178	
7.54763	-4.49344	0.460178	
7.53864	-4.49358	0.460186	
7.52965	-4.49372	0.460207	
7.52066	-4.49386	0.460235	
7.51168	-4.494	0.460272	
7.50269	-4.49413	0.460317	
7.4937	-4.49426	0.460367	
7.48471	-4.49438	0.460423	
7.47572	-4.49451	0.460481	
7.46673	-4.49463	0.460548	
7.45774	-4.49475	0.460618	
7.44875	-4.49486	0.460689	
7.43976	-4.49498	0.460761	
7.43077	-4.49509	0.460831	
7.42178	-4.49519	0.460898	
7.41279	-4.4953	0.460962	
7.4038	-4.4954	0.461025	
7.39481	-4.4955	0.461091	
7.38582	-4.4956	0.461167	
7.37683	-4.4957	0.461254	
7.36784	-4.49579	0.461353	
7.35884	-4.49589	0.461461	
7.34985	-4.49598	0.461578	
7.34086	-4.49607	0.461705	
7.33187	-4.49615	0.461838	
7.32288	-4.49624	0.461986	
7.31388	-4.49632	0.46215	
7.30489	-4.49544	0.461837	
7.29591	-4.49243	0.460836	
7.28693	-4.48737	0.459675	
7.27797	-4.48036	0.458355	
7.26903	-4.4715	0.456882	
7.26011	-4.46085	0.45526	
7.25121	-4.44852	0.453494	
7.24234	-4.43458	0.451591	
7.2335	-4.4191	0.449555	
7.2247	-4.40217	0.447398	
7.21593	-4.38385	0.445126	
7.2072	-4.36422	0.442748	
7.19851	-4.34334	0.440275	
7.18987	-4.32127	0.437717	
7.18128	-4.29808	0.43508	
7.17273	-4.27384	0.432371	
7.16423	-4.24859	0.429596	
7.15579	-4.22239	0.426759	
7.1474	-4.19531	0.42387	
7.13906	-4.16739	0.420938	
7.13078	-4.13867	0.417971	
7.12257	-4.10922	0.41497	
7.11441	-4.07908	0.41194	
7.10631	-4.04828	0.408881	
7.09828	-4.01689	0.405789	
7.09031	-3.98493	0.402662	
7.0824	-3.95244	0.399498	
7.07456	-3.91948	0.396299	
7.06679	-3.88607	0.393066	
7.05909	-3.85224	0.389802	
7.05145	-3.81804	0.386506	
7.04388	-3.7835	0.383173	
7.03639	-3.74864	0.379804	
7.02896	-3.71351	0.376404	
7.0216	-3.67812	0.372981	
7.01432	-3.64251	0.369544	
7.0071	-3.60671	0.366099	
6.99996	-3.57073	0.362649	
6.99289	-3.53461	0.3592	
6.9859	-3.49837	0.355752	
6.97897	-3.46203	0.352312	
6.97212	-3.42561	0.348886	
6.96534	-3.38914	0.345478	
6.95864	-3.35263	0.342093	
6.95201	-3.3161	0.338732	
6.94545	-3.27958	0.335398	
6.93896	-3.24308	0.332093	
6.93255	-3.20661	0.328818	
6.92621	-3.1702	0.325573	
6.91994	-3.13385	0.322355	
6.91374	-3.09758	0.319162	
6.90762	-3.06142	0.315989	
6.90157	-3.02536	0.312833	
6.89559	-2.98942	0.309696	
6.88968	-2.95362	0.306575	
6.88385	-2.91797	0.303469	
6.87808	-2.88247	0.300378	
6.87239	-2.84714	0.297301	
6.86677	-2.81198	0.294237	
6.86121	-2.77701	0.29119	
6.85573	-2.74223	0.288158	
6.85031	-2.70766	0.285143	
6.84496	-2.6733	0.282146	
6.83969	-2.63916	0.279171	
6.83448	-2.60524	0.276221	
6.82933	-2.57155	0.273296	
6.82426	-2.5381	0.270399	
6.81925	-2.5049	0.267531	
6.8143	-2.47194	0.264696	
6.80942	-2.43923	0.261894	
6.80461	-2.40679	0.25913	
6.79986	-2.37461	0.256402	
6.79518	-2.34269	0.25371	
6.79055	-2.31104	0.251053	
6.786	-2.27967	0.248427	
6.7815	-2.24858	0.24583	
6.77706	-2.21776	0.243258	
6.77269	-2.18723	0.240709	
6.76837	-2.15698	0.238182	
6.76412	-2.12702	0.235676	
6.75993	-2.09735	0.23319	
6.75579	-2.06797	0.230724	
6.75171	-2.03888	0.228278	
6.74769	-2.01008	0.22585	
6.74373	-1.98158	0.223439	
6.73982	-1.95337	0.221046	
6.73597	-1.92546	0.218668	
6.73218	-1.89785	0.216308	
6.72843	-1.87053	0.213969	
6.72475	-1.84351	0.211654	
6.72111	-1.81678	0.209365	
6.71753	-1.79035	0.207104	
6.714	-1.76422	0.204874	
6.71053	-1.73838	0.202676	
6.7071	-1.71284	0.200509	
6.70373	-1.68759	0.198377	
6.7004	-1.66264	0.196277	
6.69713	-1.63798	0.194208	
6.6939	-1.61362	0.192174	
6.69072	-1.58954	0.190171	
6.68759	-1.56575	0.188199	
6.6845	-1.54226	0.18626	
6.68147	-1.51905	0.184352	
6.67847	-1.49612	0.182473	
6.67553	-1.47349	0.180621	
6.67262	-1.45113	0.178795	
6.66977	-1.42905	0.17699	
6.66695	-1.40726	0.175209	
6.66418	-1.38574	0.173448	
6.66145	-1.3645	0.171707	
6.65876	-1.34353	0.169987	
6.65612	-1.32284	0.168283	
6.65351	-1.30241	0.166599	
6.65095	-1.28226	0.164934	
6.64842	-1.26237	0.163288	
6.64594	-1.24274	0.161663	
6.64349	-1.22338	0.160056	
6.64108	-1.20428	0.158473	
6.63871	-1.18543	0.156909	
6.63638	-1.16684	0.155367	
6.63408	-1.1485	0.153845	
6.63182	-1.13042	0.152344	
6.6296	-1.11258	0.150862	
6.62741	-1.09499	0.149402	
6.62525	-1.07764	0.14796	
6.62313	-1.06053	0.146537	
6.62104	-1.04367	0.145133	
6.61899	-1.02704	0.143748	
6.61697	-1.01064	0.142383	
6.61498	-0.994481	0.141034	
6.61302	-0.978548	0.139702	
6.61109	-0.962843	0.138386	
6.6092	-0.947363	0.137087	
6.60734	-0.932105	0.135804	
6.6055	-0.917068	0.134538	
6.6037	-0.902248	0.133288	
6.60192	-0.887644	0.132055	
6.60018	-0.873252	0.13084	
6.59846	-0.859072	0.129642	
6.59677	-0.845099	0.128462	
6.5951	-0.831332	0.127299	
6.59347	-0.817769	0.126151	
6.59186	-0.804407	0.12502	
6.59028	-0.791243	0.123903	
6.58872	-0.778275	0.122801	
6.58719	-0.765502	0.121713	
6.58568	-0.752919	0.120637	
6.5842	-0.740526	0.119574	
6.58275	-0.72832	0.118522	
6.58131	-0.716299	0.117481	
6.5799	-0.70446	0.116451	
6.57852	-0.6928	0.11543	
6.57716	-0.681319	0.114417	
6.57582	-0.670013	0.113412	
6.5745	-0.65888	0.112412	
6.5732	-0.647918	0.111419	
6.57193	-0.637124	0.110432	
6.57068	-0.626498	0.109453	
6.56944	-0.616035	0.108482	
6.56823	-0.605735	0.10752	
6.56704	-0.595595	0.106565	
6.56587	-0.585613	0.105619	
6.56472	-0.575786	0.104681	
6.56359	-0.566113	0.103752	
6.56247	-0.556592	0.102832	
6.56138	-0.54722	0.10192	
6.5603	-0.537996	0.101016	
6.55924	-0.528918	0.10012	
6.5582	-0.519982	0.0992316	
6.55718	-0.511189	0.0983509	
6.55618	-0.502534	0.0974775	
6.55519	-0.494018	0.0966108	
6.55422	-0.485637	0.0957513	
6.55326	-0.477389	0.0948988	
6.55232	-0.469274	0.0940531	
6.5514	-0.461288	0.0932141	
6.5505	-0.453431	0.0923814	
6.5496	-0.4457	0.0915537	
6.54873	-0.438093	0.0907309	
6.54787	-0.430609	0.089914	
6.54702	-0.423246	0.0891026	
6.54619	-0.416002	0.0882984	
6.54537	-0.408875	0.0875014	
6.54457	-0.401864	0.0867123	
6.54378	-0.394967	0.0859326	
6.543	-0.388182	0.0851629	
6.54224	-0.381508	0.0844026	
6.54149	-0.374943	0.0836526	
6.54075	-0.368486	0.0829124	
6.54003	-0.362134	0.0821818	
6.53931	-0.355886	0.0814612	
6.53861	-0.349741	0.08075	
6.53793	-0.343697	0.080049	
6.53725	-0.337753	0.0793579	
6.53659	-0.331907	0.0786765	
6.53594	-0.326157	0.0780051	
6.53529	-0.320502	0.0773432	
6.53466	-0.314942	0.076691	
6.53405	-0.309473	0.0760481	
6.53344	-0.304095	0.0754143	
6.53284	-0.298807	0.0747891	
6.53225	-0.293607	0.0741723	
6.53168	-0.288493	0.0735656	
6.53111	-0.283465	0.0729686	
6.53055	-0.278521	0.0723817	
6.53	-0.273659	0.071805	
6.52947	-0.268879	0.0712391	
6.52894	-0.26418	0.0706832	
6.52842	-0.259559	0.070138	
6.52791	-0.255016	0.0696041	
6.52741	-0.250549	0.0690819	
6.52692	-0.246157	0.0685716	
6.52643	-0.24184	0.068074	
6.52596	-0.237596	0.0675885	
6.52549	-0.233423	0.0671149	
6.52503	-0.229321	0.066654	
6.52458	-0.225288	0.0662053	
6.52414	-0.221324	0.065769	
6.5237	-0.217427	0.065345	
6.52328	-0.213597	0.0649327	
6.52286	-0.209831	0.0645326	
6.52244	-0.20613	0.0641448	
6.52204	-0.202492	0.063769	
6.52164	-0.198916	0.0634049	
6.52125	-0.1954	0.0630528	
6.52087	-0.191945	0.0627128	
6.52049	-0.18855	0.0623847	
6.52012	-0.185212	0.0620685	
6.51976	-0.181931	0.0617645	
6.5194	-0.178707	0.0614726	
6.51905	-0.175538	0.0611924	
6.5187	-0.172424	0.0609236	
6.51836	-0.169363	0.0606659	
6.51803	-0.166355	0.0604189	
6.5177	-0.163399	0.0601819	
6.51738	-0.160493	0.059955	
6.51707	-0.157638	0.059738	
6.51676	-0.154833	0.0595307	
6.51645	-0.152075	0.059333	
6.51615	-0.149366	0.0591445	
6.51586	-0.146703	0.0589653	
6.51557	-0.144087	0.0587951	
6.51529	-0.141516	0.0586338	
6.51501	-0.138989	0.0584812	
6.51474	-0.136507	0.0583372	
6.51447	-0.134067	0.0582023	
6.51421	-0.13167	0.058076	
6.51395	-0.129315	0.057958	
6.5137	-0.127001	0.0578478	
6.51345	-0.124727	0.0577459	
6.5132	-0.122493	0.0576522	
6.51296	-0.120298	0.0575664	
6.51272	-0.118141	0.0574879	
6.51249	-0.116022	0.0574163	
6.51226	-0.11394	0.0573512	
6.51204	-0.111894	0.057293	
6.51182	-0.109885	0.0572407	
6.5116	-0.10791	0.0571939	
6.51139	-0.105971	0.0571524	
6.51118	-0.104065	0.0571161	
6.51098	-0.102193	0.057085	
6.51078	-0.100353	0.0570588	
6.51058	-0.0985464	0.0570377	
6.51039	-0.0967713	0.057021	
6.5102	-0.0950274	0.0570092	
6.51001	-0.0933143	0.0570024	
6.50983	-0.0916314	0.0570006	
6.50965	-0.0899781	0.0570039	
6.50947	-0.0883541	0.0570116	
6.5093	-0.0867588	0.0570237	
6.50913	-0.0851916	0.0570406	
6.50896	-0.0836522	0.0570625	
6.5088	-0.0821401	0.0570891	
6.50864	-0.0806547	0.05712	
6.50848	-0.0791956	0.0571551	
6.50832	-0.0777624	0.0571938	
6.50817	-0.0763546	0.057236	
6.50802	-0.0749719	0.0572815	
6.50787	-0.0736136	0.0573304	
6.50773	-0.0722795	0.0573825	
6.50759	-0.0709691	0.057438	
6.50745	-0.0696821	0.0574953	
6.50731	-0.0684179	0.0575551	
6.50717	-0.0671762	0.0576163	
6.50704	-0.0659567	0.0576788	
6.50691	-0.0647589	0.0577424	
6.50679	-0.0635825	0.057807	
6.50666	-0.062427	0.0578724	
6.50654	-0.0612922	0.057938	
6.50642	-0.0601776	0.0580033	
6.5063	-0.059083	0.0580693	
6.50618	-0.0580079	0.0581347	
6.50607	-0.056952	0.0581999	
6.50596	-0.0559151	0.0582654	
6.50585	-0.0548967	0.058331	
6.50574	-0.0538965	0.0583959	
6.50563	-0.0529143	0.0584604	
6.50553	-0.0519497	0.0585246	
6.50543	-0.0510023	0.058588	
6.50533	-0.050072	0.0586511	
6.50523	-0.0491584	0.0587124	
6.50513	-0.0482612	0.0587735	
6.50504	-0.0473801	0.0588336	
6.50495	-0.0465148	0.0588931	
6.50485	-0.0456651	0.058952	
6.50477	-0.0448307	0.0590103	
6.50468	-0.0440113	0.0590672	
6.50459	-0.0432066	0.0591231	
6.50451	-0.0424164	0.0591784	
6.50442	-0.0416405	0.059233	
6.50434	-0.0408786	0.0592874	
6.50426	-0.0401304	0.0593405	
6.50418	-0.0393957	0.0593926	
6.5041	-0.0386743	0.0594443	
6.50403	-0.0379658	0.0594958	
6.50395	-0.0372702	0.0595469	
6.50388	-0.0365872	0.0595973	
6.50381	-0.0359165	0.059648	
6.50374	-0.0352579	0.0596994	
6.50367	-0.0346112	0.059751	
6.5036	-0.0339762	0.0598017	
6.50353	-0.0333528	0.0598533	
6.50347	-0.0327406	0.0599051	
6.5034	-0.0321395	0.0599577	
6.50334	-0.0315493	0.0600107	
6.50328	-0.0309698	0.0600644	
6.50322	-0.0304008	0.060119	
6.50316	-0.0298422	0.0601737	
6.5031	-0.0292936	0.0602285	
6.50304	-0.028755	0.0602823	
6.50299	-0.0282263	0.0603361	
6.50293	-0.0277071	0.0603882	
6.50288	-0.0271973	0.0604405	
6.50282	-0.0266968	0.0604921	
6.50277	-0.0262054	0.0605423	
6.50272	-0.025723	0.0605926	
6.50267	-0.0252493	0.0606409	
6.50262	-0.0247843	0.060687	
6.50257	-0.0243277	0.0607316	
6.50252	-0.0238794	0.0607765	
6.50248	-0.0234393	0.0608198	
6.50243	-0.0230072	0.0608625	
6.50239	-0.022583	0.060903	
6.50234	-0.0221665	0.0609446	
6.5023	-0.0217577	0.0609832	
6.50225	-0.0213562	0.0610231	
6.50221	-0.0209621	0.0610598	
6.50217	-0.0205752	0.0610963	
6.50213	-0.0201954	0.0611325	
6.50209	-0.0198225	0.0611681	
6.50205	-0.0194564	0.0612017	
6.50201	-0.0190971	0.0612337	
6.50198	-0.0187442	0.0612643	
6.50194	-0.0183979	0.0612934	
6.5019	-0.0180578	0.061321	
6.50187	-0.017724	0.0613491	
6.50183	-0.0173963	0.0613763	
6.5018	-0.0170746	0.0614041	
6.50177	-0.0167588	0.06143	
6.50173	-0.0164488	0.0614562	
6.5017	-0.0161444	0.0614805	
6.50167	-0.0158457	0.0615041	
6.50164	-0.0155524	0.0615267	
6.50161	-0.0152645	0.061547	
6.50158	-0.0149818	0.061568	
6.50155	-0.0147044	0.0615894	
6.50152	-0.014432	0.0616114	
6.50149	-0.0141646	0.0616341	
6.50146	-0.0139022	0.0616547	
6.50144	-0.0136446	0.0616733	
6.50141	-0.0133917	0.0616944	
6.50138	-0.0131434	0.0617178	
6.50136	-0.0128997	0.0617419	
6.50133	-0.0126605	0.0617654	
6.50131	-0.0124257	0.0617884	
6.50128	-0.0121952	0.061812	
6.50126	-0.0119689	0.0618331	
6.50124	-0.0117468	0.0618547	
6.50121	-0.0115288	0.061877	
6.50119	-0.0113148	0.0618965	
6.50117	-0.0111048	0.0619127	
6.50115	-0.0108986	0.0619296	
6.50112	-0.0106962	0.0619449	
6.5011	-0.0104975	0.061961	
6.50108	-0.0103025	0.0619734	
6.50106	-0.0101111	0.0619838	
6.50104	-0.00992321	0.0619906	
6.50102	-0.0097388	0.0619958	
6.501	-0.00955778	0.0619997	
6.50098	-0.0093801	0.0620018	
6.50097	-0.0092057	0.0620071	
6.50095	-0.00903452	0.0620111	
6.50093	-0.00886649	0.0620154	
6.50091	-0.00870157	0.062019	
6.5009	-0.0085397	0.0620237	
6.50088	-0.00838081	0.0620242	
6.50086	-0.00822486	0.0620209	
6.50085	-0.00807178	0.0620165	
6.50083	-0.00792154	0.0620029	
6.50082	-0.00777408	0.0619885	
6.5008	-0.00762934	0.0619646	
6.50079	-0.00748727	0.0619315	
6.50077	-0.00734783	0.0618946	
6.50076	-0.00721098	0.0618538	
6.50074	-0.00707665	0.0618092	
6.50073	-0.00694481	0.0617548	
6.50071	-0.0068154	0.0616967	
6.5007	-0.0066884	0.0616312	
6.50069	-0.00656374	0.0615586	
6.50067	-0.00644139	0.0614784	
6.50066	-0.00632131	0.0613826	
6.50065	-0.00620345	0.0612795	
6.50064	-0.00608778	0.0611623	
6.50063	-0.00597425	0.061038	
6.50061	-0.00586282	0.0609124	
6.5006	-0.00575346	0.0607714	
6.50059	-0.00564612	0.0606179	
6.50058	-0.00554078	0.0604595	
6.50057	-0.00543739	0.060294	
6.50056	-0.00533591	0.0601207	
6.50055	-0.00523632	0.0599209	
6.50054	-0.00513858	0.0597118	
6.50053	-0.00504265	0.0594958	
6.50052	-0.00494849	0.0592639	
6.50051	-0.00485609	0.05902	
6.5005	-0.0047654	0.058768	
6.50049	-0.0046764	0.0585023	
6.50048	-0.00458905	0.0582181	
6.50047	-0.00450332	0.0579267	
6.50046	-0.00441919	0.0576226	
6.50045	-0.00433661	0.0573135	
6.50044	-0.00425557	0.0569962	
6.50044	-0.00417604	0.0566692	
6.50043	-0.00409799	0.056349	
6.50042	-0.00402138	0.056015	
6.50041	-0.00394621	0.0556896	
6.5004	-0.00387242	0.0553616	
6.5004	-0.00380001	0.0550386	
6.50039	-0.00372895	0.0547186	
6.50038	-0.00365921	0.0543993	
6.50038	-0.00359077	0.0540972	
6.50037	-0.0035236	0.0537957	
6.50036	-0.00345768	0.0534943	
6.50035	-0.00339299	0.0532096	
6.50035	-0.0033295	0.0529342	
6.50034	-0.00326719	0.0526741	
6.50033	-0.00320605	0.0524272	
6.50033	-0.00314604	0.0521937	
6.50032	-0.00308715	0.0519676	
6.50032	-0.00302936	0.0517487	
6.50031	-0.00297264	0.0515367	
6.5003	-0.00291698	0.0513313	
6.5003	-0.00286236	0.0511378	
6.50029	-0.00280876	0.0509503	
6.50029	-0.00275615	0.0507685	
6.50028	-0.00270453	0.0505864	
6.50028	-0.00265387	0.050416	
6.50027	-0.00260415	0.0502448	
6.50027	-0.00255536	0.0500787	
6.50026	-0.00250748	0.0499178	
6.50026	-0.00246049	0.0497619	
6.50025	-0.00241438	0.0496107	
6.50025	-0.00236913	0.0494641	
6.50024	-0.00232473	0.049322	
6.50024	-0.00185978	0.049322	
6.50024	-0.00148782	0.049322	
6.50023	-0.00119026	0.049322	
6.50023	-0.000952207	0.049322	
6.50023	-0.000761766	0.049322	
6.50023	-0.000609413	0.049322	
6.50023	-0.00048753	0.049322	
6.50023	-0.000390024	0.049322	
6.50023	-0.000312019	0.049322	
6.50023	-0.000249615	0.049322	
6.50023	-0.000199692	0.049322	
6.50023	-0.000159754	0.049322	
6.50023	-0.000127803	0.049322	
6.50022	-0.000102242	0.049322	
6.50022	-8.1794e-05	0.049322	
6.50022	-6.54352e-05	0.049322	
6.50022	-5.23482e-05	0.049322	
6.50022	-4.18785e-05	0.049322	
6.50022	-3.35028e-05	0.049322	
6.50022	-2.68023e-05	0.049322	
6.50022	-2.14418e-05	0.049322	
6.50022	-1.71534e-05	0.049322	
6.50022	-1.37228e-05	0.049322	
6.50022	-1.09782e-05	0.049322	
6.50022	-8.78256e-06	0.049322	
6.50022	-7.02605e-06	0.049322	
6.50022	-5.62084e-06	0.049322	
6.50022	-4.49667e-06	0.049322	
6.50022	-3.59734e-06	0.049322	
6.50022	-2.87787e-06	0.049322	
6.50022	-2.3023e-06	0.049322	
6.50022	-1.84184e-06	0.049322	
6.50022	-1.47347e-06	0.049322	
6.50022	-1.17878e-06	0.049322	
6.50022	-9.4302e-07	0.049322	
6.50022	-7.54416e-07	0.049322	
6.50022	-6.03533e-07	0.049322	
6.50022	-4.82827e-07	0.049322	
6.50022	-3.86261e-07	0.049322	
6.50022	-3.09009e-07	0.049322	
6.50022	-2.47207e-07	0.049322	
6.50022	-1.97766e-07	0.049322	
6.50022	-1.58213e-07	0.049322	
6.50022	-1.2657e-07	0.049322	
6.50022	-1.01256e-07	0.049322	
6.50022	-8.10048e-08	0.049322	
6.50022	-6.48039e-08	0.049322	
6.50022	-5.18431e-08	0.049322	
6.50022	-4.14745e-08	0.049322	
6.50022	-3.31796e-08	0.049322	
6.50022	-2.65437e-08	0.049322	
6.50022	-2.12349e-08	0.049322	
6.50022	-1.69879e-08	0.049322	
6.50022	-1.35904e-08	0.049322	
6.50022	-1.08723e-08	0.049322	
6.50022	-8.69783e-09	0.049322	
6.50022	-6.95826e-09	0.049322	
6.50022	-5.56661e-09	0.049322	
6.50022	-4.45329e-09	0.049322	
6.50022	-3.56263e-09	0.049322	
6.50022	-2.8501e-09	0.049322	
6.50022	-2.28008e-09	0.049322	
6.50022	-1.82407e-09	0.049322	
6.50022	-1.45925e-09	0.049322	
6.50022	-1.1674e-09	0.049322	
6.50022	-9.33922e-10	0.049322	
6.50022	-7.47138e-10	0.049322	
6.50022	-5.9771e-10	0.049322	
6.50022	-4.78168e-10	0.049322	
6.50022	-3.82535e-10	0.049322	
6.50022	-3.06028e-10	0.049322	
6.50022	-2.44822e-10	0.049322	
6.50022	-1.95858e-10	0.049322	
6.50022	-1.56686e-10	0.049322	
6.50022	-1.25349e-10	0.049322	
6.50022	-1.00279e-10	0.049322	
6.50022	-8.02233e-11	0.049322	
6.50022	-6.41786e-11	0.049322	
6.50022	-5.13429e-11	0.049322	
6.50022	-4.10743e-11	0.049322	
6.50022	-3.28595e-11	0.049322	
6.50022	-2.62876e-11	0.049322	
6.50022	-2.10301e-11	0.049322	
6.50022	-1.6824e-11	0.049322	
6.50022	-1.34592e-11	0.049322	
6.50022	-1.07674e-11	0.049322	
6.50022	-8.61391e-12	0.049322	
6.50022	-6.89113e-12	0.049322	
6.50022	-5.5129e-12	0.049322	
6.50022	-4.41032e-12	0.049322	
6.50022	-3.52826e-12	0.049322	
6.50022	-2.82261e-12	0.049322	
6.50022	-2.25809e-12	0.049322	
6.50022	-1.80647e-12	0.049322	
6.50022	-1.44517e-12	0.049322	
6.50022	-1.15614e-12	0.049322	
6.50022	-9.24912e-13	0.049322	
6.50022	-7.39929e-13	0.049322	
6.50022	-5.91944e-13	0.049322	
6.50022	-4.73555e-13	0.049322	
6.50022	-3.78844e-13	0.049322	
6.50022	-3.03075e-13	0.049322	
6.50022	-2.4246e-13	0.049322	
6.50022	-1.93968e-13	0.049322	
6.50022	-1.55174e-13	0.049322	
6.50022	-1.2414e-13	0.049322	
6.50022	-9.93117e-14	0.049322	
6.50022	-7.94493e-14	0.049322	
6.50022	-6.35595e-14	0.049322	
6.50022	-5.08476e-14	0.049322	
6.50022	-4.06781e-14	0.049322	
6.50022	-3.25424e-14	0.049322	
6.50022	-2.6034e-14	0.049322	
6.50022	-2.08272e-14	0.049322	
6.50022	-1.66617e-14	0.049322	
6.50022	-1.33294e-14	0.049322	
6.50022	-1.06635e-14	0.049322	
6.50022	-8.53081e-15	0.049322	
6.50022	-6.82464e-15	0.049322	
6.50022	-5.45972e-15	0.049322	
6.50022	-4.36777e-15	0.049322	
6.50022	-3.49422e-15	0.049322	
6.50022	-2.79537e-15	0.049322	
6.50022	-2.2363e-15	0.049322	
6.50022	-1.78904e-15	0.049322	
6.50022	-1.43123e-15	0.049322	
6.50022	-1.14499e-15	0.049322	
6.50022	-9.15988e-16	0.049322	
6.50022	-7.32791e-16	0.049322	
6.50022	-5.86233e-16	0.049322	
6.50022	-4.68986e-16	0.049322	
6.50022	-3.75189e-16	0.049322	
6.50022	-3.00151e-16	0.049322	
6.50022	-2.40121e-16	0.049322	
6.50022	-1.92097e-16	0.049322	
6.50022	-1.53677e-16	0.049322	
6.50022	-1.22942e-16	0.049322	
6.50022	-9.83535e-17	0.049322	
6.50022	-7.86828e-17	0.049322	
6.50022	-6.29462e-17	0.049322	
6.50022	-5.0357e-17	0.049322	
6.50022	-4.02856e-17	0.049322	
6.50022	-3.22285e-17	0.049322	
6.50022	-2.57828e-17	0.049322	
6.50022	-2.06262e-17	0.049322	
6.50022	-1.6501e-17	0.049322	
6.50022	-1.32008e-17	0.049322	
6.50022	-1.05606e-17	0.049322	
6.50022	-8.4485e-18	0.049322	
6.50022	-6.7588e-18	0.049322	
6.50022	-5.40704e-18	0.049322	
6.50022	-4.32563e-18	0.049322	
6.50022	-3.46051e-18	0.049322	
6.50022	-2.7684e-18	0.049322	
6.50022	-2.21472e-18	0.049322	
6.50022	-1.77178e-18	0.049322	
6.50022	-1.41742e-18	0.049322	
6.50022	-1.13394e-18	0.049322	
6.50022	-9.07151e-19	0.049322	
6.50022	-7.25721e-19	0.049322	
6.50022	-5.80577e-19	0.049322	
6.50022	-4.64461e-19	0.049322	
6.50022	-3.71569e-19	0.049322	
6.50022	-2.97255e-19	0.049322	
6.50022	-2.37804e-19	0.049322	
6.50022	-1.90243e-19	0.049322	
6.50022	-1.52195e-19	0.049322	
6.50022	-1.21756e-19	0.049322	
6.50022	-9.74046e-20	0.049322	
6.50022	-7.79237e-20	0.049322	
6.50022	-6.23389e-20	0.049322	
6.50022	-4.98711e-20	0.049322	
6.50022	-3.98969e-20	0.049322	
6.50022	-3.19175e-20	0.049322	
6.50022	-2.5534e-20	0.049322	
6.50022	-2.04272e-20	0.049322	
6.50022	-1.63418e-20	0.049322	
6.50022	-1.30734e-20	0.049322	
6.50022	-1.04587e-20	0.049322	
6.50022	-8.36699e-21	0.049322	
6.50022	-6.69359e-21	0.049322	
6.50022	-5.35487e-21	0.049322	
6.50022	-4.2839e-21	0.049322	
6.50022	-3.42712e-21	0.049322	
6.50022	-2.7417e-21	0.049322	
6.50022	-2.19336e-21	0.049322	
6.50022	-1.75468e-21	0.049322	
6.50022	-1.40375e-21	0.049322	
6.50022	-1.123e-21	0.049322	
6.50022	-8.98399e-22	0.049322	
6.50022	-7.18719e-22	0.049322	
6.50022	-5.74975e-22	0.049322	
6.50022	-4.5998e-22	0.049322	
6.50022	-3.67984e-22	0.049322	
6.50022	-2.94387e-22	0.049322	
6.50022	-2.3551e-22	0.049322	
6.50022	-1.88408e-22	0.049322	
6.50022	-1.50726e-22	0.049322	
6.50022	-1.20581e-22	0.049322	
6.50022	-9.64648e-23	0.049322	
6.50022	-7.71719e-23	0.049322	
6.50022	-6.17375e-23	0.049322	
6.50022	-4.939e-23	0.049322	
6.50022	-3.9512e-23	0.049322	
6.50022	-3.16096e-23	0.049322	
6.50022	-2.52877e-23	0.049322	
6.50022	-2.02301e-23	0.049322	
6.50022	-1.61841e-23	0.049322	
6.50022	-1.29473e-23	0.049322	
6.50022	-1.03578e-23	0.049322	
6.50022	-8.28627e-24	0.049322	
6.50022	-6.62901e-24	0.049322	
6.50022	-5.30321e-24	0.049322	
6.50022	-4.24257e-24	0.049322	
6.50022	-3.39405e-24	0.049322	
6.50022	-2.71524e-24	0.049322	
6.50022	-2.17219e-24	0.049322	
6.50022	-1.73776e-24	0.049322	
6.50022	-1.3902e-24	0.049322	
6.50022	-1.11216e-24	0.049322	
6.50022	-8.89731e-25	0.049322	
6.50022	-7.11785e-25	0.049322	
6.50022	-5.69428e-25	0.049322	
6.50022	-4.55542e-25	0.049322	
6.50022	-3.64434e-25	0.049322	
6.50022	-2.91547e-25	0.049322	
6.50022	-2.33238e-25	0.049322	
6.50022	-1.8659e-25	0.049322	
6.50022	-1.49272e-25	0.049322	
6.50022	-1.19418e-25	0.049322	
6.50022	-9.55341e-26	0.049322	
6.50022	-7.64273e-26	0.049322	
6.50022	-6.11418e-26	0.049322	
6.50022	-4.89135e-26	0.049322	
6.50022	-3.91308e-26	0.049322	
6.50022	-3.13046e-26	0.049322	
6.50022	-2.50437e-26	0.049322	
6.50022	-2.0035e-26	0.049322	
6.50022	-1.6028e-26	0.049322	
6.50022	-1.28224e-26	0.049322	
6.50022	-1.02579e-26	0.049322	
6.50022	-8.20632e-27	0.049322	
6.50022	-6.56506e-27	0.049322	
6.50022	-5.25204e-27	0.049322	
6.50022	-4.20164e-27	0.049322	
6.50022	-3.36131e-27	0.049322	
6.50022	-2.68905e-27	0.049322	
6.50022	-2.15124e-27	0.049322	
6.50022	-1.72099e-27	0.049322	
6.50022	-1.37679e-27	0.049322	
6.50022	-1.10143e-27	0.049322	
6.50022	-8.81147e-28	0.049322	
6.50022	-7.04918e-28	0.049322	
6.50022	-5.63934e-28	0.049322	
6.50022	-4.51147e-28	0.049322	
6.50022	-3.60918e-28	0.049322	
6.50022	-2.88734e-28	0.049322	
6.50022	-2.30987e-28	0.049322	
6.50022	-1.8479e-28	0.049322	
6.50022	-1.47832e-28	0.049322	
6.50022	-1.18266e-28	0.049322	
6.50022	-9.46124e-29	0.049322	
6.50022	-7.56899e-29	0.049322	
6.50022	-6.0552e-29	0.049322	
6.50022	-4.84416e-29	0.049322	
6.50022	-3.87532e-29	0.049322	
6.50022	-3.10026e-29	0.049322	
6.50022	-2.48021e-29	0.049322	
6.50022	-1.98417e-29	0.049322	
6.50022	-1.58733e-29	0.049322	
6.50022	-1.26987e-29	0.049322	
6.50022	-1.01589e-29	0.049322	
6.50022	-8.12715e-30	0.049322	
6.50022	-6.50172e-30	0.049322	
6.50022	-5.20137e-30	0.049322	
6.50022	-4.1611e-30	0.049322	
6.50022	-3.32888e-30	0.049322	
6.50022	-2.6631e-30	0.049322	
6.50022	-2.13048e-30	0.049322	
6.50022	-1.70439e-30	0.049322	
6.50022	-1.36351e-30	0.049322	
6.50022	-1.09081e-30	0.049322	
6.50022	-8.72646e-31	0.049322	
6.50022	-6.98117e-31	0.049322	
6.50022	-5.58493e-31	0.049322	
6.50022	-4.46795e-31	0.049322	
6.50022	-3.57436e-31	0.049322	
6.50022	-2.85949e-31	0.049322	
6.50022	-2.28759e-31	0.049322	
6.50022	-1.83007e-31	0.049322	
6.50022	-1.46406e-31	0.049322	
6.50022	-1.17125e-31	0.049322	
6.50022	-9.36996e-32	0.049322	
6.50022	-7.49597e-32	0.049322	
6.50022	-5.99678e-32	0.049322	
6.50022	-4.79742e-32	0.049322	
6.50022	-3.83794e-32	0.049322	
6.50022	-3.07035e-32	0.049322	
6.50022	-2.45628e-32	0.049322	
6.50022	-1.96502e-32	0.049322	
6.50022	-1.57202e-32	0.049322	
6.50022	-1.25761e-32	0.049322	
6.50022	-1.00609e-32	0.049322	
6.50022	-8.04874e-33	0.049322	
6.50022	-6.43899e-33	0.049322	
6.50022	-5.15119e-33	0.049322	
6.50022	-4.12095e-33	0.049322	
6.50022	-3.29676e-33	0.049322	
6.50022	-2.63741e-33	0.049322	
6.50022	-2.10993e-33	0.049322	
6.50022	-1.68794e-33	0.049322	
6.50022	-1.35035e-33	0.049322	
6.50022	-1.08028e-33	0.049322	
6.50022	-8.64226e-34	0.049322	
6.50022	-6.91381e-34	0.049322	
6.50022	-5.53105e-34	0.049322	
6.50022	-4.42484e-34	0.049322	
6.50022	-3.53987e-34	0.049322	
6.50022	-2.8319e-34	0.049322	
6.50022	-2.26552e-34	0.049322	
6.50022	-1.81241e-34	0.049322	
6.50022	-1.44993e-34	0.049322	
6.50022	-1.15994e-34	0.049322	
6.50022	-9.27956e-35	0.049322	
6.50022	-7.42365e-35	0.049322	
6.50022	-5.93892e-35	0.049322	
6.50022	-4.75113e-35	0.049322	
6.50022	-3.80091e-35	0.049322	
6.50022	-3.04073e-35	0.049322	
6.50022	-2.43258e-35	0.049322	
6.50022	-1.94606e-35	0.049322	
6.50022	-1.55685e-35	0.049322	
6.50022	-1.24548e-35	0.049322	
6.50022	-9.96385e-36	0.049322	
6.50022	-7.97108e-36	0.049322	
6.50022	-6.37687e-36	0.049322	
6.50022	-5.10149e-36	0.049322	
6.50022	-4.08119e-36	0.049322	
6.50022	-3.26495e-36	0.049322	
6.50022	-2.61196e-36	0.049322	
6.50022	-2.08957e-36	0.049322	
6.50022	-1.67166e-36	0.049322	
6.50022	-1.33733e-36	0.049322	
6.50022	-1.06986e-36	0.049322	
6.50022	-8.55888e-37	0.049322	
6.50022	-6.84711e-37	0.049322	
6.50022	-5.47769e-37	0.049322	
6.50022	-4.38215e-37	0.049322	
6.50022	-3.50572e-37	0.049322	
6.50022	-2.80457e-37	0.049322	
6.50022	-2.24366e-37	0.049322	
6.50022	-1.79493e-37	0.049322	
6.50022	-1.43594e-37	0.049322	
6.50022	-1.14875e-37	0.049322	
6.50022	-9.19003e-38	0.049322	
6.50022	-7.35203e-38	0.049322	
6.50022	-5.88162e-38	0.049322	
6.50022	-4.7053e-38	0.049322	
6.50022	-3.76424e-38	0.049322	
6.50022	-3.01139e-38	0.049322	
6.50022	-2.40911e-38	0.049322	
6.50022	-1.92729e-38	0.049322	
6.50022	-1.54183e-38	0.049322	
6.50022	-1.23347e-38	0.049322	
6.50022	-9.86772e-39	0.049322	
6.50022	-7.89418e-39	0.049322	
6.50022	-6.31534e-39	0.049322	
6.50022	-5.05227e-39	0.049322	
6.50022	-4.04182e-39	0.049322	
6.50022	-3.23345e-39	0.049322	
6.50022	-2.58676e-39	0.049322	
6.50022	-2.06941e-39	0.049322	
6.50022	-1.65553e-39	0.049322	
6.50022	-1.32442e-39	0.049322	
6.50022	-1.05954e-39	0.049322	
6.50022	-8.47631e-40	0.049322	
6.50022	-6.78105e-40	0.049322	
6.50022	-5.42483e-40	0.049322	
6.50022	-4.33986e-40	0.049322	
6.50022	-3.4719e-40	0.049322	
6.50022	-2.77751e-40	0.049322	
6.50022	-2.22201e-40	0.049322	
6.50022	-1.77762e-40	0.049322	
6.50022	-1.42209e-40	0.049322	
6.50022	-1.13767e-40	0.049322	
6.50022	-9.10143e-41	0.049322	
6.50022	-7.28115e-41	0.049322	
6.50022	-5.82492e-41	0.049322	
6.50022	-4.65988e-41	0.049322	
6.50022	-3.72787e-41	0.049322	
6.50022	-2.98238e-41	0.049322	
6.50022	-2.38585e-41	0.049322	
6.50022	-1.90871e-41	0.049322	
6.50022	-1.52699e-41	0.049322	
6.50022	-1.22151e-41	0.049322	
6.50022	-9.77266e-42	0.049322	
6.50022	-7.81784e-42	0.049322	
6.50022	-6.254e-42	0.049322	
6.50022	-5.00404e-42	0.049322	
6.50022	-4.00351e-42	0.049322	
6.50022	-3.20197e-42	0.049322	
6.50022	-2.56157e-42	0.049322	
6.50022	-2.0501e-42	0.049322	
6.50022	-1.63952e-42	0.049322	
6.50022	-1.31162e-42	0.049322	
6.50022	-1.04957e-42	0.049322	
6.50022	-8.39378e-43	0.049322	
6.50022	-6.71222e-43	0.049322	
6.50022	-5.36697e-43	0.049322	
6.50022	-4.30199e-43	0.049322	
6.50022	-3.43318e-43	0.049322	
6.50022	-2.74654e-43	0.049322	
6.50022	-2.20004e-43	0.049322	
6.50022	-1.76564e-43	0.049322	
6.50022	-1.41531e-43	0.049322	
6.50022	-1.12104e-43	0.049322	
6.50022	-8.96831e-44	0.049322	
6.50022	-7.14662e-44	0.049322	
6.50022	-5.74532e-44	0.049322	
6.50022	-4.62428e-44	0.049322	
6.50022	-3.64338e-44	0.049322	
6.50022	-2.94273e-44	0.049322	
6.50022	-2.38221e-44	0.049322	
6.50022	-1.82169e-44	0.049322	
6.50022	-1.54143e-44	0.049322	
6.50022	-1.26117e-44	0.049322	
6.50022	-9.80909e-45	0.049322	
6.50022	-8.40779e-45	0.049322	
6.50022	-5.60519e-45	0.049322	
6.50022	-5.60519e-45	0.049322	
6.50022	-4.2039e-45	0.049322	
6.50022	-2.8026e-45	0.049322	
6.50022	-2.8026e-45	0.049322	
6.50022	-1.4013e-45	0.049322	
6.50022	-1.4013e-45	0.049322	
6.50022	-1.4013e-45	0.049322	
6.50022	-1.4013e-45	0.049322	
6.50022	-1.4013e-45	0.049322	
6.50022	-0	0.049322	
6.50022	-0	0.049322	
6.50022	-0	0.049322	
6.50022	-0	0.049322	
6.50022	-0	0.049322	
6.50022	-0	0.049322	
6.50022	-0	0.049322	
6.50022	-0	0.049322	
6.50022	-0	0.049322	
6.50022	-0	0.049322	
6.50022	-0	0.049322	
6.50022	-0	0.049322	
6.50022	-0	0.049322	
6.50022	-0	0.049322	
6.50022	-0	0.049322	
6.50022	-0	0.049322	
6.50022	-0	0.049322	
6.50022	-0	0.049322	
6.50022	-0	0.049322	
6.50022	-0	0.049322	
6.50022	-0	0.049322	
6.50022	-0	0.049322	
6.50022	-0	0.049322	
6.50022	-0	0.049322	
6.50022	-0	0.049322	
6.50022	-0	0.049322	
6.50022	-0	0.049322	
6.50022	-0	0.049322	
6.50022	-0	0.049322	
6.50022	-0	0.049322	
6.50022	-0	0.049322	
6.50022	-0	0.049322	
6.50022	-0	0.049322	
6.50022	-0	0.049322	
6.50022	-0	0.049322	
6.50022	-0	0.049322	
6.50022	-0	0.049322	
6.50022	-0	0.049322	
6.50022	-0	0.049322	
6.50022	-0	0.049322	
6.50022	-0	0.049322	
6.50022	-0	0.049322	
6.50022	-0	0.049322	
6.50022	-0	0.049322	
6.50022	-0	0.049322	
6.50022	-0	0.049322	
6.50022	-0	0.049322	
6.50022	-0	0.049322	
6.50022	-0	0.049322	
6.50022	-0	0.049322	
6.50022	-0	0.049322	
6.50022	-0	0.049322	
6.50022	-0	0.049322	
6.50022	-0	0.049322	
6.50022	-0	0.049322	
6.50022	-0	0.049322	
6.50022	-0	0.049322	
6.50022	-0	0.049322	
6.50022	-0	0.049322	
6.50022	-0	0.049322	
6.50022	-0	0.049322	
6.50022	-0	0.049322	
6.50022	-0	0.049322	
6.50022	-0	0.049322	
6.50022	-0	0.049322	
6.50022	-0	0.049322	
6.50022	-0	0.049322	
6.50022	-0	0.049322	
6.50022	-0	0.049322	
6.50022	-0	0.049322	
6.50022	-0	0.049322	
6.50022	-0	0.049322	
6.50022	-0	0.049322	
6.50022	-0	0.049322	
6.50022	-0	0.049322	
6.50022	-0	0.049322	
6.50022	-0	0.049322	
6.50022	-0	0.049322	
6.50022	-0	0.049322	
6.50022	-0	0.049322	
6.50022	-0	0.049322	
6.50022	-0	0.049322	
6.50022	-0	0.049322	
6.50022	-0	0.049322	
6.50022	-0	0.049322	
6.50022	-0	0.049322	
6.50022	-0	0.049322	
6.50022	-0	0.049322	
6.50022	-0	0.049322	
6.50022	-0	0.049322	
6.50022	-0	0.049322	
6.50022	-0	0.049322	
6.50022	-0	0.049322	
6.50022	-0	0.049322	
6.50022	-0	0.049322	
6.50022	-0	0.049322	
6.50022	-0	0.049322	
6.50022	-0	0.049322	
6.50022	-0	0.049322	
6.50022	-0	0.049322	
6.50022	-0	0.049322	
6.50022	-0	0.049322	
6.50022	-0	0.049322	
6.50022	-0	0.049322	
6.50022	-0	0.049322	
6.50022	-0	0.049322	
6.50022	-0	0.049322	
6.50022	-0	0.049322	
6.50022	-0	0.049322	
6.50022	-0	0.049322	
6.50022	-0	0.049322	
6.50022	-0	0.049322	
6.50022	-0	0.049322	
6.50022	-0	0.049322	
6.50022	-0	0.049322	
6.50022	-0	0.049322	
6.50022	-0	0.049322	
6.50022	-0	0.049322	
6.50022	-0	0.049322	
6.50022	-0	0.049322	
6.50022	-0	0.049322	
6.50022	-0	0.049322	
6.50022	-0	0.049322	
6.50022	-0	0.049322	
6.50022	-0	0.049322	
6.50022	-0	0.049322	
6.50022	-0	0.049322	
6.50022	-0	0.049322	
6.50022	-0	0.049322	
6.50022	-0	0.049322	
6.50022	-0	0.049322	
6.50022	-0	0.049322	
6.50022	-0	0.049322	
6.50022	-0	0.049322	
6.50022	-0	0.049322	
6.50022	-0	0.049322	
6.50022	-0	0.049322	
6.50022	-0	0.049322	
6.50022	-0	0.049322	
6.50022	-0	0.049322	
6.50022	-0	0.049322	
6.50022	-0	0.049322	
6.50022	-0	0.049322	
6.50022	-0	0.049322	
6.50022	-0	0.049322	
6.50022	-0	0.049322	
6.50022	-0	0.049322	
6.50022	-0	0.049322	
6.50022	-0	0.049322	
6.50022	-0	0.049322	
6.50022	-0	0.049322	
6.50022	-0	0.049322	
6.50022	-0	0.049322	
6.50022	-0	0.049322	
6.50022	-0	0.049322	
6.50022	-0	0.049322	
6.50022	-0	0.049322	
6.50022	-0	0.049322	
6.50022	-0	0.049322	
6.50022	-0	0.049322	
6.50022	-0	0.049322	
6.50022	-0	0.049322	
6.50022	-0	0.049322	
6.50022	-0	0.049322	
6.50022	-0	0.049322	
6.50022	-0	0.049322	
6.50022	-0	0.049322	
6.50022	-0	0.049322	
6.50022	-0	0.049322	
6.50022	-0	0.049322	
6.50022	-0	0.049322	
6.50022	-0	0.049322	
6.50022	-0	0.049322	
6.50022	-0	0.049322	
6.50022	-0	0.049322	
6.50022	-0	0.049322	
6.50022	-0	0.049322	
6.50022	-0	0.049322	
6.50022	-0	0.049322	
6.50022	-0	0.049322	
6.50022	-0	0.049322	
6.50022	-0	0.049322	
6.50022	-0	0.049322	
6.50022	-0	0.049322	
6.50022	-0	0.049322	
6.50022	-0	0.049322	
6.50022	-0	0.049322	
6.50022	-0	0.049322	
6.50022	-0	0.049322	
6.50022	-0	0.049322	
6.50022	-0	0.049322	
6.50022	-0	0.049322	
6.50022	-0	0.049322	
6.50022	-0	0.049322	
6.50022	-0	0.049322	
6.50022	-0	0.049322	
6.50022	-0	0.049322	
6.50022	-0	0.049322	
6.50022	-0	0.049322	
6.50022	-0	0.049322	
6.50022	-0	0.049322	
6.50022	-0	0.049322	
6.50022	-0	0.049322	
6.50022	-0	0.049322	
6.50022	-0	0.049322	
6.50022	-0	0.049322	
6.50022	-0	0.049322	
6.50022	-0	0.049322	
6.50022	-0	0.049322	
6.50022	-0	0.049322	
6.50022	-0	0.049322	
6.50022	-0	0.049322	
6.50022	-0	0.049322	
6.50022	-0	0.049322	
6.50022	-0	0.049322	
6.50022	-0	0.049322	
6.50022	-0	0.049322	
6.50022	-0	0.049322	
6.50022	-0	0.049322	
6.50022	-0	0.049322	
6.50022	-0	0.049322	
6.50022	-0	0.049322	
6.50022	-0	0.049322	
6.50022	-0	0.049322	
6.50022	-0	0.049322	
6.50022	-0	0.049322	
6.50022	-0	0.049322	
6.50022	-0	0.049322	
6.50022	-0	0.049322	
6.50022	-0	0.049322	
6.50022	-0	0.049322	
6.50022	-0	0.049322	
6.50022	-0	0.049322	
6.50022	-0	0.049322	
6.50022	-0	0.049322	
6.50022	-0	0.049322	
6.50022	-0	0.049322	
6.50022	-0	0.049322	
6.50022	-0	0.049322	
6.50022	-0	0.049322	
6.50022	-0	0.049322	
6.50022	-0	0.049322	
6.50022	-0	0.049322	
6.50022	-0	0.049322	
6.50022	-0	0.049322	
6.50022	-0	0.049322	
6.50022	-0	0.049322	
6.50022	-0	0.049322	
6.50022	-0	0.049322	
6.50022	-0	0.049322	
6.50022	-0	0.049322	
6.50022	-0	0.049322	
6.50022	-0	0.049322	
6.50022	-0	0.049322	
6.50022	-0	0.049322	
6.50022	-0	0.049322	
6.50022	-0	0.049322	
6.50022	-0	0.049322	
6.50022	-0	0.049322	
6.50022	-0	0.049322	
6.50022	-0	0.049322	
6.50022	-0	0.049322	
6.50022	-0	0.049322	
6.50022	-0	0.049322	
6.50022	-0	0.049322	
6.50022	-0	0.049322	
6.50022	-0	0.049322	
6.50022	-0	0.049322	
6.50022	-0	0.049322	
6.50022	-0	0.049322	
6.50022	-0	0.049322	
6.50022	-0	0.049322	
6.50022	-0	0.049322	
6.50022	-0	0.049322	
6.50022	-0	0.049322	
6.50022	-0	0.049322	
6.50022	-0	0.049322	
6.50022	-0	0.049322	
6.50022	-0	0.049322	
6.50022	-0	0.049322	
6.50022	-0	0.049322	
6.50022	-0	0.049322	
6.50022	-0	0.049322	
6.50022	-0	0.049322	
6.50022	-0	0.049322	
6.50022	-0	0.049322	
6.50022	-0	0.049322	
6.50022	-0	0.049322	
6.50022	-0	0.049322	
6.50022	-0	0.049322	
6.50022	-0	0.049322	
6.50022	-0	0.049322	
6.50022	-0	0.049322	
6.50022	-0	0.049322	
6.50022	-0	0.049322	
6.50022	-0	0.049322	
6.50022	-0	0.049322	
6.50022	-0	0.049322	
6.50022	-0	0.049322	
6.50022	-0	0.049322	
6.50022	-0	0.049322	
6.50022	-0	0.049322	
6.50022	-0	0.049322	
6.50022	-0	0.049322	
6.50022	-0	0.049322	
6.50022	-0	0.049322	
6.50022	-0	0.049322	
6.50022	-0	0.049322	
6.50022	-0	0.049322	
6.50022	-0	0.049322	
6.50022	-0	0.049322	
6.50022	-0	0.049322	
6.50022	-0	0.049322	
6.50022	-0	0.049322	
6.50022	-0	0.049322	
6.50022	-0	0.049322	
6.50022	-0	0.049322	
6.50022	-0	0.049322	
6.50022	-0	0.049322	
6.50022	-0	0.049322	
6.50022	-0	0.049322	
6.50022	-0	0.049322	
6.50022	-0	0.049322	
6.50022	-0	0.049322	
6.50022	-0	0.049322	
6.50022	-0	0.049322	
6.50022	-0	0.049322	
6.50022	-0	0.049322	
6.50022	-0	0.049322	
6.50022	-0	0.049322	
6.50022	-0	0.049322	
6.50022	-0	0.049322	
6.50022	-0	0.049322	
6.50022	-0	0.049322	
6.50022	-0	0.049322	
6.50022	-0	0.049322	
6.50022	-0	0.049322	
6.50022	-0	0.049322	
6.50022	-0	0.049322	
6.50022	-0	0.049322	
6.50022	-0	0.049322	
6.50022	-0	0.049322	
6.50022	-0	0.049322	
6.50022	-0	0.049322	
6.50022	-0	0.049322	
6.50022	-0	0.049322	
6.50022	-0	0.049322	
6.50022	-0	0.049322	
6.50022	-0	0.049322	
6.50022	-0	0.049322	
6.50022	-0	0.049322	
6.50022	-0	0.049322	
6.50022	-0	0.049322	
6.50022	-0	0.049322	
6.50022	-0	0.049322	
6.50022	-0	0.049322	
6.50022	-0	0.049322	
6.50022	-0	0.049322	
6.50022	-0	0.049322	
6.50022	-0	0.049322	
6.50022	-0	0.049322	
6.50022	-0	0.049322	
6.50022	-0	0.049322	
6.50022	-0	0.049322	
6.50022	-0	0.049322	
6.50022	-0	0.049322	
6.50022	-0	0.049322	
6.50022	-0	0.049322	
6.50022	-0	0.049322	
6.50022	-0	0.049322	
6.50022	-0	0.049322	
6.50022	-0	0.049322	
6.50022	-0	0.049322	
6.50022	-0	0.049322	
6.50022	-0	0.049322	
6.50022	-0	0.049322	
6.50022	-0	0.049322	
6.50022	-0	0.049322	
6.50022	-0	0.049322	
6.50022	-0	0.049322	
6.50022	-0	0.049322	
6.50022	-0	0.049322	
6.50022	-0	0.049322	
6.50022	-0	0.049322	
6.50022	-0	0.049322	
6.50022	-0	0.049322	
6.50022	-0	0.049322	
6.50022	-0	0.049322	
6.50022	-0	0.049322	
6.50022	-0	0.049322	
6.50022	-0	0.049322	
6.50022	-0	0.049322	
6.50022	-0	0.049322	
6.50022	-0	0.049322	
6.50022	-0	0.049322	
6.50022	-0	0.049322	
6.50022	-0	0.049322	
6.50022	-0	0.049322	
6.50022	-0	0.049322	
6.50022	-0	0.049322	
6.50022	-0	0.049322	
6.50022	-0	0.049322	
6.50022	-0	0.049322	
6.50022	-0	0.049322	
6.50022	-0	0.049322	
6.50022	-0	0.049322	
6.50022	-0	0.049322	
6.50022	-0	0.049322	
6.50022	-0	0.049322	
6.50022	-0	0.049322	
6.50022	-0	0.049322	
6.50022	-0	0.049322	
6.50022	-0	0.049322	
6.50022	-0	0.049322	
6.50022	-0	0.049322	
6.50022	-0	0.049322	
6.50022	-0	0.049322	
6.50022	-0	0.049322	
6.50022	-0	0.049322	
6.50022	-0	0.049322	
6.50022	-0	0.049322	
6.50022	-0	0.049322	
6.50022	-0	0.049322	
6.50022	-0	0.049322	
6.50022	-0	0.049322	
6.50022	-0	0.049322	
6.50022	-0	0.049322	
6.50022	-0	0.049322	
6.50022	-0	0.049322	
6.50022	-0	0.049322	
6.50022	-0	0.049322	
6.50022	-0	0.049322	
6.50022	-0	0.049322	
6.50022	-0	0.049322	
6.50022	-0	0.049322	
6.50022	-0	0.049322	
6.50022	-0	0.049322	
6.50022	-0	0.049322	
6.50022	-0	0.049322	
6.50022	-0	0.049322	
6.50022	-0	0.049322	
6.50022	-0	0.049322	
6.50022	-0	0.049322	
6.50022	-0	0.049322	
6.50022	-0	0.049322	
6.50022	-0	0.049322	
6.50022	-0	0.049322	
6.50022	-0	0.049322	
6.50022	-0	0.049322	
6.50022	-0	0.049322	
6.50022	-0	0.049322	
6.50022	-0	0.049322	
6.50022	-0	0.049322	
6.50022	-0	0.049322	
6.50022	-0	0.049322	
6.50022	-0	0.049322	
6.50022	-0	0.049322	
6.50022	-0	0.049322	
6.50022	-0	0.049322	
6.50022	-0	0.049322	
6.50022	-0	0.049322	
6.50022	-0	0.049322	
6.50022	-0	0.049322	
6.50022	-0	0.049322	
6.50022	-0	0.049322	
6.50022	-0	0.049322	
6.50022	-0	0.049322	
6.50022	-0	0.049322	
6.50022	-0	0.049322	
6.50022	-0	0.049322	
6.50022	-0	0.049322	
6.50022	-0	0.049322	
6.50022	-0	0.049322	
6.50022	-0	0.049322	
6.50022	-0	0.049322	
6.50022	-0	0.049322	
6.50022	-0	0.049322	
6.50022	-0	0.049322	
6.50022	-0	0.049322	
6.50022	-0	0.049322	
6.50022	-0	0.049322	
6.50022	-0	0.049322	
6.50022	-0	0.049322	
6.50022	-0	0.049322	
6.50022	-0	0.049322	
6.50022	-0	0.049322	
6.50022	-0	0.049322	
6.50022	-0	0.049322	
6.50022	-0	0.049322	
6.50022	-0	0.049322	
6.50022	-0	0.049322	
6.50022	-0	0.049322	
6.50022	-0	0.049322	
6.50022	-0	0.049322	
6.50022	-0	0.049322	
6.50022	-0	0.049322	
6.50022	-0	0.049322	
6.50022	-0	0.049322	
6.50022	-0	0.049322	
6.50022	-0	0.049322	
6.50022	-0	0.049322	
6.50022	-0	0.049322	
6.50022	-0	0.049322	
6.50022	-0	0.049322	
6.50022	-0	0.049322	
6.50022	-0	0.049322	
6.50022	-0	0.049322	
6.50022	-0	0.049322	
6.50022	-0	0.049322	
6.50022	-0	0.049322	
6.50022	-0	0.049322	
6.50022	-0	0.049322	
6.50022	-0	0.049322	
6.50022	-0	0.049322	
6.50022	-0	0.049322	
6.50022	-0	0.049322	
6.50022	-0	0.049322	
6.50022	-0	0.049322	
6.50022	-0	0.049322	
6.50022	-0	0.049322	
6.50022	-0	0.049322	
6.50022	-0	0.049322	
6.50022	-0	0.049322	
6.50022	-0	0.049322	
6.50022	-0	0.049322	
6.50022	-0	0.049322	
6.50022	-0	0.049322	
6.50022	-0	0.049322	
6.50022	-0	0.049322	
6.50022	-0	0.049322	
6.50022	-0	0.049322	
6.50022	-0	0.049322	
6.50022	-0	0.049322	
6.50022	-0	0.049322	
6.50022	-0	0.049322	
6.50022	-0	0.049322	
6.50022	-0	0.049322	
6.50022	-0	0.049322	
6.50022	-0	0.049322	
6.50022	-0	0.049322	
6.50022	-0	0.049322	
6.50022	-0	0.049322	
6.50022	-0	0.049322	
6.50022	-0	0.049322	
6.50022	-0	0.049322	
6.50022	-0	0.049322	
6.50022	-0	0.049322	
6.50022	-0	0.049322	
6.50022	-0	0.049322	
6.50022	-0	0.049322	
6.50022	-0	0.049322	
6.50022	-0	0.049322	
6.50022	-0	0.049322	
6.50022	-0	0.049322	
6.50022	-0	0.049322	
6.50022	-0	0.049322	
6.50022	-0	0.049322	
6.50022	-0	0.049322	
6.50022	-0	0.049322	
6.50022	-0	0.049322	
6.50022	-0	0.049322	
6.50022	-0	0.049322	
6.50022	-0	0.049322	
6.50022	-0	0.049322	
6.50022	-0	0.049322	
6.50022	-0	0.049322	
6.50022	-0	0.049322	
6.50022	-0	0.049322	
6.50022	-0	0.049322	
6.50022	-0	0.049322	
6.50022	-0	0.049322	
6.50022	-0	0.049322	
6.50022	-0	0.049322	
6.50022	-0	0.049322	
6.50022	-0	0.049322	
6.50022	-0	0.049322	
6.50022	-0	0.049322	
6.50022	-0	0.049322	
6.50022	-0	0.049322	
6.50022	-0	0.049322	
6.50022	-0	0.049322	
6.50022	-0	0.049322	
6.50022	-0	0.049322	
6.50022	-0	0.049322	
6.50022	-0	0.049322	
6.50022	-0	0.049322	
6.50022	-0	0.049322	
6.50022	-0	0.049322	
6.50022	-0	0.049322	
6.50022	-0	0.049322	
6.50022	-0	0.049322	
6.50022	-0	0.049322	
6.50022	-0	0.049322	
6.50022	-0	0.049322	
6.50022	-0	0.049322	
6.50022	-0	0.049322	
6.50022	-0	0.049322	
6.50022	-0	0.049322	
6.50022	-0	0.049322	
6.50022	-0	0.049322	
6.50022	-0	0.049322	
6.50022	-0	0.049322	
6.50022	-0	0.049322	
6.50022	-0	0.049322	
6.50022	-0	0.049322	
6.50022	-0	0.049322	
6.50022	-0	0.049322	
6.50022	-0	0.049322	
6.50022	-0	0.049322	
6.50022	-0	0.049322	
6.50022	-0	0.049322	
6.50022	-0	0.049322	
6.50022	-0	0.049322	
6.50022	-0	0.049322	
6.50022	-0	0.049322	
6.50022	-0	0.049322	
6.50022	-0	0.049322	
6.50022	-0	0.049322	
6.50022	-0	0.049322	
6.50022	-0	0.049322	
6.50022	-0	0.049322	
6.50022	-0	0.049322	
6.50022	-0	0.049322	
6.50022	-0	0.049322	
6.50022	-0	0.049322	
6.50022	-0	0.049322	
6.50022	-0	0.049322	
6.50022	-0	0.049322	
6.50022	-0	0.049322	
6.50022	-0	0.049322	
6.50022	-0	0.049322	
6.50022	-0	0.049322	
6.50022	-0	0.049322	
6.50022	-0	0.049322	
6.50022	-0	0.049322	
6.50022	-0	0.049322	
6.50022	-0	0.049322	
6.50022	-0	0.049322	
6.50022	-0	0.049322	
6.50022	-0	0.049322	
6.50022	-0	0.049322	
6.50022	-0	0.049322	
6.50022	-0	0.049322	
6.50022	-0	0.049322	
6.50022	-0	0.049322	
6.50022	-0	0.049322	
6.50022	-0	0.049322	
6.50022	-0	0.049322	
6.50022	-0	0.049322	
6.50022	-0	0.049322	
6.50022	-0	0.049322	
6.50022	-0	0.049322	
6.50022	-0	0.049322	
6.50022	-0	0.049322	
6.50022	-0	0.049322	
6.50022	-0	0.049322	
6.50022	-0	0.049322	
6.50022	-0	0.049322	
6.50022	-0	0.049322	
6.50022	-0	0.049322	
6.50022	-0	0.049322	
6.50022	-0	0.049322	
6.50022	-0	0.049322	
6.50022	-0	0.049322	
6.50022	-0	0.049322	
6.50022	-0	0.049322	
6.50022	-0	0.049322	
6.50022	-0	0.049322	
6.50022	-0	0.049322	
6.50022	-0	0.049322	
6.50022	-0	0.049322	
6.50022	-0	0.049322	
6.50022	-0	0.049322	
6.50022	-0	0.049322	
6.50022	-0	0.049322	
6.50022	-0	0.049322	
6.50022	-0	0.049322	
6.50022	-0	0.049322	
6.50022	-0	0.049322	
6.50022	-0	0.049322	
6.50022	-0	0.049322	
6.50022	-0	0.049322	
6.50022	-0	0.049322	
6.50022	-0	0.049322	
6.50022	-0	0.049322	
6.50022	-0	0.049322	
6.50022	-0	0.049322	
6.50022	-0	0.049322	
6.50022	-0	0.049322	
6.50022	-0	0.049322	
6.50022	-0	0.049322	
6.50022	-0	0.049322	
6.50022	-0	0.049322	
6.50022	-0	0.049322	
6.50022	-0	0.049322	
6.50022	-0	0.049322	
6.50022	-0	0.049322	
6.50022	-0	0.049322	
6.50022	-0	0.049322	
6.50022	-0	0.049322	
6.50022	-0	0.049322	
6.50022	-0	0.049322	
6.50022	-0	0.049322	
6.50022	-0	0.049322	
6.50022	-0	0.049322	
6.50022	-0	0.049322	
6.50022	-0	0.049322	
6.50022	-0	0.049322	
6.50022	-0	0.049322	
6.50022	-0	0.049322	
6.50022	-0	0.049322	
6.50022	-0	0.049322	
6.50022	-0	0.049322	
6.50022	-0	0.049322	
6.50022	-0	0.049322	
6.50022	-0	0.049322	
6.50022	-0	0.049322	
6.50022	-0	0.049322	
6.50022	-0	0.049322	
6.50022	-0	0.049322	
6.50022	-0	0.049322	
6.50022	-0	0.049322	
6.50022	-0	0.049322	
6.50022	-0	0.049322	
6.50022	-0	0.049322	
6.50022	-0	0.049322	
6.50022	-0	0.049322	
6.50022	-0	0.049322	
6.50022	-0	0.049322	
6.50022	-0	0.049322	
6.50022	-0	0.049322	
6.50022	-0	0.049322	
6.50022	-0	0.049322	
6.50022	-0	0.049322	
6.50022	-0	0.049322	
6.50022	-0	0.049322	
6.50022	-0	0.049322	
6.50022	-0	0.049322	
6.50022	-0	0.049322	
6.50022	-0	0.049322	
6.50022	-0	0.049322	
6.50022	-0	0.049322	
6.50022	-0	0.049322	
6.50022	-0	0.049322	
6.50022	-0	0.049322	
6.50022	-0	0.049322	
6.50022	-0	0.049322	
6.50022	-0	0.049322	
6.50022	-0	0.049322	
6.50022	-0	0.049322	
6.50022	-0	0.049322	
6.50022	-0	0.049322	
6.50022	-0	0.049322	
6.50022	-0	0.049322	
6.50022	-0	0.049322	
6.50022	-0	0.049322	
6.50022	-0	0.049322	
6.50022	-0	0.049322	
6.50022	-0	0.049322	
6.50022	-0	0.049322	
6.50022	-0	0.049322	
6.50022	-0	0.049322	
6.50022	-0	0.049322	
6.50022	-0	0.049322	
6.50022	-0	0.049322	
6.50022	-0	0.049322	
6.50022	-0	0.049322	
6.50022	-0	0.049322	
6.50022	-0	0.049322	
6.50022	-0	0.049322	
6.50022	-0	0.049322	
6.50022	-0	0.049322	
6.50022	-0	0.049322	
6.50022	-0	0.049322	
6.50022	-0	0.049322	
6.50022	-0	0.049322	
6.50022	-0	0.049322	
6.50022	-0	0.049322	
6.50022	-0	0.049322	
6.50022	-0	0.049322	
6.50022	-0	0.049322	
6.50022	-0	0.049322	
6.50022	-0	0.049322	
6.50022	-0	0.049322	
6.50022	-0	0.049322	
6.50022	-0	0.049322	
6.50022	-0	0.049322	
6.50022	-0	0.049322	
6.50022	-0	0.049322	
6.50022	-0	0.049322	
6.50022	-0	0.049322	
6.50022	-0	0.049322	
6.50022	-0	0.049322	
6.50022	-0	0.049322	
6.50022	-0	0.049322	
6.50022	-0	0.049322	
6.50022	-0	0.049322	
6.50022	-0	0.049322	
6.50022	-0	0.049322	
6.50022	-0	0.049322	
6.50022	-0	0.049322	
6.50022	-0	0.049322	
6.50022	-0	0.049322	
6.50022	-0	0.049322	
6.50022	-0	0.049322	
6.50022	-0	0.049322	
6.50022	-0	0.049322	
6.50022	-0	0.049322	
6.50022	-0	0.049322	
6.50022	-0	0.049322	
6.50022	-0	0.049322	
6.50022	-0	0.049322	
6.50022	-0	0.049322	
6.50022	-0	0.049322	
6.50022	-0	0.049322	
6.50022	-0	0.049322	
6.50022	-0	0.049322	
6.50022	-0	0.049322	
6.50022	-0	0.049322	
6.50022	-0	0.049322	
6.50022	-0	0.049322	
6.50022	-0	0.049322	
6.50022	-0	0.049322	
6.50022	-0	0.049322	
6.50022	-0	0.049322	
6.50022	-0	0.049322	
6.50022	-0	0.049322	
6.50022	-0	0.049322	
6.50022	-0	0.049322	
6.50022	-0	0.049322	
6.50022	-0	0.049322	
6.50022	-0	0.049322	
6.50022	-0	0.049322	
6.50022	-0	0.049322	
6.50022	-0	0.049322	
6.50022	-0	0.049322	
6.50022	-0	0.049322	
6.50022	-0	0.049322	
6.50022	-0	0.049322	
6.50022	-0	0.049322	
6.50022	-0	0.049322	
6.50022	-0	0.049322	
6.50022	-0	0.049322	
6.50022	-0	0.049322	
6.50022	-0	0.049322	
6.50022	-0	0.049322	
6.50022	-0	0.049322	
6.50022	-0	0.049322	
6.50022	-0	0.049322	
6.50022	-0	0.049322	
6.50022	-0	0.049322	
6.50022	-0	0.049322	
6.50022	-0	0.049322	
6.50022	-0	0.049322	
6.50022	-0	0.049322	
6.50022	-0	0.049322	
6.50022	-0	0.049322	
6.50022	-0	0.049322	
6.50022	-0	0.049322	
6.50022	-0	0.049322	
6.50022	-0	0.049322	
6.50022	-0	0.049322	
6.50022	-0	0.049322	
6.50022	-0	0.049322	
6.50022	-0	0.049322	
6.50022	-0	0.049322	
6.50022	-0	0.049322	
6.50022	-0	0.049322	
6.50022	-0	0.049322	
6.50022	-0	0.049322	
6.50022	-0	0.049322	
6.50022	-0	0.049322	
6.50022	-0	0.049322	
6.50022	-0	0.049322	
6.50022	-0	0.049322	
6.50022	-0	0.049322	
6.50022	-0	0.049322	
6.50022	-0	0.049322	
6.50022	-0	0.049322	
6.50022	-0	0.049322	
6.50022	-0	0.049322	
6.50022	-0	0.049322	
6.50022	-0	0.049322	
6.50022	-0	0.049322	
6.50022	-0	0.049322	
6.50022	-0	0.049322	
6.50022	-0	0.049322	
6.50022	-0	0.049322	
6.50022	-0	0.049322	
6.50022	-0	0.049322	
6.50022	-0	0.049322	
6.50022	-0	0.049322	
6.50022	-0	0.049322	
6.50022	-0	0.049322	
6.50022	-0	0.049322	
6.50022	-0	0.049322	
6.50022	-0	0.049322	
6.50022	-0	0.049322	
6.50022	-0	0.049322	
6.50022	-0	0.049322	
6.50022	-0	0.049322	
6.50022	-0	0.049322	
6.50022	-0	0.049322	
6.50022	-0	0.049322	
6.50022	-0	0.049322	
6.50022	-0	0.049322	
6.50022	-0	0.049322	
6.50022	-0	0.049322	
6.50022	-0	0.049322	
6.50022	-0	0.049322	
6.50022	-0	0.049322	
6.50022	-0	0.049322	
6.50022	-0	0.049322	
6.50022	-0	0.049322	
6.50022	-0	0.049322	
6.50022	-0	0.049322	
6.50022	-0	0.049322	
6.50022	-0	0.049322	
6.50022	-0	0.049322	
6.50022	-0	0.049322	
6.50022	-0	0.049322	
6.50022	-0	0.049322	
6.50022	-0	0.049322	
6.50022	-0	0.049322	
6.50022	-0	0.049322	
6.50022	-0	0.049322	
6.50022	-0	0.049322	
6.50022	-0	0.049322	
6.50022	-0	0.049322	
6.50022	-0	0.049322	
6.50022	-0	0.049322	
6.50022	-0	0.049322	
6.50022	-0	0.049322	
6.50022	-0	0.049322	
6.50022	-0	0.049322	
6.50022	-0	0.049322	
6.50022	-0	0.049322	
6.50022	-0	0.049322	
6.50022	-0	0.049322	
6.50022	-0	0.049322	
6.50022	-0	0.049322	
6.50022	-0	0.049322	
6.50022	-0	0.049322	
6.50022	-0	0.049322	
6.50022	-0	0.049322	
6.50022	-0	0.049322	
6.50022	-0	0.049322	
6.50022	-0	0.049322	
6.50022	-0	0.049322	
6.50022	-0	0.049322	
6.50022	-0	0.049322	
6.50022	-0	0.049322	
6.50022	-0	0.049322	
6.50022	-0	0.049322	
6.50022	-0	0.049322	
6.50022	-0	0.049322	
6.50022	-0	0.049322	
6.50022	-0	0.049322	
6.50022	-0	0.049322	
6.50022	-0	0.049322	
6.50022	-0	0.049322	
6.50022	-0	0.049322	
6.50022	-0	0.049322	
6.50022	-0	0.049322	
6.50022	-0	0.049322	
6.50022	-0	0.049322	
6.50022	-0	0.049322	
6.50022	-0	0.049322	
6.50022	-0	0.049322	
6.50022	-0	0.049322	
6.50022	-0	0.049322	
6.50022	-0	0.049322	
6.50022	-0	0.049322	
6.50022	-0	0.049322	
6.50022	-0	0.049322	
6.50022	-0	0.049322	
6.50022	-0	0.049322	
6.50022	-0	0.049322	
6.50022	-0	0.049322	
6.50022	-0	0.049322	
6.50022	-0	0.049322	
6.50022	-0	0.049322	
6.50022	-0	0.049322	
6.50022	-0	0.049322	
6.50022	-0	0.049322	
6.50022	-0	0.049322	
6.50022	-0	0.049322	
6.50022	-0	0.049322	
6.50022	-0	0.049322	
6.50022	-0	0.049322	
6.50022	-0	0.049322	
6.50022	-0	0.049322	
6.50022	-0	0.049322	
6.50022	-0	0.049322	
6.50022	-0	0.049322	
6.50022	-0	0.049322	
6.50022	-0	0.049322	
6.50022	-0	0.049322	
6.50022	-0	0.049322	
6.50022	-0	0.049322	
6.50022	-0	0.049322	
6.50022	-0	0.049322	
6.50022	-0	0.049322	
6.50022	-0	0.049322	
6.50022	-0	0.049322	
6.50022	-0	0.049322	
6.50022	-0	0.049322	
6.50022	-0	0.049322	
6.50022	-0	0.049322	
6.50022	-0	0.049322	
6.50022	-0	0.049322	
6.50022	-0	0.049322	
6.50022	-0	0.049322	
6.50022	-0	0.049322	
6.50022	-0	0.049322	
6.50022	-0	0.049322	
6.50022	-0	0.049322	
6.50022	-0	0.049322	
6.50022	-0	0.049322	
6.50022	-0	0.049322	
6.50022	-0	0.049322	
6.50022	-0	0.049322	
6.50022	-0	0.049322	
6.50022	-0	0.049322	
6.50022	-0	0.049322	
6.50022	-0	0.049322	
6.50022	-0	0.049322	
6.50022	-0	0.049322	
6.50022	-0	0.049322	
6.50022	-0	0.049322	
6.50022	-0	0.049322	
6.50022	-0	0.049322	
6.50022	-0	0.049322	
6.50022	-0	0.049322	
6.50022	-0	0.049322	
6.50022	-0	0.049322	
6.50022	-0	0.049322	
6.50022	-0	0.049322	
6.50022	-0	0.049322	
6.50022	-0	0.049322	
6.50022	-0	0.049322	
6.50022	-0	0.049322	
6.50022	-0	0.049322	
6.50022	-0	0.049322	
6.50022	-0	0.049322	
6.50022	-0	0.049322	
6.50022	-0	0.049322	
6.50022	-0	0.049322	
6.50022	-0	0.049322	
6.50022	-0	0.049322	
6.50022	-0	0.049322	
6.50022	-0	0.049322	
6.50022	-0	0.049322	
6.50022	-0	0.049322	
6.50022	-0	0.049322	
6.50022	-0	0.049322	
6.50022	-0	0.049322	
6.50022	-0	0.049322	
6.50022	-0	0.049322	
6.50022	-0	0.049322	
6.50022	-0	0.049322	
6.50022	-0	0.049322	
6.50022	-0	0.049322	
6.50022	-0	0.049322	
6.50022	-0	0.049322	
6.50022	-0	0.049322	
6.50022	-0	0.049322	
6.50022	-0	0.049322	
6.50022	-0	0.049322	
6.50022	-0	0.049322	
6.50022	-0	0.049322	
6.50022	-0	0.049322	
6.50022	-0	0.049322	
6.50022	-0	0.049322	
6.50022	-0	0.049322	
6.50022	-0	0.049322	
6.50022	-0	0.049322	
6.50022	-0	0.049322	
6.50022	-0	0.049322	
6.50022	-0	0.049322	
6.50022	-0	0.049322	
6.50022	-0	0.049322	
6.50022	-0	0.049322	
6.50022	-0	0.049322	
6.50022	-0	0.049322	
6.50022	-0	0.049322	
6.50022	-0	0.049322	
6.50022	-0	0.049322	
6.50022	-0	0.049322	
6.50022	-0	0.049322	
6.50022	-0	0.049322	
6.50022	-0	0.049322	
6.50022	-0	0.049322	
6.50022	-0	0.049322	
6.50022	-0	0.049322	
6.50022	-0	0.049322	
6.50022	-0	0.049322	
6.50022	-0	0.049322	
6.50022	-0	0.049322	
6.50022	-0	0.049322	
6.50022	-0	0.049322	
6.50022	-0	0.049322	
6.50022	-0	0.049322	
6.50022	-0	0.049322	
6.50022	-0	0.049322	
6.50022	-0	0.049322	
6.50022	-0	0.049322	
6.50022	-0	0.049322	
6.50022	-0	0.049322	
6.50022	-0	0.049322	
6.50022	-0	0.049322	
6.50022	-0	0.049322	
6.50022	-0	0.049322	
6.50022	-0	0.049322	
6.50022	-0	0.049322	
6.50022	-0	0.049322	
6.50022	-0	0.049322	
6.50022	-0	0.049322	
6.50022	-0	0.049322	
6.50022	-0	0.049322	
6.50022	-0	0.049322	
6.50022	-0	0.049322	
6.50022	-0	0.049322	
6.50022	-0	0.049322	
6.50022	-0	0.049322	
6.50022	-0	0.049322	
6.50022	-0	0.049322	
6.50022	-0	0.049322	
6.50022	-0	0.049322	
6.50022	-0	0.049322	
6.50022	-0	0.049322	
6.50022	-0	0.049322	
6.50022	-0	0.049322	
6.50022	-0	0.049322	
6.50022	-0	0.049322	
6.50022	-0	0.049322	
6.50022	-0	0.049322	
6.50022	-0	0.049322	
6.50022	-0	0.049322	
6.50022	-0	0.049322	
6.50022	-0	0.049322	
6.50022	-0	0.049322	
6.50022	-0	0.049322	
6.50022	-0	0.049322	
6.50022	-0	0.049322	
6.50022	-0	0.049322	
6.50022	-0	0.049322	
6.50022	-0	0.049322	
6.50022	-0	0.049322	
6.50022	-0	0.049322	
6.50022	-0	0.049322	
6.50022	-0	0.049322	
6.50022	-0	0.049322	
6.50022	-0	0.049322	
6.50022	-0	0.049322	
6.50022	-0	0.049322	
6.50022	-0	0.049322	
6.50022	-0	0.049322	
6.50022	-0	0.049322	
6.50022	-0	0.049322	
6.50022	-0	0.049322	
6.50022	-0	0.049322	
6.50022	-0	0.049322	
6.50022	-0	0.049322	
6.50022	-0	0.049322	
6.50022	-0	0.049322	
6.50022	-0	0.049322	
6.50022	-0	0.049322	
6.50022	-0	0.049322	
6.50022	-0	0.049322	
6.50022	-0	0.049322	
6.50022	-0	0.049322	
6.50022	-0	0.049322	
6.50022	-0	0.049322	
6.50022	-0	0.049322	
6.50022	-0	0.049322	
6.50022	-0	0.049322	
6.50022	-0	0.049322	
6.50022	-0	0.049322	
6.50022	-0	0.049322	
6.50022	-0	0.049322	
6.50022	-0	0.049322	
6.50022	-0	0.049322	
6.50022	-0	0.049322	
6.50022	-0	0.049322	
6.50022	-0	0.049322	
6.50022	-0	0.049322	
6.50022	-0	0.049322	
6.50022	-0	0.049322	
6.50022	-0	0.049322	
6.50022	-0	0.049322	
6.50022	-0	0.049322	
6.50022	-0	0.049322	
6.50022	-0	0.049322	
6.50022	-0	0.049322	
6.50022	-0	0.049322	
6.50022	-0	0.049322	
6.50022	-0	0.049322	
6.50022	-0	0.049322	
6.50022	-0	0.049322	
6.50022	-0	0.049322	
6.50022	-0	0.049322	
6.50022	-0	0.049322	
6.50022	-0	0.049322	
6.50022	-0	0.049322	
6.50022	-0	0.049322	
6.50022	-0	0.049322	
6.50022	-0	0.049322	
6.50022	-0	0.049322	
6.50022	-0	0.049322	
6.50022	-0	0.049322	
6.50022	-0	0.049322	
6.50022	-0	0.049322	
6.50022	-0	0.049322	
6.50022	-0	0.049322	
6.50022	-0	0.049322	
6.50022	-0	0.049322	
6.50022	-0	0.049322	
6.50022	-0	0.049322	
6.50022	-0	0.049322	
6.50022	-0	0.049322	
6.50022	-0	0.049322	
6.50022	-0	0.049322	
6.50022	-0	0.049322	
6.50022	-0	0.049322	
6.50022	-0	0.049322	
6.50022	-0	0.049322	
6.50022	-0	0.049322	
6.50022	-0	0.049322	
6.50022	-0	0.049322	
6.50022	-0	0.049322	
6.50022	-0	0.049322	
6.50022	-0	0.049322	
6.50022	-0	0.049322	
6.50022	-0	0.049322	
6.50022	-0	0.049322	
6.50022	-0	0.049322	
6.50022	-0	0.049322	
6.50022	-0	0.049322	
6.50022	-0	0.049322	
6.50022	-0	0.049322	
6.50022	-0	0.049322	
6.50022	-0	0.049322	
6.50022	-0	0.049322	
6.50022	-0	0.049322	
6.50022	-0	0.049322	
6.50022	-0	0.049322	
6.50022	-0	0.049322	
6.50022	-0	0.049322	
6.50022	-0	0.049322	
6.50022	-0	0.049322	
6.50022	-0	0.049322	
6.50022	-0	0.049322	
6.50022	-0	0.049322	
6.50022	-0	0.049322	
6.50022	-0	0.049322	
6.50022	-0	0.049322	
6.50022	-0	0.049322	
6.50022	-0	0.049322	
6.50022	-0	0.049322	
6.50022	-0	0.049322	
6.50022	-0	0.049322	
6.50022	-0	0.049322	
6.50022	-0	0.049322	
6.50022	-0	0.049322	
6.50022	-0	0.049322	
6.50022	-0	0.049322	
6.50022	-0	0.049322	
6.50022	-0	0.049322	
6.50022	-0	0.049322	
6.50022	-0	0.049322	
6.50022	-0	0.049322	
6.50022	-0	0.049322	
6.50022	-0	0.049322	
6.50022	-0	0.049322	
6.50022	-0	0.049322	
6.50022	-0	0.049322	
6.50022	-0	0.049322	
6.50022	-0	0.049322	
6.50022	-0	0.049322	
6.50022	-0	0.049322	
6.50022	-0	0.049322	
6.50022	-0	0.049322	
6.50022	-0	0.049322	
6.50022	-0	0.049322	
6.50022	-0	0.049322	
6.50022	-0	0.049322	
6.50022	-0	0.049322	
6.50022	-0	0.049322	
6.50022	-0	0.049322	
6.50022	-0	0.049322	
6.50022	-0	0.049322	
6.50022	-0	0.049322	
6.50022	-0	0.049322	
6.50022	-0	0.049322	
6.50022	-0	0.049322	
6.50022	-0	0.049322	
6.50022	-0	0.049322	
6.50022	-0	0.049322	
6.50022	-0	0.049322	
6.50022	-0	0.049322	
6.50022	-0	0.049322	
6.50022	-0	0.049322	
6.50022	-0	0.049322	
6.50022	-0	0.049322	
6.50022	-0	0.049322	
6.50022	-0	0.049322	
6.50022	-0	0.049322	
6.50022	-0	0.049322	
6.50022	-0	0.049322	
6.50022	-0	0.049322	
6.50022	-0	0.049322	
6.50022	-0	0.049322	
6.50022	-0	0.049322	
6.50022	-0	0.049322	
6.50022	-0	0.049322	
6.50022	-0	0.049322	
6.50022	-0	0.049322	
6.50022	-0	0.049322	
6.50022	-0	0.049322	
6.50022	-0	0.049322	
6.50022	-0	0.049322	
6.50022	-0	0.049322	
6.50022	-0	0.049322	
6.50022	-0	0.049322	
6.50022	-0	0.049322	
6.50022	-0	0.049322	
6.50022	-0	0.049322	
6.50022	-0	0.049322	
6.50022	-0	0.049322	
6.50022	-0	0.049322	
6.50022	-0	0.049322	
6.50022	-0	0.049322	
6.50022	-0	0.049322	
6.50022	-0	0.049322	
6.50022	-0	0.049322	
6.50022	-0	0.049322	
6.50022	-0	0.049322	
6.50022	-0	0.049322	
6.50022	-0	0.049322	
6.50022	-0	0.049322	
6.50022	-0	0.049322	
6.50022	-0	0.049322	
6.50022	-0	0.049322	
6.50022	-0	0.049322	
6.50022	-0	0.049322	
6.50022	-0	0.049322	
6.50022	-0	0.049322	
6.50022	-0	0.049322	
6.50022	-0	0.049322	
6.50022	-0	0.049322	
6.50022	-0	0.049322	
6.50022	-0	0.049322	
6.50022	-0	0.049322	
6.50022	-0	0.049322	
6.50022	-0	0.049322	
6.50022	-0	0.049322	
6.50022	-0	0.049322	
6.50022	-0	0.049322	
6.50022	-0	0.049322	
6.50022	-0	0.049322	
6.50022	-0	0.049322	
6.50022	-0	0.049322	
6.50022	-0	0.049322	
6.50022	-0	0.049322	
6.50022	-0	0.049322	
6.50022	-0	0.049322	
6.50022	-0	0.049322	
6.50022	-0	0.049322	
6.50022	-0	0.049322	
6.50022	-0	0.049322	
6.50022	-0	0.049322	
6.50022	-0	0.049322	
6.50022	-0	0.049322	
6.50022	-0	0.049322	
6.50022	-0	0.049322	
6.50022	-0	0.049322	
6.50022	-0	0.049322	
6.50022	-0	0.049322	
6.50022	-0	0.049322	
6.50022	-0	0.049322	
6.50022	-0	0.049322	
6.50022	-0	0.049322	
6.50022	-0	0.049322	
6.50022	-0	0.049322	
6.50022	-0	0.049322	
6.50022	-0	0.049322	
6.50022	-0	0.049322	
6.50022	-0	0.049322	
6.50022	-0	0.049322	
6.50022	-0	0.049322	
6.50022	-0	0.049322	
6.50022	-0	0.049322	
6.50022	-0	0.049322	
6.50022	-0	0.049322	
6.50022	-0	0.049322	
6.50022	-0	0.049322	
6.50022	-0	0.049322	
6.50022	-0	0.049322	
6.50022	-0	0.049322	
6.50022	-0	0.049322	
6.50022	-0	0.049322	
