10	0	1	
10	0	1	
10	0	1	
10	0	1	
10	0	1	
10	0	1	
10	0	1	
10	0	1	
10	0	1	
10	0	1	
10	0	1	
10	0	1	
10	0	1	
10	0	1	
10	0	1	
10	0	1	
10	0	1	
10	0	1	
10	0	1	
10	0	1	
10	0	1	
10	0	1	
10	0	1	
10	0	1	
10	0	1	
10	0	1	
10	0	1	
10	0	1	
10	0	1	
10	0	1	
10	0	1	
10	0	1	
10	0	1	
10	0	1	
10	0	1	
10	0	1	
10	0	1	
10	0	1	
10	0	1	
10	0	1	
10	0	1	
10	0	1	
10	0	1	
10	0	1	
10	0	1	
10	0	1	
10	0	1	
10	0	1	
10	0	1	
10	0	1	
10	0	1	
10	0	1	
10	0	1	
10	0	1	
10	0	1	
10	0	1	
10	0	1	
10	0	1	
10	0	1	
10	0	1	
10	0	1	
10	0	1	
10	0	1	
10	0	1	
10	0	1	
10	0	1	
10	0	1	
10	0	1	
10	0	1	
10	0	1	
10	0	1	
10	0	1	
10	0	1	
10	0	1	
10	0	1	
10	0	1	
10	0	1	
10	0	1	
10	0	1	
10	0	1	
10	0	1	
10	0	1	
10	0	1	
10	0	1	
10	0	1	
10	0	1	
10	0	1	
10	0	1	
10	0	1	
10	0	1	
10	0	1	
10	0	1	
10	0	1	
10	0	1	
10	0	1	
10	0	1	
10	0	1	
10	0	1	
10	0	1	
10	0	1	
10	0	1	
10	0	1	
10	0	1	
10	0	1	
10	0	1	
10	0	1	
10	0	1	
10	0	1	
10	0	1	
10	0	1	
10	0	1	
10	0	1	
10	0	1	
10	0	1	
10	0	1	
10	0	1	
10	0	1	
10	0	1	
10	0	1	
10	0	1	
10	0	1	
10	0	1	
10	0	1	
10	0	1	
10	0	1	
10	0	1	
10	0	1	
10	0	1	
10	0	1	
10	0	1	
10	0	1	
10	0	1	
10	0	1	
10	0	1	
10	0	1	
10	0	1	
10	0	1	
10	-2.06055e-05	1	
10	-3.75565e-05	1	
10	-5.15897e-05	1	
10	-6.62333e-05	1	
10	-7.79719e-05	1	
10	-8.81394e-05	1	
10	-9.63793e-05	1	
10	-0.000105066	1	
10	-0.000112449	1	
10	-0.000118706	1	
10	-0.000125899	1	
10	-0.000132076	1	
10	-0.000141724	1	
10	-0.000149796	1	
10	-0.000159481	1	
10	-0.00016865	1	
10	-0.000181314	1	
10	-0.000192805	1	
10	-0.000204112	1	
10	-0.000218428	1	
9.99999	-0.000232389	1	
9.99999	-0.000245739	1	
9.99999	-0.000260555	1	
9.99999	-0.000273633	1	
9.99999	-0.000287115	1	
9.99999	-0.000305524	1	
9.99999	-0.000322817	1	
9.99999	-0.000342487	1	
9.99999	-0.000360865	1	
9.99999	-0.000385359	1	
9.99999	-0.000412484	1	
9.99999	-0.000441566	1	
9.99999	-0.000471936	1	
9.99999	-0.000505829	1	
9.99998	-0.00054351	1	
9.99998	-0.000587358	1	
9.99998	-0.000634203	1	
9.99998	-0.000682526	1	
9.99998	-0.000738347	1	
9.99998	-0.000799494	1	
9.99998	-0.000873416	1	
9.99997	-0.000954759	1	
9.99997	-0.00104517	1	
9.99997	-0.00114305	1	
9.99997	-0.00124813	1	
9.99996	-0.00135852	1	
9.99996	-0.00147939	1	
9.99996	-0.00160709	1	
9.99995	-0.00174331	1	
9.99995	-0.00188582	1	
9.99995	-0.00203431	1	
9.99994	-0.00219298	1	
9.99994	-0.00235903	1	
9.99993	-0.00252621	1	
9.99993	-0.00270288	1	
9.99992	-0.00288535	1	
9.99992	-0.00307825	1	
9.99991	-0.00327905	1	
9.9999	-0.00349209	1	
9.99989	-0.0037186	1	
9.99989	-0.00395704	1	
9.99988	-0.00421542	1	
9.99987	-0.00448348	1	
9.99986	-0.00475672	1	
9.99985	-0.00504094	1	
9.99984	-0.00533836	1	
9.99983	-0.00565119	1	
9.99981	-0.00597916	1	
9.9998	-0.00632727	1	
9.99979	-0.00668734	1	
9.99977	-0.00706668	1	
9.99976	-0.00746625	1	
9.99974	-0.00788859	1	
9.99973	-0.00833273	1	
9.99971	-0.00878588	1	
9.99969	-0.00925002	1	
9.99967	-0.00972914	1	
9.99965	-0.0102286	1	
9.99963	-0.010753	1	
9.99961	-0.0112923	1	
9.99958	-0.0118485	1	
9.99956	-0.0124278	1	
9.99953	-0.0130258	1	
9.99951	-0.0136489	1	
9.99948	-0.0142788	1	
9.99945	-0.0149177	1	
9.99942	-0.0155817	1	
9.99938	-0.0162765	1	
9.99935	-0.0169843	1	
9.99931	-0.0177076	1	
9.99928	-0.0184588	1	
9.99924	-0.0192364	1	
9.9992	-0.0200264	1	
9.99916	-0.020828	1	
9.99911	-0.0216595	1	
9.99907	-0.0225369	1	
9.99902	-0.0234137	1	
9.99897	-0.0242849	1	
9.99892	-0.0252103	1	
9.99887	-0.0261634	1	
9.99882	-0.0271227	1	
9.99876	-0.0281125	1	
9.9987	-0.0291363	1	
9.99864	-0.0301614	1	
9.99858	-0.0312059	1	
9.99852	-0.0322859	1	
9.99845	-0.0333505	1	
9.99838	-0.0344131	1	
9.99831	-0.0355143	1	
9.99823	-0.0366353	1	
9.99816	-0.0377882	1	
9.99808	-0.0389627	1	
9.998	-0.0401574	1	
9.99792	-0.0413873	1	
9.99783	-0.0426331	1	
9.99775	-0.0438981	1	
9.99765	-0.0452041	1	
9.99756	-0.0464961	1	
9.99747	-0.047821	1	
9.99737	-0.0491822	1	
9.99727	-0.0505736	1	
9.99716	-0.0519868	1	
9.99706	-0.05339	1	
9.99695	-0.054844	1	
9.99683	-0.0562996	1	
9.99672	-0.0578131	1	
9.9966	-0.0593429	1	
9.99648	-0.0608766	1	
9.99635	-0.0624634	1	
9.99622	-0.0640665	1	
9.99609	-0.0657385	1	
9.99596	-0.0674425	1	
9.99582	-0.0692019	1	
9.99568	-0.0710126	1	
9.99553	-0.0728967	1	
9.99538	-0.0748147	1	
9.99523	-0.0768307	1	
9.99507	-0.0788952	1	
9.99491	-0.0810429	1	
9.99474	-0.0831937	1	
9.99457	-0.0854232	1	
9.9944	-0.0877151	1	
9.99422	-0.0900775	1	
9.99403	-0.0924522	1	
9.99384	-0.0949164	1	
9.99365	-0.097438	1	
9.99345	-0.0999972	1	
9.99324	-0.102511	1	
9.99303	-0.105066	1	
9.99282	-0.107684	1	
9.9926	-0.110289	1	
9.99237	-0.112968	1	
9.99214	-0.115714	1	
9.9919	-0.118527	1	
9.99166	-0.121391	1	
9.99141	-0.124294	1	
9.99115	-0.127292	1	
9.99089	-0.130301	1	
9.99063	-0.133359	1	
9.99035	-0.136493	1	
9.99008	-0.139638	1	
9.98979	-0.142852	1	
9.9895	-0.14611	1	
9.9892	-0.149422	1	
9.98889	-0.152806	1	
9.98858	-0.156229	1	
9.98826	-0.159705	1	
9.98793	-0.163222	1	
9.9876	-0.166809	1	
9.98726	-0.170446	1	
9.98691	-0.174121	1	
9.98656	-0.177868	1	
9.98619	-0.181618	1	
9.98582	-0.185382	1	
9.98544	-0.189194	1	
9.98506	-0.19306	1	
9.98466	-0.196986	1	
9.98426	-0.201019	1	
9.98385	-0.205085	1	
9.98343	-0.209228	1	
9.98301	-0.213384	1	
9.98257	-0.217624	1	
9.98213	-0.22185	1	
9.98168	-0.226076	1	
9.98121	-0.230326	1	
9.98075	-0.234636	1	
9.98027	-0.239005	1	
9.97978	-0.243431	1	
9.97928	-0.247961	1	
9.97878	-0.252539	1	
9.97826	-0.257232	1	
9.97774	-0.261991	1	
9.97721	-0.266843	1	
9.97666	-0.271803	1	
9.97611	-0.276851	1	
9.97555	-0.281926	1	
9.97497	-0.287051	1	
9.97439	-0.292342	1	
9.97379	-0.297721	1	
9.97319	-0.303204	1	
9.97257	-0.308795	1	
9.97194	-0.314569	1	
9.9713	-0.320539	1	
9.97064	-0.326662	1	
9.96998	-0.333031	1	
9.9693	-0.339558	1	
9.96861	-0.346272	1	
9.9679	-0.353185	1	
9.96718	-0.360217	1	
9.96644	-0.367392	1	
9.9657	-0.37484	1	
9.96493	-0.382544	1	
9.96415	-0.390646	1	
9.96335	-0.39904	1	
9.96254	-0.407627	1	
9.9617	-0.416352	1	
9.96085	-0.425171	1	
9.95998	-0.434167	1	
9.9591	-0.443319	1	
9.95819	-0.452697	1	
9.95727	-0.462227	1	
9.95632	-0.471857	1	
9.95536	-0.481782	1	
9.95438	-0.491923	1	
9.95337	-0.502265	1	
9.95235	-0.512784	1	
9.9513	-0.523517	1	
9.95023	-0.534593	1	
9.94914	-0.545934	1	
9.94802	-0.55752	1	
9.94689	-0.569184	1	
9.94572	-0.580944	1	
9.94454	-0.592773	1	
9.94333	-0.604783	1	
9.94209	-0.616914	1	
9.94084	-0.629108	1	
9.93955	-0.641373	1	
9.93825	-0.653717	1	
9.93691	-0.666168	1	
9.93556	-0.678708	1	
9.93417	-0.691485	1	
9.93276	-0.704454	1	
9.93133	-0.717543	1	
9.92987	-0.730781	1	
9.92838	-0.744206	1	
9.92686	-0.758078	1	
9.92532	-0.772399	1	
9.92374	-0.787078	1	
9.92214	-0.802207	1	
9.9205	-0.81761	1	
9.91884	-0.833327	1	
9.91714	-0.849366	1	
9.91541	-0.86577	1	
9.91364	-0.882448	1	
9.91184	-0.899377	1	
9.91001	-0.916687	1	
9.90814	-0.934312	1	
9.90624	-0.952334	1	
9.9043	-0.97056	1	
9.90232	-0.988839	1	
9.9003	-1.00715	1	
9.89825	-1.02549	1	
9.89616	-1.04386	1	
9.89404	-1.06237	1	
9.89188	-1.08117	1	
9.88968	-1.10028	1	
9.88744	-1.11969	1	
9.88516	-1.13922	1	
9.88284	-1.15905	1	
9.88048	-1.17899	1	
9.87809	-1.19908	1	
9.87565	-1.21932	1	
9.87317	-1.23957	1	
9.87065	-1.25972	1	
9.86809	-1.27968	1	
9.86549	-1.29983	1	
9.86285	-1.32031	1	
9.86017	-1.3414	1	
9.85744	-1.36302	1	
9.85467	-1.38491	1	
9.85186	-1.4069	1	
9.849	-1.42895	1	
9.8461	-1.45114	1	
9.84315	-1.47357	1	
9.84016	-1.49631	1	
9.83712	-1.51943	1	
9.83403	-1.54294	1	
9.8309	-1.5668	1	
9.82772	-1.59095	1	
9.82448	-1.6156	1	
9.8212	-1.64079	1	
9.81787	-1.66631	1	
9.81449	-1.69229	1	
9.81105	-1.71893	1	
9.80756	-1.74623	1	
9.80401	-1.774	1	
9.8004	-1.802	1	
9.79674	-1.8302	1	
9.79303	-1.85886	1	
9.78925	-1.88839	1	
9.78541	-1.91871	1	
9.78151	-1.94945	1	
9.77755	-1.98041	1	
9.77353	-2.01167	1	
9.76944	-2.04332	1	
9.76529	-2.07559	1	
9.76107	-2.10843	1	
9.75679	-2.14178	1	
9.75244	-2.17549	1	
9.74802	-2.20951	1	
9.74353	-2.24423	1	
9.73897	-2.2798	1	
9.73434	-2.31613	1	
9.72963	-2.35282	1	
9.72486	-2.38947	1	
9.72	-2.42592	1	
9.71508	-2.46221	1	
9.71008	-2.49803	1	
9.70502	-2.53353	1	
9.69988	-2.56911	1	
9.69467	-2.60459	1	
9.68939	-2.63984	1	
9.68404	-2.67493	1	
9.67862	-2.71015	1	
9.67313	-2.74558	1	
9.66757	-2.78109	1	
9.66193	-2.81661	1	
9.65623	-2.85156	1	
9.65046	-2.88573	1	
9.64462	-2.91905	1	
9.63872	-2.95183	1	
9.63275	-2.9848	1	
9.62671	-3.01837	1	
9.6206	-3.0527	1	
9.61443	-3.0877	1	
9.60818	-3.12304	1	
9.60186	-3.15868	1	
9.59548	-3.19512	1	
9.58901	-3.23291	1	
9.58246	-3.27234	1	
9.57584	-3.31386	1	
9.56912	-3.35753	1	
9.56231	-3.4032	1	
9.55541	-3.4509	1	
9.54841	-3.50065	1	
9.54131	-3.55234	1	
9.5341	-3.60574	1	
9.52678	-3.66044	1	
9.51934	-3.7159	1	
9.5118	-3.77204	1	
9.50414	-3.82877	1	
9.49637	-3.88585	1	
9.48848	-3.94297	1	
9.48048	-3.99937	1	
9.47238	-4.05434	1	
9.46416	-4.10764	1	
9.45584	-4.15937	1	
9.44742	-4.20992	1	
9.4389	-4.25962	1	
9.43029	-4.30859	1	
9.42157	-4.35656	1	
9.41277	-4.40341	1	
9.40387	-4.44867	1	
9.39488	-4.49262	1	
9.38581	-4.53575	1	
9.37665	-4.57896	1	
9.36741	-4.62335	1	
9.35807	-4.66942	1	
9.34863	-4.71708	1	
9.3391	-4.7658	1	
9.32947	-4.81522	1	
9.31974	-4.86594	1	
9.3099	-4.91849	1	
9.29996	-4.97385	1	
9.28989	-5.03194	1	
9.27971	-5.09205	1	
9.2694	-5.15351	1	
9.25897	-5.2156	1	
9.24841	-5.27774	1	
9.23773	-5.3401	1	
9.22693	-5.40262	1	
9.216	-5.46454	1	
9.20495	-5.52561	1	
9.19378	-5.58575	1	
9.18249	-5.64489	1	
9.17108	-5.70296	1	
9.15956	-5.76	1	
9.14793	-5.81604	1	
9.13619	-5.87139	1	
9.12433	-5.92738	1	
9.11236	-5.98517	1	
9.10027	-6.04606	1	
9.08805	-6.10995	1	
9.0757	-6.17637	1	
9.06321	-6.24557	1	
9.05057	-6.31796	1	
9.03779	-6.39102	0.998496	
9.02487	-6.46077	0.994852	
9.01181	-6.52731	0.991788	
8.99863	-6.5907	0.989119	
8.98533	-6.65103	0.986626	
8.97191	-6.70836	0.983968	
8.95839	-6.76277	0.981411	
8.94476	-6.81434	0.979106	
8.93103	-6.86312	0.977134	
8.91721	-6.90919	0.975412	
8.90331	-6.95262	0.973757	
8.88932	-6.99347	0.971931	
8.87526	-7.03181	0.969935	
8.86112	-7.0677	0.967311	
8.84692	-7.10119	0.963947	
8.83265	-7.13235	0.960367	
8.81833	-7.16125	0.957017	
8.80396	-7.18793	0.953265	
8.78953	-7.21246	0.94881	
8.77506	-7.23488	0.943122	
8.76055	-7.25526	0.937136	
8.746	-7.27365	0.931312	
8.73142	-7.29009	0.925724	
8.71681	-7.30465	0.919706	
8.70218	-7.31737	0.913171	
8.68752	-7.3283	0.906304	
8.67285	-7.33748	0.899546	
8.65816	-7.34497	0.893157	
8.64346	-7.35081	0.886705	
8.62875	-7.35505	0.880313	
8.61403	-7.35772	0.874067	
8.59931	-7.35888	0.86756	
8.5846	-7.35856	0.860558	
8.56988	-7.35681	0.853075	
8.55517	-7.35367	0.845063	
8.54048	-7.34918	0.836564	
8.52579	-7.34337	0.8278	
8.51112	-7.33628	0.819268	
8.49646	-7.32795	0.811607	
8.48182	-7.31842	0.804526	
8.46721	-7.30773	0.797972	
8.45262	-7.2959	0.791866	
8.43805	-7.28297	0.786256	
8.42351	-7.26897	0.780941	
8.40901	-7.25395	0.775752	
8.39453	-7.23792	0.770585	
8.38009	-7.22092	0.765533	
8.36568	-7.20298	0.760606	
8.35131	-7.18414	0.75556	
8.33698	-7.16441	0.750375	
8.3227	-7.14383	0.745144	
8.30845	-7.12243	0.739802	
8.29425	-7.10023	0.734524	
8.2801	-7.07726	0.72969	
8.26599	-7.05354	0.725374	
8.25193	-7.02911	0.721266	
8.23792	-7.00399	0.71702	
8.22397	-6.97819	0.712856	
8.21006	-6.95175	0.709003	
8.19621	-6.92469	0.705147	
8.18242	-6.89703	0.701186	
8.16868	-6.86879	0.696924	
8.155	-6.83999	0.692316	
8.14138	-6.81066	0.687468	
8.12782	-6.78082	0.682324	
8.11432	-6.75048	0.676863	
8.10088	-6.71967	0.671318	
8.0875	-6.68841	0.665587	
8.07419	-6.65671	0.659587	
8.06094	-6.62459	0.653468	
8.04776	-6.59207	0.647572	
8.03464	-6.55918	0.642047	
8.02159	-6.52591	0.636781	
8.0086	-6.4923	0.632104	
7.99568	-6.45836	0.627707	
7.98284	-6.4241	0.623281	
7.97006	-6.38955	0.618896	
7.95735	-6.35471	0.614376	
7.94471	-6.31959	0.609767	
7.93214	-6.28423	0.605144	
7.91964	-6.24862	0.600238	
7.90722	-6.21278	0.59515	
7.89486	-6.17673	0.590047	
7.88258	-6.14048	0.584833	
7.87037	-6.10404	0.579538	
7.85824	-6.06742	0.574308	
7.84618	-6.03064	0.569426	
7.83419	-5.99371	0.564832	
7.82228	-5.95664	0.560395	
7.81044	-5.91943	0.556274	
7.79868	-5.88211	0.552471	
7.78699	-5.84468	0.548619	
7.77537	-5.80716	0.54466	
7.76383	-5.76954	0.540772	
7.75237	-5.73185	0.537096	
7.74098	-5.69409	0.533552	
7.72967	-5.65627	0.529948	
7.71843	-5.61841	0.526145	
7.70727	-5.5805	0.522307	
7.69618	-5.54255	0.518412	
7.68518	-5.50459	0.514478	
7.67424	-5.46661	0.510538	
7.66338	-5.42862	0.50678	
7.6526	-5.39063	0.503254	
7.6419	-5.35265	0.499845	
7.63127	-5.31468	0.496554	
7.62072	-5.27673	0.493354	
7.61024	-5.23881	0.490231	
7.59984	-5.20093	0.487115	
7.58951	-5.16309	0.483982	
7.57926	-5.12529	0.480829	
7.56908	-5.08755	0.477569	
7.55898	-5.04987	0.474144	
7.54896	-5.01226	0.470416	
7.53901	-4.97471	0.466509	
7.52914	-4.93724	0.462672	
7.51934	-4.89985	0.458842	
7.50961	-4.86255	0.454938	
7.49996	-4.82534	0.451025	
7.49038	-4.78823	0.44734	
7.48088	-4.75122	0.44398	
7.47145	-4.71431	0.440759	
7.4621	-4.67751	0.437531	
7.45282	-4.64083	0.434381	
7.44361	-4.60426	0.431236	
7.43447	-4.56781	0.428044	
7.42541	-4.53149	0.424921	
7.41642	-4.4953	0.421782	
7.4075	-4.45924	0.418847	
7.39865	-4.42332	0.416133	
7.38988	-4.38753	0.413498	
7.38117	-4.35189	0.410798	
7.37254	-4.31639	0.408028	
7.36398	-4.28104	0.405216	
7.35549	-4.24584	0.402344	
7.34707	-4.2108	0.399413	
7.33871	-4.17591	0.39638	
7.33043	-4.14118	0.393513	
7.32222	-4.10661	0.390856	
7.31407	-4.0722	0.388408	
7.306	-4.03796	0.386108	
7.29799	-4.00388	0.383947	
7.29005	-3.96998	0.381821	
7.28218	-3.93624	0.379858	
7.27437	-3.90268	0.377985	
7.26663	-3.86929	0.37614	
7.25896	-3.83608	0.374154	
7.25136	-3.80305	0.372044	
7.24382	-3.7702	0.36989	
7.23634	-3.73753	0.367827	
7.22893	-3.70504	0.365744	
7.22159	-3.67273	0.363602	
7.2143	-3.64061	0.361413	
7.20709	-3.60868	0.359198	
7.19993	-3.57693	0.35697	
7.19284	-3.54537	0.354726	
7.18581	-3.514	0.352464	
7.17885	-3.48281	0.350246	
7.17195	-3.45182	0.347982	
7.1651	-3.42102	0.34572	
7.15832	-3.39041	0.343579	
7.1516	-3.36	0.341575	
7.14494	-3.32977	0.339524	
7.13834	-3.29974	0.337406	
7.1318	-3.26991	0.335093	
7.12532	-3.24027	0.332828	
7.1189	-3.21082	0.330607	
7.11254	-3.18157	0.3284	
7.10623	-3.15252	0.326169	
7.09999	-3.12366	0.323927	
7.0938	-3.09499	0.321671	
7.08766	-3.06653	0.319361	
7.08159	-3.03825	0.317162	
7.07557	-3.01018	0.315044	
7.0696	-2.9823	0.312906	
7.06369	-2.95462	0.310493	
7.05784	-2.92713	0.307914	
7.05204	-2.89984	0.305257	
7.04629	-2.87274	0.3028	
7.0406	-2.84584	0.300566	
7.03496	-2.81914	0.298566	
7.02938	-2.79263	0.296699	
7.02384	-2.76631	0.294956	
7.01836	-2.74019	0.293432	
7.01294	-2.71427	0.292079	
7.00756	-2.68853	0.290869	
7.00223	-2.663	0.289766	
6.99696	-2.63765	0.288768	
6.99173	-2.6125	0.287921	
6.98656	-2.58754	0.287164	
6.98143	-2.56277	0.28645	
6.97636	-2.53819	0.285714	
6.97133	-2.51381	0.284901	
6.96635	-2.48961	0.283986	
6.96142	-2.4656	0.282941	
6.95653	-2.44179	0.281919	
6.9517	-2.41816	0.280766	
6.94691	-2.39471	0.279474	
6.94217	-2.37146	0.277999	
6.93747	-2.34839	0.27624	
6.93282	-2.32551	0.27417	
6.92821	-2.30281	0.271905	
6.92365	-2.28029	0.269644	
6.91914	-2.25796	0.267559	
6.91466	-2.23582	0.2657	
6.91024	-2.21385	0.264033	
6.90585	-2.19207	0.262486	
6.90151	-2.17046	0.261012	
6.89721	-2.14904	0.259522	
6.89296	-2.12779	0.258136	
6.88874	-2.10672	0.256909	
6.88457	-2.08583	0.255818	
6.88044	-2.06512	0.254807	
6.87635	-2.04458	0.253904	
6.8723	-2.02421	0.253048	
6.8683	-2.00402	0.252396	
6.86433	-1.984	0.251924	
6.8604	-1.96415	0.251484	
6.85651	-1.94447	0.250959	
6.85266	-1.92497	0.250279	
6.84885	-1.90563	0.249381	
6.84508	-1.88646	0.248182	
6.84134	-1.86745	0.246886	
6.83764	-1.84862	0.245461	
6.83398	-1.82995	0.243801	
6.83036	-1.81144	0.242106	
6.82678	-1.79309	0.240494	
6.82323	-1.77491	0.23886	
6.81971	-1.75689	0.237219	
6.81623	-1.73903	0.235539	
6.81279	-1.72133	0.233868	
6.80938	-1.70378	0.232297	
6.80601	-1.6864	0.230807	
6.80267	-1.66917	0.22936	
6.79937	-1.65209	0.228045	
6.7961	-1.63517	0.226963	
6.79286	-1.6184	0.226046	
6.78966	-1.60179	0.225266	
6.78649	-1.58533	0.224598	
6.78335	-1.56901	0.223948	
6.78024	-1.55285	0.223272	
6.77717	-1.53683	0.222588	
6.77413	-1.52096	0.221927	
6.77112	-1.50524	0.221343	
6.76814	-1.48966	0.220741	
6.76519	-1.47423	0.220069	
6.76227	-1.45894	0.219378	
6.75938	-1.44379	0.218639	
6.75653	-1.42879	0.217729	
6.7537	-1.41392	0.216664	
6.7509	-1.39919	0.215473	
6.74813	-1.3846	0.21434	
6.74539	-1.37015	0.213159	
6.74268	-1.35584	0.211998	
6.74	-1.34165	0.210671	
6.73734	-1.32761	0.209373	
6.73471	-1.31369	0.208094	
6.73211	-1.29991	0.206684	
6.72954	-1.28626	0.205311	
6.727	-1.27274	0.203891	
6.72448	-1.25935	0.202549	
6.72198	-1.24609	0.201258	
6.71952	-1.23295	0.200014	
6.71708	-1.21994	0.198798	
6.71466	-1.20706	0.197565	
6.71228	-1.1943	0.196273	
6.70991	-1.18166	0.19488	
6.70757	-1.16914	0.193489	
6.70526	-1.15675	0.192199	
6.70297	-1.14448	0.190924	
6.70071	-1.13232	0.189736	
6.69847	-1.12029	0.188503	
6.69625	-1.10837	0.187293	
6.69406	-1.09657	0.186063	
6.69189	-1.08488	0.184844	
6.68974	-1.07331	0.183684	
6.68762	-1.06185	0.182581	
6.68552	-1.05051	0.181643	
6.68344	-1.03927	0.180785	
6.68138	-1.02815	0.18004	
6.67935	-1.01714	0.179302	
6.67733	-1.00623	0.178576	
6.67534	-0.995437	0.177807	
6.67337	-0.984748	0.177092	
6.67143	-0.974166	0.176418	
6.6695	-0.963689	0.175823	
6.66759	-0.953317	0.175235	
6.66571	-0.943048	0.174764	
6.66384	-0.932882	0.174399	
6.66199	-0.922817	0.174083	
6.66017	-0.912854	0.173741	
6.65836	-0.90299	0.173268	
6.65658	-0.893226	0.172692	
6.65481	-0.88356	0.172098	
6.65306	-0.873992	0.171563	
6.65133	-0.86452	0.171034	
6.64962	-0.855144	0.170474	
6.64793	-0.845863	0.169852	
6.64626	-0.836676	0.169112	
6.6446	-0.827582	0.16835	
6.64296	-0.818581	0.167636	
6.64134	-0.809671	0.166987	
6.63974	-0.800852	0.166378	
6.63816	-0.792123	0.165895	
6.63659	-0.783483	0.165444	
6.63504	-0.774931	0.164981	
6.63351	-0.766467	0.164548	
6.63199	-0.75809	0.163997	
6.63049	-0.749799	0.163447	
6.62901	-0.741593	0.162961	
6.62754	-0.733471	0.162452	
6.62609	-0.725433	0.161878	
6.62466	-0.717478	0.161198	
6.62324	-0.709605	0.16038	
6.62183	-0.701814	0.159604	
6.62045	-0.694103	0.158734	
6.61907	-0.686472	0.157978	
6.61772	-0.678919	0.157175	
6.61637	-0.671446	0.156352	
6.61504	-0.66405	0.155405	
6.61373	-0.656731	0.154318	
6.61243	-0.649488	0.153162	
6.61115	-0.642321	0.152015	
6.60988	-0.635228	0.151001	
6.60862	-0.62821	0.150079	
6.60738	-0.621265	0.149292	
6.60615	-0.614392	0.148577	
6.60493	-0.607592	0.147849	
6.60373	-0.600863	0.147188	
6.60254	-0.594204	0.146603	
6.60137	-0.587616	0.146021	
6.60021	-0.581097	0.145597	
6.59906	-0.574646	0.145188	
6.59792	-0.568264	0.144771	
6.5968	-0.561949	0.144257	
6.59569	-0.5557	0.143732	
6.59459	-0.549518	0.143214	
6.5935	-0.543401	0.142737	
6.59242	-0.537349	0.142214	
6.59136	-0.53136	0.141785	
6.59031	-0.525436	0.141326	
6.58927	-0.519574	0.140763	
6.58824	-0.513775	0.140213	
6.58723	-0.508037	0.139619	
6.58622	-0.50236	0.139041	
6.58523	-0.496744	0.138475	
6.58425	-0.491188	0.137971	
6.58328	-0.485691	0.137605	
6.58232	-0.480253	0.137266	
6.58137	-0.474873	0.137041	
6.58043	-0.46955	0.136885	
6.5795	-0.464284	0.136791	
6.57858	-0.459075	0.136721	
6.57767	-0.453922	0.13676	
6.57678	-0.448824	0.136862	
6.57589	-0.443781	0.137115	
6.57501	-0.438792	0.137253	
6.57414	-0.433857	0.137419	
6.57328	-0.428975	0.13746	
6.57244	-0.424145	0.137556	
6.5716	-0.419368	0.137561	
6.57077	-0.414642	0.137622	
6.56995	-0.409968	0.137483	
6.56914	-0.405343	0.137381	
6.56834	-0.400769	0.137147	
6.56754	-0.396244	0.136913	
6.56676	-0.391769	0.136526	
6.56598	-0.387342	0.136117	
6.56522	-0.382963	0.135703	
6.56446	-0.378631	0.135302	
6.56371	-0.374347	0.134967	
6.56297	-0.370109	0.134602	
6.56224	-0.365917	0.134344	
6.56152	-0.361771	0.134168	
6.5608	-0.35767	0.134057	
6.56009	-0.353614	0.134053	
6.5594	-0.349602	0.134125	
6.5587	-0.345634	0.134311	
6.55802	-0.341709	0.134481	
6.55735	-0.337828	0.134714	
6.55668	-0.333988	0.134819	
6.55602	-0.330191	0.134878	
6.55536	-0.326435	0.134947	
6.55472	-0.322721	0.134889	
6.55408	-0.319047	0.134604	
6.55345	-0.315414	0.134361	
6.55283	-0.31182	0.134087	
6.55221	-0.308266	0.133756	
6.5516	-0.304751	0.133421	
6.551	-0.301275	0.132984	
6.5504	-0.297837	0.132409	
6.54981	-0.294437	0.131828	
6.54923	-0.291074	0.13128	
6.54866	-0.287749	0.130631	
6.54809	-0.28446	0.130149	
6.54752	-0.281208	0.129754	
6.54697	-0.277991	0.12937	
6.54642	-0.27481	0.128943	
6.54588	-0.271665	0.128568	
6.54534	-0.268554	0.128262	
6.54481	-0.265477	0.127966	
6.54428	-0.262435	0.127663	
6.54376	-0.259427	0.127352	
6.54325	-0.256452	0.126945	
6.54274	-0.253509	0.126563	
6.54224	-0.2506	0.126114	
6.54175	-0.247723	0.125608	
6.54126	-0.244878	0.125105	
6.54077	-0.242064	0.124643	
6.54029	-0.239282	0.124194	
6.53982	-0.236531	0.12364	
6.53935	-0.233811	0.123041	
6.53889	-0.231121	0.122439	
6.53843	-0.228461	0.121752	
6.53798	-0.22583	0.121119	
6.53754	-0.22323	0.120507	
6.5371	-0.220658	0.119983	
6.53666	-0.218115	0.119667	
6.53623	-0.2156	0.119416	
6.5358	-0.213113	0.119342	
6.53538	-0.210655	0.119183	
6.53496	-0.208224	0.119187	
6.53455	-0.20582	0.119144	
6.53414	-0.203443	0.119173	
6.53374	-0.201093	0.118977	
6.53335	-0.198769	0.118847	
6.53295	-0.196471	0.118599	
6.53256	-0.194199	0.118358	
6.53218	-0.191953	0.117905	
6.5318	-0.189732	0.117581	
6.53143	-0.187536	0.11718	
6.53105	-0.185365	0.116775	
6.53069	-0.183218	0.116362	
6.53033	-0.181095	0.115825	
6.52997	-0.178997	0.115405	
6.52961	-0.176921	0.114679	
6.52926	-0.17487	0.11413	
6.52892	-0.172841	0.113567	
6.52858	-0.170836	0.113273	
6.52824	-0.168853	0.112864	
6.52791	-0.166893	0.11259	
6.52758	-0.164954	0.112366	
6.52725	-0.163038	0.112317	
6.52693	-0.161144	0.112056	
6.52661	-0.15927	0.111926	
6.52629	-0.157419	0.111777	
6.52598	-0.155588	0.111676	
6.52568	-0.153778	0.111397	
6.52537	-0.151988	0.111172	
6.52507	-0.150219	0.110949	
6.52477	-0.148469	0.110653	
6.52448	-0.14674	0.110376	
6.52419	-0.145031	0.109859	
6.5239	-0.14334	0.109447	
6.52362	-0.141669	0.1088	
6.52334	-0.140017	0.108307	
6.52306	-0.138384	0.107668	
6.52279	-0.13677	0.107087	
6.52252	-0.135174	0.106525	
6.52225	-0.133596	0.106236	
6.52199	-0.132036	0.10589	
6.52173	-0.130494	0.1056	
6.52147	-0.128969	0.105222	
6.52121	-0.127462	0.104904	
6.52096	-0.125972	0.104781	
6.52071	-0.124499	0.104499	
6.52047	-0.123043	0.104283	
6.52022	-0.121604	0.104083	
6.51998	-0.120181	0.103946	
6.51975	-0.118774	0.103956	
6.51951	-0.117384	0.103672	
6.51928	-0.116009	0.103229	
6.51905	-0.11465	0.103003	
6.51882	-0.113307	0.102752	
6.5186	-0.111979	0.102152	
6.51838	-0.110667	0.101605	
6.51816	-0.109369	0.101	
6.51794	-0.108086	0.10035	
6.51773	-0.106818	0.0999064	
6.51752	-0.105565	0.0993439	
6.51731	-0.104326	0.0988406	
6.5171	-0.103101	0.098498	
6.5169	-0.101891	0.0982218	
6.5167	-0.100694	0.0979104	
6.5165	-0.099511	0.09781	
6.5163	-0.0983416	0.0977497	
6.51611	-0.0971858	0.0976128	
6.51592	-0.0960432	0.0977589	
6.51573	-0.0949138	0.0978	
6.51554	-0.0937975	0.0979474	
6.51535	-0.092694	0.098109	
6.51517	-0.0916032	0.0985256	
6.51499	-0.0905251	0.0988663	
6.51481	-0.0894593	0.0990075	
6.51463	-0.0884059	0.0993939	
6.51446	-0.0873647	0.0995112	
6.51429	-0.0863355	0.0995319	
6.51412	-0.0853181	0.0996707	
6.51395	-0.0843126	0.0997444	
6.51378	-0.0833187	0.0997581	
6.51362	-0.0823362	0.0996056	
6.51345	-0.0813652	0.0994688	
6.51329	-0.0804053	0.0991575	
6.51313	-0.0794566	0.0987919	
6.51298	-0.0785189	0.0984199	
6.51282	-0.0775921	0.0982212	
6.51267	-0.076676	0.0978693	
6.51252	-0.0757705	0.0975914	
6.51237	-0.0748755	0.0971077	
6.51222	-0.0739909	0.0970524	
6.51207	-0.0731166	0.0966302	
6.51193	-0.0722524	0.0964094	
6.51179	-0.0713983	0.0962849	
6.51164	-0.0705541	0.0963249	
6.5115	-0.0697196	0.0960401	
6.51137	-0.0688949	0.0960698	
6.51123	-0.0680798	0.0960047	
6.5111	-0.0672742	0.0957915	
6.51096	-0.0664779	0.0958016	
6.51083	-0.0656909	0.0956111	
6.5107	-0.0649131	0.0954596	
6.51057	-0.0641443	0.0952474	
6.51045	-0.0633844	0.0950123	
6.51032	-0.0626335	0.0949518	
6.5102	-0.0618912	0.0948245	
6.51008	-0.0611576	0.0944953	
6.50995	-0.0604326	0.0943157	
6.50984	-0.059716	0.0942421	
6.50972	-0.0590078	0.0939023	
6.5096	-0.0583079	0.0940984	
6.50949	-0.0576161	0.0940556	
6.50937	-0.0569324	0.0939012	
6.50926	-0.0562567	0.0942629	
6.50915	-0.0555889	0.0946146	
6.50904	-0.0549289	0.09503	
6.50893	-0.0542766	0.0956691	
6.50882	-0.0536319	0.0961552	
6.50872	-0.0529948	0.0968361	
6.50861	-0.0523651	0.0974688	
6.50851	-0.0517428	0.0976721	
6.50841	-0.0511277	0.098197	
6.5083	-0.0505199	0.0986921	
6.5082	-0.0499192	0.0993333	
6.50811	-0.0493255	0.0996707	
6.50801	-0.0487388	0.0999247	
6.50791	-0.0481589	0.100006	
6.50782	-0.0475859	0.100083	
6.50772	-0.0470195	0.0999556	
6.50763	-0.0464598	0.099479	
6.50754	-0.0459067	0.0989189	
6.50745	-0.0453601	0.0985894	
6.50736	-0.0448199	0.0985129	
6.50727	-0.044286	0.0981845	
6.50718	-0.0437584	0.0976073	
6.5071	-0.0432369	0.0973556	
6.50701	-0.0427217	0.0970466	
6.50693	-0.0422124	0.0968347	
6.50684	-0.0417092	0.0965345	
6.50676	-0.0412118	0.0961264	
6.50668	-0.0407203	0.0957037	
6.5066	-0.0402346	0.0955813	
6.50652	-0.0397547	0.0954683	
6.50644	-0.0392803	0.0950973	
6.50636	-0.0388115	0.0944001	
6.50629	-0.0383483	0.0938794	
6.50621	-0.0378905	0.093356	
6.50613	-0.0374381	0.0926889	
6.50606	-0.036991	0.091994	
6.50599	-0.0365492	0.0907747	
6.50592	-0.0361127	0.0897874	
6.50584	-0.0356812	0.0888119	
6.50577	-0.0352548	0.0878289	
6.5057	-0.0348335	0.0868666	
6.50563	-0.0344171	0.0858797	
6.50557	-0.0340057	0.0854761	
6.5055	-0.0335991	0.0850506	
6.50543	-0.0331973	0.0843873	
6.50537	-0.0328003	0.0837039	
6.5053	-0.0324079	0.0833881	
6.50524	-0.0320202	0.0833945	
6.50518	-0.031637	0.0831667	
6.50511	-0.0312584	0.0829932	
6.50505	-0.0308843	0.0831282	
6.50499	-0.0305145	0.0833003	
6.50493	-0.0301492	0.0836946	
6.50487	-0.0297881	0.0843385	
6.50481	-0.0294314	0.0845076	
6.50475	-0.0290788	0.084389	
6.5047	-0.0287305	0.0843675	
6.50464	-0.0283862	0.0841854	
6.50458	-0.0280461	0.0840353	
6.50453	-0.0277099	0.0839922	
6.50447	-0.0273778	0.0837197	
6.50442	-0.0270495	0.0835432	
6.50437	-0.0267252	0.0830326	
6.50431	-0.0264047	0.0828777	
6.50426	-0.026088	0.0827607	
6.50421	-0.0257751	0.0830146	
6.50416	-0.0254658	0.0831002	
6.50411	-0.0251603	0.0833476	
6.50406	-0.0248583	0.0839624	
6.50401	-0.02456	0.0845483	
6.50396	-0.0242651	0.0847832	
6.50391	-0.0239738	0.0854359	
6.50386	-0.023686	0.086333	
6.50382	-0.0234015	0.0866831	
6.50377	-0.0231205	0.0874308	
6.50373	-0.0228427	0.0877024	
6.50368	-0.0225683	0.0878446	
6.50364	-0.0222971	0.0875611	
6.50359	-0.0220292	0.0878248	
6.50355	-0.0217644	0.0871022	
6.50351	-0.0215028	0.0870311	
6.50346	-0.0212443	0.0865689	
6.50342	-0.0209889	0.0860984	
6.50338	-0.0207365	0.0856963	
6.50334	-0.0204871	0.0850094	
6.5033	-0.0202407	0.0842194	
6.50326	-0.0199972	0.0832216	
6.50322	-0.0197566	0.0824706	
6.50318	-0.0195189	0.0817726	
6.50314	-0.019284	0.0814898	
6.5031	-0.0190519	0.0811398	
6.50307	-0.0188226	0.0812636	
6.50303	-0.018596	0.0813171	
6.50299	-0.0183721	0.0820545	
6.50296	-0.0181508	0.0821827	
6.50292	-0.0179322	0.08279	
6.50288	-0.0177162	0.0832551	
6.50285	-0.0175028	0.0830958	
6.50281	-0.017292	0.0827954	
6.50278	-0.0170836	0.0824957	
6.50275	-0.0168777	0.0821765	
6.50271	-0.0166743	0.0818841	
6.50268	-0.0164733	0.0813717	
6.50265	-0.0162748	0.0809707	
6.50262	-0.0160785	0.0808684	
6.50258	-0.0158847	0.0803143	
6.50255	-0.0156931	0.080033	
6.50252	-0.0155038	0.0794513	
6.50249	-0.0153168	0.079136	
6.50246	-0.0151321	0.0788022	
6.50243	-0.0149495	0.0785407	
6.5024	-0.0147691	0.0787582	
6.50237	-0.0145909	0.0788185	
6.50234	-0.0144148	0.0792997	
6.50231	-0.0142408	0.0800661	
6.50229	-0.0140689	0.0805844	
6.50226	-0.013899	0.0813181	
6.50223	-0.0137312	0.0813262	
6.5022	-0.0135654	0.0814251	
6.50218	-0.0134015	0.0813456	
6.50215	-0.0132397	0.0811112	
6.50212	-0.0130797	0.0811506	
6.5021	-0.0129217	0.0806011	
6.50207	-0.0127656	0.0797597	
6.50205	-0.0126113	0.0788341	
6.50202	-0.0124589	0.0777979	
6.502	-0.0123083	0.0767828	
6.50197	-0.0121595	0.0759569	
6.50195	-0.0120125	0.0750841	
6.50193	-0.0118673	0.0749182	
6.5019	-0.0117238	0.0741763	
6.50188	-0.011582	0.07363	
6.50186	-0.011442	0.0736188	
6.50183	-0.0113036	0.0730369	
6.50181	-0.0111668	0.0735003	
6.50179	-0.0110317	0.0737008	
6.50177	-0.0108982	0.0741446	
6.50175	-0.0107664	0.0745203	
6.50173	-0.0106361	0.0752029	
6.5017	-0.0105073	0.0752819	
6.50168	-0.0103802	0.0750385	
6.50166	-0.0102545	0.0746827	
6.50164	-0.0101304	0.0742731	
6.50162	-0.0100077	0.0741239	
6.5016	-0.0098865	0.0734516	
6.50158	-0.00976677	0.0734241	
6.50156	-0.00964848	0.0732213	
6.50154	-0.00953161	0.0732304	
6.50153	-0.00941614	0.072314	
6.50151	-0.00930206	0.0724225	
6.50149	-0.00918935	0.0721372	
6.50147	-0.009078	0.0722861	
6.50145	-0.00896798	0.072555	
6.50144	-0.00885929	0.0726067	
6.50142	-0.0087519	0.0735761	
6.5014	-0.00864581	0.0754697	
6.50138	-0.00854099	0.0763981	
6.50137	-0.00843743	0.0778534	
6.50135	-0.00833512	0.0789216	
6.50133	-0.00823404	0.0798242	
6.50132	-0.00813418	0.080338	
6.5013	-0.00803551	0.0793558	
6.50129	-0.00793804	0.0781901	
6.50127	-0.00784174	0.076671	
6.50125	-0.0077466	0.0757688	
6.50124	-0.0076526	0.0742875	
6.50122	-0.00755973	0.0734299	
6.50121	-0.00746799	0.0732208	
6.50119	-0.00737735	0.0723496	
6.50118	-0.0072878	0.0721808	
6.50116	-0.00719933	0.0721369	
6.50115	-0.00711193	0.0711944	
6.50114	-0.00702558	0.0713123	
6.50112	-0.00694027	0.0705325	
6.50111	-0.00685599	0.0721762	
6.5011	-0.00677272	0.0726609	
6.50108	-0.00669046	0.0742195	
6.50107	-0.00660919	0.0754982	
6.50106	-0.0065289	0.0764309	
6.50104	-0.00644958	0.0769104	
6.50103	-0.00637122	0.0767387	
6.50102	-0.0062938	0.0757757	
6.50101	-0.00621732	0.0751579	
6.50099	-0.00614175	0.0735492	
6.50098	-0.00606711	0.0713264	
6.50097	-0.00599336	0.069874	
6.50096	-0.0059205	0.069277	
6.50095	-0.00584852	0.0701102	
6.50093	-0.00577741	0.0706087	
6.50092	-0.00570716	0.0719898	
6.50091	-0.00563776	0.0735681	
6.5009	-0.00556919	0.0747059	
6.50089	-0.00550146	0.0758583	
6.50088	-0.00543454	0.0778632	
6.50087	-0.00536843	0.0781067	
6.50086	-0.00530312	0.0792157	
6.50085	-0.0052386	0.0803196	
6.50084	-0.00517486	0.0791702	
6.50083	-0.00511189	0.0805262	
6.50082	-0.00504968	0.0802926	
6.50081	-0.00498823	0.0783363	
6.5008	-0.00492751	0.0773893	
6.50079	-0.00486753	0.0736882	
6.50078	-0.00480828	0.0703995	
6.50077	-0.00474974	0.0651185	
6.50076	-0.00469191	0.0618987	
6.50075	-0.00463478	0.0602613	
6.50074	-0.00457834	0.0611654	
6.50073	-0.00452259	0.0627871	
6.50072	-0.0044675	0.0651411	
6.50071	-0.00441309	0.0672755	
6.5007	-0.00435933	0.0695535	
6.5007	-0.00430623	0.0713969	
6.50069	-0.00425377	0.071647	
6.50068	-0.00420194	0.0725174	
6.50067	-0.00415074	0.0723923	
6.50066	-0.00410016	0.0732549	
6.50065	-0.00405019	0.071221	
6.50065	-0.00400083	0.0690776	
6.50064	-0.00395207	0.0679828	
6.50063	-0.0039039	0.0641247	
6.50062	-0.00385631	0.0618436	
6.50061	-0.0038093	0.0606492	
6.50061	-0.00376285	0.0589976	
6.5006	-0.00371697	0.05988	
6.50059	-0.00367165	0.0612861	
6.50059	-0.00362687	0.0624611	
6.50058	-0.00358264	0.065058	
6.50057	-0.00353895	0.0663504	
6.50056	-0.00349578	0.0680922	
6.50056	-0.00345314	0.0702908	
6.50055	-0.00341102	0.0721363	
6.50054	-0.0033694	0.074512	
6.50054	-0.00332829	0.07508	
6.50053	-0.00328768	0.0761103	
6.50052	-0.00324757	0.0771214	
6.50052	-0.00320793	0.0724663	
6.50051	-0.00316878	0.0697672	
6.5005	-0.00313011	0.0647962	
6.5005	-0.0030919	0.0582493	
6.50049	-0.00305416	0.0547606	
6.50049	-0.00301688	0.0529714	
6.50048	-0.00298005	0.0555947	
6.50047	-0.00294366	0.0569908	
6.50047	-0.00290772	0.0613507	
6.50046	-0.00287222	0.0659282	
6.50046	-0.00283714	0.0655724	
6.50045	-0.00280249	0.0699424	
6.50045	-0.00276827	0.0708624	
6.50044	-0.00273446	0.0711958	
6.50043	-0.00270105	0.071039	
6.50043	-0.00266806	0.0702995	
6.50042	-0.00263547	0.0679559	
6.50042	-0.00260327	0.0652982	
6.50041	-0.00257146	0.0629141	
6.50041	-0.00254004	0.0599261	
6.5004	-0.002509	0.056826	
6.5004	-0.00247834	0.056759	
6.50039	-0.00244805	0.0562197	
6.50039	-0.00241813	0.0560646	
6.50038	-0.00238858	0.0579627	
6.50038	-0.00235938	0.0600742	
6.50038	-0.00233054	0.064528	
6.50037	-0.00230205	0.0667874	
6.50037	-0.0022739	0.0696635	
6.50036	-0.0022461	0.0713917	
6.50036	-0.00221864	0.0708577	
6.50035	-0.00219151	0.0739331	
6.50035	-0.00216471	0.0712153	
6.50034	-0.00213823	0.0722513	
6.50034	-0.00211208	0.0682325	
6.50034	-0.00208625	0.0692007	
6.50033	-0.00206073	0.0653869	
6.50033	-0.00203552	0.0575145	
6.50032	-0.00201062	0.0535989	
6.50032	-0.00198602	0.0506658	
6.50032	-0.00196173	0.048704	
6.50031	-0.00193772	0.0511853	
6.50031	-0.00191401	0.0555842	
6.5003	-0.00189059	0.0614102	
6.5003	-0.00186746	0.0715601	
6.5003	-0.0018446	0.0816382	
6.50029	-0.00182202	0.0849338	
6.50029	-0.00179972	0.0818338	
6.50029	-0.00177769	0.0669653	
6.50028	-0.00175593	0.0485182	
6.50028	-0.00173444	0.0355874	
6.50028	-0.0017132	0.0305202	
6.50027	-0.00169223	0.0326998	
6.50027	-0.00167151	0.0437008	
6.50027	-0.00165104	0.0892238	
6.50026	-0.00142283	1	
6.50027	0.00132092	1	
6.50027	0.00319469	1	
6.50028	0.00307862	0.0184467	
6.50028	0.0029652	0.00300549	
6.50029	0.00285437	0.00125893	
6.50029	0.00274608	0.000774438	
6.5003	0.00264029	0.00065889	
6.50031	0.00253695	0.000653741	
6.50031	0.002436	0.00066978	
6.50031	0.0023374	0.00066476	
6.50032	0.0022411	0.000625989	
6.50032	0.00214706	0.000564793	
6.50033	0.00205523	0.000501989	
6.50033	0.00196557	0.000452394	
6.50034	0.00187804	0.000419554	
6.50034	0.00179259	0.000403004	
6.50034	0.00170918	0.000402163	
6.50035	0.00162777	0.00041383	
6.50035	0.00154832	0.000438054	
6.50035	0.00147079	0.000470857	
6.50035	0.00139514	0.000510744	
6.50036	0.00132134	0.000555849	
6.50036	0.00124935	0.000597117	
6.50036	0.00117912	0.000617053	
6.50036	0.00111064	0.000607258	
6.50037	0.00104385	0.000570189	
6.50037	0.000978727	0.000523083	
6.50037	0.000915236	0.000479529	
6.50037	0.000853344	0.00044873	
6.50037	0.000793017	0.000430944	
6.50037	0.000734224	0.000425273	
6.50038	0.000676934	0.000426755	
6.50038	0.000621115	0.000434296	
6.50038	0.000566737	0.000442714	
6.50038	0.00051377	0.00045729	
6.50038	0.000462186	0.000487219	
6.50038	0.000411956	0.000543715	
6.50038	0.000363052	0.00069344	
6.50038	0.000315445	0.00135162	
6.50041	0.0118522	1	
6.50051	0.0504595	1	
6.50073	0.109034	1	
6.50103	0.153286	1	
6.50133	0.148893	0.473764	
6.50162	0.144594	0.0950207	
6.5019	0.140387	0.0473178	
6.50217	0.13627	0.0309812	
6.50244	0.132241	0.0253385	
6.50269	0.1283	0.0236699	
6.50294	0.124443	0.0226646	
6.50318	0.120671	0.021035	
6.50342	0.11698	0.0188694	
6.50364	0.113369	0.0167529	
6.50386	0.109838	0.0149743	
6.50408	0.106384	0.0135907	
6.50428	0.103006	0.0125956	
6.50448	0.0997017	0.0119422	
6.50467	0.0964708	0.0115829	
6.50486	0.0933115	0.0114605	
6.50504	0.0902223	0.0115476	
6.50522	0.087202	0.0118073	
6.50538	0.0842491	0.0121878	
6.50555	0.0813624	0.0126337	
6.5057	0.0785406	0.0130257	
6.50586	0.0757824	0.0132238	
6.506	0.0730865	0.0131743	
6.50614	0.0704519	0.0128883	
6.50628	0.0678772	0.0124562	
6.50641	0.0653612	0.012026	
6.50654	0.0629029	0.011663	
6.50666	0.0605012	0.0114238	
6.50677	0.0581548	0.0112924	
6.50688	0.0558627	0.0112114	
6.50699	0.0536238	0.0111544	
6.50709	0.0514371	0.0110753	
6.50719	0.0493016	0.010973	
6.50729	0.0472162	0.0108403	
6.50738	0.0451799	0.0106843	
6.50746	0.0431918	0.0104935	
6.50755	0.0412509	0.0103196	
6.50763	0.0393562	0.0101937	
6.5077	0.0375069	0.0101262	
6.50777	0.035702	0.010053	
6.50784	0.0339407	0.00992589	
6.5079	0.032222	0.00968459	
6.50797	0.0305451	0.00932341	
6.50802	0.0289092	0.00883968	
6.50808	0.0273135	0.00824212	
6.50813	0.025757	0.00755486	
6.50818	0.0242391	0.00682745	
6.50822	0.022759	0.0060953	
6.50827	0.0213158	0.0053954	
6.50831	0.0199089	0.00476728	
6.50834	0.0185374	0.00419411	
6.50838	0.0172007	0.00367967	
6.50841	0.0158981	0.00321877	
6.50844	0.0146288	0.00280825	
6.50847	0.0133922	0.00243877	
6.50849	0.0121876	0.00210122	
6.50851	0.0110144	0.00178924	
6.50853	0.00987182	0.00149562	
6.50855	0.00875932	0.00121783	
6.50856	0.00767624	0.000951621	
6.50858	0.00662199	0.000694984	
6.50859	0.00559596	0.000440446	
6.5086	0.00459756	0.000183013	
6.50861	0.00362621	8.08433e-05	
6.50861	0.00268136	0.000352121	
6.50861	0.00176243	0.000629677	
6.50862	0.000868885	0.000909496	
6.50862	1.90487e-07	0.00118843	
6.50861	-0.00084418	0.00145855	
6.50861	-0.00166474	0.00171739	
6.50861	-0.002462	0.00196199	
6.5086	-0.00323646	0.00219215	
6.50859	-0.0039886	0.00240814	
6.50858	-0.00471889	0.00261058	
6.50857	-0.00542781	0.00279974	
6.50856	-0.00611582	0.00297682	
6.50855	-0.00678336	0.00314263	
6.50853	-0.00743089	0.00330536	
6.50851	-0.00805882	0.00346423	
6.5085	-0.0086676	0.00363276	
6.50848	-0.00925763	0.00381547	
6.50846	-0.00982933	0.00400773	
6.50844	-0.0103831	0.00421485	
6.50842	-0.0109193	0.00443083	
6.50839	-0.0114384	0.004661	
6.50837	-0.0119407	0.00490062	
6.50834	-0.0124266	0.00515017	
6.50832	-0.0128964	0.00540569	
6.50829	-0.0133506	0.00566318	
6.50826	-0.0137894	0.00592161	
6.50824	-0.0142132	0.0061818	
6.50821	-0.0146224	0.00642879	
6.50818	-0.0150173	0.00666752	
6.50815	-0.0153981	0.00690199	
6.50811	-0.0157653	0.00711519	
6.50808	-0.0161191	0.00731399	
6.50805	-0.0164599	0.00751777	
6.50802	-0.0167878	0.007698	
6.50798	-0.0171034	0.00787682	
6.50795	-0.0174067	0.0080659	
6.50791	-0.0176981	0.00826264	
6.50788	-0.0179779	0.00847817	
6.50784	-0.0182463	0.00872426	
6.5078	-0.0185036	0.00900435	
6.50776	-0.0187501	0.00929341	
6.50773	-0.0189861	0.00961178	
6.50769	-0.0192116	0.00994932	
6.50765	-0.0194272	0.010333	
6.50761	-0.0196328	0.0107417	
6.50757	-0.0198289	0.0111881	
6.50753	-0.0200156	0.0116857	
6.50749	-0.0201931	0.012234	
6.50745	-0.0203617	0.0128141	
6.50741	-0.0205216	0.0134131	
6.50737	-0.020673	0.0139955	
6.50733	-0.0208162	0.0145772	
6.50728	-0.0209512	0.0151493	
6.50724	-0.0210783	0.0157318	
6.5072	-0.0211978	0.0163123	
6.50716	-0.0213097	0.0169689	
6.50711	-0.0214143	0.017629	
6.50707	-0.0215118	0.0183253	
6.50703	-0.0216024	0.0190525	
6.50698	-0.0216862	0.0197906	
6.50694	-0.0217634	0.0205651	
6.5069	-0.0218341	0.0214011	
6.50685	-0.0218986	0.0222926	
6.50681	-0.0219571	0.0232373	
6.50676	-0.0220095	0.024272	
6.50672	-0.0220562	0.0253944	
6.50668	-0.0220973	0.0266378	
6.50663	-0.0221328	0.0279849	
6.50659	-0.0221631	0.0294635	
6.50654	-0.0221881	0.0310675	
6.5065	-0.0222081	0.0328108	
6.50645	-0.0222232	0.0344576	
6.50641	-0.0222335	0.0359691	
6.50637	-0.0222392	0.0373778	
6.50632	-0.0222403	0.0384181	
6.50628	-0.0222371	0.0392385	
6.50623	-0.0222296	0.0398858	
6.50619	-0.0222179	0.0402434	
6.50614	-0.0222022	0.0402116	
6.5061	-0.0221826	0.0401728	
6.50605	-0.0221592	0.039881	
6.50601	-0.0221321	0.0393313	
6.50597	-0.0221015	0.0387482	
6.50592	-0.0220673	0.0381576	
6.50588	-0.0220298	0.0375737	
6.50583	-0.021989	0.0370554	
6.50579	-0.0219451	0.0368415	
6.50575	-0.0218981	0.0368259	
6.5057	-0.0218481	0.0369735	
6.50566	-0.0217952	0.0373778	
6.50562	-0.0217395	0.0378926	
6.50557	-0.0216812	0.0383255	
6.50553	-0.0216202	0.0388929	
6.50549	-0.0215567	0.0394264	
6.50544	-0.0214907	0.0398649	
6.5054	-0.0214224	0.0401963	
6.50536	-0.0213518	0.0406582	
6.50531	-0.0212789	0.041031	
6.50527	-0.021204	0.0414123	
6.50523	-0.021127	0.04147	
6.50519	-0.021048	0.0416764	
6.50515	-0.0209671	0.041904	
6.5051	-0.0208843	0.0419703	
6.50506	-0.0207998	0.041973	
6.50502	-0.0207136	0.0419447	
6.50498	-0.0206257	0.0418785	
6.50494	-0.0205362	0.0421268	
6.5049	-0.0204452	0.0422889	
6.50486	-0.0203528	0.0427018	
6.50482	-0.020259	0.0432041	
6.50478	-0.0201638	0.0438323	
6.50474	-0.0200673	0.0447092	
6.5047	-0.0199696	0.0456196	
6.50466	-0.0198707	0.0466876	
6.50462	-0.0197707	0.0477938	
6.50458	-0.0196696	0.048792	
6.50454	-0.0195675	0.0495024	
6.5045	-0.0194644	0.0500312	
6.50446	-0.0193604	0.0503364	
6.50442	-0.0192555	0.0499642	
6.50438	-0.0191498	0.0495353	
6.50435	-0.0190432	0.0487267	
6.50431	-0.018936	0.0478243	
6.50427	-0.018828	0.0467782	
6.50423	-0.0187193	0.0456743	
6.5042	-0.01861	0.0445293	
6.50416	-0.0185002	0.0435864	
6.50412	-0.0183898	0.0427926	
6.50409	-0.0182788	0.0422004	
6.50405	-0.0181674	0.0417104	
6.50401	-0.0180556	0.0412029	
6.50398	-0.0179433	0.0408131	
6.50394	-0.0178307	0.0408742	
6.50391	-0.0177177	0.0411047	
6.50387	-0.0176045	0.0415236	
6.50384	-0.0174909	0.0422036	
6.5038	-0.0173771	0.0428795	
6.50377	-0.0172631	0.0436078	
6.50373	-0.0171489	0.0444352	
6.5037	-0.0170345	0.0452173	
6.50366	-0.01692	0.0459644	
6.50363	-0.0168053	0.0467384	
6.5036	-0.0166906	0.047338	
6.50356	-0.0165759	0.0479508	
6.50353	-0.0164611	0.0483864	
6.5035	-0.0163462	0.0484033	
6.50347	-0.0162314	0.0484073	
6.50343	-0.0161167	0.0479014	
6.5034	-0.0160019	0.0476113	
6.50337	-0.0158873	0.0474801	
6.50334	-0.0157728	0.0473706	
6.50331	-0.0156583	0.0476688	
6.50328	-0.015544	0.048294	
6.50325	-0.0154299	0.0489289	
6.50321	-0.0153159	0.0497297	
6.50318	-0.0152021	0.0508949	
6.50315	-0.0150886	0.052191	
6.50312	-0.0149752	0.0535701	
6.50309	-0.0148621	0.0547358	
6.50307	-0.0147493	0.0561764	
6.50304	-0.0146367	0.0570605	
6.50301	-0.0145244	0.0580603	
6.50298	-0.0144123	0.058166	
6.50295	-0.0143007	0.0576454	
6.50292	-0.0141893	0.0558146	
6.50289	-0.0140782	0.0535416	
6.50286	-0.0139676	0.0509165	
6.50284	-0.0138572	0.0480015	
6.50281	-0.0137473	0.0452169	
6.50278	-0.0136377	0.0430716	
6.50276	-0.0135286	0.0412981	
6.50273	-0.0134198	0.0398902	
6.5027	-0.0133114	0.0389352	
6.50268	-0.0132035	0.037945	
6.50265	-0.013096	0.0372348	
6.50262	-0.012989	0.036568	
6.5026	-0.0128824	0.0361786	
6.50257	-0.0127762	0.0360811	
6.50255	-0.0126706	0.0362866	
6.50252	-0.0125654	0.036848	
6.5025	-0.0124607	0.0374076	
6.50247	-0.0123564	0.0380639	
6.50245	-0.0122527	0.0389113	
6.50242	-0.0121495	0.039886	
6.5024	-0.0120468	0.0409486	
6.50238	-0.0119446	0.0418098	
6.50235	-0.0118429	0.0425652	
6.50233	-0.0117417	0.0431278	
6.5023	-0.0116411	0.043248	
6.50228	-0.011541	0.0433914	
6.50226	-0.0114415	0.0431884	
6.50224	-0.0113425	0.0434246	
6.50221	-0.011244	0.0436306	
6.50219	-0.0111461	0.0439181	
6.50217	-0.0110488	0.0443712	
6.50215	-0.010952	0.0448445	
6.50213	-0.0108558	0.0458162	
6.5021	-0.0107601	0.046928	
6.50208	-0.010665	0.048266	
6.50206	-0.0105705	0.0498531	
6.50204	-0.0104766	0.0516596	
6.50202	-0.0103832	0.0536482	
6.502	-0.0102905	0.0556258	
6.50198	-0.0101983	0.0583586	
6.50196	-0.0101066	0.0609372	
6.50194	-0.0100156	0.0629886	
6.50192	-0.00992516	0.0641303	
6.5019	-0.0098353	0.0634026	
6.50188	-0.00974602	0.060798	
6.50186	-0.00965734	0.0555408	
6.50184	-0.00956925	0.0504946	
6.50182	-0.00948175	0.0453395	
6.5018	-0.00939484	0.042102	
6.50178	-0.00930852	0.0400696	
6.50177	-0.0092228	0.0391223	
6.50175	-0.00913766	0.039155	
6.50173	-0.00905312	0.0395799	
6.50171	-0.00896918	0.0397297	
6.50169	-0.00888582	0.0392311	
6.50168	-0.00880306	0.0383456	
6.50166	-0.00872089	0.0376677	
6.50164	-0.00863931	0.0371825	
6.50163	-0.00855832	0.0375501	
6.50161	-0.00847792	0.0387082	
6.50159	-0.00839812	0.0399683	
6.50157	-0.0083189	0.0413705	
6.50156	-0.00824026	0.0431808	
6.50154	-0.00816222	0.0450006	
6.50153	-0.00808476	0.0469523	
6.50151	-0.00800788	0.0487245	
6.50149	-0.00793159	0.0497003	
6.50148	-0.00785588	0.049845	
6.50146	-0.00778075	0.04883	
6.50145	-0.0077062	0.0471273	
6.50143	-0.00763222	0.046465	
6.50142	-0.00755882	0.046333	
6.5014	-0.007486	0.0469012	
6.50139	-0.00741374	0.0480158	
6.50137	-0.00734206	0.0485696	
6.50136	-0.00727094	0.0488946	
6.50134	-0.00720039	0.0493334	
6.50133	-0.0071304	0.0497905	
6.50131	-0.00706098	0.0502367	
6.5013	-0.00699212	0.0509379	
6.50129	-0.00692381	0.0522265	
6.50127	-0.00685606	0.0532012	
6.50126	-0.00678886	0.0547875	
6.50125	-0.00672222	0.0567278	
6.50123	-0.00665612	0.0585785	
6.50122	-0.00659057	0.0598272	
6.50121	-0.00652556	0.0612368	
6.50119	-0.00646109	0.0598814	
6.50118	-0.00639716	0.0569686	
6.50117	-0.00633377	0.0527149	
6.50116	-0.00627091	0.0478546	
6.50114	-0.00620858	0.0436046	
6.50113	-0.00614678	0.0407457	
6.50112	-0.00608551	0.0397591	
6.50111	-0.00602476	0.0400895	
6.50109	-0.00596453	0.0408927	
6.50108	-0.00590482	0.0415001	
6.50107	-0.00584562	0.0412317	
6.50106	-0.00578693	0.0406621	
6.50105	-0.00572875	0.0398399	
6.50104	-0.00567108	0.0390805	
6.50103	-0.00561391	0.0390799	
6.50101	-0.00555725	0.0396517	
6.501	-0.00550108	0.0408456	
6.50099	-0.0054454	0.042089	
6.50098	-0.00539022	0.043656	
6.50097	-0.00533552	0.0451122	
6.50096	-0.00528131	0.0469457	
6.50095	-0.00522758	0.0482181	
6.50094	-0.00517434	0.0501991	
6.50093	-0.00512156	0.0510043	
6.50092	-0.00506927	0.0514828	
6.50091	-0.00501744	0.0488671	
6.5009	-0.00496608	0.0455113	
6.50089	-0.00491519	0.042192	
6.50088	-0.00486476	0.0402302	
6.50087	-0.00481478	0.0398892	
6.50086	-0.00476527	0.0409034	
6.50085	-0.0047162	0.0423982	
6.50084	-0.00466758	0.0435883	
6.50083	-0.00461941	0.0445967	
6.50082	-0.00457169	0.0455716	
6.50081	-0.0045244	0.0459399	
6.50081	-0.00447755	0.0472001	
6.5008	-0.00443114	0.0486409	
6.50079	-0.00438516	0.0507603	
6.50078	-0.0043396	0.0526733	
6.50077	-0.00429447	0.0547798	
6.50076	-0.00424976	0.0562575	
6.50075	-0.00420547	0.0567559	
6.50075	-0.0041616	0.0557401	
6.50074	-0.00411814	0.0523334	
6.50073	-0.00407509	0.048576	
6.50072	-0.00403244	0.044303	
6.50071	-0.0039902	0.0410141	
6.50071	-0.00394836	0.0405091	
6.5007	-0.00390692	0.0404184	
6.50069	-0.00386587	0.0420945	
6.50068	-0.00382521	0.0433089	
6.50067	-0.00378495	0.0443699	
6.50067	-0.00374506	0.0448204	
6.50066	-0.00370556	0.0461123	
6.50065	-0.00366645	0.0467746	
6.50065	-0.0036277	0.0475932	
6.50064	-0.00358933	0.0486031	
6.50063	-0.00355133	0.0496082	
6.50062	-0.0035137	0.0510359	
6.50062	-0.00347644	0.0525043	
6.50061	-0.00343954	0.0540145	
6.5006	-0.00340299	0.0552481	
6.5006	-0.0033668	0.0562448	
6.50059	-0.00333097	0.05511	
6.50058	-0.00329548	0.0515554	
6.50058	-0.00326035	0.0460546	
6.50057	-0.00322556	0.0392847	
6.50056	-0.00319111	0.0338676	
6.50056	-0.003157	0.0313467	
6.50055	-0.00312322	0.0315998	
6.50055	-0.00308978	0.0337451	
6.50054	-0.00305667	0.0358364	
6.50053	-0.00302389	0.0380606	
6.50053	-0.00299143	0.0404386	
6.50052	-0.0029593	0.0416861	
6.50051	-0.00292748	0.0428802	
6.50051	-0.00289599	0.0441082	
6.5005	-0.0028648	0.0456125	
6.5005	-0.00283393	0.046918	
6.50049	-0.00280337	0.0482606	
6.50049	-0.00277311	0.0496412	
6.50048	-0.00274316	0.0517394	
6.50048	-0.00271351	0.0522149	
6.50047	-0.00268415	0.0530505	
6.50046	-0.0026551	0.0529736	
6.50046	-0.00262633	0.0512407	
6.50045	-0.00259786	0.0477627	
6.50045	-0.00256967	0.0434529	
6.50044	-0.00254177	0.0398858	
6.50044	-0.00251416	0.0391943	
6.50043	-0.00248682	0.0417088	
6.50043	-0.00245976	0.0447967	
6.50042	-0.00243298	0.0479474	
6.50042	-0.00240647	0.0526617	
6.50041	-0.00238023	0.0555776	
6.50041	-0.00235426	0.0584807	
6.50041	-0.00232855	0.0583236	
6.5004	-0.00230311	0.057046	
6.5004	-0.00227793	0.0531021	
6.50039	-0.00225301	0.0486738	
6.50039	-0.00222834	0.0436331	
6.50038	-0.00220393	0.0416521	
6.50038	-0.00217977	0.0405505	
6.50037	-0.00215586	0.0413122	
6.50037	-0.00213219	0.0425999	
6.50037	-0.00210877	0.0428705	
6.50036	-0.00208559	0.0435775	
6.50036	-0.00206266	0.0443266	
6.50035	-0.00203996	0.0450348	
6.50035	-0.00201749	0.0463145	
6.50035	-0.00199526	0.0476304	
6.50034	-0.00197327	0.0496596	
6.50034	-0.0019515	0.0517592	
6.50033	-0.00192995	0.0540585	
6.50033	-0.00190864	0.0539639	
6.50033	-0.00188754	0.0538941	
6.50032	-0.00186667	0.0512062	
6.50032	-0.00184601	0.0459711	
6.50032	-0.00182557	0.0409998	
6.50031	-0.00180535	0.0358984	
6.50031	-0.00178534	0.0327999	
6.5003	-0.00176554	0.0331759	
6.5003	-0.00174594	0.0350585	
6.5003	-0.00172656	0.0365313	
6.50029	-0.00170737	0.039871	
6.50029	-0.00168839	0.0426754	
6.50029	-0.00166962	0.0450533	
6.50028	-0.00165103	0.0481813	
6.50028	-0.00163265	0.0503143	
6.50028	-0.00161446	0.0526767	
6.50027	-0.00159646	0.0549045	
6.50027	-0.00157866	0.056563	
6.50027	-0.00156104	0.0592898	
6.50027	-0.00154361	0.055269	
6.50026	-0.00152637	0.0517929	
6.50026	-0.00150931	0.0436559	
6.50026	-0.00149243	0.0335317	
6.50025	-0.00147573	0.0287861	
6.50025	-0.00145921	0.0268695	
6.50025	-0.00144287	0.0278666	
6.50024	-0.0014267	0.0329371	
6.50024	-0.00141071	0.0389217	
6.50024	-0.00139488	0.0448681	
6.50024	-0.00137923	0.0505019	
6.50023	-0.00136374	0.0531474	
6.50023	-0.00134842	0.0520667	
6.50023	-0.00133327	0.0512617	
6.50023	-0.00131828	0.0491397	
6.50022	-0.00130345	0.0503153	
6.50022	-0.00128877	0.0497113	
6.50022	-0.00127426	0.0498537	
6.50022	-0.00125991	0.0537229	
6.50021	-0.0012457	0.0552376	
6.50021	-0.00123166	0.0528197	
6.50021	-0.00121776	0.0509603	
6.50021	-0.00120402	0.0432455	
6.5002	-0.00119042	0.0328253	
6.5002	-0.00117697	0.0271601	
6.5002	-0.00116367	0.0250055	
6.5002	-0.00115051	0.0265635	
6.50019	-0.00113749	0.0321349	
6.50019	-0.00112462	0.0461879	
6.50019	-0.00111188	0.0855841	
6.50019	-0.00109929	0.177188	
6.50019	-0.00108683	0.195914	
6.50018	-0.00107451	0.0698375	
6.50018	-0.00106232	0.0127416	
6.50018	-0.00105026	0.00359626	
6.50018	-0.00103834	0.00186589	
6.50017	-0.00102655	0.00155981	
6.50017	-0.00101488	0.00172571	
6.50017	-0.00100335	0.00210881	
6.50017	-0.000991936	0.00256464	
6.50017	-0.000980651	0.00288691	
6.50016	-0.000969489	0.00292683	
6.50016	-0.000958451	0.00286212	
6.50016	-0.000947533	0.0028957	
6.50016	-0.000936736	0.00310125	
6.50016	-0.000926057	0.00363921	
6.50015	-0.000915495	0.00482242	
6.50015	-0.00090505	0.00804757	
6.50015	-0.00089472	0.0302906	
6.50017	0.00957705	1	
6.50024	0.0324325	1	
6.50036	0.0611513	1	
6.50048	0.059404	1	
6.50059	0.057694	0.0717999	
6.5007	0.0560206	0.0253048	
6.50081	0.054383	0.0140263	
6.50092	0.0527806	0.0096947	
6.50102	0.0512128	0.00837597	
6.50112	0.0496788	0.00811866	
6.50122	0.048178	0.00804497	
6.50131	0.0467098	0.00772156	
6.5014	0.0452736	0.00716379	
6.50149	0.0438687	0.00653046	
6.50157	0.0424945	0.00594392	
6.50166	0.0411505	0.00547257	
6.50174	0.0398361	0.00514307	
6.50181	0.0385506	0.00496352	
6.50189	0.0372936	0.0049132	
6.50196	0.0360645	0.00496755	
6.50203	0.0348627	0.00511071	
6.5021	0.0336878	0.00531923	
6.50216	0.0325391	0.00558417	
6.50222	0.0314162	0.00586136	
6.50228	0.0303186	0.00605516	
6.50234	0.0292458	0.00608845	
6.5024	0.0281973	0.00594671	
6.50245	0.0271726	0.00566388	
6.50251	0.0261713	0.00531691	
6.50256	0.0251929	0.00497357	
6.5026	0.024237	0.0046914	
6.50265	0.0233031	0.0044888	
6.5027	0.0223907	0.00436474	
6.50274	0.0214995	0.00429907	
6.50278	0.0206291	0.00427071	
6.50282	0.019779	0.00426068	
6.50286	0.0189488	0.00425106	
6.50289	0.0181381	0.00424954	
6.50293	0.0173466	0.00425957	
6.50296	0.0165739	0.0042973	
6.50299	0.0158195	0.00435658	
6.50302	0.0150832	0.00444645	
6.50305	0.0143645	0.00457376	
6.50308	0.0136631	0.00473297	
6.50311	0.0129787	0.0048908	
6.50313	0.0123109	0.00500908	
6.50315	0.0116594	0.00503851	
6.50318	0.0110238	0.0049687	
6.5032	0.0104039	0.00474093	
6.50322	0.00979933	0.00438338	
6.50323	0.00920974	0.00393658	
6.50325	0.00863485	0.00345576	
6.50327	0.00807437	0.00298642	
6.50328	0.007528	0.00255915	
6.5033	0.00699545	0.00219415	
6.50331	0.00647645	0.00188513	
6.50332	0.0059707	0.0016255	
6.50333	0.00547795	0.00140056	
6.50334	0.00499792	0.00120554	
6.50335	0.00453035	0.00102918	
6.50336	0.00407498	0.000866252	
6.50337	0.00363157	0.000714847	
6.50337	0.00319986	0.000571668	
6.50338	0.00277961	0.00043525	
6.50338	0.00237058	0.00030006	
6.50339	0.00197254	0.0001621	
6.50339	0.00158526	1.61251e-05	
6.50339	0.00120851	0.000139739	
6.5034	0.000842077	0.000304694	
6.5034	0.000485737	0.000475705	
6.5034	0.000139279	0.000647404	
6.5034	-0.000197506	0.000813553	
6.5034	-0.000524821	0.000969013	
6.50339	-0.000842869	0.00110933	
6.50339	-0.00115185	0.00123078	
6.50339	-0.00145195	0.00133751	
6.50339	-0.00174336	0.00142936	
6.50338	-0.00202627	0.00151202	
6.50338	-0.00230087	0.00158679	
6.50337	-0.00256732	0.00165141	
6.50337	-0.00282581	0.00171401	
6.50336	-0.00307651	0.00177484	
6.50335	-0.00331958	0.00184241	
6.50335	-0.0035552	0.00191408	
6.50334	-0.00378353	0.00199703	
6.50333	-0.00400472	0.00209802	
6.50332	-0.00421893	0.00221696	
6.50331	-0.00442631	0.0023553	
6.5033	-0.00462703	0.00251301	
6.50329	-0.00482121	0.00268526	
6.50328	-0.00500902	0.00286746	
6.50327	-0.00519058	0.00306443	
6.50326	-0.00536604	0.003268	
6.50325	-0.00553554	0.00346753	
6.50324	-0.0056992	0.00366765	
6.50323	-0.00585717	0.00384283	
6.50322	-0.00600957	0.00401063	
6.5032	-0.00615652	0.00415713	
6.50319	-0.00629815	0.00428071	
6.50318	-0.00643458	0.00438947	
6.50317	-0.00656593	0.00448514	
6.50315	-0.00669231	0.0045761	
6.50314	-0.00681384	0.0046558	
6.50312	-0.00693064	0.00474917	
6.50311	-0.0070428	0.00485772	
6.5031	-0.00715045	0.00498684	
6.50308	-0.00725368	0.00516319	
6.50307	-0.00735259	0.00537978	
6.50305	-0.0074473	0.00563532	
6.50304	-0.0075379	0.00594841	
6.50302	-0.00762448	0.00633088	
6.50301	-0.00770714	0.00678107	
6.50299	-0.00778598	0.00732154	
6.50297	-0.00786108	0.00795506	
6.50296	-0.00793254	0.00870265	
6.50294	-0.00800044	0.00951884	
6.50293	-0.00806488	0.0104102	
6.50291	-0.00812593	0.0114526	
6.50289	-0.00818368	0.0125567	
6.50288	-0.0082382	0.0136319	
6.50286	-0.00828959	0.0146985	
6.50284	-0.00833791	0.0156873	
6.50283	-0.00838325	0.0166535	
6.50281	-0.00842567	0.017481	
6.50279	-0.00846525	0.0184487	
6.50278	-0.00850207	0.0194419	
6.50276	-0.00853619	0.0204793	
6.50274	-0.00856768	0.0214987	
6.50273	-0.0085966	0.0227064	
6.50271	-0.00862304	0.0239941	
6.50269	-0.00864704	0.025496	
6.50267	-0.00866868	0.0274649	
6.50266	-0.00868801	0.0300254	
6.50264	-0.0087051	0.0332717	
6.50262	-0.00872	0.0373309	
6.5026	-0.00873278	0.0421358	
6.50259	-0.00874348	0.0481411	
6.50257	-0.00875218	0.0554618	
6.50255	-0.00875891	0.0619337	
6.50253	-0.00876374	0.0645894	
6.50252	-0.00876672	0.0610749	
6.5025	-0.00876789	0.0518283	
6.50248	-0.00876732	0.0417421	
6.50246	-0.00876504	0.0338269	
6.50245	-0.00876111	0.028435	
6.50243	-0.00875557	0.0251228	
6.50241	-0.00874847	0.0232807	
6.50239	-0.00873985	0.0220697	
6.50238	-0.00872976	0.0210019	
6.50236	-0.00871824	0.0198919	
6.50234	-0.00870534	0.0186345	
6.50232	-0.00869109	0.0174253	
6.50231	-0.00867554	0.0165652	
6.50229	-0.00865872	0.0160855	
6.50227	-0.00864068	0.0158382	
6.50226	-0.00862145	0.0158874	
6.50224	-0.00860106	0.0161154	
6.50222	-0.00857956	0.0164484	
6.5022	-0.00855699	0.0166739	
6.50219	-0.00853336	0.0170385	
6.50217	-0.00850873	0.0174009	
6.50215	-0.00848312	0.0177618	
6.50214	-0.00845656	0.0181055	
6.50212	-0.00842909	0.018418	
6.5021	-0.00840073	0.0186572	
6.50209	-0.00837152	0.0189143	
6.50207	-0.00834149	0.0191457	
6.50205	-0.00831067	0.0194042	
6.50204	-0.00827908	0.0197325	
6.50202	-0.00824675	0.0200724	
6.502	-0.00821371	0.0204715	
6.50199	-0.00817999	0.0209908	
6.50197	-0.0081456	0.0215919	
6.50195	-0.00811059	0.0223923	
6.50194	-0.00807496	0.0233268	
6.50192	-0.00803875	0.0244044	
6.50191	-0.00800198	0.0257648	
6.50189	-0.00796467	0.0272089	
6.50187	-0.00792684	0.0286863	
6.50186	-0.00788851	0.0301765	
6.50184	-0.00784972	0.0317002	
6.50183	-0.00781047	0.0332765	
6.50181	-0.00777079	0.0347677	
6.5018	-0.0077307	0.0359507	
6.50178	-0.00769021	0.0370914	
6.50176	-0.00764936	0.0380505	
6.50175	-0.00760814	0.0386751	
6.50173	-0.00756659	0.0392416	
6.50172	-0.00752472	0.0389151	
6.5017	-0.00748255	0.0378183	
6.50169	-0.00744009	0.0363241	
6.50168	-0.00739736	0.0344924	
6.50166	-0.00735438	0.0327717	
6.50165	-0.00731116	0.0311193	
6.50163	-0.00726772	0.0299568	
6.50162	-0.00722407	0.0290549	
6.5016	-0.00718022	0.0285183	
6.50159	-0.0071362	0.0280099	
6.50157	-0.00709201	0.0278236	
6.50156	-0.00704767	0.0276952	
6.50155	-0.00700319	0.0279128	
6.50153	-0.00695858	0.0284672	
6.50152	-0.00691385	0.0291776	
6.5015	-0.00686902	0.0300826	
6.50149	-0.00682411	0.0310741	
6.50148	-0.00677911	0.0323057	
6.50146	-0.00673404	0.0333671	
6.50145	-0.00668892	0.0346329	
6.50144	-0.00664374	0.0361212	
6.50142	-0.00659853	0.0373496	
6.50141	-0.0065533	0.0388237	
6.5014	-0.00650804	0.040004	
6.50138	-0.00646278	0.0410309	
6.50137	-0.00641752	0.0413832	
6.50136	-0.00637226	0.0413015	
6.50135	-0.00632703	0.0416235	
6.50133	-0.00628182	0.0410178	
6.50132	-0.00623665	0.0407478	
6.50131	-0.00619151	0.04083	
6.5013	-0.00614643	0.0409978	
6.50128	-0.00610141	0.0412854	
6.50127	-0.00605645	0.041838	
6.50126	-0.00601156	0.0420552	
6.50125	-0.00596675	0.0428269	
6.50124	-0.00592203	0.0436586	
6.50122	-0.0058774	0.0445379	
6.50121	-0.00583286	0.046036	
6.5012	-0.00578843	0.0472665	
6.50119	-0.00574411	0.0484253	
6.50118	-0.00569991	0.0497129	
6.50117	-0.00565582	0.0496448	
6.50116	-0.00561186	0.0500789	
6.50114	-0.00556803	0.048561	
6.50113	-0.00552434	0.0468821	
6.50112	-0.00548079	0.0446381	
6.50111	-0.00543738	0.0417664	
6.5011	-0.00539413	0.0393692	
6.50109	-0.00535102	0.0372203	
6.50108	-0.00530808	0.0356527	
6.50107	-0.00526529	0.0346781	
6.50106	-0.00522268	0.0335402	
6.50105	-0.00518023	0.0325333	
6.50104	-0.00513796	0.0317291	
6.50103	-0.00509586	0.030778	
6.50102	-0.00505394	0.0301806	
6.50101	-0.00501221	0.0300543	
6.501	-0.00497066	0.0302731	
6.50099	-0.0049293	0.0310591	
6.50098	-0.00488813	0.0318383	
6.50097	-0.00484716	0.03283	
6.50096	-0.00480638	0.033963	
6.50095	-0.00476581	0.0351515	
6.50094	-0.00472543	0.0363875	
6.50093	-0.00468526	0.0377892	
6.50092	-0.0046453	0.0388167	
6.50091	-0.00460555	0.0395401	
6.5009	-0.004566	0.0406448	
6.50089	-0.00452667	0.041706	
6.50089	-0.00448755	0.0424129	
6.50088	-0.00444865	0.0423917	
6.50087	-0.00440997	0.0419207	
6.50086	-0.0043715	0.0409161	
6.50085	-0.00433325	0.0397586	
6.50084	-0.00429523	0.0387604	
6.50083	-0.00425743	0.0380328	
6.50082	-0.00421985	0.0381191	
6.50082	-0.0041825	0.0388823	
6.50081	-0.00414537	0.0393401	
6.5008	-0.00410847	0.0405453	
6.50079	-0.0040718	0.0417864	
6.50078	-0.00403536	0.0426205	
6.50078	-0.00399915	0.0427275	
6.50077	-0.00396316	0.0422866	
6.50076	-0.00392741	0.0417762	
6.50075	-0.00389189	0.0403269	
6.50074	-0.0038566	0.0382522	
6.50074	-0.00382154	0.0368354	
6.50073	-0.00378672	0.0351027	
6.50072	-0.00375213	0.0343763	
6.50071	-0.00371777	0.0334726	
6.50071	-0.00368365	0.0329562	
6.5007	-0.00364975	0.0324322	
6.50069	-0.0036161	0.0318065	
6.50068	-0.00358267	0.0303645	
6.50068	-0.00354948	0.0293206	
6.50067	-0.00351652	0.0286074	
6.50066	-0.0034838	0.0281637	
6.50066	-0.00345131	0.0280506	
6.50065	-0.00341905	0.0284379	
6.50064	-0.00338703	0.028519	
6.50064	-0.00335524	0.0290197	
6.50063	-0.00332368	0.0297614	
6.50062	-0.00329236	0.0310892	
6.50062	-0.00326126	0.0320582	
6.50061	-0.0032304	0.033355	
6.5006	-0.00319977	0.0343575	
6.5006	-0.00316937	0.0350157	
6.50059	-0.00313919	0.0360668	
6.50059	-0.00310925	0.0371488	
6.50058	-0.00307954	0.0382626	
6.50057	-0.00305006	0.0391709	
6.50057	-0.0030208	0.0405883	
6.50056	-0.00299177	0.0415057	
6.50056	-0.00296297	0.0421823	
6.50055	-0.00293439	0.0423417	
6.50054	-0.00290604	0.0430415	
6.50054	-0.00287791	0.0432406	
6.50053	-0.00285	0.0431721	
6.50053	-0.00282232	0.0426088	
6.50052	-0.00279486	0.0422972	
6.50051	-0.00276762	0.0424911	
6.50051	-0.00274061	0.0430378	
6.5005	-0.00271381	0.0435327	
6.5005	-0.00268723	0.0447548	
6.50049	-0.00266086	0.0455688	
6.50049	-0.00263472	0.0468716	
6.50048	-0.00260878	0.0483824	
6.50048	-0.00258307	0.049568	
6.50047	-0.00255757	0.0501082	
6.50047	-0.00253228	0.0503036	
6.50046	-0.0025072	0.0496339	
6.50046	-0.00248233	0.0478589	
6.50045	-0.00245767	0.0445765	
6.50045	-0.00243323	0.0418982	
6.50044	-0.00240899	0.0387415	
6.50044	-0.00238495	0.0369623	
6.50043	-0.00236112	0.0363985	
6.50043	-0.0023375	0.036764	
6.50042	-0.00231408	0.0366741	
6.50042	-0.00229086	0.0365733	
6.50042	-0.00226784	0.0364821	
6.50041	-0.00224502	0.0350188	
6.50041	-0.0022224	0.0348813	
6.5004	-0.00219998	0.0350522	
6.5004	-0.00217776	0.035743	
6.50039	-0.00215573	0.0375047	
6.50039	-0.00213389	0.0392996	
6.50038	-0.00211225	0.0412082	
6.50038	-0.0020908	0.0431972	
6.50038	-0.00206954	0.0444659	
6.50037	-0.00204847	0.0448307	
6.50037	-0.00202759	0.0458725	
6.50036	-0.0020069	0.047511	
6.50036	-0.00198639	0.0479701	
6.50036	-0.00196607	0.0488051	
6.50035	-0.00194593	0.046268	
6.50035	-0.00192597	0.0442959	
6.50034	-0.0019062	0.0405037	
6.50034	-0.0018866	0.0376098	
6.50034	-0.00186719	0.0359121	
6.50033	-0.00184795	0.0352576	
6.50033	-0.00182889	0.0367005	
6.50033	-0.00181	0.0376659	
6.50032	-0.00179129	0.0388332	
6.50032	-0.00177275	0.0389909	
6.50032	-0.00175438	0.0406801	
6.50031	-0.00173618	0.0408212	
6.50031	-0.00171815	0.0426293	
6.50031	-0.00170029	0.0423191	
6.5003	-0.0016826	0.0435518	
6.5003	-0.00166507	0.0437021	
6.5003	-0.00164771	0.0413492	
6.50029	-0.00163051	0.0391302	
6.50029	-0.00161347	0.0364868	
6.50029	-0.00159659	0.0341809	
6.50028	-0.00157987	0.033097	
6.50028	-0.00156332	0.0337546	
6.50028	-0.00154691	0.0333512	
6.50027	-0.00153067	0.0343194	
6.50027	-0.00151458	0.0342837	
6.50027	-0.00149864	0.0357071	
6.50026	-0.00148285	0.036284	
6.50026	-0.00146722	0.0375116	
6.50026	-0.00145174	0.0380747	
6.50026	-0.0014364	0.0397389	
6.50025	-0.00142122	0.0414297	
6.50025	-0.00140618	0.0426291	
6.50025	-0.00139128	0.0434063	
6.50024	-0.00137653	0.0446621	
6.50024	-0.00136192	0.0459538	
6.50024	-0.00134746	0.0457291	
6.50024	-0.00133314	0.045569	
6.50023	-0.00131895	0.0426775	
6.50023	-0.00130491	0.0354164	
6.50023	-0.001291	0.0300304	
6.50023	-0.00127723	0.0252289	
6.50022	-0.00126359	0.0229325	
6.50022	-0.00125009	0.0227442	
6.50022	-0.00123672	0.0243183	
6.50022	-0.00122348	0.0261087	
6.50021	-0.00121037	0.0281515	
6.50021	-0.0011974	0.0289625	
6.50021	-0.00118455	0.0310039	
6.50021	-0.00117183	0.0313729	
6.5002	-0.00115924	0.032276	
6.5002	-0.00114677	0.0335351	
6.5002	-0.00113442	0.0344999	
6.5002	-0.0011222	0.0358676	
6.5002	-0.0011101	0.0376492	
6.50019	-0.00109813	0.0379291	
6.50019	-0.00108627	0.0403781	
6.50019	-0.00107453	0.0392238	
6.50019	-0.00106291	0.0403502	
6.50018	-0.00105141	0.0415087	
6.50018	-0.00104002	0.0427	
6.50018	-0.00102875	0.0454625	
6.50018	-0.00101759	0.0428497	
6.50018	-0.00100655	0.0423309	
6.50017	-0.000995612	0.0418564	
6.50017	-0.00098479	0.043056	
6.50017	-0.000974078	0.0442897	
6.50017	-0.000963475	0.0476666	
6.50017	-0.00095298	0.0490316	
6.50016	-0.000942592	0.0482532	
6.50016	-0.00093231	0.0468448	
6.50016	-0.000922133	0.0452269	
6.50016	-0.00091206	0.0426439	
6.50016	-0.000902091	0.0389197	
6.50016	-0.000892224	0.0383446	
6.50015	-0.000882459	0.0369685	
6.50015	-0.000872794	0.0364664	
6.50015	-0.000863228	0.0367913	
6.50015	-0.000853761	0.0370819	
6.50015	-0.000844392	0.0372632	
6.50014	-0.00083512	0.0367464	
6.50014	-0.000825944	0.036942	
6.50014	-0.000816862	0.0379961	
6.50014	-0.000807875	0.03908	
6.50014	-0.000798981	0.0401946	
6.50014	-0.00079018	0.0424621	
6.50014	-0.00078147	0.0436725	
6.50013	-0.000772851	0.0461791	
6.50013	-0.000764322	0.0474948	
6.50013	-0.000755881	0.0460984	
6.50013	-0.000747529	0.0466512	
6.50013	-0.000739265	0.0411853	
6.50013	-0.000731086	0.0351313	
6.50012	-0.000722994	0.0329672	
6.50012	-0.000714986	0.0293075	
6.50012	-0.000707063	0.0330242	
6.50012	-0.000699222	0.0366901	
6.50012	-0.000691464	0.0398153	
6.50012	-0.000683788	0.0443189	
6.50012	-0.000676193	0.0475017	
6.50012	-0.000668678	0.0479297	
6.50011	-0.000661242	0.0480807	
6.50011	-0.000653885	0.0494462	
6.50011	-0.000646606	0.040996	
6.50011	-0.000639404	0.0428865	
6.50011	-0.000632278	0.0375814	
6.50011	-0.000625228	0.0364863	
6.50011	-0.000618252	0.0386242	
6.5001	-0.000611351	0.0414223	
6.5001	-0.000604523	0.0451445	
6.5001	-0.000597768	0.0452275	
6.5001	-0.000591085	0.0455655	
6.5001	-0.000584473	0.0415176	
6.5001	-0.000577931	0.0400038	
6.5001	-0.00057146	0.0322575	
6.5001	-0.000565058	0.0240395	
6.5001	-0.000558724	0.0227701	
6.50009	-0.000552458	0.0216714	
6.50009	-0.000546259	0.0252217	
6.50009	-0.000540127	0.0340756	
6.50009	-0.000534061	0.0421882	
6.50009	-0.000528059	0.0521481	
6.50009	-0.000522123	0.050379	
6.50009	-0.00051625	0.0449936	
6.50009	-0.00051044	0.0329089	
6.50009	-0.000504694	0.0194563	
6.50009	-0.000499009	0.0137071	
6.50008	-0.000493385	0.0124371	
6.50008	-0.000487822	0.0151395	
6.50008	-0.00048232	0.0312621	
6.50008	-0.000476876	0.282148	
6.50008	0.00103219	1	
6.50009	0.00227291	1	
6.50009	0.00220065	0.0444041	
6.5001	0.00212999	0.0041006	
6.5001	0.00206088	0.00125691	
6.5001	0.00199331	0.000669216	
6.50011	0.00192724	0.000547318	
6.50011	0.00186264	0.000542811	
6.50012	0.00179948	0.00056327	
6.50012	0.00173774	0.000563528	
6.50012	0.00167739	0.000531362	
6.50013	0.0016184	0.000482309	
6.50013	0.00156074	0.000430334	
6.50013	0.00150439	0.000387807	
6.50013	0.00144933	0.000357651	
6.50014	0.00139552	0.000338806	
6.50014	0.00134294	0.000330109	
6.50014	0.00129158	0.000329417	
6.50015	0.0012414	0.000334626	
6.50015	0.00119238	0.000343081	
6.50015	0.0011445	0.00035354	
6.50015	0.00109773	0.000364797	
6.50015	0.00105206	0.000372362	
6.50016	0.00100747	0.000372037	
6.50016	0.000963922	0.000360442	
6.50016	0.000921407	0.000338789	
6.50016	0.000879902	0.000313454	
6.50016	0.000839386	0.000288542	
6.50017	0.00079984	0.000268004	
6.50017	0.000761245	0.000252124	
6.50017	0.000723581	0.00024126	
6.50017	0.00068683	0.000233992	
6.50017	0.000650973	0.000229056	
6.50017	0.000615992	0.000225005	
6.50017	0.000581871	0.000221995	
6.50017	0.000548591	0.000220434	
6.50018	0.000516135	0.000221448	
6.50018	0.000484486	0.000224779	
6.50018	0.000453629	0.000230729	
6.50018	0.000423547	0.00023947	
6.50018	0.000394225	0.000251821	
6.50018	0.000365646	0.000268613	
6.50018	0.000337795	0.00028911	
6.50018	0.000310658	0.000314235	
6.50018	0.00028422	0.000343051	
6.50018	0.000258467	0.000374205	
6.50018	0.000233384	0.000397296	
6.50018	0.000208958	0.000399176	
6.50018	0.000185175	0.000368855	
6.50018	0.000162021	0.000299042	
6.50018	0.000139484	0.000214411	
6.50018	0.00011755	0.000124722	
6.50018	9.62078e-05	4.40567e-05	
6.50018	7.54442e-05	3.0583e-05	
6.50018	5.52472e-05	0.000101061	
6.50018	3.56048e-05	0.000169524	
6.50018	1.65055e-05	0.000235963	
6.50018	-2.06228e-06	0.000315126	
6.50018	-2.01098e-05	0.000417908	
6.50018	-3.7648e-05	0.000569666	
6.50018	-5.46878e-05	0.000812467	
6.50018	-7.12397e-05	0.0013526	
6.50018	-8.73142e-05	0.00359713	
6.50019	0.00459876	1	
6.50024	0.0209104	1	
6.50033	0.0450232	1	
6.50042	0.0483349	1	
6.50052	0.0469402	0.0684801	
6.50061	0.0455753	0.0233181	
6.5007	0.0442397	0.0128455	
6.50078	0.0429328	0.00889033	
6.50086	0.0416541	0.0077013	
6.50095	0.0404031	0.00742448	
6.50102	0.0391792	0.00721875	
6.5011	0.0379818	0.00677679	
6.50117	0.0368105	0.00619585	
6.50124	0.0356649	0.00561344	
6.50131	0.0345443	0.00508886	
6.50138	0.0334483	0.0046736	
6.50145	0.0323764	0.00436729	
6.50151	0.0313282	0.0041702	
6.50157	0.0303032	0.00406584	
6.50163	0.029301	0.00404329	
6.50168	0.0283211	0.00409272	
6.50174	0.0273631	0.00419637	
6.50179	0.0264265	0.00433725	
6.50184	0.025511	0.00449138	
6.50189	0.0246161	0.00460455	
6.50194	0.0237415	0.0046266	
6.50199	0.0228867	0.00453722	
6.50203	0.0220513	0.00434987	
6.50207	0.021235	0.00411558	
6.50211	0.0204374	0.00388986	
6.50215	0.0196582	0.00369741	
6.50219	0.0188969	0.00355269	
6.50223	0.0181532	0.00345789	
6.50226	0.0174267	0.00340561	
6.50229	0.0167172	0.00338142	
6.50233	0.0160243	0.00336571	
6.50236	0.0153477	0.00335524	
6.50239	0.014687	0.003346	
6.50241	0.0140419	0.0033389	
6.50244	0.0134121	0.00334426	
6.50247	0.0127973	0.0033576	
6.50249	0.0121972	0.00339063	
6.50251	0.0116116	0.00343599	
6.50254	0.01104	0.00348848	
6.50256	0.0104823	0.00353281	
6.50258	0.0099382	0.00355112	
6.5026	0.00940735	0.0035324	
6.50261	0.00888952	0.00345895	
6.50263	0.00838444	0.00333165	
6.50265	0.00789187	0.00314514	
6.50266	0.00741154	0.00290829	
6.50268	0.00694321	0.0026363	
6.50269	0.00648663	0.00234872	
6.5027	0.00604156	0.00207492	
6.50271	0.00560777	0.00182632	
6.50272	0.00518503	0.00159819	
6.50273	0.00477311	0.00139495	
6.50274	0.00437178	0.00121145	
6.50275	0.00398084	0.00104401	
6.50276	0.00360006	0.000888899	
6.50276	0.00322924	0.000744581	
6.50277	0.00286817	0.000608374	
6.50277	0.00251665	0.000480022	
6.50278	0.00217447	0.00035461	
6.50278	0.00184146	0.000229843	
6.50278	0.0015174	0.000102659	
6.50279	0.00120212	2.82604e-05	
6.50279	0.000895434	0.00016402	
6.50279	0.000597158	0.000304071	
6.50279	0.000307118	0.000446867	
6.50279	2.51378e-05	0.000588331	
6.50279	-0.000248951	0.000724844	
6.50279	-0.000515317	0.000854534	
6.50279	-0.000774124	0.000972671	
6.50278	-0.00102553	0.0010777	
6.50278	-0.0012697	0.00116998	
