10	0	1	
10	0	1	
10	0	1	
10	0	1	
10	0	1	
10	0	1	
10	0	1	
10	0	1	
10	0	1	
10	0	1	
10	0	1	
10	0	1	
10	0	1	
10	0	1	
10	0	1	
10	0	1	
10	0	1	
10	0	1	
10	0	1	
10	0	1	
10	0	1	
10	0	1	
10	0	1	
10	0	1	
10	0	1	
10	0	1	
10	0	1	
10	0	1	
10	0	1	
10	0	1	
10	0	1	
10	0	1	
10	0	1	
10	0	1	
10	0	1	
10	0	1	
10	0	1	
10	0	1	
10	0	1	
10	0	1	
10	0	1	
10	0	1	
10	0	1	
10	0	1	
10	0	1	
10	0	1	
10	0	1	
10	0	1	
10	0	1	
10	0	1	
10	0	1	
10	0	1	
10	0	1	
10	0	1	
10	0	1	
10	0	1	
10	0	1	
10	0	1	
10	0	1	
10	0	1	
10	0	1	
10	0	1	
10	0	1	
10	0	1	
10	0	1	
10	0	1	
10	0	1	
10	0	1	
10	0	1	
10	0	1	
10	0	1	
10	0	1	
10	0	1	
10	0	1	
10	0	1	
10	0	1	
10	0	1	
10	0	1	
10	0	1	
10	0	1	
10	0	1	
10	0	1	
10	0	1	
10	0	1	
10	0	1	
10	0	1	
10	0	1	
10	0	1	
10	0	1	
10	0	1	
10	0	1	
10	0	1	
10	0	1	
10	0	1	
10	0	1	
10	0	1	
10	0	1	
10	0	1	
10	0	1	
10	0	1	
10	0	1	
10	0	1	
10	0	1	
10	0	1	
10	0	1	
10	0	1	
10	0	1	
10	0	1	
10	0	1	
10	0	1	
10	0	1	
10	0	1	
10	0	1	
10	0	1	
10	0	1	
10	0	1	
10	0	1	
10	0	1	
10	0	1	
10	0	1	
10	0	1	
10	0	1	
10	0	1	
10	0	1	
10	0	1	
10	0	1	
10	0	1	
10	0	1	
10	0	1	
10	0	1	
10	0	1	
10	0	1	
10	0	1	
10	0	1	
10	0	1	
10	0	1	
10	0	1	
10	0	1	
10	0	1	
10	0	1	
10	0	1	
10	0	1	
10	0	1	
10	0	1	
10	0	1	
10	0	1	
10	0	1	
10	0	1	
10	0	1	
10	0	1	
10	0	1	
10	0	1	
10	0	1	
10	0	1	
10	0	1	
10	0	1	
10	0	1	
10	0	1	
10	0	1	
10	0	1	
10	0	1	
10	0	1	
10	0	1	
10	0	1	
10	0	1	
10	0	1	
10	0	1	
10	0	1	
10	0	1	
10	0	1	
10	0	1	
10	0	1	
10	0	1	
10	0	1	
10	0	1	
10	0	1	
10	0	1	
10	0	1	
10	0	1	
10	0	1	
10	0	1	
10	0	1	
10	0	1	
10	0	1	
10	0	1	
10	0	1	
10	0	1	
10	0	1	
10	0	1	
10	0	1	
10	0	1	
10	0	1	
10	0	1	
10	0	1	
10	0	1	
10	0	1	
10	0	1	
10	0	1	
10	0	1	
10	0	1	
10	0	1	
10	0	1	
10	0	1	
10	0	1	
10	0	1	
10	0	1	
10	0	1	
10	0	1	
10	0	1	
10	0	1	
10	0	1	
10	0	1	
10	0	1	
10	0	1	
10	0	1	
10	0	1	
10	0	1	
10	0	1	
10	0	1	
10	0	1	
10	0	1	
10	0	1	
10	0	1	
10	0	1	
10	0	1	
10	0	1	
10	0	1	
10	0	1	
10	0	1	
10	0	1	
10	0	1	
10	0	1	
10	0	1	
10	0	1	
10	0	1	
10	0	1	
10	0	1	
10	0	1	
10	0	1	
10	0	1	
10	0	1	
10	0	1	
10	0	1	
10	0	1	
10	0	1	
10	0	1	
10	0	1	
10	0	1	
10	0	1	
10	0	1	
10	0	1	
10	0	1	
10	0	1	
10	0	1	
10	0	1	
10	0	1	
10	0	1	
10	0	1	
10	0	1	
10	0	1	
10	0	1	
10	0	1	
10	0	1	
10	0	1	
10	0	1	
10	0	1	
10	0	1	
10	0	1	
10	0	1	
10	0	1	
10	0	1	
10	0	1	
10	0	1	
10	0	1	
10	0	1	
10	0	1	
10	0	1	
10	0	1	
10	0	1	
10	0	1	
10	0	1	
10	0	1	
10	0	1	
10	0	1	
10	0	1	
10	0	1	
10	0	1	
10	0	1	
10	0	1	
10	0	1	
10	0	1	
10	0	1	
10	0	1	
10	0	1	
10	0	1	
10	0	1	
10	0	1	
10	0	1	
10	0	1	
10	0	1	
10	0	1	
10	0	1	
10	0	1	
10	0	1	
10	0	1	
10	0	1	
10	0	1	
10	0	1	
10	0	1	
10	0	1	
10	0	1	
10	0	1	
10	0	1	
10	0	1	
10	0	1	
10	0	1	
10	0	1	
9.99999	-0.00364249	1	
9.99998	-0.00609515	1	
9.99996	-0.00779821	1	
9.99995	-0.00900267	1	
9.99993	-0.00991265	1	
9.99991	-0.0106439	1	
9.99988	-0.0112727	1	
9.99986	-0.0117939	1	
9.99984	-0.0122531	1	
9.99981	-0.0126898	1	
9.99978	-0.0131191	1	
9.99976	-0.0135382	1	
9.99973	-0.0139498	1	
9.9997	-0.0143685	1	
9.99967	-0.0148052	1	
9.99964	-0.0152609	1	
9.99961	-0.0157433	1	
9.99958	-0.0162118	1	
9.99954	-0.0166638	1	
9.99951	-0.0171233	1	
9.99947	-0.0175845	1	
9.99944	-0.0180377	1	
9.9994	-0.0184894	1	
9.99936	-0.0189981	1	
9.99932	-0.0195523	1	
9.99928	-0.0201037	1	
9.99924	-0.0206836	1	
9.9992	-0.0212615	1	
9.99916	-0.0218156	1	
9.99911	-0.0223573	1	
9.99906	-0.0229336	1	
9.99902	-0.0235359	1	
9.99897	-0.024103	1	
9.99892	-0.0246841	1	
9.99887	-0.0252831	1	
9.99882	-0.0258651	1	
9.99876	-0.0264792	1	
9.99871	-0.0271439	1	
9.99865	-0.0277917	1	
9.9986	-0.0284401	1	
9.99854	-0.0290999	1	
9.99848	-0.0297376	1	
9.99842	-0.0303641	1	
9.99836	-0.0310473	1	
9.99829	-0.0317272	1	
9.99823	-0.03243	1	
9.99816	-0.0331525	1	
9.9981	-0.0338213	1	
9.99803	-0.0345079	1	
9.99796	-0.0352263	1	
9.99788	-0.0359418	1	
9.99781	-0.0366846	1	
9.99774	-0.0373894	1	
9.99766	-0.0380578	1	
9.99758	-0.0387869	1	
9.9975	-0.0395179	1	
9.99742	-0.0402791	1	
9.99734	-0.0410376	1	
9.99726	-0.0417339	1	
9.99717	-0.0424994	1	
9.99709	-0.0432938	1	
9.997	-0.0440966	1	
9.99691	-0.0449053	1	
9.99682	-0.0456707	1	
9.99672	-0.0464722	1	
9.99663	-0.0472857	1	
9.99653	-0.0481004	1	
9.99643	-0.0489498	1	
9.99634	-0.0497685	1	
9.99623	-0.0506053	1	
9.99613	-0.0514823	1	
9.99603	-0.0523983	1	
9.99592	-0.0532939	1	
9.99581	-0.0541626	1	
9.9957	-0.0550756	1	
9.99559	-0.0559789	1	
9.99547	-0.0569019	1	
9.99536	-0.0577798	1	
9.99524	-0.0586345	1	
9.99512	-0.0594947	1	
9.995	-0.0603813	1	
9.99488	-0.0612772	1	
9.99476	-0.0621094	1	
9.99463	-0.0630182	1	
9.9945	-0.0639302	1	
9.99437	-0.0649208	1	
9.99424	-0.0658946	1	
9.99411	-0.0668787	1	
9.99397	-0.067848	1	
9.99383	-0.0688837	1	
9.99369	-0.0699224	1	
9.99355	-0.0709504	1	
9.99341	-0.0719837	1	
9.99326	-0.0730655	1	
9.99311	-0.0741622	1	
9.99296	-0.075284	1	
9.99281	-0.076407	1	
9.99265	-0.0775225	1	
9.9925	-0.0785491	1	
9.99234	-0.079609	1	
9.99218	-0.0806807	1	
9.99201	-0.0816911	1	
9.99185	-0.0827002	1	
9.99168	-0.083772	1	
9.99151	-0.0849288	1	
9.99134	-0.0860059	1	
9.99116	-0.0871879	1	
9.99099	-0.0884323	1	
9.99081	-0.0896496	1	
9.99063	-0.0908494	1	
9.99044	-0.0921205	1	
9.99026	-0.0934359	1	
9.99007	-0.0947085	1	
9.98987	-0.0961193	1	
9.98968	-0.0975536	1	
9.98948	-0.0989361	1	
9.98928	-0.100373	1	
9.98908	-0.101842	1	
9.98887	-0.103283	1	
9.98866	-0.104789	1	
9.98845	-0.106342	1	
9.98823	-0.107927	1	
9.98801	-0.109561	1	
9.98779	-0.111234	1	
9.98756	-0.112878	1	
9.98734	-0.114568	1	
9.9871	-0.116339	1	
9.98687	-0.118044	1	
9.98663	-0.119833	1	
9.98638	-0.121682	1	
9.98614	-0.123525	1	
9.98588	-0.125506	1	
9.98563	-0.127537	1	
9.98537	-0.129646	1	
9.98511	-0.131801	1	
9.98484	-0.133862	1	
9.98457	-0.13601	1	
9.98429	-0.138172	1	
9.98401	-0.140305	1	
9.98373	-0.142509	1	
9.98344	-0.144693	1	
9.98314	-0.146999	1	
9.98284	-0.149309	1	
9.98254	-0.151693	1	
9.98223	-0.154091	1	
9.98192	-0.156628	1	
9.9816	-0.159195	1	
9.98128	-0.161788	1	
9.98095	-0.164424	1	
9.98061	-0.167096	1	
9.98027	-0.169915	1	
9.97993	-0.172763	1	
9.97958	-0.175626	1	
9.97922	-0.178603	1	
9.97886	-0.181568	1	
9.97849	-0.18459	1	
9.97811	-0.187495	1	
9.97773	-0.190536	1	
9.97734	-0.193571	1	
9.97695	-0.196658	1	
9.97655	-0.199849	1	
9.97614	-0.203082	1	
9.97573	-0.2063	1	
9.97531	-0.209452	1	
9.97489	-0.212638	1	
9.97446	-0.215855	1	
9.97402	-0.219066	1	
9.97357	-0.2224	1	
9.97312	-0.225928	1	
9.97266	-0.229535	1	
9.9722	-0.233321	1	
9.97172	-0.23716	1	
9.97124	-0.241055	1	
9.97075	-0.24505	1	
9.97025	-0.249194	1	
9.96974	-0.253338	1	
9.96923	-0.257512	1	
9.96871	-0.261738	1	
9.96817	-0.266	1	
9.96763	-0.270357	1	
9.96708	-0.274707	1	
9.96653	-0.279169	1	
9.96596	-0.283631	1	
9.96538	-0.288056	1	
9.9648	-0.292475	1	
9.9642	-0.29693	1	
9.9636	-0.301578	1	
9.96299	-0.306304	1	
9.96237	-0.311156	1	
9.96173	-0.316064	1	
9.96109	-0.321006	1	
9.96044	-0.326096	1	
9.95978	-0.33119	1	
9.9591	-0.336355	1	
9.95842	-0.341476	1	
9.95773	-0.346696	1	
9.95702	-0.35195	1	
9.95631	-0.357305	1	
9.95558	-0.362585	1	
9.95485	-0.36809	1	
9.9541	-0.373726	1	
9.95334	-0.379602	1	
9.95257	-0.38552	1	
9.95179	-0.391533	1	
9.95099	-0.397576	1	
9.95018	-0.40363	1	
9.94936	-0.409602	1	
9.94853	-0.415578	1	
9.94769	-0.421614	1	
9.94684	-0.427648	1	
9.94597	-0.43382	1	
9.94509	-0.440088	1	
9.94419	-0.446549	1	
9.94329	-0.453125	1	
9.94237	-0.459922	1	
9.94143	-0.466893	1	
9.94049	-0.473898	1	
9.93952	-0.480968	1	
9.93855	-0.488028	1	
9.93756	-0.495229	1	
9.93655	-0.502671	1	
9.93553	-0.51039	1	
9.9345	-0.518402	1	
9.93344	-0.526735	1	
9.93237	-0.535248	1	
9.93128	-0.543962	1	
9.93018	-0.552814	1	
9.92905	-0.56176	1	
9.92791	-0.570714	1	
9.92675	-0.579731	1	
9.92558	-0.588889	1	
9.92438	-0.598295	1	
9.92316	-0.608018	1	
9.92193	-0.617984	1	
9.92067	-0.628128	1	
9.91939	-0.638312	1	
9.9181	-0.648581	1	
9.91678	-0.658779	1	
9.91544	-0.669038	1	
9.91408	-0.679501	1	
9.9127	-0.690237	1	
9.9113	-0.701128	1	
9.90988	-0.712156	1	
9.90843	-0.723206	1	
9.90696	-0.734422	1	
9.90547	-0.74588	1	
9.90395	-0.757336	1	
9.90242	-0.769073	1	
9.90085	-0.780954	1	
9.89927	-0.792868	1	
9.89766	-0.804546	1	
9.89603	-0.81607	1	
9.89437	-0.827539	1	
9.89269	-0.839226	1	
9.89099	-0.851355	1	
9.88926	-0.864125	1	
9.88751	-0.877571	1	
9.88572	-0.891338	1	
9.88391	-0.905467	1	
9.88207	-0.919772	1	
9.88021	-0.934425	1	
9.87831	-0.94956	1	
9.87638	-0.965011	1	
9.87441	-0.980858	1	
9.87242	-0.996918	1	
9.87039	-1.01317	1	
9.86833	-1.02959	1	
9.86624	-1.04616	1	
9.86412	-1.06309	1	
9.86196	-1.08026	1	
9.85976	-1.09767	1	
9.85753	-1.11524	1	
9.85526	-1.13301	1	
9.85296	-1.15072	1	
9.85063	-1.16836	1	
9.84825	-1.18587	1	
9.84585	-1.20335	1	
9.84341	-1.22099	1	
9.84093	-1.23843	1	
9.83842	-1.25574	1	
9.83587	-1.27293	1	
9.83329	-1.28998	1	
9.83068	-1.30702	1	
9.82803	-1.32408	1	
9.82535	-1.34084	1	
9.82263	-1.35715	1	
9.81989	-1.37314	1	
9.81711	-1.38905	1	
9.8143	-1.40494	1	
9.81146	-1.42103	1	
9.80858	-1.43719	1	
9.80567	-1.45375	1	
9.80273	-1.47076	1	
9.79976	-1.48802	1	
9.79675	-1.50484	1	
9.7937	-1.52124	1	
9.79063	-1.53738	1	
9.78752	-1.55369	1	
9.78438	-1.57034	1	
9.78121	-1.58727	1	
9.778	-1.60423	1	
9.77476	-1.62163	1	
9.77148	-1.63972	1	
9.76816	-1.65831	1	
9.76481	-1.67711	1	
9.76141	-1.69594	1	
9.75798	-1.71489	1	
9.75452	-1.73432	1	
9.75101	-1.754	1	
9.74746	-1.7741	1	
9.74387	-1.79484	1	
9.74024	-1.8163	1	
9.73656	-1.83809	1	
9.73284	-1.86005	1	
9.72908	-1.88225	1	
9.72527	-1.90505	1	
9.72141	-1.92857	1	
9.7175	-1.95271	1	
9.71355	-1.977	1	
9.70955	-2.00133	1	
9.7055	-2.02534	1	
9.7014	-2.04859	1	
9.69726	-2.07107	1	
9.69307	-2.09267	1	
9.68884	-2.11376	1	
9.68458	-2.1343	1	
9.68027	-2.15492	1	
9.67591	-2.17535	1	
9.67152	-2.19552	1	
9.66709	-2.21566	1	
9.66262	-2.23547	1	
9.65811	-2.25513	1	
9.65356	-2.27443	1	
9.64897	-2.29389	1	
9.64435	-2.3138	1	
9.63968	-2.33375	1	
9.63497	-2.35367	1	
9.63023	-2.37366	1	
9.62544	-2.39383	1	
9.62061	-2.41459	1	
9.61574	-2.43653	1	
9.61082	-2.45975	1	
9.60585	-2.48356	1	
9.60083	-2.50759	1	
9.59577	-2.53203	1	
9.59066	-2.55669	1	
9.58549	-2.58182	1	
9.58028	-2.60747	1	
9.57501	-2.63326	1	
9.56969	-2.65982	1	
9.56432	-2.68686	1	
9.55889	-2.71459	1	
9.5534	-2.74239	1	
9.54786	-2.77085	1	
9.54226	-2.79999	1	
9.53661	-2.8279	1	
9.5309	-2.85523	1	
9.52513	-2.88116	1	
9.51932	-2.90555	1	
9.51346	-2.92962	1	
9.50756	-2.95337	1	
9.5016	-2.97632	1	
9.49561	-2.99821	1	
9.48957	-3.01986	1	
9.48348	-3.04183	1	
9.47736	-3.06409	1	
9.47118	-3.0859	1	
9.46497	-3.10651	1	
9.45872	-3.12571	1	
9.45243	-3.14421	1	
9.44611	-3.16287	1	
9.43974	-3.18238	1	
9.43334	-3.20262	1	
9.42689	-3.22371	1	
9.4204	-3.24485	1	
9.41386	-3.2676	1	
9.40728	-3.29218	1	
9.40064	-3.31841	1	
9.39395	-3.34531	1	
9.38721	-3.37274	1	
9.3804	-3.40101	1	
9.37354	-3.43082	1	
9.36662	-3.46179	1	
9.35963	-3.49325	1	
9.35258	-3.52426	1	
9.34547	-3.55463	1	
9.33831	-3.58432	1	
9.33108	-3.61327	1	
9.3238	-3.64113	1	
9.31646	-3.66766	1	
9.30908	-3.69301	1	
9.30164	-3.71808	1	
9.29415	-3.74245	1	
9.28662	-3.76579	1	
9.27905	-3.78781	1	
9.27143	-3.80866	1	
9.26377	-3.82872	1	
9.25608	-3.84773	1	
9.24834	-3.8661	1	
9.24058	-3.88424	1	
9.23277	-3.9027	1	
9.22493	-3.92259	1	
9.21704	-3.9438	1	
9.2091	-3.96654	1	
9.20112	-3.99057	1	
9.19309	-4.01555	1	
9.18501	-4.04143	1	
9.17687	-4.06793	1	
9.16868	-4.09471	1	
9.16044	-4.12139	1	
9.15215	-4.1479	1	
9.1438	-4.17386	1	
9.1354	-4.19909	1	
9.12695	-4.22367	1	
9.11846	-4.24722	1	
9.10992	-4.26951	1	
9.10134	-4.29038	1	
9.09272	-4.31021	1	
9.08406	-4.3287	1	
9.07537	-4.34619	1	
9.06664	-4.36258	1	
9.05789	-4.3784	1	
9.0491	-4.39418	1	
9.04028	-4.41034	1	
9.03142	-4.42722	1	
9.02253	-4.44549	1	
9.0136	-4.46561	1	
9.00463	-4.48755	1	
8.9956	-4.51066	1	
8.98653	-4.53501	1	
8.97741	-4.5606	1	
8.96824	-4.58722	1	
8.95901	-4.61415	1	
8.94973	-4.64084	1	
8.94039	-4.66682	1	
8.93101	-4.69188	1	
8.92158	-4.71557	1	
8.91211	-4.7374	1	
8.90259	-4.75755	1	
8.89304	-4.77573	1	
8.88346	-4.79178	1	
8.87384	-4.80536	1	
8.86421	-4.81765	1	
8.85455	-4.82911	1	
8.84487	-4.84026	1	
8.83517	-4.85154	1	
8.82544	-4.8637	1	
8.81569	-4.8774	1	
8.8059	-4.89231	1	
8.79608	-4.90827	1	
8.78623	-4.92512	1	
8.77635	-4.94326	1	
8.76642	-4.96294	1	
8.75645	-4.98361	1	
8.74644	-5.00447	1	
8.73639	-5.02486	1	
8.72631	-5.04397	1	
8.71618	-5.06127	1	
8.70603	-5.07638	1	
8.69585	-5.08913	1	
8.68565	-5.09968	1	
8.67544	-5.10818	1	
8.66521	-5.11505	1	
8.65497	-5.12102	1	
8.64471	-5.12639	1	
8.63445	-5.13161	1	
8.62417	-5.13772	1	
8.61388	-5.14515	1	
8.60358	-5.1539	1	
8.59325	-5.16359	1	
8.5829	-5.17469	1	
8.57252	-5.18811	1	
8.56211	-5.20438	1	
8.55167	-5.22269	1	
8.54119	-5.24149	1	
8.53067	-5.25936	1	
8.52012	-5.27589	1	
8.50953	-5.29038	1	
8.49893	-5.30242	1	
8.48831	-5.31199	1	
8.47767	-5.31916	1	
8.46702	-5.32466	1	
8.45636	-5.32914	1	
8.44569	-5.3326	1	
8.43502	-5.33544	1	
8.42435	-5.33785	1	
8.41367	-5.34015	1	
8.40298	-5.34281	1	
8.39229	-5.34655	1	
8.38159	-5.35175	1	
8.37087	-5.35892	1	
8.36013	-5.36857	1	
8.34937	-5.38014	1	
8.33859	-5.39258	1	
8.32778	-5.40486	1	
8.31694	-5.41606	1	
8.30609	-5.42539	1	
8.29523	-5.43212	1	
8.28436	-5.43685	1	
8.27348	-5.43976	1	
8.26259	-5.44069	1	
8.25172	-5.43952	1	
8.24084	-5.4365	1	
8.22998	-5.43187	1	
8.21913	-5.42599	1	
8.20829	-5.41962	1	
8.19746	-5.413	1	
8.18665	-5.4074	1	
8.17584	-5.40384	1	
8.16503	-5.40281	1	
8.15422	-5.40427	1	
8.14341	-5.40749	1	
8.13259	-5.41126	1	
8.12176	-5.41506	1	
8.11092	-5.41788	1	
8.10008	-5.41943	1	
8.08924	-5.41947	1	
8.07841	-5.41858	1	
8.06757	-5.4169	1	
8.05674	-5.41451	1	
8.04592	-5.41149	1	
8.0351	-5.40811	1	
8.0243	-5.40442	1	
8.01349	-5.40093	1	
8.0027	-5.39703	1	
7.99191	-5.3928	1	
7.98114	-5.38888	1	
7.97036	-5.38574	1	
7.9596	-5.38356	1	
7.94883	-5.38255	1	
7.93807	-5.38179	1	
7.92731	-5.38081	1	
7.91655	-5.37881	1	
7.9058	-5.3757	1	
7.89506	-5.37138	1	
7.88432	-5.36574	1	
7.87361	-5.35829	1	
7.86291	-5.34965	1	
7.85223	-5.33993	1	
7.84157	-5.32926	1	
7.83093	-5.31836	1	
7.82032	-5.3076	1	
7.80972	-5.29681	1	
7.79915	-5.2859	1	
7.7886	-5.27527	1	
7.77807	-5.26547	1	
7.76756	-5.25633	1	
7.75706	-5.24757	1	
7.74659	-5.23851	1	
7.73613	-5.22846	1	
7.7257	-5.21695	1	
7.71529	-5.20418	1	
7.70491	-5.19045	1	
7.69455	-5.17573	1	
7.68423	-5.16011	1	
7.67395	-5.14393	1	
7.66369	-5.12773	1	
7.65347	-5.11183	1	
7.64327	-5.09619	1	
7.63311	-5.0807	1	
7.62298	-5.06546	1	
7.61288	-5.05112	1	
7.6028	-5.03816	1	
7.59275	-5.02594	1	
7.58272	-5.01386	1	
7.57272	-5.00142	1	
7.56274	-4.98852	1	
7.55279	-4.97513	1	
7.54287	-4.96137	1	
7.53298	-4.94742	1	
7.52311	-4.93254	1	
7.51328	-4.91676	1	
7.50348	-4.9001	1	
7.49371	-4.88245	1	
7.48398	-4.8642	1	
7.47429	-4.84591	1	
7.46464	-4.82814	1	
7.45501	-4.81103	1	
7.44543	-4.79462	1	
7.43587	-4.77878	1	
7.42634	-4.76326	1	
7.41685	-4.74739	1	
7.40738	-4.73115	1	
7.39796	-4.71413	1	
7.38856	-4.69571	1	
7.37921	-4.67601	1	
7.3699	-4.65549	1	
7.36063	-4.63455	1	
7.35141	-4.61339	1	
7.34222	-4.59219	1	
7.33308	-4.57112	1	
7.32398	-4.54995	1	
7.31492	-4.52867	1	
7.30591	-4.50747	1	
7.29693	-4.48614	1	
7.288	-4.46493	1	
7.27912	-4.44382	1	
7.27027	-4.42281	1	
7.26147	-4.40199	1	
7.2527	-4.38136	1	
7.24398	-4.36065	1	
7.2353	-4.3392	1	
7.22667	-4.31678	1	
7.21808	-4.29406	1	
7.20954	-4.2714	1	
7.20104	-4.24865	1	
7.19259	-4.22544	1	
7.18419	-4.20166	1	
7.17583	-4.17748	1	
7.16753	-4.15336	1	
7.15927	-4.12983	1	
7.15105	-4.10692	1	
7.14288	-4.08465	1	
7.13476	-4.06346	1	
7.12667	-4.04318	1	
7.11863	-4.02311	1	
7.11062	-4.00242	1	
7.10266	-3.98083	1	
7.09474	-3.95812	1	
7.08687	-3.93426	1	
7.07905	-3.90953	1	
7.07129	-3.88442	1	
7.06357	-3.85886	1	
7.0559	-3.83309	1	
7.04829	-3.80744	1	
7.04072	-3.78186	1	
7.03321	-3.75618	1	
7.02575	-3.7305	1	
7.01834	-3.7049	1	
7.01098	-3.67955	1	
7.00367	-3.65489	1	
6.99641	-3.631	1	
6.98919	-3.60735	1	
6.98203	-3.58373	1	
6.97491	-3.56003	1	
6.96783	-3.53639	1	
6.96081	-3.51253	1	
6.95383	-3.48803	1	
6.94691	-3.46313	1	
6.94003	-3.43794	1	
6.93321	-3.41245	1	
6.92643	-3.3869	1	
6.91971	-3.36109	1	
6.91304	-3.3347	1	
6.90642	-3.30801	1	
6.89986	-3.28146	1	
6.89335	-3.25542	1	
6.88689	-3.22981	1	
6.88048	-3.20454	1	
6.87412	-3.17959	1	
6.86781	-3.15499	1	
6.86155	-3.13061	1	
6.85534	-3.10644	1	
6.84917	-3.08235	1	
6.84306	-3.05795	1	
6.83699	-3.03291	1	
6.83098	-3.00726	1	
6.82502	-2.98125	1	
6.81911	-2.95508	1	
6.81325	-2.9289	1	
6.80744	-2.90275	1	
6.80169	-2.87673	1	
6.79599	-2.85041	1	
6.79034	-2.82385	1	
6.78475	-2.79729	1	
6.7792	-2.77082	1	
6.77371	-2.74465	1	
6.76828	-2.71907	1	
6.76289	-2.69437	1	
6.75755	-2.67022	1	
6.75225	-2.64642	1	
6.74701	-2.62262	1	
6.74181	-2.59885	1	
6.73666	-2.57497	1	
6.73156	-2.55075	1	
6.72651	-2.52637	1	
6.7215	-2.50194	1	
6.71655	-2.47726	1	
6.71164	-2.4521	1	
6.70679	-2.42644	1	
6.70199	-2.40034	1	
6.69724	-2.3739	1	
6.69255	-2.3475	1	
6.68791	-2.32158	1	
6.68331	-2.29627	1	
6.67877	-2.27171	1	
6.67427	-2.24769	1	
6.66983	-2.22424	1	
6.66542	-2.20144	1	
6.66106	-2.17943	1	
6.65675	-2.15805	1	
6.65247	-2.13686	1	
6.64824	-2.11561	1	
6.64405	-2.09412	1	
6.63991	-2.07207	1	
6.63581	-2.04964	1	
6.63176	-2.02683	1	
6.62775	-2.00377	1	
6.62379	-1.98045	1	
6.61988	-1.95683	1	
6.61601	-1.933	1	
6.61219	-1.90897	1	
6.60842	-1.88473	1	
6.6047	-1.86027	1	
6.60103	-1.8358	1	
6.59741	-1.81176	1	
6.59383	-1.78843	1	
6.5903	-1.76578	1	
6.58681	-1.7439	1	
6.58336	-1.7228	1	
6.57996	-1.70242	1	
6.57659	-1.68265	1	
6.57327	-1.66321	1	
6.56998	-1.64377	1	
6.56673	-1.62427	1	
6.56352	-1.60468	1	
6.56035	-1.58489	1	
6.55722	-1.56475	1	
6.55413	-1.54423	1	
6.55109	-1.52339	1	
6.54808	-1.50228	1	
6.54512	-1.48082	1	
6.5422	-1.45913	1	
6.53933	-1.43742	1	
6.5365	-1.41586	1	
6.53371	-1.39444	1	
6.53096	-1.37319	1	
6.52826	-1.35213	1	
6.52559	-1.33151	1	
6.52297	-1.31158	1	
6.52039	-1.29249	1	
6.51784	-1.27416	1	
6.51533	-1.25642	1	
6.51285	-1.23917	1	
6.5104	-1.22229	1	
6.50799	-1.2056	1	
6.50561	-1.1891	1	
6.50327	-1.17262	1	
6.50096	-1.156	1	
6.49868	-1.13921	1	
6.49643	-1.12217	1	
6.49422	-1.10486	1	
6.49205	-1.08717	1	
6.48991	-1.06916	1	
6.48781	-1.05098	1	
6.48574	-1.03281	1	
6.48371	-1.01472	1	
6.48172	-0.996763	1	
6.47976	-0.978905	1	
6.47784	-0.961119	1	
6.47595	-0.943535	1	
6.4741	-0.92626	1	
6.47228	-0.909391	1	
6.4705	-0.893043	1	
6.46874	-0.877272	1	
6.46702	-0.862065	1	
6.46532	-0.847452	1	
6.46365	-0.833322	1	
6.46202	-0.819577	1	
6.4604	-0.806122	1	
6.45882	-0.792882	1	
6.45726	-0.77975	1	
6.45573	-0.766684	1	
6.45422	-0.753629	1	
6.45274	-0.740635	1	
6.45128	-0.727651	1	
6.44985	-0.714724	1	
6.44845	-0.701769	1	
6.44707	-0.688777	1	
6.44572	-0.675771	1	
6.44439	-0.662825	1	
6.44309	-0.649933	1	
6.44182	-0.637083	1	
6.44057	-0.624356	1	
6.43935	-0.611727	1	
6.43815	-0.599231	1	
6.43698	-0.586932	1	
6.43583	-0.574831	1	
6.4347	-0.562928	1	
6.4336	-0.551189	1	
6.43252	-0.539658	1	
6.43146	-0.528356	1	
6.43043	-0.51729	1	
6.42941	-0.506431	1	
6.42842	-0.495752	1	
6.42745	-0.485254	1	
6.4265	-0.47493	1	
6.42557	-0.464812	1	
6.42466	-0.454854	1	
6.42377	-0.445029	1	
6.4229	-0.435328	1	
6.42205	-0.425714	1	
6.42122	-0.416213	1	
6.4204	-0.406864	1	
6.41961	-0.397653	1	
6.41883	-0.388644	1	
6.41807	-0.379774	1	
6.41733	-0.371068	1	
6.4166	-0.362523	1	
6.4159	-0.354167	1	
6.4152	-0.345971	1	
6.41453	-0.337952	1	
6.41387	-0.330148	1	
6.41322	-0.322553	1	
6.41259	-0.3152	1	
6.41198	-0.307997	1	
6.41138	-0.300974	1	
6.41079	-0.294087	1	
6.41021	-0.287354	1	
6.40965	-0.280731	1	
6.4091	-0.274193	1	
6.40857	-0.26779	1	
6.40804	-0.261511	1	
6.40753	-0.255341	1	
6.40703	-0.249288	1	
6.40655	-0.243303	1	
6.40607	-0.237377	1	
6.40561	-0.231565	1	
6.40516	-0.225902	1	
6.40472	-0.220363	1	
6.40429	-0.214989	1	
6.40387	-0.209702	1	
6.40346	-0.204512	1	
6.40306	-0.199419	1	
6.40267	-0.194478	1	
6.40229	-0.189666	1	
6.40192	-0.185005	1	
6.40156	-0.180441	1	
6.40121	-0.176047	1	
6.40087	-0.17177	1	
6.40053	-0.167574	1	
6.4002	-0.163427	1	
6.39988	-0.159338	1	
6.39957	-0.155314	1	
6.39927	-0.1514	1	
6.39898	-0.147552	1	
6.39869	-0.143748	1	
6.39841	-0.140014	1	
6.39814	-0.13634	1	
6.39787	-0.132725	1	
6.39761	-0.129157	1	
6.39736	-0.125681	1	
6.39712	-0.1223	1	
6.39688	-0.119039	1	
6.39665	-0.115907	1	
6.39642	-0.112912	1	
6.3962	-0.110026	1	
6.39599	-0.10725	1	
6.39578	-0.104586	1	
6.39557	-0.10202	1	
6.39537	-0.0995631	1	
6.39518	-0.0972024	1	
6.39499	-0.0949258	1	
6.3948	-0.0927054	1	
6.39462	-0.0905718	1	
6.39445	-0.0885151	1	
6.39427	-0.0865302	1	
6.3941	-0.084601	1	
6.39394	-0.0827178	1	
6.39378	-0.0808878	1	
6.39362	-0.0791167	1	
6.39346	-0.0773735	1	
6.39331	-0.0756413	1	
6.39316	-0.0739256	1	
6.39302	-0.0722251	1	
6.39288	-0.0705833	1	
6.39274	-0.0689889	1	
6.39261	-0.0674221	1	
6.39247	-0.065884	1	
6.39234	-0.064385	1	
6.39222	-0.0629313	1	
6.3921	-0.061503	1	
6.39198	-0.0601025	1	
6.39186	-0.0587449	1	
6.39174	-0.0574247	1	
6.39163	-0.0561232	1	
6.39152	-0.0548421	1	
6.39141	-0.0535661	1	
6.39131	-0.0523375	1	
6.39121	-0.0510946	1	
6.39111	-0.0498556	1	
6.39101	-0.0486508	1	
6.39092	-0.0474796	1	
6.39082	-0.0463105	1	
6.39073	-0.0451368	1	
6.39065	-0.0439569	1	
6.39056	-0.0427873	1	
6.39048	-0.0416306	1	
6.3904	-0.0404887	1	
6.39032	-0.0393739	1	
6.39024	-0.0382925	1	
6.39017	-0.0372307	1	
6.39009	-0.0361797	1	
6.39002	-0.0351542	1	
6.38995	-0.0341545	1	
6.38989	-0.0331554	1	
6.38982	-0.0321702	1	
6.38976	-0.0312429	1	
6.3897	-0.0303731	1	
6.38964	-0.0295535	1	
6.38958	-0.0287421	1	
6.38953	-0.0279636	1	
6.38947	-0.0272248	1	
6.38942	-0.0264998	1	
6.38937	-0.0258354	1	
6.38932	-0.025209	1	
6.38927	-0.0245775	1	
6.38922	-0.023942	1	
6.38917	-0.0233387	1	
6.38913	-0.0227461	1	
6.38908	-0.0221982	1	
6.38904	-0.0216833	1	
6.389	-0.0211776	1	
6.38896	-0.0206942	1	
6.38892	-0.0202286	1	
6.38888	-0.019773	1	
6.38884	-0.019357	1	
6.3888	-0.0189726	1	
6.38876	-0.0186102	1	
6.38873	-0.0183055	1	
6.38869	-0.0180157	1	
6.38866	-0.0177121	1	
6.38862	-0.0174495	1	
6.38859	-0.0172239	1	
6.38855	-0.0170077	1	
6.38852	-0.0168266	1	
6.38849	-0.0166322	1	
6.38845	-0.0164086	1	
6.38842	-0.0161933	1	
6.38839	-0.0159571	1	
6.38836	-0.0156839	1	
6.38833	-0.0154143	1	
6.3883	-0.0151194	1	
6.38827	-0.0148016	1	
6.38824	-0.0145058	1	
6.38821	-0.0142387	1	
6.38818	-0.0139872	1	
6.38815	-0.0137605	1	
6.38813	-0.0135915	1	
6.3881	-0.0134793	1	
6.38807	-0.0134178	1	
6.38805	-0.0134362	1	
6.38802	-0.0135266	1	
6.38799	-0.0136419	1	
6.38796	-0.0138077	1	
6.38794	-0.0140084	1	
6.38791	-0.0142201	1	
6.38788	-0.0144789	1	
6.38785	-0.0147522	1	
6.38782	-0.015041	1	
6.38779	-0.0153432	1	
6.38776	-0.015637	1	
6.38772	-0.0159569	1	
6.38769	-0.0162522	1	
6.38766	-0.0165056	1	
6.38763	-0.0167255	1	
6.38759	-0.0169081	1	
6.38756	-0.0170767	1	
6.38752	-0.0172155	1	
6.38749	-0.0173127	1	
6.38745	-0.0173771	1	
6.38742	-0.0173955	1	
6.38738	-0.0173923	1	
6.38735	-0.0173735	1	
6.38731	-0.017335	1	
6.38728	-0.0172528	1	
6.38725	-0.0171584	1	
6.38721	-0.0170642	1	
6.38718	-0.0169375	1	
6.38714	-0.0168057	1	
6.38711	-0.0166889	1	
6.38708	-0.0165811	1	
6.38704	-0.0164359	1	
6.38701	-0.0162817	1	
6.38698	-0.0161176	1	
6.38695	-0.0159301	1	
6.38692	-0.0157143	1	
6.38689	-0.0154854	1	
6.38686	-0.0152447	1	
6.38683	-0.0149915	1	
6.3868	-0.0147063	1	
6.38677	-0.0144046	1	
6.38674	-0.0140973	1	
6.38671	-0.0138009	1	
6.38668	-0.0134974	1	
6.38666	-0.0132076	1	
6.38663	-0.0129459	1	
6.38661	-0.0126931	1	
6.38658	-0.0124664	1	
6.38656	-0.0122512	1	
6.38653	-0.0120559	1	
6.38651	-0.0119051	1	
6.38649	-0.0118041	1	
6.38646	-0.0117359	1	
6.38644	-0.0116412	1	
6.38642	-0.011547	1	
6.38639	-0.0114551	1	
6.38637	-0.0113748	1	
6.38635	-0.0112989	1	
6.38633	-0.0112051	1	
6.3863	-0.0110776	1	
6.38628	-0.0109183	1	
6.38626	-0.0107373	1	
6.38624	-0.0105478	1	
6.38624	-0.0105478	1	
6.38624	-0.0105478	1	
6.38624	-0.0105478	1	
6.38624	-0.0105478	1	
6.38624	-0.0105478	1	
6.38624	-0.0105478	1	
6.38624	-0.0105478	1	
6.38624	-0.0105478	1	
6.38624	-0.0105478	1	
6.38624	-0.0105478	1	
6.38624	-0.0105478	1	
6.38624	-0.0105478	1	
6.38624	-0.0105478	1	
6.38624	-0.0105478	1	
6.38624	-0.0105478	1	
6.38624	-0.0105478	1	
6.38624	-0.0105478	1	
6.38624	-0.0105478	1	
6.38624	-0.0105478	1	
6.38624	-0.0105478	1	
6.38624	-0.0105478	1	
6.38624	-0.0105478	1	
6.38624	-0.0105478	1	
6.38624	-0.0105478	1	
6.38624	-0.0105478	1	
6.38624	-0.0105478	1	
6.38624	-0.0105478	1	
6.38624	-0.0105478	1	
6.38624	-0.0105478	1	
6.38624	-0.0105478	1	
6.38624	-0.0105478	1	
6.38624	-0.0105478	1	
6.38624	-0.0105478	1	
6.38624	-0.0105478	1	
6.38624	-0.0105478	1	
6.38624	-0.0105478	1	
6.38624	-0.0105478	1	
6.38624	-0.0105478	1	
6.38624	-0.0105478	1	
6.38624	-0.0105478	1	
6.38624	-0.0105478	1	
6.38624	-0.0105478	1	
6.38624	-0.0105478	1	
6.38624	-0.0105478	1	
6.38624	-0.0105478	1	
6.38624	-0.0105478	1	
6.38624	-0.0105478	1	
6.38624	-0.0105478	1	
6.38624	-0.0105478	1	
6.38624	-0.0105478	1	
6.38624	-0.0105478	1	
6.38624	-0.0105478	1	
6.38624	-0.0105478	1	
6.38624	-0.0105478	1	
6.38624	-0.0105478	1	
6.38622	-0.01036	1	
6.3862	-0.0103423	1	
6.38618	-0.0104549	1	
6.38616	-0.0106139	1	
6.38613	-0.0107738	1	
6.38611	-0.0109483	1	
6.38609	-0.0111212	1	
6.38607	-0.0112823	1	
6.38604	-0.0114288	1	
6.38602	-0.0115641	1	
6.386	-0.0116984	1	
6.38597	-0.0118004	1	
6.38595	-0.0118752	1	
6.38593	-0.0119219	1	
6.3859	-0.0119199	1	
6.38588	-0.0118777	1	
6.38586	-0.0117812	1	
6.38583	-0.011685	1	
6.38581	-0.0116297	1	
6.38579	-0.0115761	1	
6.38576	-0.0115068	1	
6.38574	-0.0114284	1	
6.38572	-0.0114048	1	
6.38569	-0.0113838	1	
6.38567	-0.0113628	1	
6.38565	-0.0113649	1	
6.38563	-0.0113977	1	
6.3856	-0.0114537	1	
6.38558	-0.0115655	1	
6.38556	-0.011711	1	
6.38553	-0.0118542	1	
6.38551	-0.0120126	1	
6.38548	-0.0122051	1	
6.38546	-0.0124127	1	
6.38543	-0.0126465	1	
6.38541	-0.0129122	1	
6.38538	-0.0131951	1	
6.38535	-0.0135059	1	
6.38533	-0.0138424	1	
6.3853	-0.0141765	1	
6.38527	-0.0145011	1	
6.38524	-0.0148657	1	
6.38521	-0.0152484	1	
6.38518	-0.0156396	1	
6.38515	-0.0160458	1	
6.38511	-0.0164321	1	
6.38508	-0.016827	1	
6.38505	-0.0172635	1	
6.38501	-0.0176736	1	
6.38497	-0.0180597	1	
6.38494	-0.0183803	1	
6.3849	-0.0186648	1	
6.38486	-0.0189351	1	
6.38482	-0.0191626	1	
6.38478	-0.0193568	1	
6.38475	-0.0195114	1	
6.38471	-0.0195916	1	
6.38467	-0.0196252	1	
6.38463	-0.019627	1	
6.38459	-0.019591	1	
6.38455	-0.0195173	1	
6.38451	-0.0194248	1	
6.38447	-0.0193215	1	
6.38443	-0.0192437	1	
6.3844	-0.0192038	1	
6.38436	-0.0191846	1	
6.38432	-0.0191606	1	
6.38428	-0.0191525	1	
6.38424	-0.0191776	1	
6.3842	-0.0192196	1	
6.38416	-0.0192864	1	
6.38413	-0.0193638	1	
6.38409	-0.0194562	1	
6.38405	-0.0196117	1	
6.38401	-0.0198042	1	
6.38397	-0.0200461	1	
6.38393	-0.0202912	1	
6.38389	-0.020585	1	
6.38384	-0.0208732	1	
6.3838	-0.0212057	1	
6.38376	-0.0215701	1	
6.38372	-0.0219918	1	
6.38367	-0.0224527	1	
6.38362	-0.0229203	1	
6.38358	-0.023372	1	
6.38353	-0.0238796	1	
6.38348	-0.0243804	1	
6.38343	-0.0248564	1	
6.38338	-0.0253003	1	
6.38333	-0.0257596	1	
6.38328	-0.0262393	1	
6.38322	-0.0266895	1	
6.38317	-0.0271554	1	
6.38311	-0.0275505	1	
6.38306	-0.0278663	1	
6.383	-0.028108	1	
6.38295	-0.0283229	1	
6.38289	-0.028496	1	
6.38283	-0.0286036	1	
6.38277	-0.0286593	1	
6.38272	-0.0287004	1	
6.38266	-0.0286736	1	
6.3826	-0.0285818	1	
6.38255	-0.0284031	1	
6.38249	-0.0281838	1	
6.38243	-0.027982	1	
6.38238	-0.0277475	1	
6.38232	-0.0274783	1	
6.38227	-0.027202	1	
6.38221	-0.0269133	1	
6.38216	-0.026654	1	
6.38211	-0.0264204	1	
6.38206	-0.0261567	1	
6.382	-0.0258699	1	
6.38195	-0.0255604	1	
6.3819	-0.0252034	1	
6.38185	-0.0248569	1	
6.3818	-0.0245556	1	
6.38176	-0.0242712	1	
6.38171	-0.0239733	1	
6.38166	-0.0236901	1	
6.38161	-0.0234055	1	
6.38157	-0.0231188	1	
6.38152	-0.0228585	1	
6.38148	-0.0226304	1	
6.38143	-0.0224221	1	
6.38139	-0.0222079	1	
6.38134	-0.0220287	1	
6.3813	-0.0219114	1	
6.38126	-0.0218277	1	
6.38121	-0.0217634	1	
6.38117	-0.021762	1	
6.38112	-0.0218181	1	
6.38108	-0.0219031	1	
6.38104	-0.0220106	1	
6.38099	-0.0221233	1	
6.38095	-0.0222528	1	
6.3809	-0.0224369	1	
6.38086	-0.0226565	1	
6.38081	-0.0228711	1	
6.38077	-0.023078	1	
6.38072	-0.0232629	1	
6.38067	-0.0234527	1	
6.38063	-0.0236766	1	
6.38058	-0.0238841	1	
6.38053	-0.0240666	1	
6.38048	-0.0242111	1	
6.38043	-0.0243345	1	
6.38038	-0.0244959	1	
6.38033	-0.0246336	1	
6.38028	-0.0247313	1	
6.38023	-0.0247838	1	
6.38019	-0.0248017	1	
6.38014	-0.0248288	1	
6.38009	-0.0248616	1	
6.38004	-0.0248623	1	
6.37999	-0.0248432	1	
6.37994	-0.024799	1	
6.37989	-0.0247575	1	
6.37984	-0.0247131	1	
6.37979	-0.0246358	1	
6.37974	-0.0245601	1	
6.37969	-0.0244694	1	
6.37964	-0.0244184	1	
6.37959	-0.0243713	1	
6.37954	-0.0243201	1	
6.3795	-0.0242538	1	
6.37945	-0.024161	1	
6.3794	-0.0241108	1	
6.37935	-0.0240484	1	
6.3793	-0.0240037	1	
6.37926	-0.0239534	1	
6.37921	-0.0239528	1	
6.37916	-0.0239394	1	
6.37911	-0.0239172	1	
6.37906	-0.0238887	1	
6.37902	-0.0239425	1	
6.37897	-0.0240725	1	
6.37892	-0.0242627	1	
6.37887	-0.0245517	1	
6.37882	-0.0248885	1	
6.37877	-0.0252578	1	
6.37872	-0.0256785	1	
6.37867	-0.0261922	1	
6.37861	-0.0267769	1	
6.37856	-0.0273787	1	
6.3785	-0.0280142	1	
6.37844	-0.0286581	1	
6.37839	-0.0292959	1	
6.37833	-0.0299531	1	
6.37826	-0.0305735	1	
6.3782	-0.0311753	1	
6.37814	-0.0317637	1	
6.37807	-0.0322886	1	
6.37801	-0.0328181	1	
6.37794	-0.0333192	1	
6.37787	-0.0337519	1	
6.37781	-0.0341413	1	
6.37774	-0.0344522	1	
6.37767	-0.0346803	1	
6.3776	-0.0348879	1	
6.37753	-0.0350471	1	
6.37746	-0.0351102	1	
6.37739	-0.0351202	1	
6.37732	-0.035041	1	
6.37725	-0.034902	1	
6.37718	-0.0347204	1	
6.37711	-0.0345385	1	
6.37704	-0.0343306	1	
6.37697	-0.0340408	1	
6.3769	-0.0337118	1	
6.37684	-0.0333345	1	
6.37677	-0.0329284	1	
6.37671	-0.032483	1	
6.37664	-0.0320184	1	
6.37658	-0.0315531	1	
6.37652	-0.0310698	1	
6.37646	-0.0305728	1	
6.3764	-0.0300582	1	
6.37634	-0.0295728	1	
6.37628	-0.029088	1	
6.37622	-0.0286327	1	
6.37617	-0.0281982	1	
6.37611	-0.0278263	1	
6.37606	-0.027516	1	
6.376	-0.0272423	1	
6.37595	-0.0270181	1	
6.37589	-0.0268479	1	
6.37584	-0.0267584	1	
6.37579	-0.0266795	1	
6.37573	-0.0266408	1	
6.37568	-0.0266162	1	
6.37563	-0.0266521	1	
6.37557	-0.0267483	1	
6.37552	-0.0268694	1	
6.37547	-0.0269979	1	
6.37541	-0.0271937	1	
6.37536	-0.0274205	1	
6.3753	-0.0276708	1	
6.37524	-0.0279416	1	
6.37519	-0.0282171	1	
6.37513	-0.028473	1	
6.37507	-0.0286939	1	
6.37502	-0.0289402	1	
6.37496	-0.0291993	1	
6.3749	-0.0294422	1	
6.37484	-0.0296701	1	
6.37478	-0.0298934	1	
6.37472	-0.0300794	1	
6.37466	-0.0302065	1	
6.3746	-0.0303039	1	
6.37454	-0.030376	1	
6.37448	-0.0304462	1	
6.37442	-0.0304894	1	
6.37435	-0.0305606	1	
6.37429	-0.0305841	1	
6.37423	-0.0305271	1	
6.37417	-0.0304648	1	
6.37411	-0.0304091	1	
6.37405	-0.0303577	1	
6.37399	-0.0303318	1	
6.37393	-0.0303444	1	
6.37387	-0.0304106	1	
6.37381	-0.0304683	1	
6.37375	-0.0305716	1	
6.37368	-0.0306763	1	
6.37362	-0.0307749	1	
6.37356	-0.0308802	1	
6.3735	-0.0310128	1	
6.37344	-0.0311457	1	
6.37337	-0.0312322	1	
6.37331	-0.0313221	1	
6.37325	-0.0313809	1	
6.37319	-0.031424	1	
6.37312	-0.0314291	1	
6.37306	-0.0314286	1	
6.373	-0.0314105	1	
6.37293	-0.03137	1	
6.37287	-0.0312705	1	
6.37281	-0.0311361	1	
6.37275	-0.0309891	1	
6.37269	-0.0308098	1	
6.37263	-0.0306002	1	
6.37256	-0.0303443	1	
6.3725	-0.0300715	1	
6.37245	-0.0297633	1	
6.37239	-0.0294087	1	
6.37233	-0.0290205	1	
6.37227	-0.0286045	1	
6.37221	-0.0281572	1	
6.37216	-0.0276986	1	
6.3721	-0.0272496	1	
6.37205	-0.0267835	1	
6.372	-0.0262962	1	
6.37195	-0.0257996	1	
6.3719	-0.0252879	1	
6.37185	-0.0247535	1	
6.3718	-0.0242161	1	
6.37175	-0.0236934	1	
6.3717	-0.0231676	1	
6.37166	-0.02265	1	
6.37161	-0.0221409	1	
6.37157	-0.0216634	1	
6.37153	-0.0212244	1	
6.37149	-0.020818	1	
6.37145	-0.0204304	1	
6.37141	-0.0200401	1	
6.37137	-0.0196599	1	
6.37133	-0.019293	1	
6.37129	-0.0189632	1	
6.37125	-0.0186615	1	
6.37122	-0.0183699	1	
6.37118	-0.0180815	1	
6.37115	-0.0177853	1	
6.37111	-0.0174953	1	
6.37108	-0.0172158	1	
6.37104	-0.0169733	1	
6.37101	-0.0167418	1	
6.37098	-0.0164894	1	
6.37094	-0.0162185	1	
6.37091	-0.015953	1	
6.37088	-0.0156895	1	
6.37085	-0.015444	1	
6.37082	-0.0152077	1	
6.37079	-0.0149724	1	
6.37076	-0.0147424	1	
6.37073	-0.0145028	1	
6.3707	-0.0142623	1	
6.37067	-0.0140106	1	
6.37065	-0.0137713	1	
6.37062	-0.0135212	1	
6.37059	-0.0132769	1	
6.37057	-0.0130278	1	
6.37054	-0.012779	1	
6.37052	-0.0125025	1	
6.37049	-0.0122148	1	
6.37047	-0.0119286	1	
6.37044	-0.0116642	1	
6.37042	-0.011392	1	
6.3704	-0.011134	1	
6.37038	-0.0108608	1	
6.37036	-0.0105974	1	
6.37036	-0.0105974	1	
6.37036	-0.0105974	1	
6.37036	-0.0105974	1	
6.37036	-0.0105974	1	
6.37036	-0.0105974	1	
6.37036	-0.0105974	1	
6.37036	-0.0105974	1	
6.37036	-0.0105974	1	
6.37036	-0.0105974	1	
6.37036	-0.0105974	1	
6.37036	-0.0105974	1	
6.37036	-0.0105974	1	
6.37036	-0.0105974	1	
6.37036	-0.0105974	1	
6.37036	-0.0105974	1	
6.37036	-0.0105974	1	
6.37036	-0.0105974	1	
6.37036	-0.0105974	1	
6.37036	-0.0105974	1	
6.37036	-0.0105974	1	
6.37036	-0.0105974	1	
6.37036	-0.0105974	1	
6.37036	-0.0105974	1	
6.37036	-0.0105974	1	
6.37036	-0.0105974	1	
6.37036	-0.0105974	1	
6.37036	-0.0105974	1	
6.37036	-0.0105974	1	
6.37036	-0.0105974	1	
6.37036	-0.0105974	1	
6.37036	-0.0105974	1	
6.37036	-0.0105974	1	
6.37036	-0.0105974	1	
6.37036	-0.0105974	1	
6.37036	-0.0105974	1	
6.37036	-0.0105974	1	
6.37036	-0.0105974	1	
6.37036	-0.0105974	1	
6.37036	-0.0105974	1	
6.37036	-0.0105974	1	
6.37036	-0.0105974	1	
6.37036	-0.0105974	1	
6.37036	-0.0105974	1	
6.37036	-0.0105974	1	
6.37036	-0.0105974	1	
6.37036	-0.0105974	1	
6.37036	-0.0105974	1	
6.37036	-0.0105974	1	
6.37036	-0.0105974	1	
6.37036	-0.0105974	1	
6.37036	-0.0105974	1	
6.37036	-0.0105974	1	
6.37036	-0.0105974	1	
6.37036	-0.0105974	1	
6.37036	-0.0105974	1	
6.37036	-0.0105974	1	
6.37036	-0.0105974	1	
6.37036	-0.0105974	1	
6.37036	-0.0105974	1	
6.37036	-0.0105974	1	
6.37036	-0.0105974	1	
6.37036	-0.0105974	1	
6.37036	-0.0105974	1	
6.37036	-0.0105974	1	
6.37036	-0.0105974	1	
6.37036	-0.0105974	1	
6.37036	-0.0105974	1	
6.37036	-0.0105974	1	
6.37036	-0.0105974	1	
6.37036	-0.0105974	1	
6.37036	-0.0105974	1	
6.37036	-0.0105974	1	
6.37036	-0.0105974	1	
6.37036	-0.0105974	1	
6.37036	-0.0105974	1	
6.37036	-0.0105974	1	
6.37036	-0.0105974	1	
6.37036	-0.0105974	1	
6.37036	-0.0105974	1	
6.37036	-0.0105974	1	
6.37036	-0.0105974	1	
6.37036	-0.0105974	1	
6.37036	-0.0105974	1	
6.37036	-0.0105974	1	
6.37036	-0.0105974	1	
6.37036	-0.0105974	1	
6.37036	-0.0105974	1	
6.37036	-0.0105974	1	
6.37036	-0.0105974	1	
6.37036	-0.0105974	1	
6.37036	-0.0105974	1	
6.37036	-0.0105974	1	
6.37036	-0.0105974	1	
6.37036	-0.0105974	1	
6.37036	-0.0105974	1	
6.37036	-0.0105974	1	
6.37036	-0.0105974	1	
6.37036	-0.0105974	1	
6.37036	-0.0105974	1	
6.37036	-0.0105974	1	
6.37036	-0.0105974	1	
6.37036	-0.0105974	1	
6.37036	-0.0105974	1	
6.37036	-0.0105974	1	
6.37036	-0.0105974	1	
6.37036	-0.0105974	1	
6.37036	-0.0105974	1	
6.37036	-0.0105974	1	
6.37036	-0.0105974	1	
6.37036	-0.0105974	1	
6.37036	-0.0105974	1	
6.37036	-0.0105974	1	
6.37036	-0.0105974	1	
6.37036	-0.0105974	1	
6.37036	-0.0105974	1	
6.37036	-0.0105974	1	
6.37036	-0.0105974	1	
6.37036	-0.0105974	1	
6.37036	-0.0105974	1	
6.37036	-0.0105974	1	
6.37036	-0.0105974	1	
6.37036	-0.0105974	1	
6.37036	-0.0105974	1	
6.37036	-0.0105974	1	
6.37036	-0.0105974	1	
6.37036	-0.0105974	1	
6.37036	-0.0105974	1	
6.37036	-0.0105974	1	
6.37036	-0.0105974	1	
6.37036	-0.0105974	1	
6.37036	-0.0105974	1	
6.37036	-0.0105974	1	
6.37036	-0.0105974	1	
6.37036	-0.0105974	1	
6.37036	-0.0105974	1	
6.37036	-0.0105974	1	
6.37036	-0.0105974	1	
6.37036	-0.0105974	1	
6.37036	-0.0105974	1	
6.37036	-0.0105974	1	
6.37036	-0.0105974	1	
6.37036	-0.0105974	1	
6.37036	-0.0105974	1	
6.37036	-0.0105974	1	
6.37036	-0.0105974	1	
6.37036	-0.0105974	1	
6.37036	-0.0105974	1	
6.37036	-0.0105974	1	
6.37036	-0.0105974	1	
6.37036	-0.0105974	1	
6.37036	-0.0105974	1	
6.37036	-0.0105974	1	
6.37036	-0.0105974	1	
6.37036	-0.0105974	1	
6.37036	-0.0105974	1	
6.37036	-0.0105974	1	
6.37036	-0.0105974	1	
6.37036	-0.0105974	1	
6.37036	-0.0105974	1	
6.37036	-0.0105974	1	
6.37036	-0.0105974	1	
6.37036	-0.0105974	1	
6.37036	-0.0105974	1	
6.37036	-0.0105974	1	
6.37036	-0.0105974	1	
6.37036	-0.0105974	1	
6.37036	-0.0105974	1	
6.37036	-0.0105974	1	
6.37036	-0.0105974	1	
6.37036	-0.0105974	1	
6.37036	-0.0105974	1	
6.37036	-0.0105974	1	
6.37036	-0.0105974	1	
6.37036	-0.0105974	1	
6.37036	-0.0105974	1	
6.37036	-0.0105974	1	
6.37036	-0.0105974	1	
6.37036	-0.0105974	1	
6.37036	-0.0105974	1	
6.37036	-0.0105974	1	
6.37036	-0.0105974	1	
6.37036	-0.0105974	1	
6.37036	-0.0105974	1	
6.37036	-0.0105974	1	
6.37036	-0.0105974	1	
6.37036	-0.0105974	1	
6.37036	-0.0105974	1	
6.37036	-0.0105974	1	
6.37036	-0.0105974	1	
6.37036	-0.0105974	1	
6.37036	-0.0105974	1	
6.37036	-0.0105974	1	
6.37036	-0.0105974	1	
6.37036	-0.0105974	1	
6.37036	-0.0105974	1	
6.37036	-0.0105974	1	
6.37036	-0.0105974	1	
6.37036	-0.0105974	1	
6.37036	-0.0105974	1	
6.37036	-0.0105974	1	
6.37036	-0.0105974	1	
6.37036	-0.0105974	1	
6.37036	-0.0105974	1	
6.37036	-0.0105974	1	
6.37036	-0.0105974	1	
6.37036	-0.0105974	1	
6.37036	-0.0105974	1	
6.37036	-0.0105974	1	
6.37036	-0.0105974	1	
6.37036	-0.0105974	1	
6.37036	-0.0105974	1	
6.37036	-0.0105974	1	
6.37036	-0.0105974	1	
6.37036	-0.0105974	1	
6.37036	-0.0105974	1	
6.37036	-0.0105974	1	
6.37036	-0.0105974	1	
6.37036	-0.0105974	1	
6.37036	-0.0105974	1	
6.37036	-0.0105974	1	
6.37036	-0.0105974	1	
6.37036	-0.0105974	1	
6.37036	-0.0105974	1	
6.37036	-0.0105974	1	
6.37036	-0.0105974	1	
6.37036	-0.0105974	1	
6.37036	-0.0105974	1	
6.37036	-0.0105974	1	
6.37036	-0.0105974	1	
6.37036	-0.0105974	1	
6.37036	-0.0105974	1	
6.37036	-0.0105974	1	
6.37036	-0.0105974	1	
6.37036	-0.0105974	1	
6.37036	-0.0105974	1	
6.37036	-0.0105974	1	
6.37036	-0.0105974	1	
6.37036	-0.0105974	1	
6.37036	-0.0105974	1	
6.37036	-0.0105974	1	
6.37036	-0.0105974	1	
6.37036	-0.0105974	1	
6.37036	-0.0105974	1	
6.37036	-0.0105974	1	
6.37036	-0.0105974	1	
6.37036	-0.0105974	1	
6.37036	-0.0105974	1	
6.37036	-0.0105974	1	
6.37036	-0.0105974	1	
6.37036	-0.0105974	1	
6.37036	-0.0105974	1	
6.37036	-0.0105974	1	
6.37036	-0.0105974	1	
6.37036	-0.0105974	1	
6.37036	-0.0105974	1	
6.37036	-0.0105974	1	
6.37036	-0.0105974	1	
6.37036	-0.0105974	1	
6.37036	-0.0105974	1	
6.37036	-0.0105974	1	
6.37036	-0.0105974	1	
6.37036	-0.0105974	1	
6.37036	-0.0105974	1	
6.37036	-0.0105974	1	
6.37036	-0.0105974	1	
6.37036	-0.0105974	1	
6.37036	-0.0105974	1	
6.37036	-0.0105974	1	
6.37036	-0.0105974	1	
6.37036	-0.0105974	1	
6.37036	-0.0105974	1	
6.37036	-0.0105974	1	
6.37036	-0.0105974	1	
6.37036	-0.0105974	1	
6.37036	-0.0105974	1	
6.37036	-0.0105974	1	
6.37036	-0.0105974	1	
6.37036	-0.0105974	1	
6.37036	-0.0105974	1	
6.37036	-0.0105974	1	
6.37036	-0.0105974	1	
6.37036	-0.0105974	1	
6.37036	-0.0105974	1	
6.37036	-0.0105974	1	
6.37036	-0.0105974	1	
6.37036	-0.0105974	1	
6.37036	-0.0105974	1	
6.37036	-0.0105974	1	
6.37036	-0.0105974	1	
6.37036	-0.0105974	1	
6.37036	-0.0105974	1	
6.37036	-0.0105974	1	
6.37036	-0.0105974	1	
6.37036	-0.0105974	1	
6.37036	-0.0105974	1	
6.37036	-0.0105974	1	
6.37036	-0.0105974	1	
6.37036	-0.0105974	1	
6.37036	-0.0105974	1	
6.37036	-0.0105974	1	
6.37036	-0.0105974	1	
6.37036	-0.0105974	1	
6.37036	-0.0105974	1	
6.37036	-0.0105974	1	
6.37036	-0.0105974	1	
6.37036	-0.0105974	1	
6.37036	-0.0105974	1	
6.37036	-0.0105974	1	
6.37036	-0.0105974	1	
6.37036	-0.0105974	1	
6.37036	-0.0105974	1	
6.37036	-0.0105974	1	
6.37036	-0.0105974	1	
6.37036	-0.0105974	1	
6.37036	-0.0105974	1	
6.37036	-0.0105974	1	
6.37036	-0.0105974	1	
6.37036	-0.0105974	1	
6.37036	-0.0105974	1	
6.37036	-0.0105974	1	
6.37036	-0.0105974	1	
6.37036	-0.0105974	1	
6.37036	-0.0105974	1	
6.37036	-0.0105974	1	
6.37036	-0.0105974	1	
6.37036	-0.0105974	1	
6.37036	-0.0105974	1	
6.37036	-0.0105974	1	
6.37036	-0.0105974	1	
6.37036	-0.0105974	1	
6.37036	-0.0105974	1	
6.37036	-0.0105974	1	
6.37036	-0.0105974	1	
6.37036	-0.0105974	1	
6.37036	-0.0105974	1	
6.37036	-0.0105974	1	
6.37036	-0.0105974	1	
6.37036	-0.0105974	1	
6.37036	-0.0105974	1	
6.37036	-0.0105974	1	
6.37036	-0.0105974	1	
6.37036	-0.0105974	1	
6.37036	-0.0105974	1	
6.37036	-0.0105974	1	
6.37036	-0.0105974	1	
6.37036	-0.0105974	1	
6.37036	-0.0105974	1	
6.37036	-0.0105974	1	
6.37036	-0.0105974	1	
6.37036	-0.0105974	1	
6.37036	-0.0105974	1	
6.37036	-0.0105974	1	
6.37036	-0.0105974	1	
6.37036	-0.0105974	1	
6.37036	-0.0105974	1	
6.37036	-0.0105974	1	
6.37036	-0.0105974	1	
6.37036	-0.0105974	1	
6.37036	-0.0105974	1	
6.37036	-0.0105974	1	
6.37036	-0.0105974	1	
6.37036	-0.0105974	1	
6.37036	-0.0105974	1	
6.37036	-0.0105974	1	
6.37036	-0.0105974	1	
6.37036	-0.0105974	1	
6.37036	-0.0105974	1	
6.37036	-0.0105974	1	
6.37036	-0.0105974	1	
6.37036	-0.0105974	1	
6.37036	-0.0105974	1	
6.37036	-0.0105974	1	
6.37036	-0.0105974	1	
6.37036	-0.0105974	1	
6.37036	-0.0105974	1	
6.37036	-0.0105974	1	
6.37036	-0.0105974	1	
6.37036	-0.0105974	1	
6.37036	-0.0105974	1	
6.37036	-0.0105974	1	
6.37036	-0.0105974	1	
6.37036	-0.0105974	1	
6.37036	-0.0105974	1	
6.37036	-0.0105974	1	
6.37036	-0.0105974	1	
6.37036	-0.0105974	1	
6.37036	-0.0105974	1	
6.37036	-0.0105974	1	
6.37036	-0.0105974	1	
6.37036	-0.0105974	1	
6.37036	-0.0105974	1	
6.37036	-0.0105974	1	
6.37036	-0.0105974	1	
6.37036	-0.0105974	1	
6.37036	-0.0105974	1	
6.37036	-0.0105974	1	
6.37036	-0.0105974	1	
6.37036	-0.0105974	1	
6.37036	-0.0105974	1	
6.37036	-0.0105974	1	
6.37036	-0.0105974	1	
6.37036	-0.0105974	1	
6.37036	-0.0105974	1	
6.37036	-0.0105974	1	
6.37036	-0.0105974	1	
6.37036	-0.0105974	1	
6.37036	-0.0105974	1	
6.37036	-0.0105974	1	
6.37036	-0.0105974	1	
6.37036	-0.0105974	1	
6.37036	-0.0105974	1	
6.37036	-0.0105974	1	
6.37036	-0.0105974	1	
6.37036	-0.0105974	1	
6.37036	-0.0105974	1	
6.37036	-0.0105974	1	
6.37036	-0.0105974	1	
6.37036	-0.0105974	1	
6.37036	-0.0105974	1	
6.37036	-0.0105974	1	
6.37036	-0.0105974	1	
6.37036	-0.0105974	1	
6.37036	-0.0105974	1	
6.37036	-0.0105974	1	
6.37036	-0.0105974	1	
6.37036	-0.0105974	1	
6.37036	-0.0105974	1	
6.37036	-0.0105974	1	
6.37036	-0.0105974	1	
6.37036	-0.0105974	1	
6.37036	-0.0105974	1	
6.37036	-0.0105974	1	
6.37036	-0.0105974	1	
6.37036	-0.0105974	1	
6.37036	-0.0105974	1	
6.37036	-0.0105974	1	
6.37036	-0.0105974	1	
6.37036	-0.0105974	1	
6.37036	-0.0105974	1	
6.37036	-0.0105974	1	
6.37036	-0.0105974	1	
6.37036	-0.0105974	1	
6.37036	-0.0105974	1	
6.37036	-0.0105974	1	
6.37036	-0.0105974	1	
6.37036	-0.0105974	1	
6.37036	-0.0105974	1	
6.37036	-0.0105974	1	
6.37036	-0.0105974	1	
6.37036	-0.0105974	1	
6.37036	-0.0105974	1	
6.37036	-0.0105974	1	
6.37036	-0.0105974	1	
6.37036	-0.0105974	1	
6.37036	-0.0105974	1	
6.37036	-0.0105974	1	
6.37036	-0.0105974	1	
6.37036	-0.0105974	1	
6.37036	-0.0105974	1	
6.37036	-0.0105974	1	
6.37036	-0.0105974	1	
6.37036	-0.0105974	1	
6.37036	-0.0105974	1	
6.37036	-0.0105974	1	
6.37036	-0.0105974	1	
6.37036	-0.0105974	1	
6.37036	-0.0105974	1	
6.37036	-0.0105974	1	
6.37036	-0.0105974	1	
6.37036	-0.0105974	1	
6.37036	-0.0105974	1	
6.37036	-0.0105974	1	
6.37036	-0.0105974	1	
6.37036	-0.0105974	1	
6.37036	-0.0105974	1	
6.37036	-0.0105974	1	
6.37036	-0.0105974	1	
6.37036	-0.0105974	1	
6.37036	-0.0105974	1	
6.37036	-0.0105974	1	
6.37036	-0.0105974	1	
6.37036	-0.0105974	1	
6.37036	-0.0105974	1	
6.37036	-0.0105974	1	
6.37036	-0.0105974	1	
6.37036	-0.0105974	1	
6.37036	-0.0105974	1	
6.37036	-0.0105974	1	
6.37036	-0.0105974	1	
6.37036	-0.0105974	1	
6.37036	-0.0105974	1	
6.37036	-0.0105974	1	
6.37036	-0.0105974	1	
6.37036	-0.0105974	1	
6.37036	-0.0105974	1	
6.37036	-0.0105974	1	
6.37036	-0.0105974	1	
6.37036	-0.0105974	1	
6.37036	-0.0105974	1	
6.37036	-0.0105974	1	
6.37036	-0.0105974	1	
6.37036	-0.0105974	1	
6.37036	-0.0105974	1	
6.37036	-0.0105974	1	
6.37036	-0.0105974	1	
6.37036	-0.0105974	1	
6.37036	-0.0105974	1	
6.37036	-0.0105974	1	
6.37036	-0.0105974	1	
6.37036	-0.0105974	1	
6.37036	-0.0105974	1	
6.37036	-0.0105974	1	
6.37036	-0.0105974	1	
6.37036	-0.0105974	1	
6.37036	-0.0105974	1	
6.37036	-0.0105974	1	
6.37036	-0.0105974	1	
6.37036	-0.0105974	1	
6.37036	-0.0105974	1	
6.37036	-0.0105974	1	
6.37036	-0.0105974	1	
6.37036	-0.0105974	1	
6.37036	-0.0105974	1	
6.37036	-0.0105974	1	
6.37036	-0.0105974	1	
6.37036	-0.0105974	1	
6.37036	-0.0105974	1	
6.37036	-0.0105974	1	
6.37036	-0.0105974	1	
6.37036	-0.0105974	1	
6.37036	-0.0105974	1	
6.37036	-0.0105974	1	
6.37036	-0.0105974	1	
6.37036	-0.0105974	1	
6.37036	-0.0105974	1	
6.37036	-0.0105974	1	
6.37036	-0.0105974	1	
6.37036	-0.0105974	1	
6.37036	-0.0105974	1	
6.37036	-0.0105974	1	
6.37036	-0.0105974	1	
6.37036	-0.0105974	1	
6.37036	-0.0105974	1	
6.37036	-0.0105974	1	
6.37036	-0.0105974	1	
6.37036	-0.0105974	1	
6.37036	-0.0105974	1	
6.37036	-0.0105974	1	
6.37036	-0.0105974	1	
6.37036	-0.0105974	1	
6.37036	-0.0105974	1	
6.37036	-0.0105974	1	
6.37036	-0.0105974	1	
6.37036	-0.0105974	1	
6.37036	-0.0105974	1	
6.37036	-0.0105974	1	
6.37036	-0.0105974	1	
6.37036	-0.0105974	1	
6.37036	-0.0105974	1	
6.37036	-0.0105974	1	
6.37036	-0.0105974	1	
6.37036	-0.0105974	1	
6.37036	-0.0105974	1	
6.37036	-0.0105974	1	
6.37036	-0.0105974	1	
6.37036	-0.0105974	1	
6.37036	-0.0105974	1	
6.37036	-0.0105974	1	
6.37036	-0.0105974	1	
6.37036	-0.0105974	1	
6.37036	-0.0105974	1	
6.37036	-0.0105974	1	
6.37036	-0.0105974	1	
6.37036	-0.0105974	1	
6.37036	-0.0105974	1	
6.37036	-0.0105974	1	
6.37036	-0.0105974	1	
6.37036	-0.0105974	1	
6.37036	-0.0105974	1	
6.37036	-0.0105974	1	
6.37036	-0.0105974	1	
6.37036	-0.0105974	1	
6.37036	-0.0105974	1	
6.37036	-0.0105974	1	
6.37036	-0.0105974	1	
6.37036	-0.0105974	1	
6.37036	-0.0105974	1	
6.37036	-0.0105974	1	
6.37036	-0.0105974	1	
6.37036	-0.0105974	1	
6.37036	-0.0105974	1	
6.37036	-0.0105974	1	
6.37036	-0.0105974	1	
6.37036	-0.0105974	1	
6.37036	-0.0105974	1	
6.37036	-0.0105974	1	
6.37036	-0.0105974	1	
6.37036	-0.0105974	1	
6.37036	-0.0105974	1	
6.37036	-0.0105974	1	
6.37036	-0.0105974	1	
6.37036	-0.0105974	1	
6.37036	-0.0105974	1	
6.37036	-0.0105974	1	
6.37036	-0.0105974	1	
6.37036	-0.0105974	1	
6.37036	-0.0105974	1	
6.37036	-0.0105974	1	
6.37036	-0.0105974	1	
6.37036	-0.0105974	1	
6.37036	-0.0105974	1	
6.37036	-0.0105974	1	
6.37036	-0.0105974	1	
6.37036	-0.0105974	1	
6.37036	-0.0105974	1	
6.37036	-0.0105974	1	
6.37036	-0.0105974	1	
6.37036	-0.0105974	1	
6.37036	-0.0105974	1	
6.37036	-0.0105974	1	
6.37036	-0.0105974	1	
6.37036	-0.0105974	1	
6.37036	-0.0105974	1	
6.37036	-0.0105974	1	
6.37036	-0.0105974	1	
6.37036	-0.0105974	1	
6.37036	-0.0105974	1	
6.37036	-0.0105974	1	
6.37036	-0.0105974	1	
6.37036	-0.0105974	1	
6.37036	-0.0105974	1	
6.37036	-0.0105974	1	
6.37036	-0.0105974	1	
6.37036	-0.0105974	1	
6.37036	-0.0105974	1	
6.37036	-0.0105974	1	
6.37036	-0.0105974	1	
6.37036	-0.0105974	1	
6.37036	-0.0105974	1	
6.37036	-0.0105974	1	
6.37036	-0.0105974	1	
6.37036	-0.0105974	1	
6.37036	-0.0105974	1	
6.37036	-0.0105974	1	
6.37036	-0.0105974	1	
6.37036	-0.0105974	1	
6.37036	-0.0105974	1	
6.37036	-0.0105974	1	
6.37036	-0.0105974	1	
6.37036	-0.0105974	1	
6.37036	-0.0105974	1	
6.37036	-0.0105974	1	
6.37036	-0.0105974	1	
6.37036	-0.0105974	1	
6.37036	-0.0105974	1	
6.37036	-0.0105974	1	
6.37036	-0.0105974	1	
6.37036	-0.0105974	1	
6.37036	-0.0105974	1	
6.37036	-0.0105974	1	
6.37036	-0.0105974	1	
6.37036	-0.0105974	1	
6.37036	-0.0105974	1	
6.37036	-0.0105974	1	
6.37036	-0.0105974	1	
6.37036	-0.0105974	1	
6.37036	-0.0105974	1	
6.37036	-0.0105974	1	
6.37036	-0.0105974	1	
6.37036	-0.0105974	1	
6.37036	-0.0105974	1	
6.37036	-0.0105974	1	
6.37036	-0.0105974	1	
6.37036	-0.0105974	1	
6.37036	-0.0105974	1	
6.37036	-0.0105974	1	
6.37036	-0.0105974	1	
6.37036	-0.0105974	1	
6.37036	-0.0105974	1	
6.37036	-0.0105974	1	
6.37036	-0.0105974	1	
6.37036	-0.0105974	1	
6.37036	-0.0105974	1	
6.37036	-0.0105974	1	
6.37036	-0.0105974	1	
6.37036	-0.0105974	1	
6.37036	-0.0105974	1	
6.37036	-0.0105974	1	
6.37036	-0.0105974	1	
6.37036	-0.0105974	1	
6.37036	-0.0105974	1	
6.37036	-0.0105974	1	
6.37036	-0.0105974	1	
6.37036	-0.0105974	1	
6.37036	-0.0105974	1	
6.37036	-0.0105974	1	
6.37036	-0.0105974	1	
6.37036	-0.0105974	1	
6.37036	-0.0105974	1	
6.37036	-0.0105974	1	
6.37036	-0.0105974	1	
6.37036	-0.0105974	1	
6.37036	-0.0105974	1	
6.37036	-0.0105974	1	
6.37036	-0.0105974	1	
6.37036	-0.0105974	1	
6.37036	-0.0105974	1	
6.37036	-0.0105974	1	
6.37036	-0.0105974	1	
6.37036	-0.0105974	1	
6.37036	-0.0105974	1	
6.37036	-0.0105974	1	
6.37036	-0.0105974	1	
6.37036	-0.0105974	1	
6.37036	-0.0105974	1	
6.37036	-0.0105974	1	
6.37036	-0.0105974	1	
6.37036	-0.0105974	1	
6.37036	-0.0105974	1	
6.37036	-0.0105974	1	
6.37036	-0.0105974	1	
6.37036	-0.0105974	1	
6.37036	-0.0105974	1	
6.37036	-0.0105974	1	
6.37036	-0.0105974	1	
6.37036	-0.0105974	1	
6.37036	-0.0105974	1	
6.37036	-0.0105974	1	
6.37036	-0.0105974	1	
6.37036	-0.0105974	1	
6.37036	-0.0105974	1	
6.37036	-0.0105974	1	
6.37036	-0.0105974	1	
6.37036	-0.0105974	1	
6.37036	-0.0105974	1	
6.37036	-0.0105974	1	
6.37036	-0.0105974	1	
6.37036	-0.0105974	1	
6.37036	-0.0105974	1	
6.37036	-0.0105974	1	
6.37036	-0.0105974	1	
6.37036	-0.0105974	1	
6.37036	-0.0105974	1	
6.37036	-0.0105974	1	
6.37036	-0.0105974	1	
6.37036	-0.0105974	1	
6.37036	-0.0105974	1	
6.37036	-0.0105974	1	
6.37036	-0.0105974	1	
6.37036	-0.0105974	1	
6.37036	-0.0105974	1	
6.37036	-0.0105974	1	
6.37036	-0.0105974	1	
6.37036	-0.0105974	1	
6.37036	-0.0105974	1	
6.37036	-0.0105974	1	
6.37036	-0.0105974	1	
6.37036	-0.0105974	1	
6.37036	-0.0105974	1	
6.37036	-0.0105974	1	
6.37036	-0.0105974	1	
6.37036	-0.0105974	1	
6.37036	-0.0105974	1	
6.37036	-0.0105974	1	
6.37036	-0.0105974	1	
6.37036	-0.0105974	1	
6.37036	-0.0105974	1	
6.37036	-0.0105974	1	
6.37036	-0.0105974	1	
6.37036	-0.0105974	1	
6.37036	-0.0105974	1	
6.37036	-0.0105974	1	
6.37036	-0.0105974	1	
6.37036	-0.0105974	1	
6.37036	-0.0105974	1	
6.37036	-0.0105974	1	
6.37036	-0.0105974	1	
6.37036	-0.0105974	1	
6.37036	-0.0105974	1	
6.37036	-0.0105974	1	
6.37036	-0.0105974	1	
6.37036	-0.0105974	1	
6.37036	-0.0105974	1	
6.37036	-0.0105974	1	
6.37036	-0.0105974	1	
6.37036	-0.0105974	1	
6.37036	-0.0105974	1	
6.37036	-0.0105974	1	
6.37036	-0.0105974	1	
6.37036	-0.0105974	1	
6.37036	-0.0105974	1	
6.37036	-0.0105974	1	
6.37036	-0.0105974	1	
6.37036	-0.0105974	1	
6.37036	-0.0105974	1	
6.37036	-0.0105974	1	
6.37036	-0.0105974	1	
6.37036	-0.0105974	1	
6.37036	-0.0105974	1	
6.37036	-0.0105974	1	
6.37036	-0.0105974	1	
6.37036	-0.0105974	1	
6.37036	-0.0105974	1	
6.37036	-0.0105974	1	
6.37036	-0.0105974	1	
6.37036	-0.0105974	1	
6.37036	-0.0105974	1	
6.37036	-0.0105974	1	
6.37036	-0.0105974	1	
6.37036	-0.0105974	1	
6.37036	-0.0105974	1	
6.37036	-0.0105974	1	
6.37036	-0.0105974	1	
6.37036	-0.0105974	1	
6.37036	-0.0105974	1	
6.37036	-0.0105974	1	
6.37036	-0.0105974	1	
6.37036	-0.0105974	1	
6.37036	-0.0105974	1	
6.37036	-0.0105974	1	
6.37036	-0.0105974	1	
6.37036	-0.0105974	1	
6.37036	-0.0105974	1	
6.37036	-0.0105974	1	
6.37036	-0.0105974	1	
6.37036	-0.0105974	1	
6.37036	-0.0105974	1	
6.37036	-0.0105974	1	
6.37036	-0.0105974	1	
6.37036	-0.0105974	1	
6.37036	-0.0105974	1	
6.37036	-0.0105974	1	
6.37036	-0.0105974	1	
6.37036	-0.0105974	1	
6.37036	-0.0105974	1	
6.37036	-0.0105974	1	
6.37036	-0.0105974	1	
6.37036	-0.0105974	1	
6.37036	-0.0105974	1	
6.37036	-0.0105974	1	
6.37036	-0.0105974	1	
6.37036	-0.0105974	1	
6.37036	-0.0105974	1	
6.37036	-0.0105974	1	
6.37036	-0.0105974	1	
6.37036	-0.0105974	1	
6.37036	-0.0105974	1	
6.37036	-0.0105974	1	
6.37036	-0.0105974	1	
6.37036	-0.0105974	1	
6.37036	-0.0105974	1	
6.37036	-0.0105974	1	
6.37036	-0.0105974	1	
6.37036	-0.0105974	1	
6.37036	-0.0105974	1	
6.37036	-0.0105974	1	
6.37036	-0.0105974	1	
6.37036	-0.0105974	1	
6.37036	-0.0105974	1	
6.37036	-0.0105974	1	
6.37036	-0.0105974	1	
6.37036	-0.0105974	1	
6.37036	-0.0105974	1	
6.37036	-0.0105974	1	
6.37036	-0.0105974	1	
6.37036	-0.0105974	1	
6.37036	-0.0105974	1	
6.37036	-0.0105974	1	
6.37036	-0.0105974	1	
6.37036	-0.0105974	1	
6.37036	-0.0105974	1	
6.37036	-0.0105974	1	
6.37036	-0.0105974	1	
6.37036	-0.0105974	1	
6.37036	-0.0105974	1	
6.37036	-0.0105974	1	
6.37036	-0.0105974	1	
6.37036	-0.0105974	1	
6.37036	-0.0105974	1	
6.37036	-0.0105974	1	
6.37036	-0.0105974	1	
6.37036	-0.0105974	1	
6.37036	-0.0105974	1	
6.37036	-0.0105974	1	
6.37036	-0.0105974	1	
6.37036	-0.0105974	1	
6.37036	-0.0105974	1	
6.37036	-0.0105974	1	
6.37036	-0.0105974	1	
6.37036	-0.0105974	1	
6.37036	-0.0105974	1	
6.37036	-0.0105974	1	
6.37036	-0.0105974	1	
6.37036	-0.0105974	1	
6.37036	-0.0105974	1	
6.37036	-0.0105974	1	
6.37036	-0.0105974	1	
6.37036	-0.0105974	1	
6.37036	-0.0105974	1	
6.37036	-0.0105974	1	
6.37036	-0.0105974	1	
6.37036	-0.0105974	1	
6.37036	-0.0105974	1	
6.37036	-0.0105974	1	
6.37036	-0.0105974	1	
6.37036	-0.0105974	1	
6.37036	-0.0105974	1	
6.37036	-0.0105974	1	
6.37036	-0.0105974	1	
6.37036	-0.0105974	1	
6.37036	-0.0105974	1	
6.37036	-0.0105974	1	
6.37036	-0.0105974	1	
6.37036	-0.0105974	1	
6.37036	-0.0105974	1	
6.37036	-0.0105974	1	
6.37036	-0.0105974	1	
6.37036	-0.0105974	1	
6.37036	-0.0105974	1	
6.37036	-0.0105974	1	
6.37036	-0.0105974	1	
6.37036	-0.0105974	1	
6.37036	-0.0105974	1	
6.37036	-0.0105974	1	
6.37036	-0.0105974	1	
6.37036	-0.0105974	1	
6.37036	-0.0105974	1	
6.37036	-0.0105974	1	
6.37036	-0.0105974	1	
6.37036	-0.0105974	1	
6.37036	-0.0105974	1	
6.37036	-0.0105974	1	
6.37036	-0.0105974	1	
6.37036	-0.0105974	1	
6.37036	-0.0105974	1	
6.37036	-0.0105974	1	
6.37036	-0.0105974	1	
6.37036	-0.0105974	1	
6.37036	-0.0105974	1	
6.37036	-0.0105974	1	
6.37036	-0.0105974	1	
6.37036	-0.0105974	1	
6.37036	-0.0105974	1	
6.37036	-0.0105974	1	
6.37036	-0.0105974	1	
6.37036	-0.0105974	1	
6.37036	-0.0105974	1	
6.37036	-0.0105974	1	
6.37036	-0.0105974	1	
6.37036	-0.0105974	1	
6.37036	-0.0105974	1	
6.37036	-0.0105974	1	
6.37036	-0.0105974	1	
6.37036	-0.0105974	1	
6.37036	-0.0105974	1	
6.37036	-0.0105974	1	
6.37036	-0.0105974	1	
6.37036	-0.0105974	1	
6.37036	-0.0105974	1	
6.37036	-0.0105974	1	
6.37036	-0.0105974	1	
6.37036	-0.0105974	1	
6.37036	-0.0105974	1	
6.37036	-0.0105974	1	
6.37036	-0.0105974	1	
6.37036	-0.0105974	1	
6.37036	-0.0105974	1	
6.37036	-0.0105974	1	
6.37036	-0.0105974	1	
6.37036	-0.0105974	1	
6.37036	-0.0105974	1	
6.37036	-0.0105974	1	
6.37036	-0.0105974	1	
6.37036	-0.0105974	1	
6.37036	-0.0105974	1	
6.37036	-0.0105974	1	
6.37036	-0.0105974	1	
6.37036	-0.0105974	1	
6.37036	-0.0105974	1	
6.37036	-0.0105974	1	
6.37036	-0.0105974	1	
6.37036	-0.0105974	1	
6.37036	-0.0105974	1	
6.37036	-0.0105974	1	
6.37036	-0.0105974	1	
6.37036	-0.0105974	1	
6.37036	-0.0105974	1	
6.37036	-0.0105974	1	
6.37036	-0.0105974	1	
6.37036	-0.0105974	1	
6.37036	-0.0105974	1	
6.37036	-0.0105974	1	
6.37036	-0.0105974	1	
6.37036	-0.0105974	1	
6.37036	-0.0105974	1	
6.37036	-0.0105974	1	
6.37036	-0.0105974	1	
6.37036	-0.0105974	1	
6.37036	-0.0105974	1	
6.37036	-0.0105974	1	
6.37036	-0.0105974	1	
6.37036	-0.0105974	1	
6.37036	-0.0105974	1	
6.37036	-0.0105974	1	
6.37036	-0.0105974	1	
6.37036	-0.0105974	1	
6.37036	-0.0105974	1	
6.37036	-0.0105974	1	
6.37036	-0.0105974	1	
6.37036	-0.0105974	1	
6.37036	-0.0105974	1	
6.37036	-0.0105974	1	
6.37036	-0.0105974	1	
6.37036	-0.0105974	1	
6.37036	-0.0105974	1	
6.37036	-0.0105974	1	
6.37036	-0.0105974	1	
6.37036	-0.0105974	1	
6.37036	-0.0105974	1	
6.37036	-0.0105974	1	
6.37036	-0.0105974	1	
6.37036	-0.0105974	1	
6.37036	-0.0105974	1	
6.37036	-0.0105974	1	
6.37036	-0.0105974	1	
6.37036	-0.0105974	1	
6.37036	-0.0105974	1	
6.37036	-0.0105974	1	
6.37036	-0.0105974	1	
6.37036	-0.0105974	1	
6.37036	-0.0105974	1	
6.37036	-0.0105974	1	
6.37036	-0.0105974	1	
6.37036	-0.0105974	1	
6.37036	-0.0105974	1	
6.37036	-0.0105974	1	
6.37036	-0.0105974	1	
6.37036	-0.0105974	1	
6.37036	-0.0105974	1	
6.37036	-0.0105974	1	
6.37036	-0.0105974	1	
6.37036	-0.0105974	1	
6.37036	-0.0105974	1	
6.37036	-0.0105974	1	
6.37036	-0.0105974	1	
6.37036	-0.0105974	1	
6.37036	-0.0105974	1	
6.37036	-0.0105974	1	
6.37036	-0.0105974	1	
6.37036	-0.0105974	1	
6.37036	-0.0105974	1	
6.37036	-0.0105974	1	
6.37036	-0.0105974	1	
6.37036	-0.0105974	1	
6.37036	-0.0105974	1	
6.37036	-0.0105974	1	
6.37036	-0.0105974	1	
6.37036	-0.0105974	1	
6.37036	-0.0105974	1	
6.37036	-0.0105974	1	
6.37036	-0.0105974	1	
6.37036	-0.0105974	1	
6.37036	-0.0105974	1	
6.37036	-0.0105974	1	
6.37036	-0.0105974	1	
6.37036	-0.0105974	1	
6.37036	-0.0105974	1	
6.37036	-0.0105974	1	
6.37036	-0.0105974	1	
6.37036	-0.0105974	1	
6.37036	-0.0105974	1	
6.37036	-0.0105974	1	
6.37036	-0.0105974	1	
6.37036	-0.0105974	1	
6.37036	-0.0105974	1	
6.37036	-0.0105974	1	
6.37036	-0.0105974	1	
6.37036	-0.0105974	1	
6.37036	-0.0105974	1	
6.37036	-0.0105974	1	
6.37036	-0.0105974	1	
6.37036	-0.0105974	1	
6.37036	-0.0105974	1	
6.37036	-0.0105974	1	
6.37036	-0.0105974	1	
6.37036	-0.0105974	1	
6.37036	-0.0105974	1	
6.37036	-0.0105974	1	
6.37036	-0.0105974	1	
6.37036	-0.0105974	1	
6.37036	-0.0105974	1	
6.37036	-0.0105974	1	
6.37036	-0.0105974	1	
6.37036	-0.0105974	1	
6.37036	-0.0105974	1	
6.37036	-0.0105974	1	
6.37036	-0.0105974	1	
6.37036	-0.0105974	1	
6.37036	-0.0105974	1	
6.37036	-0.0105974	1	
6.37036	-0.0105974	1	
6.37036	-0.0105974	1	
6.37036	-0.0105974	1	
6.37036	-0.0105974	1	
6.37036	-0.0105974	1	
6.37036	-0.0105974	1	
6.37036	-0.0105974	1	
6.37036	-0.0105974	1	
6.37036	-0.0105974	1	
6.37036	-0.0105974	1	
6.37036	-0.0105974	1	
6.37036	-0.0105974	1	
6.37036	-0.0105974	1	
6.37036	-0.0105974	1	
6.37036	-0.0105974	1	
6.37036	-0.0105974	1	
6.37036	-0.0105974	1	
6.37036	-0.0105974	1	
6.37036	-0.0105974	1	
6.37036	-0.0105974	1	
6.37036	-0.0105974	1	
6.37036	-0.0105974	1	
6.37036	-0.0105974	1	
6.37036	-0.0105974	1	
6.37036	-0.0105974	1	
6.37036	-0.0105974	1	
6.37036	-0.0105974	1	
6.37036	-0.0105974	1	
6.37036	-0.0105974	1	
6.37036	-0.0105974	1	
6.37036	-0.0105974	1	
6.37036	-0.0105974	1	
6.37036	-0.0105974	1	
6.37036	-0.0105974	1	
6.37036	-0.0105974	1	
6.37036	-0.0105974	1	
6.37036	-0.0105974	1	
6.37036	-0.0105974	1	
6.37036	-0.0105974	1	
6.37036	-0.0105974	1	
6.37036	-0.0105974	1	
6.37036	-0.0105974	1	
6.37036	-0.0105974	1	
6.37036	-0.0105974	1	
6.37036	-0.0105974	1	
6.37036	-0.0105974	1	
6.37036	-0.0105974	1	
6.37036	-0.0105974	1	
6.37036	-0.0105974	1	
6.37036	-0.0105974	1	
6.37036	-0.0105974	1	
6.37036	-0.0105974	1	
6.37036	-0.0105974	1	
6.37036	-0.0105974	1	
6.37036	-0.0105974	1	
6.37036	-0.0105974	1	
6.37036	-0.0105974	1	
6.37036	-0.0105974	1	
6.37036	-0.0105974	1	
6.37036	-0.0105974	1	
6.37036	-0.0105974	1	
6.37036	-0.0105974	1	
6.37036	-0.0105974	1	
6.37036	-0.0105974	1	
6.37036	-0.0105974	1	
6.37036	-0.0105974	1	
6.37036	-0.0105974	1	
6.37036	-0.0105974	1	
6.37036	-0.0105974	1	
6.37036	-0.0105974	1	
6.37036	-0.0105974	1	
6.37036	-0.0105974	1	
6.37036	-0.0105974	1	
6.37036	-0.0105974	1	
6.37036	-0.0105974	1	
6.37036	-0.0105974	1	
6.37036	-0.0105974	1	
6.37036	-0.0105974	1	
6.37036	-0.0105974	1	
6.37036	-0.0105974	1	
6.37036	-0.0105974	1	
6.37036	-0.0105974	1	
6.37036	-0.0105974	1	
6.37036	-0.0105974	1	
6.37036	-0.0105974	1	
6.37036	-0.0105974	1	
6.37036	-0.0105974	1	
6.37036	-0.0105974	1	
6.37036	-0.0105974	1	
6.37036	-0.0105974	1	
6.37036	-0.0105974	1	
6.37036	-0.0105974	1	
6.37036	-0.0105974	1	
6.37036	-0.0105974	1	
6.37036	-0.0105974	1	
6.37036	-0.0105974	1	
6.37036	-0.0105974	1	
6.37036	-0.0105974	1	
6.37036	-0.0105974	1	
6.37036	-0.0105974	1	
6.37036	-0.0105974	1	
6.37036	-0.0105974	1	
6.37036	-0.0105974	1	
6.37036	-0.0105974	1	
6.37036	-0.0105974	1	
6.37036	-0.0105974	1	
6.37036	-0.0105974	1	
6.37036	-0.0105974	1	
6.37036	-0.0105974	1	
6.37036	-0.0105974	1	
6.37036	-0.0105974	1	
6.37036	-0.0105974	1	
6.37036	-0.0105974	1	
6.37036	-0.0105974	1	
6.37036	-0.0105974	1	
6.37036	-0.0105974	1	
6.37036	-0.0105974	1	
6.37036	-0.0105974	1	
6.37036	-0.0105974	1	
6.37036	-0.0105974	1	
6.37036	-0.0105974	1	
6.37036	-0.0105974	1	
6.37036	-0.0105974	1	
6.37036	-0.0105974	1	
6.37036	-0.0105974	1	
6.37036	-0.0105974	1	
6.37036	-0.0105974	1	
6.37036	-0.0105974	1	
6.37036	-0.0105974	1	
6.37036	-0.0105974	1	
6.37036	-0.0105974	1	
6.37036	-0.0105974	1	
6.37036	-0.0105974	1	
6.37036	-0.0105974	1	
6.37036	-0.0105974	1	
6.37036	-0.0105974	1	
6.37036	-0.0105974	1	
6.37036	-0.0105974	1	
6.37036	-0.0105974	1	
6.37036	-0.0105974	1	
6.37036	-0.0105974	1	
6.37036	-0.0105974	1	
6.37036	-0.0105974	1	
6.37036	-0.0105974	1	
6.37036	-0.0105974	1	
6.37036	-0.0105974	1	
6.37036	-0.0105974	1	
6.37036	-0.0105974	1	
6.37036	-0.0105974	1	
6.37036	-0.0105974	1	
6.37036	-0.0105974	1	
6.37036	-0.0105974	1	
6.37036	-0.0105974	1	
6.37036	-0.0105974	1	
6.37036	-0.0105974	1	
6.37036	-0.0105974	1	
6.37036	-0.0105974	1	
6.37036	-0.0105974	1	
6.37036	-0.0105974	1	
6.37036	-0.0105974	1	
6.37036	-0.0105974	1	
6.37036	-0.0105974	1	
6.37036	-0.0105974	1	
6.37036	-0.0105974	1	
6.37036	-0.0105974	1	
6.37036	-0.0105974	1	
6.37036	-0.0105974	1	
6.37036	-0.0105974	1	
6.37036	-0.0105974	1	
6.37036	-0.0105974	1	
6.37036	-0.0105974	1	
6.37036	-0.0105974	1	
6.37036	-0.0105974	1	
6.37036	-0.0105974	1	
6.37036	-0.0105974	1	
6.37036	-0.0105974	1	
6.37036	-0.0105974	1	
6.37036	-0.0105974	1	
6.37036	-0.0105974	1	
6.37036	-0.0105974	1	
6.37036	-0.0105974	1	
6.37036	-0.0105974	1	
6.37036	-0.0105974	1	
6.37036	-0.0105974	1	
6.37036	-0.0105974	1	
6.37036	-0.0105974	1	
6.37036	-0.0105974	1	
6.37036	-0.0105974	1	
6.37036	-0.0105974	1	
6.37036	-0.0105974	1	
6.37036	-0.0105974	1	
6.37036	-0.0105974	1	
6.37036	-0.0105974	1	
6.37036	-0.0105974	1	
6.37036	-0.0105974	1	
6.37036	-0.0105974	1	
6.37036	-0.0105974	1	
6.37036	-0.0105974	1	
6.37036	-0.0105974	1	
6.37036	-0.0105974	1	
6.37036	-0.0105974	1	
6.37036	-0.0105974	1	
6.37036	-0.0105974	1	
6.37036	-0.0105974	1	
6.37036	-0.0105974	1	
6.37036	-0.0105974	1	
6.37036	-0.0105974	1	
6.37036	-0.0105974	1	
6.37036	-0.0105974	1	
6.37036	-0.0105974	1	
6.37036	-0.0105974	1	
6.37036	-0.0105974	1	
6.37036	-0.0105974	1	
6.37036	-0.0105974	1	
6.37036	-0.0105974	1	
6.37036	-0.0105974	1	
6.37036	-0.0105974	1	
6.37036	-0.0105974	1	
6.37036	-0.0105974	1	
6.37036	-0.0105974	1	
6.37036	-0.0105974	1	
6.37036	-0.0105974	1	
6.37036	-0.0105974	1	
6.37036	-0.0105974	1	
6.37036	-0.0105974	1	
6.37036	-0.0105974	1	
6.37036	-0.0105974	1	
6.37036	-0.0105974	1	
6.37036	-0.0105974	1	
6.37036	-0.0105974	1	
6.37036	-0.0105974	1	
6.37036	-0.0105974	1	
6.37036	-0.0105974	1	
6.37036	-0.0105974	1	
6.37036	-0.0105974	1	
6.37036	-0.0105974	1	
6.37036	-0.0105974	1	
6.37036	-0.0105974	1	
6.37036	-0.0105974	1	
6.37036	-0.0105974	1	
6.37036	-0.0105974	1	
6.37036	-0.0105974	1	
6.37036	-0.0105974	1	
6.37036	-0.0105974	1	
6.37036	-0.0105974	1	
6.37036	-0.0105974	1	
6.37036	-0.0105974	1	
6.37036	-0.0105974	1	
6.37036	-0.0105974	1	
6.37036	-0.0105974	1	
6.37036	-0.0105974	1	
6.37036	-0.0105974	1	
6.37036	-0.0105974	1	
6.37036	-0.0105974	1	
6.37036	-0.0105974	1	
6.37036	-0.0105974	1	
6.37036	-0.0105974	1	
6.37036	-0.0105974	1	
6.37036	-0.0105974	1	
6.37036	-0.0105974	1	
6.37036	-0.0105974	1	
6.37036	-0.0105974	1	
6.37036	-0.0105974	1	
6.37036	-0.0105974	1	
6.37036	-0.0105974	1	
6.37036	-0.0105974	1	
6.37036	-0.0105974	1	
6.37036	-0.0105974	1	
6.37036	-0.0105974	1	
6.37036	-0.0105974	1	
6.37036	-0.0105974	1	
6.37036	-0.0105974	1	
6.37036	-0.0105974	1	
6.37036	-0.0105974	1	
6.37036	-0.0105974	1	
6.37036	-0.0105974	1	
6.37036	-0.0105974	1	
6.37036	-0.0105974	1	
6.37036	-0.0105974	1	
6.37036	-0.0105974	1	
6.37036	-0.0105974	1	
6.37036	-0.0105974	1	
6.37036	-0.0105974	1	
6.37036	-0.0105974	1	
6.37036	-0.0105974	1	
6.37036	-0.0105974	1	
6.37036	-0.0105974	1	
6.37036	-0.0105974	1	
6.37036	-0.0105974	1	
6.37036	-0.0105974	1	
6.37036	-0.0105974	1	
6.37036	-0.0105974	1	
6.37036	-0.0105974	1	
6.37036	-0.0105974	1	
6.37036	-0.0105974	1	
6.37036	-0.0105974	1	
6.37036	-0.0105974	1	
6.37036	-0.0105974	1	
6.37036	-0.0105974	1	
6.37036	-0.0105974	1	
6.37036	-0.0105974	1	
6.37036	-0.0105974	1	
6.37036	-0.0105974	1	
6.37036	-0.0105974	1	
6.37036	-0.0105974	1	
6.37036	-0.0105974	1	
6.37036	-0.0105974	1	
6.37036	-0.0105974	1	
6.37036	-0.0105974	1	
6.37036	-0.0105974	1	
6.37036	-0.0105974	1	
6.37036	-0.0105974	1	
6.37036	-0.0105974	1	
6.37036	-0.0105974	1	
6.37036	-0.0105974	1	
6.37036	-0.0105974	1	
6.37036	-0.0105974	1	
6.37036	-0.0105974	1	
6.37036	-0.0105974	1	
6.37036	-0.0105974	1	
6.37036	-0.0105974	1	
6.37036	-0.0105974	1	
6.37036	-0.0105974	1	
6.37036	-0.0105974	1	
6.37036	-0.0105974	1	
6.37036	-0.0105974	1	
6.37036	-0.0105974	1	
6.37036	-0.0105974	1	
6.37036	-0.0105974	1	
6.37036	-0.0105974	1	
6.37036	-0.0105974	1	
6.37036	-0.0105974	1	
6.37036	-0.0105974	1	
6.37036	-0.0105974	1	
6.37036	-0.0105974	1	
6.37036	-0.0105974	1	
6.37036	-0.0105974	1	
6.37036	-0.0105974	1	
6.37036	-0.0105974	1	
6.37036	-0.0105974	1	
6.37036	-0.0105974	1	
6.37036	-0.0105974	1	
6.37036	-0.0105974	1	
6.37036	-0.0105974	1	
6.37036	-0.0105974	1	
6.37036	-0.0105974	1	
6.37036	-0.0105974	1	
6.37036	-0.0105974	1	
6.37036	-0.0105974	1	
6.37036	-0.0105974	1	
6.37036	-0.0105974	1	
6.37036	-0.0105974	1	
6.37036	-0.0105974	1	
6.37036	-0.0105974	1	
6.37036	-0.0105974	1	
6.37036	-0.0105974	1	
6.37036	-0.0105974	1	
6.37036	-0.0105974	1	
6.37036	-0.0105974	1	
6.37036	-0.0105974	1	
6.37036	-0.0105974	1	
6.37036	-0.0105974	1	
6.37036	-0.0105974	1	
6.37036	-0.0105974	1	
6.37036	-0.0105974	1	
6.37036	-0.0105974	1	
6.37036	-0.0105974	1	
6.37036	-0.0105974	1	
6.37036	-0.0105974	1	
6.37036	-0.0105974	1	
6.37036	-0.0105974	1	
6.37036	-0.0105974	1	
6.37036	-0.0105974	1	
6.37036	-0.0105974	1	
6.37036	-0.0105974	1	
6.37036	-0.0105974	1	
6.37036	-0.0105974	1	
6.37036	-0.0105974	1	
6.37036	-0.0105974	1	
6.37036	-0.0105974	1	
6.37036	-0.0105974	1	
6.37036	-0.0105974	1	
6.37036	-0.0105974	1	
6.37036	-0.0105974	1	
6.37036	-0.0105974	1	
6.37036	-0.0105974	1	
6.37036	-0.0105974	1	
6.37036	-0.0105974	1	
6.37036	-0.0105974	1	
6.37036	-0.0105974	1	
6.37036	-0.0105974	1	
6.37036	-0.0105974	1	
6.37036	-0.0105974	1	
6.37036	-0.0105974	1	
6.37036	-0.0105974	1	
6.37036	-0.0105974	1	
6.37036	-0.0105974	1	
6.37036	-0.0105974	1	
6.37036	-0.0105974	1	
6.37036	-0.0105974	1	
6.37036	-0.0105974	1	
6.37036	-0.0105974	1	
6.37036	-0.0105974	1	
6.37036	-0.0105974	1	
6.37036	-0.0105974	1	
6.37036	-0.0105974	1	
6.37036	-0.0105974	1	
6.37036	-0.0105974	1	
6.37036	-0.0105974	1	
6.37036	-0.0105974	1	
6.37036	-0.0105974	1	
6.37036	-0.0105974	1	
6.37036	-0.0105974	1	
6.37036	-0.0105974	1	
6.37036	-0.0105974	1	
6.37036	-0.0105974	1	
6.37036	-0.0105974	1	
6.37036	-0.0105974	1	
6.37036	-0.0105974	1	
6.37036	-0.0105974	1	
6.37036	-0.0105974	1	
6.37036	-0.0105974	1	
6.37036	-0.0105974	1	
6.37036	-0.0105974	1	
6.37036	-0.0105974	1	
6.37036	-0.0105974	1	
6.37036	-0.0105974	1	
6.37036	-0.0105974	1	
6.37036	-0.0105974	1	
6.37036	-0.0105974	1	
6.37036	-0.0105974	1	
6.37036	-0.0105974	1	
6.37036	-0.0105974	1	
6.37036	-0.0105974	1	
6.37036	-0.0105974	1	
6.37036	-0.0105974	1	
6.37036	-0.0105974	1	
6.37036	-0.0105974	1	
6.37036	-0.0105974	1	
6.37036	-0.0105974	1	
6.37036	-0.0105974	1	
6.37036	-0.0105974	1	
6.37036	-0.0105974	1	
6.37036	-0.0105974	1	
6.37036	-0.0105974	1	
6.37036	-0.0105974	1	
6.37036	-0.0105974	1	
6.37036	-0.0105974	1	
6.37036	-0.0105974	1	
6.37036	-0.0105974	1	
6.37036	-0.0105974	1	
6.37036	-0.0105974	1	
6.37036	-0.0105974	1	
6.37036	-0.0105974	1	
6.37036	-0.0105974	1	
6.37036	-0.0105974	1	
6.37036	-0.0105974	1	
6.37036	-0.0105974	1	
6.37036	-0.0105974	1	
