10	0	1	
10	0	1	
10	0	1	
10	0	1	
10	0	1	
10	0	1	
10	0	1	
10	0	1	
10	0	1	
10	0	1	
10	0	1	
10	0	1	
10	0	1	
10	0	1	
10	0	1	
10	0	1	
10	0	1	
10	0	1	
10	0	1	
10	0	1	
10	0	1	
10	0	1	
10	0	1	
10	0	1	
10	0	1	
10	0	1	
10	0	1	
10	0	1	
10	0	1	
10	0	1	
10	0	1	
10	0	1	
10	0	1	
10	0	1	
10	0	1	
10	0	1	
10	0	1	
10	0	1	
10	0	1	
10	0	1	
10	0	1	
10	0	1	
10	0	1	
10	0	1	
10	0	1	
10	0	1	
10	0	1	
10	0	1	
10	0	1	
10	0	1	
10	0	1	
10	0	1	
10	0	1	
10	0	1	
10	0	1	
10	0	1	
10	0	1	
10	0	1	
10	0	1	
10	0	1	
10	0	1	
10	0	1	
10	0	1	
10	0	1	
10	0	1	
10	0	1	
10	0	1	
10	0	1	
10	0	1	
10	0	1	
10	0	1	
10	0	1	
10	0	1	
10	0	1	
10	0	1	
10	0	1	
10	0	1	
10	0	1	
10	0	1	
10	0	1	
10	0	1	
10	0	1	
10	0	1	
10	0	1	
10	0	1	
10	0	1	
10	0	1	
10	0	1	
10	0	1	
10	0	1	
10	0	1	
10	0	1	
10	0	1	
10	0	1	
10	0	1	
10	0	1	
10	0	1	
10	0	1	
10	0	1	
10	0	1	
10	0	1	
10	0	1	
10	0	1	
10	0	1	
10	0	1	
10	0	1	
10	0	1	
10	0	1	
10	0	1	
10	0	1	
10	0	1	
10	0	1	
10	0	1	
10	0	1	
10	0	1	
10	0	1	
10	0	1	
10	0	1	
10	0	1	
10	0	1	
10	0	1	
10	0	1	
10	0	1	
10	0	1	
10	0	1	
10	0	1	
10	0	1	
10	0	1	
10	0	1	
10	0	1	
10	0	1	
10	0	1	
10	0	1	
10	0	1	
10	0	1	
10	0	1	
10	0	1	
10	0	1	
10	0	1	
10	0	1	
10	0	1	
10	0	1	
10	0	1	
10	0	1	
10	0	1	
10	0	1	
10	0	1	
10	0	1	
10	0	1	
10	0	1	
10	0	1	
10	0	1	
10	0	1	
10	0	1	
10	0	1	
10	0	1	
10	0	1	
10	0	1	
10	0	1	
10	0	1	
10	0	1	
10	0	1	
10	0	1	
10	0	1	
10	0	1	
10	0	1	
10	0	1	
10	0	1	
10	0	1	
10	0	1	
10	0	1	
10	0	1	
10	0	1	
10	0	1	
10	0	1	
10	0	1	
10	0	1	
10	0	1	
10	0	1	
10	0	1	
10	0	1	
10	0	1	
10	0	1	
10	0	1	
10	0	1	
10	0	1	
10	0	1	
10	0	1	
10	0	1	
10	0	1	
10	0	1	
10	0	1	
10	0	1	
10	0	1	
10	0	1	
10	0	1	
10	0	1	
10	0	1	
10	0	1	
10	0	1	
10	0	1	
10	0	1	
10	0	1	
10	0	1	
10	0	1	
10	0	1	
10	0	1	
10	0	1	
10	0	1	
10	0	1	
10	0	1	
10	0	1	
10	0	1	
10	0	1	
10	0	1	
10	0	1	
10	0	1	
10	0	1	
10	0	1	
10	0	1	
10	0	1	
10	0	1	
10	0	1	
10	0	1	
10	0	1	
10	0	1	
10	0	1	
10	0	1	
10	0	1	
10	0	1	
10	0	1	
10	0	1	
10	0	1	
10	0	1	
10	0	1	
10	0	1	
10	0	1	
10	0	1	
10	0	1	
10	-0.00207001	1	
9.99999	-0.00380824	1	
9.99998	-0.00528299	1	
9.99996	-0.00654931	1	
9.99995	-0.00765132	1	
9.99993	-0.00862419	1	
9.99991	-0.00949584	1	
9.99989	-0.0102888	1	
9.99987	-0.0110221	1	
9.99985	-0.0117101	1	
9.99982	-0.0123647	1	
9.9998	-0.0129954	1	
9.99977	-0.0136095	1	
9.99974	-0.0142134	1	
9.99971	-0.0148123	1	
9.99968	-0.0154108	1	
9.99965	-0.0160126	1	
9.99961	-0.0166206	1	
9.99958	-0.0172367	1	
9.99955	-0.017863	1	
9.99951	-0.0185015	1	
9.99947	-0.0191534	1	
9.99943	-0.0198197	1	
9.99939	-0.0205016	1	
9.99935	-0.0212002	1	
9.9993	-0.0219158	1	
9.99926	-0.0226489	1	
9.99921	-0.0234005	1	
9.99916	-0.02417	1	
9.99911	-0.0249582	1	
9.99906	-0.0257649	1	
9.99901	-0.0265902	1	
9.99895	-0.0274348	1	
9.9989	-0.0282992	1	
9.99884	-0.0291843	1	
9.99878	-0.0300903	1	
9.99872	-0.0310182	1	
9.99865	-0.0319691	1	
9.99859	-0.0329437	1	
9.99852	-0.0339427	1	
9.99845	-0.0349663	1	
9.99838	-0.0360154	1	
9.9983	-0.0370897	1	
9.99823	-0.0381899	1	
9.99815	-0.0393164	1	
9.99807	-0.04047	1	
9.99798	-0.0416507	1	
9.9979	-0.0428588	1	
9.99781	-0.0440954	1	
9.99772	-0.0453602	1	
9.99762	-0.0466541	1	
9.99753	-0.0479784	1	
9.99743	-0.0493338	1	
9.99733	-0.0507205	1	
9.99722	-0.0521388	1	
9.99712	-0.0535887	1	
9.99701	-0.0550702	1	
9.99689	-0.0565841	1	
9.99678	-0.0581311	1	
9.99666	-0.0597114	1	
9.99654	-0.0613262	1	
9.99641	-0.0629754	1	
9.99628	-0.0646604	1	
9.99615	-0.0663827	1	
9.99601	-0.0681427	1	
9.99587	-0.0699412	1	
9.99573	-0.0717793	1	
9.99558	-0.0736573	1	
9.99543	-0.0755764	1	
9.99527	-0.0775377	1	
9.99512	-0.0795421	1	
9.99495	-0.081591	1	
9.99478	-0.0836837	1	
9.99461	-0.0858208	1	
9.99444	-0.0880045	1	
9.99426	-0.0902352	1	
9.99407	-0.0925135	1	
9.99388	-0.0948395	1	
9.99369	-0.0972136	1	
9.99349	-0.0996353	1	
9.99328	-0.102105	1	
9.99307	-0.104621	1	
9.99286	-0.107184	1	
9.99264	-0.109791	1	
9.99242	-0.112441	1	
9.99219	-0.115135	1	
9.99195	-0.117871	1	
9.99171	-0.12065	1	
9.99146	-0.123472	1	
9.99121	-0.126336	1	
9.99095	-0.129243	1	
9.99069	-0.132191	1	
9.99042	-0.135181	1	
9.99014	-0.138215	1	
9.98986	-0.141293	1	
9.98957	-0.144417	1	
9.98927	-0.147588	1	
9.98897	-0.150807	1	
9.98866	-0.154078	1	
9.98835	-0.157406	1	
9.98803	-0.160793	1	
9.9877	-0.164244	1	
9.98736	-0.167761	1	
9.98702	-0.171347	1	
9.98667	-0.175005	1	
9.98631	-0.178735	1	
9.98595	-0.182543	1	
9.98557	-0.18643	1	
9.98519	-0.190401	1	
9.9848	-0.19446	1	
9.98441	-0.198608	1	
9.984	-0.202854	1	
9.98359	-0.2072	1	
9.98316	-0.21165	1	
9.98273	-0.216206	1	
9.98229	-0.220872	1	
9.98184	-0.225653	1	
9.98138	-0.23055	1	
9.98091	-0.235566	1	
9.98042	-0.2407	1	
9.97993	-0.245952	1	
9.97943	-0.251322	1	
9.97892	-0.25681	1	
9.97839	-0.262413	1	
9.97786	-0.268134	1	
9.97731	-0.273973	1	
9.97675	-0.279932	1	
9.97618	-0.286011	1	
9.97559	-0.292208	1	
9.97499	-0.298525	1	
9.97438	-0.304961	1	
9.97376	-0.311513	1	
9.97312	-0.318176	1	
9.97248	-0.324953	1	
9.97181	-0.33184	1	
9.97113	-0.33884	1	
9.97044	-0.345952	1	
9.96974	-0.353179	1	
9.96901	-0.360521	1	
9.96828	-0.367983	1	
9.96753	-0.375567	1	
9.96676	-0.383276	1	
9.96598	-0.391105	1	
9.96518	-0.399059	1	
9.96437	-0.407138	1	
9.96354	-0.415343	1	
9.96269	-0.423682	1	
9.96182	-0.432151	1	
9.96094	-0.440751	1	
9.96004	-0.449479	1	
9.95913	-0.458335	1	
9.95819	-0.46732	1	
9.95724	-0.476441	1	
9.95627	-0.485702	1	
9.95528	-0.495108	1	
9.95427	-0.504664	1	
9.95324	-0.514372	1	
9.95219	-0.524236	1	
9.95112	-0.534261	1	
9.95003	-0.544451	1	
9.94892	-0.554806	1	
9.94779	-0.565324	1	
9.94664	-0.576005	1	
9.94547	-0.586848	1	
9.94427	-0.597851	1	
9.94305	-0.609014	1	
9.94181	-0.620341	1	
9.94055	-0.631836	1	
9.93926	-0.643505	1	
9.93795	-0.655351	1	
9.93662	-0.667376	1	
9.93526	-0.679582	1	
9.93387	-0.691971	1	
9.93246	-0.704543	1	
9.93103	-0.717295	1	
9.92957	-0.730222	1	
9.92808	-0.743322	1	
9.92657	-0.756593	1	
9.92503	-0.770036	1	
9.92346	-0.783653	1	
9.92187	-0.797445	1	
9.92024	-0.811415	1	
9.91859	-0.825567	1	
9.91691	-0.839906	1	
9.91521	-0.85444	1	
9.91347	-0.869175	1	
9.9117	-0.884116	1	
9.9099	-0.899271	1	
9.90807	-0.914649	1	
9.90621	-0.930261	1	
9.90432	-0.946122	1	
9.90239	-0.962243	1	
9.90044	-0.978633	1	
9.89845	-0.995294	1	
9.89642	-1.01223	1	
9.89436	-1.02944	1	
9.89227	-1.04692	1	
9.89014	-1.06467	1	
9.88797	-1.08272	1	
9.88577	-1.10106	1	
9.88353	-1.1197	1	
9.88125	-1.13864	1	
9.87894	-1.1579	1	
9.87658	-1.17748	1	
9.87419	-1.19735	1	
9.87175	-1.21753	1	
9.86928	-1.23799	1	
9.86676	-1.25873	1	
9.8642	-1.27974	1	
9.8616	-1.30102	1	
9.85895	-1.32256	1	
9.85627	-1.34435	1	
9.85353	-1.36639	1	
9.85075	-1.38867	1	
9.84793	-1.41116	1	
9.84507	-1.43386	1	
9.84215	-1.45678	1	
9.83919	-1.47992	1	
9.83619	-1.50327	1	
9.83313	-1.52682	1	
9.83003	-1.55056	1	
9.82688	-1.57447	1	
9.82368	-1.59855	1	
9.82044	-1.62278	1	
9.81714	-1.64716	1	
9.8138	-1.67167	1	
9.81041	-1.69632	1	
9.80697	-1.72108	1	
9.80347	-1.74598	1	
9.79993	-1.77103	1	
9.79634	-1.79624	1	
9.7927	-1.82164	1	
9.789	-1.84723	1	
9.78526	-1.87304	1	
9.78146	-1.89908	1	
9.77761	-1.92537	1	
9.7737	-1.95191	1	
9.76975	-1.97874	1	
9.76573	-2.00587	1	
9.76167	-2.03329	1	
9.75755	-2.06101	1	
9.75337	-2.08903	1	
9.74913	-2.11737	1	
9.74484	-2.14603	1	
9.74049	-2.17504	1	
9.73608	-2.20439	1	
9.73161	-2.2341	1	
9.72709	-2.26417	1	
9.7225	-2.29459	1	
9.71784	-2.32537	1	
9.71313	-2.35651	1	
9.70836	-2.38802	1	
9.70352	-2.41991	1	
9.69861	-2.45217	1	
9.69364	-2.48482	1	
9.68861	-2.51784	1	
9.6835	-2.55122	1	
9.67833	-2.58498	1	
9.6731	-2.61913	1	
9.66779	-2.65371	1	
9.66241	-2.68876	1	
9.65696	-2.72428	1	
9.65144	-2.76029	1	
9.64585	-2.79677	1	
9.64018	-2.8337	1	
9.63444	-2.87107	1	
9.62862	-2.90886	1	
9.62273	-2.94708	1	
9.61676	-2.98572	1	
9.61071	-3.02473	1	
9.60458	-3.06406	1	
9.59837	-3.10363	1	
9.59208	-3.14337	1	
9.58572	-3.18326	1	
9.57927	-3.22326	1	
9.57274	-3.26337	1	
9.56614	-3.30356	1	
9.55945	-3.34382	1	
9.55268	-3.38414	1	
9.54583	-3.42449	1	
9.5389	-3.46489	1	
9.53189	-3.50536	1	
9.5248	-3.54596	1	
9.51763	-3.58673	1	
9.51037	-3.62774	1	
9.50303	-3.66903	1	
9.49561	-3.71066	1	
9.48811	-3.75269	1	
9.48052	-3.79518	1	
9.47284	-3.83818	1	
9.46508	-3.88172	1	
9.45722	-3.9258	1	
9.44928	-3.97043	1	
9.44125	-4.01563	1	
9.43313	-4.06139	1	
9.42491	-4.10771	1	
9.4166	-4.15459	1	
9.4082	-4.20205	1	
9.3997	-4.2501	1	
9.3911	-4.29872	1	
9.38241	-4.34789	1	
9.37361	-4.39757	1	
9.36472	-4.44774	1	
9.35572	-4.49839	1	
9.34662	-4.54948	1	
9.33742	-4.60098	1	
9.32811	-4.65284	1	
9.3187	-4.70502	1	
9.30919	-4.7575	1	
9.29957	-4.81025	1	
9.28984	-4.86322	1	
9.28001	-4.91639	1	
9.27007	-4.96971	1	
9.26002	-5.02312	1	
9.24987	-5.07659	1	
9.23961	-5.13009	1	
9.22924	-5.18357	1	
9.21877	-5.23701	1	
9.20819	-5.29039	1	
9.1975	-5.34371	1	
9.18671	-5.39698	1	
9.17581	-5.45025	1	
9.1648	-5.50358	1	
9.15368	-5.55702	1	
9.14246	-5.61065	1	
9.13113	-5.66456	1	
9.1197	-5.71883	1	
9.10815	-5.77349	1	
9.09649	-5.82856	1	
9.08472	-5.88401	1	
9.07284	-5.93982	1	
9.06085	-5.99601	1	
9.04875	-6.05257	1	
9.03653	-6.10956	1	
9.02419	-6.16702	1	
9.01174	-6.225	1	
8.99918	-6.28351	1	
8.98649	-6.34259	1	
8.97369	-6.40223	1	
8.96076	-6.46241	1	
8.94772	-6.52262	0.999636	
8.93456	-6.57986	0.99705	
8.92129	-6.63421	0.994088	
8.90792	-6.68574	0.990767	
8.89445	-6.73452	0.987118	
8.88089	-6.78061	0.983176	
8.86724	-6.82408	0.978972	
8.85351	-6.86499	0.974546	
8.8397	-6.90342	0.969935	
8.82582	-6.93941	0.965166	
8.81188	-6.97304	0.960259	
8.79787	-7.00436	0.955215	
8.7838	-7.03343	0.950018	
8.76968	-7.0603	0.944654	
8.75551	-7.08504	0.939128	
8.7413	-7.1077	0.933459	
8.72704	-7.12833	0.927664	
8.71275	-7.14699	0.92177	
8.69842	-7.16372	0.915806	
8.68406	-7.17859	0.909808	
8.66968	-7.19162	0.903794	
8.65527	-7.20289	0.897767	
8.64085	-7.21242	0.891717	
8.62641	-7.22028	0.885634	
8.61195	-7.2265	0.879513	
8.59749	-7.23113	0.873354	
8.58302	-7.23421	0.867148	
8.56855	-7.23579	0.860881	
8.55408	-7.2359	0.854554	
8.53961	-7.2346	0.848169	
8.52515	-7.23191	0.841726	
8.51069	-7.22788	0.835227	
8.49625	-7.22255	0.828684	
8.48181	-7.21595	0.822119	
8.4674	-7.20812	0.815551	
8.453	-7.1991	0.808996	
8.43862	-7.18892	0.802459	
8.42427	-7.17761	0.795936	
8.40994	-7.16522	0.789428	
8.39563	-7.15176	0.782937	
8.38136	-7.13729	0.776451	
8.36711	-7.12182	0.769965	
8.3529	-7.10538	0.763474	
8.33873	-7.08802	0.756975	
8.32459	-7.06975	0.750469	
8.31049	-7.0506	0.743962	
8.29642	-7.03061	0.737463	
8.28241	-7.00981	0.730991	
8.26843	-6.98821	0.724564	
8.2545	-6.96584	0.718203	
8.24061	-6.94274	0.71192	
8.22677	-6.91892	0.705715	
8.21299	-6.89442	0.699582	
8.19925	-6.86925	0.693508	
8.18556	-6.84343	0.687475	
8.17193	-6.817	0.681473	
8.15835	-6.78998	0.675498	
8.14482	-6.76237	0.669553	
8.13135	-6.73422	0.66365	
8.11794	-6.70554	0.657805	
8.10459	-6.67634	0.652034	
8.0913	-6.64665	0.646349	
8.07806	-6.61649	0.64075	
8.06489	-6.58588	0.635235	
8.05178	-6.55483	0.629796	
8.03873	-6.52337	0.624427	
8.02575	-6.49152	0.619122	
8.01283	-6.45928	0.613869	
7.99998	-6.42667	0.608662	
7.98719	-6.39373	0.603495	
7.97447	-6.36045	0.598364	
7.96182	-6.32685	0.593271	
7.94923	-6.29296	0.588226	
7.93671	-6.25878	0.583239	
7.92427	-6.22433	0.578318	
7.91189	-6.18963	0.573465	
7.89958	-6.15468	0.568678	
7.88734	-6.11951	0.563954	
7.87517	-6.08412	0.559282	
7.86307	-6.04854	0.554652	
7.85105	-6.01276	0.550053	
7.83909	-5.9768	0.545474	
7.82721	-5.94068	0.540913	
7.8154	-5.90441	0.536374	
7.80367	-5.868	0.531865	
7.792	-5.83145	0.527391	
7.78041	-5.79479	0.52296	
7.7689	-5.75802	0.518577	
7.75746	-5.72114	0.514251	
7.74609	-5.68418	0.509981	
7.73479	-5.64714	0.505766	
7.72357	-5.61003	0.501602	
7.71243	-5.57286	0.497485	
7.70136	-5.53564	0.493408	
7.69036	-5.49837	0.489364	
7.67944	-5.46107	0.485349	
7.66859	-5.42375	0.48136	
7.65782	-5.38641	0.477395	
7.64712	-5.34905	0.473454	
7.6365	-5.3117	0.469538	
7.62595	-5.27435	0.465652	
7.61547	-5.23701	0.461802	
7.60507	-5.19969	0.457995	
7.59475	-5.16239	0.454234	
7.5845	-5.12513	0.450522	
7.57432	-5.08791	0.446856	
7.56422	-5.05073	0.443234	
7.55419	-5.0136	0.439654	
7.54424	-4.97653	0.436115	
7.53436	-4.93953	0.432614	
7.52456	-4.90259	0.429148	
7.51483	-4.86572	0.425718	
7.50517	-4.82893	0.422325	
7.49558	-4.79223	0.41897	
7.48607	-4.75562	0.415654	
7.47663	-4.71909	0.412378	
7.46727	-4.68267	0.409144	
7.45798	-4.64635	0.405954	
7.44876	-4.61013	0.402811	
7.43961	-4.57402	0.399716	
7.43053	-4.53803	0.396667	
7.42153	-4.50216	0.393659	
7.41259	-4.46641	0.390688	
7.40373	-4.43078	0.387751	
7.39494	-4.39529	0.384845	
7.38622	-4.35992	0.381967	
7.37757	-4.3247	0.379115	
7.36899	-4.28961	0.376291	
7.36048	-4.25466	0.373496	
7.35204	-4.21986	0.370726	
7.34367	-4.1852	0.367982	
7.33537	-4.1507	0.365266	
7.32714	-4.11634	0.362581	
7.31898	-4.08214	0.359931	
7.31088	-4.0481	0.357317	
7.30285	-4.01422	0.354738	
7.29489	-3.9805	0.352194	
7.287	-3.94695	0.349683	
7.27917	-3.91356	0.347205	
7.27141	-3.88034	0.344757	
7.26371	-3.84729	0.342334	
7.25609	-3.81441	0.339934	
7.24852	-3.7817	0.337557	
7.24102	-3.74917	0.335204	
7.23359	-3.71681	0.332877	
7.22622	-3.68463	0.330576	
7.21892	-3.65263	0.3283	
7.21167	-3.62081	0.326045	
7.2045	-3.58917	0.323811	
7.19738	-3.55772	0.321599	
7.19033	-3.52645	0.31941	
7.18334	-3.49536	0.317244	
7.17641	-3.46445	0.315101	
7.16954	-3.43374	0.312982	
7.16273	-3.40321	0.310888	
7.15599	-3.37287	0.308819	
7.1493	-3.34271	0.306775	
7.14268	-3.31275	0.304758	
7.13611	-3.28297	0.30277	
7.1296	-3.25339	0.300812	
7.12316	-3.22399	0.298882	
7.11677	-3.19479	0.296981	
7.11044	-3.16578	0.295108	
7.10416	-3.13696	0.293257	
7.09794	-3.10833	0.291425	
7.09178	-3.0799	0.289611	
7.08568	-3.05166	0.287812	
7.07963	-3.02361	0.286031	
7.07364	-2.99575	0.284261	
7.06771	-2.96809	0.282502	
7.06183	-2.94062	0.280753	
7.056	-2.91334	0.279016	
7.05023	-2.88625	0.277294	
7.04451	-2.85936	0.275589	
7.03884	-2.83266	0.273902	
7.03323	-2.80615	0.272233	
7.02767	-2.77983	0.270583	
7.02216	-2.75371	0.268951	
7.01671	-2.72778	0.267337	
7.0113	-2.70204	0.265744	
7.00595	-2.67649	0.264172	
7.00065	-2.65113	0.262622	
6.9954	-2.62596	0.261096	
6.99019	-2.60098	0.259597	
6.98504	-2.5762	0.258123	
6.97994	-2.5516	0.256676	
6.97488	-2.52719	0.255253	
6.96988	-2.50296	0.253851	
6.96492	-2.47893	0.252465	
6.96001	-2.45508	0.25109	
6.95515	-2.43142	0.249724	
6.95033	-2.40794	0.248366	
6.94556	-2.38465	0.247017	
6.94084	-2.36155	0.245675	
6.93616	-2.33863	0.24434	
6.93153	-2.31589	0.24301	
6.92694	-2.29333	0.241686	
6.9224	-2.27096	0.240371	
6.9179	-2.24877	0.239067	
6.91345	-2.22676	0.237772	
6.90904	-2.20493	0.236488	
6.90467	-2.18328	0.235212	
6.90035	-2.1618	0.233946	
6.89607	-2.14051	0.232693	
6.89183	-2.11939	0.231455	
6.88763	-2.09844	0.230234	
6.88348	-2.07767	0.22903	
6.87936	-2.05708	0.227845	
6.87529	-2.03666	0.226678	
6.87126	-2.01641	0.225533	
6.86727	-1.99634	0.224408	
6.86331	-1.97643	0.223301	
6.8594	-1.95669	0.222211	
6.85552	-1.93713	0.221136	
6.85169	-1.91773	0.220072	
6.84789	-1.8985	0.219016	
6.84413	-1.87943	0.217965	
6.84041	-1.86054	0.216919	
6.83673	-1.8418	0.215875	
6.83308	-1.82323	0.214833	
6.82947	-1.80482	0.213793	
6.8259	-1.78657	0.212756	
6.82236	-1.76849	0.211721	
6.81886	-1.75056	0.210685	
6.8154	-1.7328	0.209648	
6.81196	-1.71519	0.208607	
6.80857	-1.69773	0.207561	
6.80521	-1.68044	0.206511	
6.80188	-1.66329	0.205459	
6.79859	-1.64631	0.204408	
6.79533	-1.62947	0.20336	
6.79211	-1.61279	0.202318	
6.78891	-1.59626	0.201282	
6.78575	-1.57988	0.200254	
6.78263	-1.56364	0.199235	
6.77953	-1.54756	0.198226	
6.77647	-1.53162	0.197227	
6.77344	-1.51583	0.196234	
6.77044	-1.50018	0.19525	
6.76747	-1.48468	0.194273	
6.76453	-1.46932	0.193305	
6.76162	-1.4541	0.192346	
6.75874	-1.43903	0.191396	
6.75589	-1.42409	0.190456	
6.75307	-1.40929	0.189524	
6.75028	-1.39464	0.188603	
6.74752	-1.38011	0.187691	
6.74479	-1.36573	0.186788	
6.74209	-1.35148	0.185894	
6.73942	-1.33736	0.18501	
6.73677	-1.32338	0.184136	
6.73415	-1.30953	0.18327	
6.73156	-1.29581	0.182412	
6.72899	-1.28222	0.18156	
6.72646	-1.26876	0.180712	
6.72395	-1.25542	0.179871	
6.72146	-1.24222	0.179035	
6.719	-1.22914	0.178206	
6.71657	-1.21618	0.177383	
6.71416	-1.20336	0.176568	
6.71178	-1.19065	0.175761	
6.70943	-1.17807	0.174959	
6.70709	-1.1656	0.17416	
6.70479	-1.15326	0.173362	
6.70251	-1.14104	0.172564	
6.70025	-1.12894	0.171767	
6.69801	-1.11695	0.170971	
6.6958	-1.10508	0.170177	
6.69362	-1.09333	0.169385	
6.69145	-1.08169	0.168596	
6.68931	-1.07016	0.167811	
6.6872	-1.05875	0.167029	
6.6851	-1.04745	0.166252	
6.68303	-1.03626	0.165478	
6.68098	-1.02519	0.16471	
6.67895	-1.01422	0.163947	
6.67694	-1.00336	0.163189	
6.67496	-0.992602	0.162436	
6.67299	-0.981955	0.161691	
6.67105	-0.971414	0.160951	
6.66913	-0.960977	0.160217	
6.66723	-0.950645	0.159489	
6.66535	-0.940415	0.158769	
6.66349	-0.930287	0.158055	
6.66165	-0.920261	0.15735	
6.65983	-0.910335	0.156651	
6.65802	-0.900509	0.155958	
6.65624	-0.890781	0.155271	
6.65448	-0.881151	0.154591	
6.65274	-0.871618	0.153917	
6.65101	-0.862181	0.153249	
6.64931	-0.852839	0.152587	
6.64762	-0.843592	0.151931	
6.64595	-0.834438	0.151281	
6.6443	-0.825377	0.150637	
6.64267	-0.816408	0.149998	
6.64105	-0.80753	0.149367	
6.63946	-0.798742	0.148741	
6.63788	-0.790044	0.148123	
6.63631	-0.781435	0.147512	
6.63477	-0.772913	0.146909	
6.63324	-0.764479	0.146316	
6.63173	-0.756131	0.145732	
6.63023	-0.747868	0.145159	
6.62875	-0.73969	0.144598	
6.62729	-0.731596	0.144048	
6.62584	-0.723586	0.143511	
6.62441	-0.715658	0.142985	
6.62299	-0.707811	0.142468	
6.62159	-0.700046	0.14196	
6.62021	-0.692361	0.141461	
6.61884	-0.684755	0.140969	
6.61748	-0.677228	0.140485	
6.61614	-0.669779	0.140006	
6.61482	-0.662408	0.139535	
6.61351	-0.655112	0.139072	
6.61221	-0.647893	0.138616	
6.61093	-0.640749	0.138169	
6.60966	-0.63368	0.137728	
6.60841	-0.626684	0.137294	
6.60717	-0.619761	0.136866	
6.60595	-0.61291	0.136444	
6.60473	-0.606132	0.136028	
6.60354	-0.599424	0.135621	
6.60235	-0.592787	0.135224	
6.60118	-0.586219	0.134838	
6.60002	-0.57972	0.134465	
6.59887	-0.57329	0.134101	
6.59774	-0.566927	0.133749	
6.59662	-0.560631	0.133409	
6.59551	-0.554402	0.133078	
6.59441	-0.548238	0.132758	
6.59333	-0.54214	0.132447	
6.59225	-0.536106	0.132144	
6.59119	-0.530136	0.131848	
6.59015	-0.524229	0.131559	
6.58911	-0.518385	0.131278	
6.58808	-0.512603	0.131002	
6.58707	-0.506882	0.130731	
6.58607	-0.501222	0.130465	
6.58508	-0.495623	0.130203	
6.5841	-0.490083	0.129944	
6.58313	-0.484602	0.129688	
6.58217	-0.479179	0.129437	
6.58122	-0.473815	0.12919	
6.58028	-0.468508	0.128949	
6.57936	-0.463257	0.128712	
6.57844	-0.458063	0.128481	
6.57754	-0.452924	0.128257	
6.57664	-0.447841	0.128041	
6.57575	-0.442812	0.127834	
6.57488	-0.437837	0.127635	
6.57401	-0.432916	0.127445	
6.57316	-0.428047	0.127263	
6.57231	-0.423231	0.12709	
6.57147	-0.418467	0.126925	
6.57065	-0.413755	0.126767	
6.56983	-0.409093	0.126615	
6.56902	-0.404481	0.126472	
6.56822	-0.39992	0.126334	
6.56743	-0.395407	0.1262	
6.56665	-0.390944	0.126073	
6.56587	-0.386529	0.125949	
6.56511	-0.382161	0.12583	
6.56435	-0.377841	0.125713	
6.56361	-0.373568	0.125599	
6.56287	-0.369342	0.125487	
6.56214	-0.365161	0.125377	
6.56141	-0.361026	0.125272	
6.5607	-0.356936	0.125168	
6.55999	-0.35289	0.125068	
6.5593	-0.348889	0.124971	
6.55861	-0.344931	0.12488	
6.55793	-0.341017	0.124794	
6.55725	-0.337145	0.124714	
6.55658	-0.333315	0.124639	
6.55593	-0.329528	0.124568	
6.55527	-0.325782	0.124502	
6.55463	-0.322077	0.12444	
6.55399	-0.318412	0.124383	
6.55336	-0.314788	0.124329	
6.55274	-0.311203	0.124278	
6.55213	-0.307658	0.12423	
6.55152	-0.304152	0.124184	
6.55092	-0.300684	0.124139	
6.55032	-0.297255	0.124094	
6.54973	-0.293863	0.12405	
6.54915	-0.290509	0.124005	
6.54858	-0.287192	0.12396	
6.54801	-0.283911	0.123913	
6.54745	-0.280667	0.123866	
6.54689	-0.277458	0.123817	
6.54635	-0.274285	0.123769	
6.5458	-0.271147	0.12372	
6.54527	-0.268043	0.123672	
6.54474	-0.264974	0.123623	
6.54421	-0.261939	0.123575	
6.5437	-0.258938	0.123529	
6.54318	-0.255969	0.123484	
6.54268	-0.253034	0.12344	
6.54218	-0.250132	0.123399	
6.54168	-0.247261	0.123359	
6.54119	-0.244423	0.123322	
6.54071	-0.241616	0.123289	
6.54023	-0.23884	0.123257	
6.53976	-0.236096	0.123228	
6.53929	-0.233382	0.123202	
6.53883	-0.230698	0.123179	
6.53838	-0.228044	0.123159	
6.53793	-0.225419	0.123143	
6.53748	-0.222824	0.123131	
6.53704	-0.220258	0.123123	
6.5366	-0.217721	0.123119	
6.53617	-0.215212	0.12312	
6.53575	-0.212731	0.123127	
6.53533	-0.210278	0.123139	
6.53491	-0.207852	0.123158	
6.5345	-0.205454	0.123184	
6.53409	-0.203082	0.123217	
6.53369	-0.200737	0.12326	
6.5333	-0.198418	0.123311	
6.5329	-0.196126	0.123372	
6.53252	-0.193859	0.123442	
6.53213	-0.191617	0.123525	
6.53175	-0.189401	0.123617	
6.53138	-0.18721	0.123721	
6.53101	-0.185043	0.123835	
6.53064	-0.182901	0.123959	
6.53028	-0.180783	0.124096	
6.52992	-0.178688	0.124242	
6.52957	-0.176618	0.124398	
6.52922	-0.174571	0.124562	
6.52888	-0.172546	0.124735	
6.52854	-0.170545	0.124917	
6.5282	-0.168566	0.125104	
6.52787	-0.16661	0.125296	
6.52754	-0.164676	0.125494	
6.52721	-0.162764	0.125699	
6.52689	-0.160873	0.125909	
6.52657	-0.159004	0.126124	
6.52626	-0.157156	0.126344	
6.52595	-0.155328	0.126566	
6.52564	-0.153522	0.126793	
6.52534	-0.151736	0.127023	
6.52504	-0.14997	0.127255	
6.52474	-0.148225	0.127487	
6.52445	-0.146499	0.12772	
6.52416	-0.144793	0.127955	
6.52387	-0.143106	0.128191	
6.52359	-0.141438	0.128423	
6.52331	-0.13979	0.128652	
6.52303	-0.13816	0.128875	
6.52276	-0.136548	0.129091	
6.52249	-0.134955	0.1293	
6.52222	-0.133381	0.129498	
6.52196	-0.131824	0.129684	
6.5217	-0.130285	0.129856	
6.52144	-0.128763	0.130016	
6.52119	-0.127259	0.130161	
6.52093	-0.125772	0.13029	
6.52069	-0.124302	0.130406	
6.52044	-0.122849	0.130505	
6.5202	-0.121412	0.130587	
6.51996	-0.119992	0.130653	
6.51972	-0.118588	0.1307	
6.51949	-0.1172	0.130728	
6.51925	-0.115828	0.130737	
6.51903	-0.114472	0.130727	
6.5188	-0.113131	0.130695	
6.51858	-0.111806	0.130636	
6.51835	-0.110495	0.130553	
6.51814	-0.1092	0.130445	
6.51792	-0.10792	0.130312	
6.51771	-0.106654	0.130155	
6.5175	-0.105403	0.129966	
6.51729	-0.104167	0.129742	
6.51708	-0.102944	0.12949	
6.51688	-0.101736	0.129202	
6.51668	-0.100541	0.128883	
6.51648	-0.0993604	0.128529	
6.51628	-0.0981932	0.128141	
6.51609	-0.0970395	0.127717	
6.5159	-0.095899	0.127256	
6.51571	-0.0947717	0.126763	
6.51552	-0.0936573	0.126237	
6.51533	-0.0925558	0.125678	
6.51515	-0.091467	0.125086	
6.51497	-0.0903908	0.124466	
6.51479	-0.0893269	0.123813	
6.51462	-0.0882754	0.123128	
6.51444	-0.087236	0.122409	
6.51427	-0.0862086	0.121662	
6.5141	-0.085193	0.12088	
6.51393	-0.0841892	0.120064	
6.51376	-0.0831971	0.119219	
6.5136	-0.0822163	0.118347	
6.51344	-0.081247	0.117447	
6.51328	-0.0802888	0.116516	
6.51312	-0.0793418	0.115566	
6.51296	-0.0784057	0.11459	
6.51281	-0.0774804	0.113587	
6.51265	-0.0765659	0.112568	
6.5125	-0.075662	0.11153	
6.51235	-0.0747685	0.110474	
6.5122	-0.0738854	0.109403	
6.51206	-0.0730126	0.10832	
6.51191	-0.0721499	0.107228	
6.51177	-0.0712972	0.106128	
6.51163	-0.0704544	0.105025	
6.51149	-0.0696214	0.103924	
6.51135	-0.068798	0.102825	
6.51122	-0.0679843	0.10173	
6.51108	-0.06718	0.100633	
6.51095	-0.066385	0.099537	
6.51082	-0.0655993	0.0984508	
6.51069	-0.0648228	0.0973714	
6.51056	-0.0640553	0.0963014	
6.51043	-0.0632967	0.0952422	
6.51031	-0.0625469	0.094192	
6.51019	-0.0618059	0.093153	
6.51006	-0.0610735	0.0921295	
6.50994	-0.0603497	0.0911252	
6.50982	-0.0596343	0.0901407	
6.50971	-0.0589272	0.0891761	
6.50959	-0.0582284	0.0882372	
6.50947	-0.0575377	0.0873208	
6.50936	-0.0568551	0.0864318	
6.50925	-0.0561805	0.0855693	
6.50914	-0.0555138	0.0847367	
6.50903	-0.0548548	0.0839311	
6.50892	-0.0542035	0.0831527	
6.50881	-0.0535599	0.0824021	
6.50871	-0.0529238	0.0816818	
6.5086	-0.0522951	0.0809849	
6.5085	-0.0516737	0.0803129	
6.5084	-0.0510597	0.0796647	
6.5083	-0.0504528	0.0790433	
6.5082	-0.049853	0.0784451	
6.5081	-0.0492603	0.0778694	
6.508	-0.0486744	0.0773131	
6.5079	-0.0480955	0.0767831	
6.50781	-0.0475233	0.0762739	
6.50771	-0.0469579	0.0757859	
6.50762	-0.046399	0.0753165	
6.50753	-0.0458468	0.0748697	
6.50744	-0.045301	0.074442	
6.50735	-0.0447616	0.0740309	
6.50726	-0.0442285	0.0736381	
6.50717	-0.0437017	0.0732613	
6.50709	-0.0431811	0.0729003	
6.507	-0.0426666	0.0725569	
6.50692	-0.0421581	0.0722262	
6.50683	-0.0416556	0.0719048	
6.50675	-0.041159	0.0715936	
6.50667	-0.0406683	0.0712875	
6.50659	-0.0401833	0.0709886	
6.50651	-0.039704	0.0706985	
6.50643	-0.0392304	0.0704137	
6.50635	-0.0387623	0.070129	
6.50628	-0.0382997	0.0698508	
6.5062	-0.0378426	0.0695769	
6.50613	-0.0373909	0.0693092	
6.50605	-0.0369445	0.0690474	
6.50598	-0.0365033	0.0687935	
6.50591	-0.0360674	0.06855	
6.50584	-0.0356366	0.0683182	
6.50577	-0.0352108	0.0680979	
6.5057	-0.0347901	0.0678882	
6.50563	-0.0343743	0.0676912	
6.50556	-0.0339635	0.0675083	
6.50549	-0.0335575	0.0673419	
6.50543	-0.0331563	0.067192	
6.50536	-0.0327598	0.0670591	
6.5053	-0.032368	0.0669434	
6.50523	-0.0319808	0.0668431	
6.50517	-0.0315982	0.0667612	
6.50511	-0.0312201	0.0666947	
6.50505	-0.0308465	0.0666465	
6.50498	-0.0304773	0.0666138	
6.50492	-0.0301125	0.0665991	
6.50487	-0.029752	0.0666009	
6.50481	-0.0293957	0.0666179	
6.50475	-0.0290436	0.0666539	
6.50469	-0.0286958	0.0667067	
6.50463	-0.028352	0.0667777	
6.50458	-0.0280123	0.0668631	
6.50452	-0.0276766	0.0669642	
6.50447	-0.0273449	0.0670791	
6.50441	-0.0270172	0.06721	
6.50436	-0.0266933	0.067354	
6.50431	-0.0263732	0.0675089	
6.50426	-0.026057	0.0676763	
6.5042	-0.0257444	0.0678508	
6.50415	-0.0254356	0.0680392	
6.5041	-0.0251305	0.0682364	
6.50405	-0.024829	0.0684437	
6.504	-0.024531	0.068659	
6.50396	-0.0242366	0.0688802	
6.50391	-0.0239457	0.0691115	
6.50386	-0.0236582	0.0693519	
6.50381	-0.0233741	0.0696011	
6.50377	-0.0230934	0.069859	
6.50372	-0.0228161	0.070125	
6.50368	-0.022542	0.0704011	
6.50363	-0.0222712	0.0706851	
6.50359	-0.0220036	0.0709767	
6.50355	-0.0217392	0.071277	
6.5035	-0.021478	0.0715849	
6.50346	-0.0212198	0.0718992	
6.50342	-0.0209647	0.0722215	
6.50338	-0.0207127	0.0725483	
6.50334	-0.0204636	0.0728832	
6.50329	-0.0202175	0.0732205	
6.50326	-0.0199743	0.0735665	
6.50322	-0.0197341	0.0739166	
6.50318	-0.0194966	0.0742697	
6.50314	-0.0192621	0.0746294	
6.5031	-0.0190303	0.0749933	
6.50306	-0.0188012	0.0753619	
6.50303	-0.0185749	0.0757386	
6.50299	-0.0183513	0.0761192	
6.50295	-0.0181304	0.0765079	
6.50292	-0.0179121	0.0769026	
6.50288	-0.0176963	0.0773032	
6.50285	-0.0174832	0.0777072	
6.50281	-0.0172726	0.0781197	
6.50278	-0.0170645	0.0785355	
6.50274	-0.0168589	0.0789571	
6.50271	-0.0166558	0.0793846	
6.50268	-0.016455	0.0798179	
6.50265	-0.0162567	0.0802478	
6.50261	-0.0160607	0.0806881	
6.50258	-0.0158671	0.0811246	
6.50255	-0.0156758	0.0815626	
6.50252	-0.0154867	0.0820065	
6.50249	-0.0153	0.0824511	
6.50246	-0.0151154	0.0828963	
6.50243	-0.0149331	0.0833333	
6.5024	-0.0147529	0.0837627	
6.50237	-0.0145749	0.0841874	
6.50234	-0.014399	0.0846014	
6.50231	-0.0142253	0.0849978	
6.50228	-0.0140536	0.0853793	
6.50226	-0.0138839	0.0857403	
6.50223	-0.0137163	0.0860835	
6.5022	-0.0135507	0.086402	
6.50218	-0.0133871	0.0866981	
6.50215	-0.0132254	0.0869689	
6.50212	-0.0130656	0.0872079	
6.5021	-0.0129078	0.0874216	
6.50207	-0.0127519	0.087603	
6.50205	-0.0125978	0.0877599	
6.50202	-0.0124456	0.0878848	
6.502	-0.0122952	0.0879772	
6.50197	-0.0121466	0.0880409	
6.50195	-0.0119998	0.0880726	
6.50192	-0.0118547	0.0880729	
6.5019	-0.0117114	0.0880265	
6.50188	-0.0115698	0.0879344	
6.50186	-0.0114298	0.0878059	
6.50183	-0.0112916	0.0876195	
6.50181	-0.011155	0.0873794	
6.50179	-0.0110201	0.0870897	
6.50177	-0.0108868	0.0867569	
6.50174	-0.0107551	0.0863743	
6.50172	-0.0106249	0.0859267	
6.5017	-0.0104963	0.0854305	
6.50168	-0.0103693	0.0848797	
6.50166	-0.0102438	0.0842679	
6.50164	-0.0101198	0.0836025	
6.50162	-0.00999728	0.0828928	
6.5016	-0.00987624	0.0821557	
6.50158	-0.00975665	0.0813825	
6.50156	-0.00963849	0.0805811	
6.50154	-0.00952175	0.0797624	
6.50152	-0.00940642	0.0789171	
6.50151	-0.00929247	0.0780509	
6.50149	-0.00917989	0.0771817	
6.50147	-0.00906867	0.0763028	
6.50145	-0.00895878	0.075423	
6.50143	-0.00885021	0.0745356	
6.50142	-0.00874295	0.0736497	
6.5014	-0.00863698	0.0727586	
6.50138	-0.00853228	0.0718632	
6.50137	-0.00842884	0.0709717	
6.50135	-0.00832665	0.0700927	
6.50133	-0.00822568	0.0692332	
6.50132	-0.00812593	0.0683842	
6.5013	-0.00802738	0.0675579	
6.50128	-0.00793002	0.0667547	
6.50127	-0.00783382	0.0659742	
6.50125	-0.00773879	0.0652181	
6.50124	-0.0076449	0.0644842	
6.50122	-0.00755214	0.0637967	
6.50121	-0.0074605	0.0631377	
6.50119	-0.00736996	0.0625163	
6.50118	-0.00728051	0.0619189	
6.50116	-0.00719214	0.0613702	
6.50115	-0.00710483	0.0608535	
6.50114	-0.00701858	0.0603749	
6.50112	-0.00693336	0.0599331	
6.50111	-0.00684918	0.0595374	
6.50109	-0.006766	0.059171	
6.50108	-0.00668383	0.0588453	
6.50107	-0.00660265	0.0585619	
6.50106	-0.00652245	0.058308	
6.50104	-0.00644322	0.0580926	
6.50103	-0.00636494	0.0579073	
6.50102	-0.00628761	0.0577563	
6.501	-0.00621121	0.0576267	
6.50099	-0.00613573	0.0575294	
6.50098	-0.00606116	0.057448	
6.50097	-0.0059875	0.0573914	
6.50096	-0.00591472	0.0573625	
6.50094	-0.00584282	0.0573427	
6.50093	-0.00577178	0.0573393	
6.50092	-0.00570161	0.0573541	
6.50091	-0.00563228	0.0573916	
6.5009	-0.00556379	0.0574443	
6.50089	-0.00549613	0.0575103	
6.50088	-0.00542929	0.0575861	
6.50087	-0.00536325	0.0576747	
6.50086	-0.00529801	0.0577773	
6.50085	-0.00523356	0.0578879	
6.50084	-0.00516988	0.0580117	
6.50082	-0.00510698	0.0581569	
6.50081	-0.00504484	0.0583093	
6.5008	-0.00498344	0.0584732	
6.50079	-0.0049228	0.0586496	
6.50079	-0.00486288	0.0588373	
6.50078	-0.00480369	0.0590312	
6.50077	-0.00474521	0.0592314	
6.50076	-0.00468744	0.0594433	
6.50075	-0.00463037	0.0596612	
6.50074	-0.00457399	0.0598849	
6.50073	-0.0045183	0.06011	
6.50072	-0.00446327	0.060341	
6.50071	-0.00440892	0.0605777	
6.5007	-0.00435522	0.0608157	
6.50069	-0.00430217	0.0610594	
6.50069	-0.00424976	0.0613088	
6.50068	-0.00419799	0.0615638	
6.50067	-0.00414684	0.0618194	
6.50066	-0.00409631	0.0620806	
6.50065	-0.0040464	0.0623392	
6.50065	-0.00399709	0.0626034	
6.50064	-0.00394838	0.0628732	
6.50063	-0.00390025	0.0631484	
6.50062	-0.00385271	0.0634291	
6.50061	-0.00380575	0.0637061	
6.50061	-0.00375935	0.0639887	
6.5006	-0.00371352	0.0642767	
6.50059	-0.00366824	0.0645776	
6.50058	-0.00362351	0.0648762	
6.50058	-0.00357933	0.0651879	
6.50057	-0.00353568	0.0654939	
6.50056	-0.00349256	0.0658164	
6.50056	-0.00344996	0.0661327	
6.50055	-0.00340787	0.0664542	
6.50054	-0.0033663	0.066781	
6.50054	-0.00332524	0.067113	
6.50053	-0.00328467	0.0674428	
6.50052	-0.00324459	0.0677854	
6.50052	-0.003205	0.0681332	
6.50051	-0.00316589	0.068474	
6.5005	-0.00312725	0.0688016	
6.5005	-0.00308908	0.0691535	
6.50049	-0.00305138	0.0695107	
6.50049	-0.00301413	0.0698469	
6.50048	-0.00297734	0.0702065	
6.50047	-0.00294099	0.0705531	
6.50047	-0.00290509	0.0709051	
6.50046	-0.00286962	0.0712627	
6.50046	-0.00283458	0.0716256	
6.50045	-0.00279996	0.0719687	
6.50045	-0.00276577	0.0723071	
6.50044	-0.00273199	0.0726354	
6.50043	-0.00269862	0.0729808	
6.50043	-0.00266566	0.0732937	
6.50042	-0.0026331	0.0735851	
6.50042	-0.00260093	0.0738833	
6.50041	-0.00256916	0.0741587	
6.50041	-0.00253777	0.0744413	
6.5004	-0.00250676	0.0746815	
6.5004	-0.00247613	0.0748672	
6.50039	-0.00244587	0.0749672	
6.50039	-0.00241598	0.0750486	
6.50038	-0.00238645	0.0750435	
6.50038	-0.00235728	0.074936	
6.50037	-0.00232847	0.0747159	
6.50037	-0.00230001	0.0744179	
6.50037	-0.00227189	0.0740135	
6.50036	-0.00224411	0.0734855	
6.50036	-0.00221668	0.0728342	
6.50035	-0.00218957	0.0720821	
6.50035	-0.0021628	0.0712342	
6.50034	-0.00213635	0.070286	
6.50034	-0.00211023	0.0692487	
6.50034	-0.00208442	0.0681646	
6.50033	-0.00205892	0.0670377	
6.50033	-0.00203374	0.0658778	
6.50032	-0.00200886	0.064676	
6.50032	-0.00198429	0.063456	
6.50032	-0.00196001	0.0622204	
6.50031	-0.00193603	0.061002	
6.50031	-0.00191234	0.0597991	
6.5003	-0.00188895	0.0586321	
6.5003	-0.00186583	0.0575197	
6.5003	-0.001843	0.0564687	
6.50029	-0.00182044	0.0554532	
6.50029	-0.00179816	0.0544911	
6.50029	-0.00177615	0.0536166	
6.50028	-0.00175441	0.0528079	
6.50028	-0.00173294	0.0520716	
6.50028	-0.00171172	0.0514039	
6.50027	-0.00169077	0.0508174	
6.50027	-0.00167007	0.0502988	
6.50027	-0.00164962	0.0498511	
6.50026	-0.00162942	0.0494486	
6.50026	-0.00160947	0.0491166	
6.50026	-0.00158976	0.0488297	
6.50025	-0.00157029	0.0486133	
6.50025	-0.00155106	0.0484771	
6.50025	-0.00153206	0.0483691	
6.50024	-0.0015133	0.048349	
6.50024	-0.00149476	0.0484039	
6.50024	-0.00147645	0.0485318	
6.50023	-0.00145836	0.0487217	
6.50023	-0.00144049	0.0490125	
6.50023	-0.00142285	0.0493757	
6.50023	-0.00140541	0.0498033	
6.50022	-0.00138819	0.0503094	
6.50022	-0.00137118	0.0508833	
6.50022	-0.00135438	0.0514972	
6.50022	-0.00133778	0.052152	
6.50021	-0.00132138	0.0528474	
6.50021	-0.00130519	0.053548	
6.50021	-0.00128919	0.0542539	
6.5002	-0.00127339	0.0549857	
6.5002	-0.00125778	0.0557017	
6.5002	-0.00124236	0.0564228	
6.5002	-0.00122713	0.0571492	
6.50019	-0.00121208	0.0578808	
6.50019	-0.00119722	0.0585914	
6.50019	-0.00118254	0.0593068	
6.50019	-0.00116804	0.0599971	
6.50019	-0.00115372	0.0606919	
6.50018	-0.00113957	0.061391	
6.50018	-0.00112559	0.0620653	
6.50018	-0.00111179	0.0626956	
6.50018	-0.00109815	0.0633296	
6.50017	-0.00108468	0.0639674	
6.50017	-0.00107138	0.0646088	
6.50017	-0.00105823	0.0652149	
6.50017	-0.00104525	0.0658247	
6.50017	-0.00103243	0.0663981	
6.50016	-0.00101976	0.066975	
6.50016	-0.00100725	0.0675294	
6.50016	-0.000994891	0.0681143	
6.50016	-0.000982682	0.0687028	
6.50016	-0.000970624	0.0692206	
6.50015	-0.000958712	0.0697422	
6.50015	-0.000946946	0.0702676	
6.50015	-0.000935324	0.0707537	
6.50015	-0.000923845	0.0712089	
6.50015	-0.000912505	0.0715382	
6.50014	-0.000901304	0.0717907	
6.50014	-0.00089024	0.0718226	
6.50014	-0.000879312	0.0717018	
6.50014	-0.000868517	0.0714283	
6.50014	-0.000857854	0.0708633	
6.50014	-0.000847321	0.0700844	
6.50013	-0.000836918	0.0689445	
6.50013	-0.000826641	0.0674772	
6.50013	-0.000816491	0.065901	
6.50013	-0.000806464	0.064114	
6.50013	-0.00079656	0.0622459	
6.50013	-0.000786778	0.0603064	
6.50012	-0.000777115	0.0584243	
6.50012	-0.00076757	0.0565401	
6.50012	-0.000758142	0.0546973	
6.50012	-0.00074883	0.0530016	
6.50012	-0.000739631	0.0514981	
6.50012	-0.000730545	0.0501326	
6.50012	-0.000721571	0.0489696	
6.50011	-0.000712706	0.0479969	
6.50011	-0.00070395	0.0471962	
6.50011	-0.000695301	0.0465553	
6.50011	-0.000686757	0.0461291	
6.50011	-0.000678319	0.0457637	
6.50011	-0.000669983	0.0455193	
6.50011	-0.00066175	0.0453432	
6.5001	-0.000653618	0.0452864	
6.5001	-0.000645585	0.0453193	
6.5001	-0.000637651	0.0454206	
6.5001	-0.000629813	0.0456553	
6.5001	-0.000622072	0.0459573	
6.5001	-0.000614426	0.0463299	
6.5001	-0.000606873	0.0467752	
6.5001	-0.000599413	0.0473829	
6.50009	-0.000592044	0.0481272	
6.50009	-0.000584766	0.0489199	
6.50009	-0.000577576	0.0498022	
6.50009	-0.000570475	0.0507396	
6.50009	-0.000563461	0.0517711	
6.50009	-0.000556533	0.0528194	
6.50009	-0.00055099	0.0528194	
6.50009	-0.000546556	0.0528194	
6.50009	-0.000543009	0.0528194	
6.50008	-0.000540171	0.0528194	
6.50008	-0.000537901	0.0528194	
6.50008	-0.000536085	0.0528194	
6.50008	-0.000534632	0.0528194	
6.50008	-0.000533469	0.0528194	
6.50008	-0.000532539	0.0528194	
6.50008	-0.000531795	0.0528194	
6.50008	-0.0005312	0.0528194	
6.50008	-0.000530724	0.0528194	
6.50008	-0.000530343	0.0528194	
6.50007	-0.000530039	0.0528194	
6.50007	-0.000529795	0.0528194	
6.50007	-0.0005296	0.0528194	
6.50007	-0.000529444	0.0528194	
6.50007	-0.000529319	0.0528194	
6.50007	-0.000529219	0.0528194	
6.50007	-0.000529139	0.0528194	
6.50007	-0.000529075	0.0528194	
6.50007	-0.000529024	0.0528194	
6.50006	-0.000528983	0.0528194	
6.50006	-0.000528951	0.0528194	
6.50006	-0.000528924	0.0528194	
6.50006	-0.000528904	0.0528194	
6.50006	-0.000528887	0.0528194	
6.50006	-0.000528873	0.0528194	
6.50006	-0.000528863	0.0528194	
6.50006	-0.000528854	0.0528194	
6.50006	-0.000528847	0.0528194	
6.50006	-0.000528842	0.0528194	
6.50005	-0.000528837	0.0528194	
6.50005	-0.000528834	0.0528194	
6.50005	-0.000528831	0.0528194	
6.50005	-0.000528829	0.0528194	
6.50005	-0.000528827	0.0528194	
6.50005	-0.000528826	0.0528194	
6.50005	-0.000528824	0.0528194	
6.50005	-0.000528823	0.0528194	
6.50005	-0.000528823	0.0528194	
6.50004	-0.000528822	0.0528194	
6.50004	-0.000528822	0.0528194	
6.50004	-0.000528821	0.0528194	
6.50004	-0.000528821	0.0528194	
6.50004	-0.000528821	0.0528194	
6.50004	-0.000528821	0.0528194	
6.50004	-0.00052882	0.0528194	
6.50004	-0.00052882	0.0528194	
6.50004	-0.00052882	0.0528194	
6.50003	-0.00052882	0.0528194	
6.50003	-0.00052882	0.0528194	
6.50003	-0.00052882	0.0528194	
6.50003	-0.00052882	0.0528194	
6.50003	-0.00052882	0.0528194	
6.50003	-0.00052882	0.0528194	
6.50003	-0.00052882	0.0528194	
6.50003	-0.00052882	0.0528194	
6.50003	-0.00052882	0.0528194	
6.50003	-0.00052882	0.0528194	
6.50002	-0.00052882	0.0528194	
6.50002	-0.00052882	0.0528194	
6.50002	-0.00052882	0.0528194	
6.50002	-0.00052882	0.0528194	
6.50002	-0.00052882	0.0528194	
6.50002	-0.00052882	0.0528194	
6.50002	-0.00052882	0.0528194	
6.50002	-0.00052882	0.0528194	
6.50002	-0.00052882	0.0528194	
6.50001	-0.00052882	0.0528194	
6.50001	-0.00052882	0.0528194	
6.50001	-0.00052882	0.0528194	
6.50001	-0.00052882	0.0528194	
6.50001	-0.00052882	0.0528194	
6.50001	-0.00052882	0.0528194	
6.50001	-0.00052882	0.0528194	
6.50001	-0.00052882	0.0528194	
6.50001	-0.00052882	0.0528194	
6.50001	-0.00052882	0.0528194	
6.5	-0.00052882	0.0528194	
6.5	-0.00052882	0.0528194	
6.5	-0.00052882	0.0528194	
6.5	-0.00052882	0.0528194	
6.5	-0.00052882	0.0528194	
6.5	-0.00052882	0.0528194	
6.5	-0.00052882	0.0528194	
6.5	-0.00052882	0.0528194	
6.5	-0.00052882	0.0528194	
6.49999	-0.00052882	0.0528194	
6.49999	-0.00052882	0.0528194	
6.49999	-0.00052882	0.0528194	
6.49999	-0.00052882	0.0528194	
6.49999	-0.00052882	0.0528194	
6.49999	-0.00052882	0.0528194	
6.49999	-0.00052882	0.0528194	
6.49999	-0.00052882	0.0528194	
6.49999	-0.00052882	0.0528194	
6.49999	-0.00052882	0.0528194	
6.49998	-0.00052882	0.0528194	
6.49998	-0.00052882	0.0528194	
6.49998	-0.00052882	0.0528194	
6.49998	-0.00052882	0.0528194	
6.49998	-0.00052882	0.0528194	
6.49998	-0.00052882	0.0528194	
6.49998	-0.00052882	0.0528194	
6.49998	-0.00052882	0.0528194	
6.49998	-0.00052882	0.0528194	
6.49997	-0.00052882	0.0528194	
6.49997	-0.00052882	0.0528194	
6.49997	-0.00052882	0.0528194	
6.49997	-0.00052882	0.0528194	
6.49997	-0.00052882	0.0528194	
6.49997	-0.00052882	0.0528194	
6.49997	-0.00052882	0.0528194	
6.49997	-0.00052882	0.0528194	
6.49997	-0.00052882	0.0528194	
6.49997	-0.00052882	0.0528194	
6.49996	-0.00052882	0.0528194	
6.49996	-0.00052882	0.0528194	
6.49996	-0.00052882	0.0528194	
6.49996	-0.00052882	0.0528194	
6.49996	-0.00052882	0.0528194	
6.49996	-0.00052882	0.0528194	
6.49996	-0.00052882	0.0528194	
6.49996	-0.00052882	0.0528194	
6.49996	-0.00052882	0.0528194	
6.49995	-0.00052882	0.0528194	
6.49995	-0.00052882	0.0528194	
6.49995	-0.00052882	0.0528194	
6.49995	-0.00052882	0.0528194	
6.49995	-0.00052882	0.0528194	
6.49995	-0.00052882	0.0528194	
6.49995	-0.00052882	0.0528194	
6.49995	-0.00052882	0.0528194	
6.49995	-0.00052882	0.0528194	
6.49995	-0.00052882	0.0528194	
6.49994	-0.00052882	0.0528194	
6.49994	-0.00052882	0.0528194	
6.49994	-0.00052882	0.0528194	
6.49994	-0.00052882	0.0528194	
6.49994	-0.00052882	0.0528194	
6.49994	-0.00052882	0.0528194	
6.49994	-0.00052882	0.0528194	
6.49994	-0.00052882	0.0528194	
6.49994	-0.00052882	0.0528194	
6.49993	-0.00052882	0.0528194	
6.49993	-0.00052882	0.0528194	
6.49993	-0.00052882	0.0528194	
6.49993	-0.00052882	0.0528194	
6.49993	-0.00052882	0.0528194	
6.49993	-0.00052882	0.0528194	
6.49993	-0.00052882	0.0528194	
6.49993	-0.00052882	0.0528194	
6.49993	-0.00052882	0.0528194	
6.49993	-0.00052882	0.0528194	
6.49992	-0.00052882	0.0528194	
6.49992	-0.00052882	0.0528194	
6.49992	-0.00052882	0.0528194	
6.49992	-0.00052882	0.0528194	
6.49992	-0.00052882	0.0528194	
6.49992	-0.00052882	0.0528194	
6.49992	-0.00052882	0.0528194	
6.49992	-0.00052882	0.0528194	
6.49992	-0.00052882	0.0528194	
6.49991	-0.00052882	0.0528194	
6.49991	-0.00052882	0.0528194	
6.49991	-0.00052882	0.0528194	
6.49991	-0.00052882	0.0528194	
6.49991	-0.00052882	0.0528194	
6.49991	-0.00052882	0.0528194	
6.49991	-0.00052882	0.0528194	
6.49991	-0.00052882	0.0528194	
6.49991	-0.00052882	0.0528194	
6.49991	-0.00052882	0.0528194	
6.4999	-0.00052882	0.0528194	
6.4999	-0.00052882	0.0528194	
6.4999	-0.00052882	0.0528194	
6.4999	-0.00052882	0.0528194	
6.4999	-0.00052882	0.0528194	
6.4999	-0.00052882	0.0528194	
6.4999	-0.00052882	0.0528194	
6.4999	-0.00052882	0.0528194	
6.4999	-0.00052882	0.0528194	
6.49989	-0.00052882	0.0528194	
6.49989	-0.00052882	0.0528194	
6.49989	-0.00052882	0.0528194	
6.49989	-0.00052882	0.0528194	
6.49989	-0.00052882	0.0528194	
6.49989	-0.00052882	0.0528194	
6.49989	-0.00052882	0.0528194	
6.49989	-0.00052882	0.0528194	
6.49989	-0.00052882	0.0528194	
6.49988	-0.00052882	0.0528194	
6.49988	-0.00052882	0.0528194	
6.49988	-0.00052882	0.0528194	
6.49988	-0.00052882	0.0528194	
6.49988	-0.00052882	0.0528194	
6.49988	-0.00052882	0.0528194	
6.49988	-0.00052882	0.0528194	
6.49988	-0.00052882	0.0528194	
6.49988	-0.00052882	0.0528194	
6.49988	-0.00052882	0.0528194	
6.49987	-0.00052882	0.0528194	
6.49987	-0.00052882	0.0528194	
6.49987	-0.00052882	0.0528194	
6.49987	-0.00052882	0.0528194	
6.49987	-0.00052882	0.0528194	
6.49987	-0.00052882	0.0528194	
6.49987	-0.00052882	0.0528194	
6.49987	-0.00052882	0.0528194	
6.49987	-0.00052882	0.0528194	
6.49986	-0.00052882	0.0528194	
6.49986	-0.00052882	0.0528194	
6.49986	-0.00052882	0.0528194	
6.49986	-0.00052882	0.0528194	
6.49986	-0.00052882	0.0528194	
6.49986	-0.00052882	0.0528194	
6.49986	-0.00052882	0.0528194	
6.49986	-0.00052882	0.0528194	
6.49986	-0.00052882	0.0528194	
6.49986	-0.00052882	0.0528194	
6.49985	-0.00052882	0.0528194	
6.49985	-0.00052882	0.0528194	
6.49985	-0.00052882	0.0528194	
6.49985	-0.00052882	0.0528194	
6.49985	-0.00052882	0.0528194	
6.49985	-0.00052882	0.0528194	
6.49985	-0.00052882	0.0528194	
6.49985	-0.00052882	0.0528194	
6.49985	-0.00052882	0.0528194	
6.49984	-0.00052882	0.0528194	
6.49984	-0.00052882	0.0528194	
6.49984	-0.00052882	0.0528194	
6.49984	-0.00052882	0.0528194	
6.49984	-0.00052882	0.0528194	
6.49984	-0.00052882	0.0528194	
6.49984	-0.00052882	0.0528194	
6.49984	-0.00052882	0.0528194	
6.49984	-0.00052882	0.0528194	
6.49984	-0.00052882	0.0528194	
6.49983	-0.00052882	0.0528194	
6.49983	-0.00052882	0.0528194	
6.49983	-0.00052882	0.0528194	
6.49983	-0.00052882	0.0528194	
6.49983	-0.00052882	0.0528194	
6.49983	-0.00052882	0.0528194	
6.49983	-0.00052882	0.0528194	
6.49983	-0.00052882	0.0528194	
6.49983	-0.00052882	0.0528194	
6.49982	-0.00052882	0.0528194	
6.49982	-0.00052882	0.0528194	
6.49982	-0.00052882	0.0528194	
6.49982	-0.00052882	0.0528194	
6.49982	-0.00052882	0.0528194	
6.49982	-0.00052882	0.0528194	
6.49982	-0.00052882	0.0528194	
6.49982	-0.00052882	0.0528194	
6.49982	-0.00052882	0.0528194	
6.49981	-0.00052882	0.0528194	
6.49981	-0.00052882	0.0528194	
6.49981	-0.00052882	0.0528194	
6.49981	-0.00052882	0.0528194	
6.49981	-0.00052882	0.0528194	
6.49981	-0.00052882	0.0528194	
6.49981	-0.00052882	0.0528194	
6.49981	-0.00052882	0.0528194	
6.49981	-0.00052882	0.0528194	
6.49981	-0.00052882	0.0528194	
6.4998	-0.00052882	0.0528194	
6.4998	-0.00052882	0.0528194	
6.4998	-0.00052882	0.0528194	
6.4998	-0.00052882	0.0528194	
6.4998	-0.00052882	0.0528194	
6.4998	-0.00052882	0.0528194	
6.4998	-0.00052882	0.0528194	
6.4998	-0.00052882	0.0528194	
6.4998	-0.00052882	0.0528194	
6.49979	-0.00052882	0.0528194	
6.49979	-0.00052882	0.0528194	
6.49979	-0.00052882	0.0528194	
6.49979	-0.00052882	0.0528194	
6.49979	-0.00052882	0.0528194	
6.49979	-0.00052882	0.0528194	
6.49979	-0.00052882	0.0528194	
6.49979	-0.00052882	0.0528194	
6.49979	-0.00052882	0.0528194	
6.49979	-0.00052882	0.0528194	
6.49978	-0.00052882	0.0528194	
6.49978	-0.00052882	0.0528194	
6.49978	-0.00052882	0.0528194	
6.49978	-0.00052882	0.0528194	
6.49978	-0.00052882	0.0528194	
6.49978	-0.00052882	0.0528194	
6.49978	-0.00052882	0.0528194	
6.49978	-0.00052882	0.0528194	
6.49978	-0.00052882	0.0528194	
6.49977	-0.00052882	0.0528194	
6.49977	-0.00052882	0.0528194	
6.49977	-0.00052882	0.0528194	
6.49977	-0.00052882	0.0528194	
6.49977	-0.00052882	0.0528194	
6.49977	-0.00052882	0.0528194	
6.49977	-0.00052882	0.0528194	
6.49977	-0.00052882	0.0528194	
6.49977	-0.00052882	0.0528194	
6.49977	-0.00052882	0.0528194	
6.49976	-0.00052882	0.0528194	
6.49976	-0.00052882	0.0528194	
6.49976	-0.00052882	0.0528194	
6.49976	-0.00052882	0.0528194	
6.49976	-0.00052882	0.0528194	
6.49976	-0.00052882	0.0528194	
6.49976	-0.00052882	0.0528194	
6.49976	-0.00052882	0.0528194	
6.49976	-0.00052882	0.0528194	
6.49975	-0.00052882	0.0528194	
6.49975	-0.00052882	0.0528194	
6.49975	-0.00052882	0.0528194	
6.49975	-0.00052882	0.0528194	
6.49975	-0.00052882	0.0528194	
6.49975	-0.00052882	0.0528194	
6.49975	-0.00052882	0.0528194	
6.49975	-0.00052882	0.0528194	
6.49975	-0.00052882	0.0528194	
6.49975	-0.00052882	0.0528194	
6.49974	-0.00052882	0.0528194	
6.49974	-0.00052882	0.0528194	
6.49974	-0.00052882	0.0528194	
6.49974	-0.00052882	0.0528194	
6.49974	-0.00052882	0.0528194	
6.49974	-0.00052882	0.0528194	
6.49974	-0.00052882	0.0528194	
6.49974	-0.00052882	0.0528194	
6.49974	-0.00052882	0.0528194	
6.49973	-0.00052882	0.0528194	
6.49973	-0.00052882	0.0528194	
6.49973	-0.00052882	0.0528194	
6.49973	-0.00052882	0.0528194	
6.49973	-0.00052882	0.0528194	
6.49973	-0.00052882	0.0528194	
6.49973	-0.00052882	0.0528194	
6.49973	-0.00052882	0.0528194	
6.49973	-0.00052882	0.0528194	
6.49973	-0.00052882	0.0528194	
6.49972	-0.00052882	0.0528194	
6.49972	-0.00052882	0.0528194	
6.49972	-0.00052882	0.0528194	
6.49972	-0.00052882	0.0528194	
6.49972	-0.00052882	0.0528194	
6.49972	-0.00052882	0.0528194	
6.49972	-0.00052882	0.0528194	
6.49972	-0.00052882	0.0528194	
6.49972	-0.00052882	0.0528194	
6.49971	-0.00052882	0.0528194	
6.49971	-0.00052882	0.0528194	
6.49971	-0.00052882	0.0528194	
6.49971	-0.00052882	0.0528194	
6.49971	-0.00052882	0.0528194	
6.49971	-0.00052882	0.0528194	
6.49971	-0.00052882	0.0528194	
6.49971	-0.00052882	0.0528194	
6.49971	-0.00052882	0.0528194	
6.4997	-0.00052882	0.0528194	
6.4997	-0.00052882	0.0528194	
6.4997	-0.00052882	0.0528194	
6.4997	-0.00052882	0.0528194	
6.4997	-0.00052882	0.0528194	
6.4997	-0.00052882	0.0528194	
6.4997	-0.00052882	0.0528194	
6.4997	-0.00052882	0.0528194	
6.4997	-0.00052882	0.0528194	
6.4997	-0.00052882	0.0528194	
6.49969	-0.00052882	0.0528194	
6.49969	-0.00052882	0.0528194	
6.49969	-0.00052882	0.0528194	
6.49969	-0.00052882	0.0528194	
6.49969	-0.00052882	0.0528194	
6.49969	-0.00052882	0.0528194	
6.49969	-0.00052882	0.0528194	
6.49969	-0.00052882	0.0528194	
6.49969	-0.00052882	0.0528194	
6.49968	-0.00052882	0.0528194	
6.49968	-0.00052882	0.0528194	
6.49968	-0.00052882	0.0528194	
6.49968	-0.00052882	0.0528194	
6.49968	-0.00052882	0.0528194	
6.49968	-0.00052882	0.0528194	
6.49968	-0.00052882	0.0528194	
6.49968	-0.00052882	0.0528194	
6.49968	-0.00052882	0.0528194	
6.49968	-0.00052882	0.0528194	
6.49967	-0.00052882	0.0528194	
6.49967	-0.00052882	0.0528194	
6.49967	-0.00052882	0.0528194	
6.49967	-0.00052882	0.0528194	
6.49967	-0.00052882	0.0528194	
6.49967	-0.00052882	0.0528194	
6.49967	-0.00052882	0.0528194	
6.49967	-0.00052882	0.0528194	
6.49967	-0.00052882	0.0528194	
6.49966	-0.00052882	0.0528194	
6.49966	-0.00052882	0.0528194	
6.49966	-0.00052882	0.0528194	
6.49966	-0.00052882	0.0528194	
6.49966	-0.00052882	0.0528194	
6.49966	-0.00052882	0.0528194	
6.49966	-0.00052882	0.0528194	
6.49966	-0.00052882	0.0528194	
6.49966	-0.00052882	0.0528194	
6.49966	-0.00052882	0.0528194	
6.49965	-0.00052882	0.0528194	
6.49965	-0.00052882	0.0528194	
6.49965	-0.00052882	0.0528194	
6.49965	-0.00052882	0.0528194	
6.49965	-0.00052882	0.0528194	
6.49965	-0.00052882	0.0528194	
6.49965	-0.00052882	0.0528194	
6.49965	-0.00052882	0.0528194	
6.49965	-0.00052882	0.0528194	
6.49964	-0.00052882	0.0528194	
6.49964	-0.00052882	0.0528194	
6.49964	-0.00052882	0.0528194	
6.49964	-0.00052882	0.0528194	
6.49964	-0.00052882	0.0528194	
6.49964	-0.00052882	0.0528194	
6.49964	-0.00052882	0.0528194	
6.49964	-0.00052882	0.0528194	
6.49964	-0.00052882	0.0528194	
6.49964	-0.00052882	0.0528194	
6.49963	-0.00052882	0.0528194	
6.49963	-0.00052882	0.0528194	
6.49963	-0.00052882	0.0528194	
6.49963	-0.00052882	0.0528194	
6.49963	-0.00052882	0.0528194	
6.49963	-0.00052882	0.0528194	
6.49963	-0.00052882	0.0528194	
6.49963	-0.00052882	0.0528194	
6.49963	-0.00052882	0.0528194	
6.49962	-0.00052882	0.0528194	
6.49962	-0.00052882	0.0528194	
6.49962	-0.00052882	0.0528194	
6.49962	-0.00052882	0.0528194	
6.49962	-0.00052882	0.0528194	
6.49962	-0.00052882	0.0528194	
6.49962	-0.00052882	0.0528194	
6.49962	-0.00052882	0.0528194	
6.49962	-0.00052882	0.0528194	
6.49962	-0.00052882	0.0528194	
6.49961	-0.00052882	0.0528194	
6.49961	-0.00052882	0.0528194	
6.49961	-0.00052882	0.0528194	
6.49961	-0.00052882	0.0528194	
6.49961	-0.00052882	0.0528194	
6.49961	-0.00052882	0.0528194	
6.49961	-0.00052882	0.0528194	
6.49961	-0.00052882	0.0528194	
6.49961	-0.00052882	0.0528194	
6.4996	-0.00052882	0.0528194	
6.4996	-0.00052882	0.0528194	
6.4996	-0.00052882	0.0528194	
6.4996	-0.00052882	0.0528194	
6.4996	-0.00052882	0.0528194	
6.4996	-0.00052882	0.0528194	
6.4996	-0.00052882	0.0528194	
6.4996	-0.00052882	0.0528194	
6.4996	-0.00052882	0.0528194	
6.4996	-0.00052882	0.0528194	
6.49959	-0.00052882	0.0528194	
6.49959	-0.00052882	0.0528194	
6.49959	-0.00052882	0.0528194	
6.49959	-0.00052882	0.0528194	
6.49959	-0.00052882	0.0528194	
6.49959	-0.00052882	0.0528194	
6.49959	-0.00052882	0.0528194	
6.49959	-0.00052882	0.0528194	
6.49959	-0.00052882	0.0528194	
6.49958	-0.00052882	0.0528194	
6.49958	-0.00052882	0.0528194	
6.49958	-0.00052882	0.0528194	
6.49958	-0.00052882	0.0528194	
6.49958	-0.00052882	0.0528194	
6.49958	-0.00052882	0.0528194	
6.49958	-0.00052882	0.0528194	
6.49958	-0.00052882	0.0528194	
6.49958	-0.00052882	0.0528194	
6.49958	-0.00052882	0.0528194	
6.49957	-0.00052882	0.0528194	
6.49957	-0.00052882	0.0528194	
6.49957	-0.00052882	0.0528194	
6.49957	-0.00052882	0.0528194	
6.49957	-0.00052882	0.0528194	
6.49957	-0.00052882	0.0528194	
6.49957	-0.00052882	0.0528194	
6.49957	-0.00052882	0.0528194	
6.49957	-0.00052882	0.0528194	
6.49956	-0.00052882	0.0528194	
6.49956	-0.00052882	0.0528194	
6.49956	-0.00052882	0.0528194	
6.49956	-0.00052882	0.0528194	
6.49956	-0.00052882	0.0528194	
6.49956	-0.00052882	0.0528194	
6.49956	-0.00052882	0.0528194	
6.49956	-0.00052882	0.0528194	
6.49956	-0.00052882	0.0528194	
6.49955	-0.00052882	0.0528194	
6.49955	-0.00052882	0.0528194	
6.49955	-0.00052882	0.0528194	
6.49955	-0.00052882	0.0528194	
6.49955	-0.00052882	0.0528194	
6.49955	-0.00052882	0.0528194	
6.49955	-0.00052882	0.0528194	
6.49955	-0.00052882	0.0528194	
6.49955	-0.00052882	0.0528194	
6.49955	-0.00052882	0.0528194	
6.49954	-0.00052882	0.0528194	
6.49954	-0.00052882	0.0528194	
6.49954	-0.00052882	0.0528194	
6.49954	-0.00052882	0.0528194	
6.49954	-0.00052882	0.0528194	
6.49954	-0.00052882	0.0528194	
6.49954	-0.00052882	0.0528194	
6.49954	-0.00052882	0.0528194	
6.49954	-0.00052882	0.0528194	
6.49953	-0.00052882	0.0528194	
6.49953	-0.00052882	0.0528194	
6.49953	-0.00052882	0.0528194	
6.49953	-0.00052882	0.0528194	
6.49953	-0.00052882	0.0528194	
6.49953	-0.00052882	0.0528194	
6.49953	-0.00052882	0.0528194	
6.49953	-0.00052882	0.0528194	
6.49953	-0.00052882	0.0528194	
6.49953	-0.00052882	0.0528194	
6.49952	-0.00052882	0.0528194	
6.49952	-0.00052882	0.0528194	
6.49952	-0.00052882	0.0528194	
6.49952	-0.00052882	0.0528194	
6.49952	-0.00052882	0.0528194	
6.49952	-0.00052882	0.0528194	
6.49952	-0.00052882	0.0528194	
6.49952	-0.00052882	0.0528194	
6.49952	-0.00052882	0.0528194	
6.49951	-0.00052882	0.0528194	
6.49951	-0.00052882	0.0528194	
6.49951	-0.00052882	0.0528194	
6.49951	-0.00052882	0.0528194	
6.49951	-0.00052882	0.0528194	
6.49951	-0.00052882	0.0528194	
6.49951	-0.00052882	0.0528194	
6.49951	-0.00052882	0.0528194	
6.49951	-0.00052882	0.0528194	
6.49951	-0.00052882	0.0528194	
6.4995	-0.00052882	0.0528194	
6.4995	-0.00052882	0.0528194	
6.4995	-0.00052882	0.0528194	
6.4995	-0.00052882	0.0528194	
6.4995	-0.00052882	0.0528194	
6.4995	-0.00052882	0.0528194	
6.4995	-0.00052882	0.0528194	
6.4995	-0.00052882	0.0528194	
6.4995	-0.00052882	0.0528194	
6.49949	-0.00052882	0.0528194	
6.49949	-0.00052882	0.0528194	
6.49949	-0.00052882	0.0528194	
6.49949	-0.00052882	0.0528194	
6.49949	-0.00052882	0.0528194	
6.49949	-0.00052882	0.0528194	
6.49949	-0.00052882	0.0528194	
6.49949	-0.00052882	0.0528194	
6.49949	-0.00052882	0.0528194	
6.49949	-0.00052882	0.0528194	
6.49948	-0.00052882	0.0528194	
6.49948	-0.00052882	0.0528194	
6.49948	-0.00052882	0.0528194	
6.49948	-0.00052882	0.0528194	
6.49948	-0.00052882	0.0528194	
6.49948	-0.00052882	0.0528194	
6.49948	-0.00052882	0.0528194	
6.49948	-0.00052882	0.0528194	
6.49948	-0.00052882	0.0528194	
6.49947	-0.00052882	0.0528194	
6.49947	-0.00052882	0.0528194	
6.49947	-0.00052882	0.0528194	
6.49947	-0.00052882	0.0528194	
6.49947	-0.00052882	0.0528194	
6.49947	-0.00052882	0.0528194	
6.49947	-0.00052882	0.0528194	
6.49947	-0.00052882	0.0528194	
6.49947	-0.00052882	0.0528194	
6.49946	-0.00052882	0.0528194	
6.49946	-0.00052882	0.0528194	
6.49946	-0.00052882	0.0528194	
6.49946	-0.00052882	0.0528194	
6.49946	-0.00052882	0.0528194	
6.49946	-0.00052882	0.0528194	
6.49946	-0.00052882	0.0528194	
6.49946	-0.00052882	0.0528194	
6.49946	-0.00052882	0.0528194	
6.49946	-0.00052882	0.0528194	
6.49945	-0.00052882	0.0528194	
6.49945	-0.00052882	0.0528194	
6.49945	-0.00052882	0.0528194	
6.49945	-0.00052882	0.0528194	
6.49945	-0.00052882	0.0528194	
6.49945	-0.00052882	0.0528194	
6.49945	-0.00052882	0.0528194	
6.49945	-0.00052882	0.0528194	
6.49945	-0.00052882	0.0528194	
6.49944	-0.00052882	0.0528194	
6.49944	-0.00052882	0.0528194	
6.49944	-0.00052882	0.0528194	
6.49944	-0.00052882	0.0528194	
6.49944	-0.00052882	0.0528194	
6.49944	-0.00052882	0.0528194	
6.49944	-0.00052882	0.0528194	
6.49944	-0.00052882	0.0528194	
6.49944	-0.00052882	0.0528194	
6.49944	-0.00052882	0.0528194	
6.49943	-0.00052882	0.0528194	
6.49943	-0.00052882	0.0528194	
6.49943	-0.00052882	0.0528194	
6.49943	-0.00052882	0.0528194	
6.49943	-0.00052882	0.0528194	
6.49943	-0.00052882	0.0528194	
6.49943	-0.00052882	0.0528194	
6.49943	-0.00052882	0.0528194	
6.49943	-0.00052882	0.0528194	
6.49942	-0.00052882	0.0528194	
6.49942	-0.00052882	0.0528194	
6.49942	-0.00052882	0.0528194	
6.49942	-0.00052882	0.0528194	
6.49942	-0.00052882	0.0528194	
6.49942	-0.00052882	0.0528194	
6.49942	-0.00052882	0.0528194	
6.49942	-0.00052882	0.0528194	
6.49942	-0.00052882	0.0528194	
6.49942	-0.00052882	0.0528194	
6.49941	-0.00052882	0.0528194	
6.49941	-0.00052882	0.0528194	
6.49941	-0.00052882	0.0528194	
6.49941	-0.00052882	0.0528194	
6.49941	-0.00052882	0.0528194	
6.49941	-0.00052882	0.0528194	
6.49941	-0.00052882	0.0528194	
6.49941	-0.00052882	0.0528194	
6.49941	-0.00052882	0.0528194	
6.4994	-0.00052882	0.0528194	
6.4994	-0.00052882	0.0528194	
6.4994	-0.00052882	0.0528194	
6.4994	-0.00052882	0.0528194	
6.4994	-0.00052882	0.0528194	
6.4994	-0.00052882	0.0528194	
6.4994	-0.00052882	0.0528194	
6.4994	-0.00052882	0.0528194	
6.4994	-0.00052882	0.0528194	
6.4994	-0.00052882	0.0528194	
6.49939	-0.00052882	0.0528194	
6.49939	-0.00052882	0.0528194	
6.49939	-0.00052882	0.0528194	
6.49939	-0.00052882	0.0528194	
6.49939	-0.00052882	0.0528194	
6.49939	-0.00052882	0.0528194	
6.49939	-0.00052882	0.0528194	
6.49939	-0.00052882	0.0528194	
6.49939	-0.00052882	0.0528194	
6.49938	-0.00052882	0.0528194	
6.49938	-0.00052882	0.0528194	
6.49938	-0.00052882	0.0528194	
6.49938	-0.00052882	0.0528194	
6.49938	-0.00052882	0.0528194	
6.49938	-0.00052882	0.0528194	
6.49938	-0.00052882	0.0528194	
6.49938	-0.00052882	0.0528194	
6.49938	-0.00052882	0.0528194	
6.49937	-0.00052882	0.0528194	
6.49937	-0.00052882	0.0528194	
6.49937	-0.00052882	0.0528194	
6.49937	-0.00052882	0.0528194	
6.49937	-0.00052882	0.0528194	
6.49937	-0.00052882	0.0528194	
6.49937	-0.00052882	0.0528194	
6.49937	-0.00052882	0.0528194	
6.49937	-0.00052882	0.0528194	
6.49937	-0.00052882	0.0528194	
6.49936	-0.00052882	0.0528194	
6.49936	-0.00052882	0.0528194	
6.49936	-0.00052882	0.0528194	
6.49936	-0.00052882	0.0528194	
6.49936	-0.00052882	0.0528194	
6.49936	-0.00052882	0.0528194	
6.49936	-0.00052882	0.0528194	
6.49936	-0.00052882	0.0528194	
6.49936	-0.00052882	0.0528194	
6.49935	-0.00052882	0.0528194	
6.49935	-0.00052882	0.0528194	
6.49935	-0.00052882	0.0528194	
6.49935	-0.00052882	0.0528194	
6.49935	-0.00052882	0.0528194	
6.49935	-0.00052882	0.0528194	
6.49935	-0.00052882	0.0528194	
6.49935	-0.00052882	0.0528194	
6.49935	-0.00052882	0.0528194	
6.49935	-0.00052882	0.0528194	
6.49934	-0.00052882	0.0528194	
6.49934	-0.00052882	0.0528194	
6.49934	-0.00052882	0.0528194	
6.49934	-0.00052882	0.0528194	
6.49934	-0.00052882	0.0528194	
6.49934	-0.00052882	0.0528194	
6.49934	-0.00052882	0.0528194	
6.49934	-0.00052882	0.0528194	
6.49934	-0.00052882	0.0528194	
6.49933	-0.00052882	0.0528194	
6.49933	-0.00052882	0.0528194	
6.49933	-0.00052882	0.0528194	
6.49933	-0.00052882	0.0528194	
6.49933	-0.00052882	0.0528194	
6.49933	-0.00052882	0.0528194	
6.49933	-0.00052882	0.0528194	
6.49933	-0.00052882	0.0528194	
6.49933	-0.00052882	0.0528194	
6.49933	-0.00052882	0.0528194	
6.49932	-0.00052882	0.0528194	
6.49932	-0.00052882	0.0528194	
6.49932	-0.00052882	0.0528194	
6.49932	-0.00052882	0.0528194	
6.49932	-0.00052882	0.0528194	
6.49932	-0.00052882	0.0528194	
6.49932	-0.00052882	0.0528194	
6.49932	-0.00052882	0.0528194	
6.49932	-0.00052882	0.0528194	
6.49931	-0.00052882	0.0528194	
6.49931	-0.00052882	0.0528194	
6.49931	-0.00052882	0.0528194	
6.49931	-0.00052882	0.0528194	
6.49931	-0.00052882	0.0528194	
6.49931	-0.00052882	0.0528194	
6.49931	-0.00052882	0.0528194	
6.49931	-0.00052882	0.0528194	
6.49931	-0.00052882	0.0528194	
6.49931	-0.00052882	0.0528194	
6.4993	-0.00052882	0.0528194	
6.4993	-0.00052882	0.0528194	
6.4993	-0.00052882	0.0528194	
6.4993	-0.00052882	0.0528194	
6.4993	-0.00052882	0.0528194	
