10	0	1	
10	0	1	
10	0	1	
10	0	1	
10	0	1	
10	0	1	
10	0	1	
10	0	1	
10	0	1	
10	0	1	
10	0	1	
10	0	1	
10	0	1	
10	0	1	
10	0	1	
10	0	1	
10	0	1	
10	0	1	
10	0	1	
10	0	1	
10	0	1	
10	0	1	
10	0	1	
10	0	1	
10	0	1	
10	0	1	
10	0	1	
10	0	1	
10	0	1	
10	0	1	
10	0	1	
10	0	1	
10	0	1	
10	0	1	
10	0	1	
10	0	1	
10	0	1	
10	0	1	
10	0	1	
10	0	1	
10	0	1	
10	0	1	
10	0	1	
10	0	1	
10	0	1	
10	0	1	
10	0	1	
10	0	1	
10	0	1	
10	0	1	
10	0	1	
10	0	1	
10	0	1	
10	0	1	
10	0	1	
10	0	1	
10	0	1	
10	0	1	
10	0	1	
10	0	1	
10	0	1	
10	0	1	
10	0	1	
10	0	1	
10	0	1	
10	0	1	
10	0	1	
10	0	1	
10	0	1	
10	0	1	
10	0	1	
10	0	1	
10	0	1	
10	0	1	
10	0	1	
10	0	1	
10	0	1	
10	0	1	
10	0	1	
10	0	1	
10	0	1	
10	0	1	
10	0	1	
10	0	1	
10	0	1	
10	0	1	
10	0	1	
10	0	1	
10	0	1	
10	0	1	
10	0	1	
10	0	1	
10	0	1	
10	0	1	
10	0	1	
10	0	1	
10	0	1	
10	0	1	
10	0	1	
10	0	1	
10	0	1	
10	0	1	
10	0	1	
10	0	1	
10	0	1	
10	0	1	
10	0	1	
10	0	1	
10	0	1	
10	0	1	
10	0	1	
10	0	1	
10	0	1	
10	0	1	
10	0	1	
10	0	1	
10	0	1	
10	0	1	
10	0	1	
10	0	1	
10	0	1	
10	0	1	
10	0	1	
10	0	1	
10	0	1	
10	0	1	
10	0	1	
10	0	1	
10	0	1	
10	0	1	
10	0	1	
10	0	1	
10	0	1	
10	0	1	
10	0	1	
10	0	1	
10	0	1	
10	0	1	
10	0	1	
10	0	1	
10	0	1	
10	0	1	
10	0	1	
10	0	1	
10	0	1	
10	0	1	
10	0	1	
10	0	1	
10	0	1	
10	0	1	
10	0	1	
10	0	1	
10	0	1	
10	0	1	
10	0	1	
10	0	1	
10	0	1	
10	0	1	
10	0	1	
10	0	1	
10	0	1	
10	0	1	
10	0	1	
10	0	1	
10	0	1	
10	0	1	
10	0	1	
10	0	1	
10	0	1	
10	0	1	
10	0	1	
10	0	1	
10	0	1	
10	0	1	
10	0	1	
10	0	1	
10	0	1	
10	0	1	
10	0	1	
10	0	1	
10	0	1	
10	0	1	
10	0	1	
10	0	1	
10	0	1	
10	0	1	
10	0	1	
10	0	1	
10	0	1	
10	0	1	
10	0	1	
10	0	1	
10	0	1	
10	0	1	
10	0	1	
10	0	1	
10	0	1	
10	0	1	
10	0	1	
10	0	1	
10	0	1	
10	0	1	
10	0	1	
10	0	1	
10	0	1	
10	0	1	
10	0	1	
10	0	1	
10	0	1	
10	0	1	
10	0	1	
10	0	1	
10	0	1	
10	0	1	
10	0	1	
10	0	1	
10	0	1	
10	0	1	
10	0	1	
10	0	1	
10	0	1	
10	0	1	
10	0	1	
10	0	1	
10	0	1	
10	0	1	
10	0	1	
10	0	1	
10	0	1	
10	0	1	
10	0	1	
10	0	1	
10	0	1	
10	0	1	
10	0	1	
10	0	1	
10	0	1	
10	0	1	
10	0	1	
10	0	1	
10	0	1	
10	0	1	
10	0	1	
10	0	1	
10	0	1	
10	0	1	
10	0	1	
10	0	1	
10	0	1	
10	0	1	
10	0	1	
10	0	1	
10	0	1	
10	0	1	
10	0	1	
10	0	1	
10	0	1	
10	0	1	
10	0	1	
10	0	1	
10	0	1	
10	0	1	
10	0	1	
10	0	1	
10	0	1	
10	0	1	
10	0	1	
10	0	1	
10	0	1	
10	0	1	
10	0	1	
10	0	1	
10	0	1	
10	0	1	
10	0	1	
10	0	1	
10	0	1	
10	0	1	
10	0	1	
10	0	1	
10	0	1	
10	0	1	
10	0	1	
10	0	1	
10	0	1	
10	0	1	
10	0	1	
10	0	1	
10	0	1	
10	0	1	
10	0	1	
10	0	1	
10	0	1	
10	0	1	
10	0	1	
10	0	1	
10	0	1	
10	0	1	
10	0	1	
10	0	1	
10	0	1	
10	0	1	
10	0	1	
10	0	1	
10	0	1	
9.99999	-0.0036047	1	
9.99998	-0.00596675	1	
9.99997	-0.00753512	1	
9.99995	-0.00861759	1	
9.99993	-0.00939505	1	
9.99991	-0.00995713	1	
9.99989	-0.0103839	1	
9.99987	-0.0107102	1	
9.99985	-0.0109834	1	
9.99982	-0.011233	1	
9.9998	-0.0114677	1	
9.99978	-0.0116878	1	
9.99975	-0.011899	1	
9.99973	-0.0121084	1	
9.9997	-0.0123216	1	
9.99968	-0.0125548	1	
9.99965	-0.0128086	1	
9.99963	-0.0130612	1	
9.9996	-0.0132952	1	
9.99957	-0.0135269	1	
9.99955	-0.0137971	1	
9.99952	-0.0140723	1	
9.99949	-0.0143517	1	
9.99946	-0.0146317	1	
9.99943	-0.0148985	1	
9.9994	-0.015158	1	
9.99937	-0.0154486	1	
9.99934	-0.0157571	1	
9.99931	-0.0160709	1	
9.99927	-0.0163749	1	
9.99924	-0.0166771	1	
9.99921	-0.0169995	1	
9.99917	-0.0173383	1	
9.99914	-0.0177063	1	
9.9991	-0.0180632	1	
9.99906	-0.0184185	1	
9.99902	-0.0187924	1	
9.99899	-0.0192048	1	
9.99895	-0.0196396	1	
9.99891	-0.0200535	1	
9.99887	-0.0204552	1	
9.99882	-0.0208686	1	
9.99878	-0.0212974	1	
9.99874	-0.0217195	1	
9.99869	-0.0221503	1	
9.99865	-0.0225882	1	
9.9986	-0.0230634	1	
9.99856	-0.0235139	1	
9.99851	-0.0239303	1	
9.99846	-0.0243407	1	
9.99841	-0.0247604	1	
9.99836	-0.0252213	1	
9.99831	-0.0256997	1	
9.99826	-0.026182	1	
9.9982	-0.0266778	1	
9.99815	-0.0271996	1	
9.99809	-0.027722	1	
9.99804	-0.028216	1	
9.99798	-0.0287507	1	
9.99792	-0.0293191	1	
9.99786	-0.0298664	1	
9.9978	-0.0304174	1	
9.99774	-0.0309929	1	
9.99767	-0.0315928	1	
9.99761	-0.0321801	1	
9.99754	-0.0327507	1	
9.99748	-0.0333378	1	
9.99741	-0.0339166	1	
9.99734	-0.0344687	1	
9.99727	-0.035044	1	
9.9972	-0.0356567	1	
9.99713	-0.0362425	1	
9.99705	-0.0368307	1	
9.99698	-0.0374764	1	
9.9969	-0.038119	1	
9.99682	-0.0387392	1	
9.99675	-0.0394026	1	
9.99667	-0.0400762	1	
9.99658	-0.0407332	1	
9.9965	-0.0414374	1	
9.99642	-0.0421415	1	
9.99633	-0.0428079	1	
9.99624	-0.0435316	1	
9.99616	-0.0442816	1	
9.99607	-0.0450147	1	
9.99597	-0.0457652	1	
9.99588	-0.0465121	1	
9.99579	-0.0472709	1	
9.99569	-0.0481115	1	
9.99559	-0.0489685	1	
9.99549	-0.0498382	1	
9.99539	-0.0507426	1	
9.99529	-0.0516795	1	
9.99518	-0.0526406	1	
9.99508	-0.053606	1	
9.99497	-0.0546014	1	
9.99485	-0.0556279	1	
9.99474	-0.0566437	1	
9.99463	-0.0577081	1	
9.99451	-0.0587942	1	
9.99439	-0.059875	1	
9.99427	-0.0609166	1	
9.99414	-0.0619874	1	
9.99402	-0.0630628	1	
9.99389	-0.0641461	1	
9.99376	-0.0652069	1	
9.99363	-0.0662914	1	
9.99349	-0.0674072	1	
9.99335	-0.0685139	1	
9.99321	-0.0697104	1	
9.99307	-0.0709094	1	
9.99293	-0.0721793	1	
9.99278	-0.0734811	1	
9.99263	-0.0748426	1	
9.99248	-0.076167	1	
9.99232	-0.0774876	1	
9.99217	-0.0788779	1	
9.99201	-0.0802801	1	
9.99184	-0.0817035	1	
9.99168	-0.083112	1	
9.99151	-0.0845515	1	
9.99133	-0.0859464	1	
9.99116	-0.0873972	1	
9.99098	-0.088889	1	
9.9908	-0.0903831	1	
9.99062	-0.0918919	1	
9.99043	-0.0933768	1	
9.99024	-0.0949804	1	
9.99005	-0.0965607	1	
9.98985	-0.0981962	1	
9.98965	-0.099874	1	
9.98945	-0.101554	1	
9.98924	-0.103271	1	
9.98903	-0.105035	1	
9.98882	-0.106793	1	
9.9886	-0.108592	1	
9.98838	-0.110468	1	
9.98816	-0.112292	1	
9.98793	-0.114156	1	
9.9877	-0.116042	1	
9.98746	-0.11797	1	
9.98722	-0.119966	1	
9.98698	-0.121931	1	
9.98673	-0.123935	1	
9.98648	-0.126014	1	
9.98622	-0.127989	1	
9.98596	-0.130059	1	
9.9857	-0.132129	1	
9.98543	-0.134147	1	
9.98516	-0.136202	1	
9.98488	-0.138247	1	
9.9846	-0.140362	1	
9.98431	-0.142505	1	
9.98402	-0.144709	1	
9.98373	-0.146994	1	
9.98343	-0.149331	1	
9.98313	-0.151733	1	
9.98282	-0.154104	1	
9.98251	-0.156509	1	
9.98219	-0.158918	1	
9.98186	-0.161437	1	
9.98154	-0.163961	1	
9.9812	-0.166497	1	
9.98087	-0.169038	1	
9.98052	-0.171645	1	
9.98017	-0.174244	1	
9.97982	-0.176839	1	
9.97946	-0.179451	1	
9.9791	-0.182152	1	
9.97873	-0.184927	1	
9.97835	-0.187795	1	
9.97797	-0.190777	1	
9.97758	-0.193807	1	
9.97719	-0.196899	1	
9.97679	-0.199966	1	
9.97638	-0.203104	1	
9.97597	-0.206201	1	
9.97555	-0.209288	1	
9.97513	-0.212537	1	
9.9747	-0.215794	1	
9.97426	-0.219135	1	
9.97381	-0.222615	1	
9.97336	-0.226116	1	
9.9729	-0.22966	1	
9.97243	-0.233314	1	
9.97196	-0.236903	1	
9.97148	-0.240612	1	
9.97099	-0.244461	1	
9.97049	-0.248301	1	
9.96999	-0.252162	1	
9.96948	-0.256123	1	
9.96896	-0.260199	1	
9.96843	-0.264394	1	
9.96789	-0.268643	1	
9.96734	-0.27288	1	
9.96679	-0.277121	1	
9.96623	-0.28146	1	
9.96566	-0.285794	1	
9.96507	-0.29039	1	
9.96449	-0.295018	1	
9.96389	-0.299704	1	
9.96328	-0.304452	1	
9.96266	-0.309192	1	
9.96203	-0.314065	1	
9.96139	-0.318889	1	
9.96074	-0.323806	1	
9.96009	-0.32858	1	
9.95942	-0.333408	1	
9.95874	-0.338158	1	
9.95806	-0.343009	1	
9.95736	-0.347851	1	
9.95666	-0.352791	1	
9.95594	-0.357843	1	
9.95522	-0.363101	1	
9.95448	-0.368504	1	
9.95373	-0.374007	1	
9.95297	-0.379533	1	
9.9522	-0.385078	1	
9.95142	-0.390533	1	
9.95063	-0.396019	1	
9.94983	-0.401432	1	
9.94901	-0.406897	1	
9.94819	-0.4124	1	
9.94735	-0.418034	1	
9.9465	-0.423712	1	
9.94564	-0.429525	1	
9.94477	-0.435519	1	
9.94389	-0.441668	1	
9.94299	-0.447872	1	
9.94209	-0.454006	1	
9.94116	-0.460379	1	
9.94023	-0.46666	1	
9.93929	-0.473129	1	
9.93833	-0.479772	1	
9.93735	-0.486641	1	
9.93637	-0.493854	1	
9.93536	-0.501243	1	
9.93434	-0.508895	1	
9.93331	-0.516708	1	
9.93226	-0.524524	1	
9.9312	-0.532322	1	
9.93012	-0.540052	1	
9.92902	-0.547699	1	
9.92791	-0.55547	1	
9.92678	-0.5634	1	
9.92564	-0.571622	1	
9.92448	-0.579993	1	
9.9233	-0.588623	1	
9.92211	-0.597238	1	
9.9209	-0.605841	1	
9.91967	-0.614354	1	
9.91842	-0.622816	1	
9.91716	-0.631385	1	
9.91588	-0.640179	1	
9.91458	-0.649339	1	
9.91326	-0.658835	1	
9.91193	-0.668719	1	
9.91057	-0.678856	1	
9.90919	-0.689172	1	
9.90779	-0.699597	1	
9.90637	-0.710158	1	
9.90493	-0.720959	1	
9.90346	-0.732037	1	
9.90198	-0.743183	1	
9.90047	-0.754431	1	
9.89894	-0.765848	1	
9.89738	-0.777362	1	
9.8958	-0.789264	1	
9.8942	-0.801604	1	
9.89257	-0.814656	1	
9.89091	-0.828265	1	
9.88923	-0.842169	1	
9.88752	-0.855999	1	
9.88578	-0.869819	1	
9.88401	-0.883566	1	
9.88222	-0.897292	1	
9.88039	-0.911152	1	
9.87855	-0.92493	1	
9.87667	-0.938602	1	
9.87476	-0.952616	1	
9.87283	-0.967047	1	
9.87087	-0.981805	1	
9.86887	-0.996892	1	
9.86685	-1.01191	1	
9.86479	-1.02684	1	
9.86271	-1.04168	1	
9.8606	-1.05678	1	
9.85845	-1.0722	1	
9.85628	-1.08762	0.999137	
9.85407	-1.10292	0.997862	
9.85184	-1.11809	0.997046	
9.84957	-1.13315	0.995887	
9.84727	-1.14808	0.994791	
9.84495	-1.1629	0.993505	
9.84259	-1.1776	0.992765	
9.84021	-1.19218	0.99217	
9.83779	-1.20664	0.991457	
9.83535	-1.22099	0.989901	
9.83288	-1.23522	0.988025	
9.83038	-1.24934	0.986584	
9.82786	-1.26334	0.985511	
9.8253	-1.27723	0.984165	
9.82272	-1.29102	0.982434	
9.82011	-1.30469	0.980539	
9.81747	-1.31825	0.97789	
9.81481	-1.33171	0.975293	
9.81212	-1.34505	0.972614	
9.8094	-1.35829	0.970292	
9.80666	-1.37142	0.967915	
9.80389	-1.38445	0.965684	
9.8011	-1.39738	0.963475	
9.79828	-1.4102	0.961157	
9.79543	-1.42292	0.958394	
9.79256	-1.43553	0.955827	
9.78966	-1.44805	0.952914	
9.78674	-1.46047	0.949689	
9.7838	-1.47278	0.946622	
9.78083	-1.485	0.943633	
9.77783	-1.49712	0.94057	
9.77482	-1.50914	0.937245	
9.77177	-1.52107	0.933588	
9.76871	-1.5329	0.929051	
9.76562	-1.54464	0.924308	
9.76251	-1.55628	0.919575	
9.75937	-1.56783	0.914842	
9.75621	-1.57929	0.910218	
9.75303	-1.59065	0.905835	
9.74983	-1.60193	0.901913	
9.7466	-1.61311	0.898066	
9.74335	-1.62421	0.893848	
9.74008	-1.63521	0.889248	
9.73679	-1.64613	0.884521	
9.73347	-1.65696	0.88009	
9.73014	-1.66771	0.87585	
9.72678	-1.67837	0.871912	
9.7234	-1.68894	0.868529	
9.72001	-1.69943	0.866097	
9.71659	-1.70983	0.863935	
9.71315	-1.72015	0.861976	
9.70969	-1.73039	0.859544	
9.7062	-1.74055	0.856851	
9.7027	-1.75062	0.854008	
9.69918	-1.76062	0.852073	
9.69564	-1.77053	0.850746	
9.69208	-1.78037	0.849233	
9.6885	-1.79013	0.847531	
9.6849	-1.79981	0.845688	
9.68128	-1.80941	0.844226	
9.67764	-1.81893	0.84255	
9.67399	-1.82838	0.840955	
9.67031	-1.83775	0.839581	
9.66662	-1.84705	0.838416	
9.6629	-1.85628	0.837241	
9.65917	-1.86543	0.835987	
9.65542	-1.8745	0.834311	
9.65166	-1.88351	0.832443	
9.64787	-1.89244	0.830019	
9.64407	-1.9013	0.82745	
9.64025	-1.91009	0.825501	
9.63641	-1.91881	0.823247	
9.63256	-1.92746	0.82063	
9.62868	-1.93604	0.817989	
9.6248	-1.94455	0.815055	
9.62089	-1.95299	0.812065	
9.61697	-1.96137	0.808718	
9.61303	-1.96968	0.805157	
9.60907	-1.97792	0.801228	
9.6051	-1.9861	0.797282	
9.60111	-1.99421	0.793267	
9.59711	-2.00225	0.789496	
9.59309	-2.01024	0.785748	
9.58905	-2.01815	0.78223	
9.585	-2.02601	0.779033	
9.58093	-2.0338	0.776367	
9.57685	-2.04153	0.774105	
9.57275	-2.0492	0.77228	
9.56864	-2.0568	0.770705	
9.56451	-2.06435	0.76943	
9.56036	-2.07184	0.768285	
9.5562	-2.07926	0.767398	
9.55203	-2.08663	0.766316	
9.54784	-2.09393	0.764923	
9.54364	-2.10118	0.763617	
9.53942	-2.10837	0.76244	
9.53519	-2.11551	0.761582	
9.53095	-2.12258	0.761061	
9.52669	-2.1296	0.76062	
9.52242	-2.13656	0.759744	
9.51813	-2.14347	0.75851	
9.51383	-2.15032	0.75688	
9.50951	-2.15712	0.755313	
9.50519	-2.16386	0.753677	
9.50084	-2.17055	0.752151	
9.49649	-2.17719	0.750571	
9.49212	-2.18377	0.748512	
9.48774	-2.1903	0.746187	
9.48335	-2.19678	0.743873	
9.47894	-2.2032	0.74169	
9.47452	-2.20958	0.739711	
9.47009	-2.2159	0.737604	
9.46565	-2.22218	0.735287	
9.46119	-2.2284	0.732678	
9.45672	-2.23457	0.729736	
9.45224	-2.24069	0.726643	
9.44775	-2.24677	0.723963	
9.44324	-2.25279	0.721965	
9.43872	-2.25877	0.720539	
9.43419	-2.2647	0.719181	
9.42965	-2.27058	0.718076	
9.4251	-2.27642	0.716997	
9.42054	-2.28221	0.715986	
9.41596	-2.28795	0.715147	
9.41137	-2.29365	0.714291	
9.40677	-2.2993	0.713768	
9.40216	-2.3049	0.713253	
9.39754	-2.31046	0.712807	
9.39291	-2.31598	0.712124	
9.38827	-2.32145	0.711538	
9.38361	-2.32688	0.711088	
9.37895	-2.33227	0.710779	
9.37428	-2.33761	0.709937	
9.36959	-2.34291	0.708778	
9.36489	-2.34816	0.707201	
9.36019	-2.35338	0.705376	
9.35547	-2.35855	0.703703	
9.35074	-2.36368	0.702095	
9.346	-2.36877	0.700329	
9.34126	-2.37382	0.698433	
9.3365	-2.37883	0.696608	
9.33173	-2.3838	0.694855	
9.32695	-2.38873	0.693258	
9.32217	-2.39362	0.691395	
9.31737	-2.39847	0.689271	
9.31256	-2.40329	0.686977	
9.30775	-2.40806	0.684763	
9.30292	-2.41279	0.682943	
9.29809	-2.41749	0.681493	
9.29324	-2.42215	0.680477	
9.28839	-2.42677	0.679831	
9.28353	-2.43136	0.679392	
9.27865	-2.43591	0.678947	
9.27377	-2.44042	0.67857	
9.26888	-2.4449	0.678486	
9.26398	-2.44934	0.678621	
9.25908	-2.45375	0.679236	
9.25416	-2.45812	0.680069	
9.24924	-2.46245	0.680758	
9.2443	-2.46675	0.681254	
9.23936	-2.47102	0.681697	
9.23441	-2.47525	0.682258	
9.22945	-2.47945	0.682735	
9.22448	-2.48361	0.682998	
9.21951	-2.48774	0.682807	
9.21452	-2.49184	0.682108	
9.20953	-2.49591	0.681202	
9.20453	-2.49994	0.680076	
9.19952	-2.50394	0.678944	
9.19451	-2.50791	0.677647	
9.18949	-2.51184	0.67617	
9.18445	-2.51575	0.674587	
9.17941	-2.51962	0.672972	
9.17437	-2.52347	0.671132	
9.16931	-2.52728	0.668985	
9.16425	-2.53106	0.666604	
9.15918	-2.53481	0.664083	
9.1541	-2.53853	0.661708	
9.14902	-2.54223	0.659891	
9.14393	-2.54589	0.658387	
9.13883	-2.54952	0.657268	
9.13372	-2.55312	0.656345	
9.12861	-2.5567	0.655389	
9.12349	-2.56025	0.654474	
9.11836	-2.56376	0.65373	
9.11323	-2.56725	0.653093	
9.10809	-2.57072	0.652723	
9.10294	-2.57415	0.652574	
9.09778	-2.57756	0.652535	
9.09262	-2.58094	0.65257	
9.08745	-2.58429	0.652683	
9.08228	-2.58761	0.652702	
9.07709	-2.59091	0.652542	
9.07191	-2.59419	0.652349	
9.06671	-2.59743	0.651951	
9.06151	-2.60065	0.651429	
9.0563	-2.60385	0.65073	
9.05109	-2.60702	0.649792	
9.04587	-2.61016	0.648914	
9.04064	-2.61328	0.648219	
9.03541	-2.61637	0.647624	
9.03017	-2.61944	0.646818	
9.02492	-2.62249	0.645788	
9.01967	-2.62551	0.644573	
9.01442	-2.6285	0.643435	
9.00915	-2.63147	0.642283	
9.00389	-2.63442	0.64118	
8.99861	-2.63735	0.640384	
8.99333	-2.64025	0.639983	
8.98804	-2.64313	0.639857	
8.98275	-2.64598	0.64006	
8.97745	-2.64881	0.640293	
8.97215	-2.65162	0.640497	
8.96684	-2.65441	0.640699	
8.96153	-2.65718	0.640826	
8.95621	-2.65992	0.640937	
8.95088	-2.66264	0.641302	
8.94555	-2.66534	0.641766	
8.94022	-2.66801	0.642181	
8.93487	-2.67067	0.642604	
8.92953	-2.67331	0.642878	
8.92418	-2.67592	0.643164	
8.91882	-2.67851	0.643512	
8.91346	-2.68106	0.643447	
8.90809	-2.68339	0.642644	
8.90272	-2.68552	0.641349	
8.89734	-2.68743	0.639816	
8.89197	-2.68915	0.638309	
8.88658	-2.69067	0.636778	
8.8812	-2.69199	0.635204	
8.87581	-2.69311	0.633411	
8.87043	-2.69405	0.631382	
8.86504	-2.6948	0.629384	
8.85965	-2.69536	0.627297	
8.85425	-2.69575	0.625201	
8.84886	-2.69595	0.623162	
8.84347	-2.69598	0.62138	
8.83808	-2.69583	0.620044	
8.83269	-2.69552	0.619151	
8.8273	-2.69504	0.618544	
8.82191	-2.69439	0.618032	
8.81652	-2.69358	0.617639	
8.81114	-2.69261	0.617295	
8.80575	-2.69149	0.617119	
8.80037	-2.69021	0.617286	
8.795	-2.68878	0.617361	
8.78962	-2.6872	0.617316	
8.78425	-2.68547	0.617294	
8.77888	-2.6836	0.617195	
8.77352	-2.68158	0.616863	
8.76816	-2.67943	0.616512	
8.76281	-2.67714	0.615665	
8.75746	-2.67472	0.614562	
8.75211	-2.67216	0.613203	
8.74677	-2.66947	0.611719	
8.74144	-2.66666	0.609991	
8.73611	-2.66372	0.608167	
8.73079	-2.66065	0.606377	
8.72548	-2.65747	0.604472	
8.72017	-2.65416	0.602337	
8.71487	-2.65074	0.600015	
8.70957	-2.64721	0.597511	
8.70429	-2.64356	0.595006	
8.69901	-2.6398	0.592585	
8.69373	-2.63593	0.590553	
8.68847	-2.63195	0.588804	
8.68321	-2.62787	0.587482	
8.67797	-2.62369	0.586469	
8.67273	-2.61941	0.5857	
8.6675	-2.61502	0.585059	
8.66228	-2.61054	0.584396	
8.65707	-2.60597	0.583804	
8.65186	-2.6013	0.583262	
8.64667	-2.59654	0.582839	
8.64149	-2.59169	0.582671	
8.63631	-2.58675	0.58244	
8.63115	-2.58172	0.582181	
8.626	-2.57661	0.581885	
8.62085	-2.57142	0.581573	
8.61572	-2.56614	0.58121	
8.6106	-2.56078	0.580639	
8.60549	-2.55535	0.57972	
8.60039	-2.54984	0.57837	
8.5953	-2.54426	0.576867	
8.59022	-2.5386	0.575365	
8.58516	-2.53287	0.57384	
8.5801	-2.52707	0.572251	
8.57506	-2.5212	0.570359	
8.57003	-2.51526	0.568429	
8.56501	-2.50926	0.566399	
8.56001	-2.50319	0.56437	
8.55501	-2.49706	0.56253	
8.55003	-2.49087	0.560908	
8.54506	-2.48461	0.55944	
8.5401	-2.4783	0.558238	
8.53516	-2.47193	0.557293	
8.53023	-2.46551	0.556258	
8.52531	-2.45902	0.555471	
8.52041	-2.45249	0.554692	
8.51551	-2.4459	0.553982	
8.51064	-2.43927	0.553634	
8.50577	-2.43258	0.553392	
8.50092	-2.42584	0.553088	
8.49608	-2.41906	0.552652	
8.49126	-2.41223	0.552123	
8.48645	-2.40535	0.551401	
8.48165	-2.39843	0.55068	
8.47687	-2.39147	0.549595	
8.4721	-2.38447	0.548153	
8.46734	-2.37742	0.546584	
8.4626	-2.37034	0.544886	
8.45788	-2.36322	0.543263	
8.45316	-2.35606	0.541594	
8.44847	-2.34886	0.539868	
8.44378	-2.34163	0.538072	
8.43911	-2.33436	0.536209	
8.43446	-2.32707	0.534304	
8.42982	-2.31974	0.532282	
8.42519	-2.31237	0.530123	
8.42058	-2.30498	0.528202	
8.41599	-2.29756	0.526671	
8.41141	-2.29011	0.525502	
8.40684	-2.28264	0.524683	
8.40229	-2.27513	0.524194	
8.39776	-2.2676	0.523849	
8.39324	-2.26005	0.523623	
8.38873	-2.25247	0.523512	
8.38424	-2.24487	0.523354	
8.37977	-2.23725	0.523181	
8.37531	-2.22961	0.523156	
8.37087	-2.22194	0.523215	
8.36644	-2.21426	0.523455	
8.36202	-2.20656	0.523671	
8.35763	-2.19884	0.523615	
8.35324	-2.1911	0.523326	
8.34888	-2.18335	0.522937	
8.34453	-2.17558	0.522449	
8.34019	-2.16779	0.521788	
8.33587	-2.15999	0.520957	
8.33157	-2.15218	0.519563	
8.32728	-2.14436	0.517927	
8.32301	-2.13652	0.516257	
8.31875	-2.12867	0.514551	
8.31451	-2.12081	0.512795	
8.31028	-2.11295	0.51105	
8.30607	-2.10507	0.509188	
8.30188	-2.09718	0.507331	
8.2977	-2.08929	0.505403	
8.29353	-2.08138	0.503591	
8.28939	-2.07347	0.502016	
8.28526	-2.06556	0.500667	
8.28114	-2.05764	0.499388	
8.27704	-2.04971	0.498184	
8.27296	-2.04178	0.497031	
8.26889	-2.03385	0.495988	
8.26484	-2.02591	0.495266	
8.2608	-2.01797	0.49468	
8.25678	-2.01003	0.494215	
8.25278	-2.00209	0.493764	
8.24879	-1.99414	0.493468	
8.24482	-1.9862	0.49325	
8.24086	-1.97825	0.492998	
8.23692	-1.97031	0.492806	
8.233	-1.96236	0.492498	
8.22909	-1.95442	0.492083	
8.22519	-1.94648	0.491528	
8.22132	-1.93854	0.490753	
8.21746	-1.93061	0.489759	
8.21361	-1.92268	0.488741	
8.20978	-1.91475	0.487833	
8.20597	-1.90683	0.48688	
8.20217	-1.89891	0.485903	
8.19839	-1.891	0.484823	
8.19462	-1.88309	0.483623	
8.19087	-1.87519	0.482416	
8.18714	-1.86729	0.481227	
8.18342	-1.8594	0.48011	
8.17971	-1.85152	0.478938	
8.17603	-1.84365	0.477688	
8.17236	-1.83578	0.476606	
8.1687	-1.82793	0.475782	
8.16506	-1.82008	0.475156	
8.16144	-1.81224	0.474808	
8.15783	-1.80441	0.474609	
8.15423	-1.79659	0.474474	
8.15066	-1.78878	0.47419	
8.14709	-1.78098	0.473947	
8.14355	-1.77319	0.473666	
8.14002	-1.76541	0.47316	
8.1365	-1.75765	0.472668	
8.133	-1.74989	0.47226	
8.12952	-1.74215	0.471916	
8.12605	-1.73442	0.471772	
8.12259	-1.7267	0.471648	
8.11916	-1.719	0.471622	
8.11573	-1.71131	0.471351	
8.11233	-1.70363	0.470901	
8.10894	-1.69597	0.470309	
8.10556	-1.68832	0.469572	
8.1022	-1.68068	0.468748	
8.09885	-1.67306	0.467983	
8.09552	-1.66546	0.466952	
8.0922	-1.65787	0.465735	
8.0889	-1.65029	0.464304	
8.08562	-1.64273	0.46294	
8.08235	-1.63519	0.461677	
8.07909	-1.62766	0.460582	
8.07585	-1.62015	0.45946	
8.07263	-1.61265	0.458349	
8.06942	-1.60517	0.457146	
8.06622	-1.59771	0.455978	
8.06304	-1.59027	0.45485	
8.05987	-1.58284	0.453869	
8.05672	-1.57543	0.453213	
8.05359	-1.56804	0.452752	
8.05047	-1.56067	0.452554	
8.04736	-1.55331	0.452497	
8.04427	-1.54597	0.452439	
8.04119	-1.53865	0.452313	
8.03813	-1.53135	0.452268	
8.03508	-1.52407	0.452266	
8.03205	-1.51681	0.45222	
8.02903	-1.50957	0.45226	
8.02602	-1.50234	0.452497	
8.02303	-1.49514	0.452818	
8.02006	-1.48795	0.452964	
8.01709	-1.48079	0.45304	
8.01415	-1.47364	0.452849	
8.01121	-1.46652	0.452586	
8.0083	-1.45941	0.452187	
8.00539	-1.45232	0.451712	
8.0025	-1.44526	0.451083	
7.99962	-1.43822	0.450414	
7.99676	-1.43119	0.449603	
7.99391	-1.42419	0.448947	
7.99108	-1.41721	0.448314	
7.98826	-1.41025	0.447581	
7.98545	-1.40331	0.446623	
7.98266	-1.39639	0.445473	
7.97988	-1.38949	0.444407	
7.97711	-1.38262	0.443536	
7.97436	-1.37576	0.442755	
7.97163	-1.36893	0.441846	
7.9689	-1.36212	0.440753	
7.96619	-1.35533	0.439625	
7.96349	-1.34856	0.438667	
7.96081	-1.34182	0.437859	
7.95814	-1.33509	0.437299	
7.95548	-1.32839	0.436812	
7.95284	-1.32171	0.436434	
7.95021	-1.31506	0.436104	
7.94759	-1.30842	0.43585	
7.94499	-1.30181	0.435666	
7.9424	-1.29522	0.435182	
7.93982	-1.28866	0.434653	
7.93726	-1.28211	0.434242	
7.93471	-1.27559	0.434032	
7.93217	-1.26909	0.433926	
7.92964	-1.26261	0.4338	
7.92713	-1.25616	0.433622	
7.92463	-1.24973	0.433516	
7.92214	-1.24332	0.433324	
7.91967	-1.23694	0.433196	
7.91721	-1.23058	0.433288	
7.91476	-1.22424	0.433465	
7.91232	-1.21792	0.43356	
7.9099	-1.21163	0.433481	
7.90749	-1.20536	0.433357	
7.90509	-1.19912	0.43314	
7.90271	-1.19289	0.432766	
7.90033	-1.18669	0.43225	
7.89797	-1.18052	0.431748	
7.89562	-1.17436	0.431307	
7.89329	-1.16823	0.430667	
7.89096	-1.16213	0.429943	
7.88865	-1.15604	0.42912	
7.88635	-1.14998	0.428267	
7.88406	-1.14395	0.427245	
7.88179	-1.13793	0.426125	
7.87952	-1.13194	0.425083	
7.87727	-1.12598	0.424181	
7.87503	-1.12003	0.423247	
7.8728	-1.11412	0.422271	
7.87059	-1.10822	0.421244	
7.86838	-1.10235	0.420141	
7.86619	-1.0965	0.419118	
7.86401	-1.09067	0.418302	
7.86184	-1.08487	0.417854	
7.85968	-1.07909	0.417638	
7.85753	-1.07333	0.41736	
7.8554	-1.0676	0.416911	
7.85327	-1.06189	0.416552	
7.85116	-1.05621	0.416257	
7.84906	-1.05054	0.41582	
7.84697	-1.04491	0.415601	
7.84489	-1.03929	0.415546	
7.84282	-1.0337	0.415747	
7.84077	-1.02813	0.415977	
7.83872	-1.02258	0.416126	
7.83669	-1.01706	0.41611	
7.83467	-1.01156	0.416318	
7.83265	-1.00609	0.416473	
7.83065	-1.00063	0.416504	
7.82866	-0.995206	0.416625	
7.82668	-0.989799	0.416737	
7.82471	-0.984416	0.416791	
7.82276	-0.979057	0.41676	
7.82081	-0.97372	0.416369	
7.81887	-0.968406	0.415745	
7.81694	-0.963116	0.415268	
7.81503	-0.957848	0.414773	
7.81312	-0.952603	0.414269	
7.81123	-0.947382	0.413791	
7.80934	-0.942183	0.413336	
7.80747	-0.937007	0.412957	
7.80561	-0.931854	0.412538	
7.80375	-0.926724	0.41191	
7.80191	-0.921616	0.411313	
7.80008	-0.916531	0.410768	
7.79825	-0.911469	0.410266	
7.79644	-0.90643	0.409703	
7.79464	-0.901413	0.409104	
7.79285	-0.896419	0.408589	
7.79106	-0.891447	0.408106	
7.78929	-0.886498	0.407599	
7.78753	-0.881572	0.407012	
7.78577	-0.876667	0.406414	
7.78403	-0.871785	0.405919	
7.7823	-0.866926	0.405509	
7.78057	-0.862088	0.405035	
7.77886	-0.857273	0.404461	
7.77715	-0.85248	0.404017	
7.77546	-0.84771	0.403859	
7.77377	-0.842961	0.403802	
7.77209	-0.838234	0.403842	
7.77043	-0.833529	0.403806	
7.76877	-0.828847	0.403712	
7.76712	-0.824186	0.403477	
7.76548	-0.819547	0.403161	
7.76385	-0.814929	0.402789	
7.76223	-0.810334	0.402696	
7.76062	-0.80576	0.402632	
7.75902	-0.801207	0.402816	
7.75742	-0.796677	0.402755	
7.75584	-0.792167	0.402628	
7.75426	-0.78768	0.402261	
7.7527	-0.783213	0.401771	
7.75114	-0.778768	0.401343	
7.74959	-0.774344	0.400895	
7.74805	-0.769942	0.400333	
7.74652	-0.76556	0.399776	
7.745	-0.7612	0.399354	
7.74348	-0.756861	0.399138	
7.74198	-0.752543	0.398974	
7.74048	-0.748245	0.398819	
7.739	-0.743969	0.39847	
7.73752	-0.739713	0.398	
7.73604	-0.735478	0.397489	
7.73458	-0.731264	0.396909	
7.73313	-0.72707	0.396559	
7.73168	-0.722897	0.396	
7.73025	-0.718745	0.395488	
7.72882	-0.714613	0.395107	
7.72739	-0.710501	0.394789	
7.72598	-0.70641	0.394364	
7.72458	-0.702339	0.393636	
7.72318	-0.698288	0.39292	
7.72179	-0.694257	0.392221	
7.72041	-0.690246	0.391525	
7.71904	-0.686255	0.391046	
7.71767	-0.682285	0.390543	
7.71632	-0.678334	0.38987	
7.71497	-0.674402	0.389196	
7.71363	-0.670491	0.388657	
7.7123	-0.666599	0.387984	
7.71097	-0.662727	0.38743	
7.70965	-0.658874	0.386824	
7.70834	-0.655041	0.386299	
7.70704	-0.651228	0.38567	
7.70574	-0.647433	0.384972	
7.70446	-0.643658	0.38417	
7.70318	-0.639902	0.38367	
7.7019	-0.636165	0.383337	
7.70064	-0.632448	0.383151	
7.69938	-0.628749	0.382955	
7.69813	-0.625069	0.382649	
7.69689	-0.621408	0.38231	
7.69565	-0.617766	0.38179	
7.69443	-0.614143	0.381369	
7.6932	-0.610538	0.380882	
7.69199	-0.606952	0.380374	
7.69078	-0.603385	0.379911	
7.68958	-0.599836	0.379501	
7.68839	-0.596305	0.379279	
7.68721	-0.592793	0.379263	
7.68603	-0.589299	0.379219	
7.68486	-0.585823	0.37916	
7.68369	-0.582365	0.378972	
7.68253	-0.578925	0.378673	
7.68138	-0.575503	0.3784	
7.68024	-0.5721	0.378241	
7.6791	-0.568714	0.378187	
7.67797	-0.565345	0.378079	
7.67685	-0.561995	0.378035	
7.67573	-0.558662	0.377806	
7.67462	-0.555347	0.377731	
7.67351	-0.552049	0.377783	
7.67242	-0.548769	0.378004	
7.67133	-0.545506	0.378241	
7.67024	-0.54226	0.378453	
7.66916	-0.539032	0.378399	
7.66809	-0.53582	0.378209	
7.66703	-0.532626	0.377944	
7.66597	-0.529449	0.377815	
7.66491	-0.526289	0.377663	
7.66387	-0.523145	0.377558	
7.66283	-0.520019	0.377266	
7.66179	-0.516909	0.377049	
7.66077	-0.513816	0.377036	
7.65975	-0.510739	0.377119	
7.65873	-0.507679	0.377335	
7.65772	-0.504636	0.377374	
7.65672	-0.501609	0.37722	
7.65572	-0.498598	0.376834	
7.65473	-0.495603	0.376148	
7.65374	-0.492625	0.375564	
7.65276	-0.489663	0.374848	
7.65179	-0.486717	0.374337	
7.65082	-0.483787	0.37379	
7.64986	-0.480872	0.373172	
7.64891	-0.477974	0.372578	
7.64796	-0.475091	0.371884	
7.64701	-0.472224	0.371105	
7.64607	-0.469373	0.370323	
7.64514	-0.466538	0.36932	
7.64421	-0.463717	0.368128	
7.64329	-0.460913	0.366916	
7.64237	-0.458123	0.365599	
7.64146	-0.455349	0.364525	
7.64056	-0.452591	0.363706	
7.63966	-0.449847	0.362832	
7.63876	-0.447118	0.362083	
7.63788	-0.444405	0.361377	
7.63699	-0.441707	0.360694	
7.63611	-0.439023	0.360192	
7.63524	-0.436354	0.359853	
7.63437	-0.4337	0.359304	
7.63351	-0.431061	0.358709	
7.63265	-0.428436	0.358136	
7.6318	-0.425826	0.357753	
7.63096	-0.423231	0.35744	
7.63012	-0.42065	0.357264	
7.62928	-0.418083	0.357321	
7.62845	-0.415531	0.357283	
7.62762	-0.412992	0.357027	
7.6268	-0.410468	0.356957	
7.62599	-0.407959	0.356856	
7.62517	-0.405463	0.356865	
7.62437	-0.402981	0.357199	
7.62357	-0.400513	0.357641	
7.62277	-0.398059	0.35816	
7.62198	-0.395619	0.358563	
7.62119	-0.393192	0.358862	
7.62041	-0.390779	0.359126	
7.61964	-0.38838	0.359333	
7.61886	-0.385994	0.359755	
7.6181	-0.383622	0.360169	
7.61733	-0.381263	0.360766	
7.61658	-0.378918	0.361276	
7.61582	-0.376585	0.361889	
7.61507	-0.374266	0.362449	
7.61433	-0.37196	0.363132	
7.61359	-0.369667	0.363622	
7.61286	-0.367388	0.364273	
7.61213	-0.365121	0.365061	
7.6114	-0.362867	0.365938	
7.61068	-0.360626	0.366654	
7.60996	-0.358398	0.367154	
7.60925	-0.356182	0.367517	
7.60854	-0.353979	0.367872	
7.60784	-0.351789	0.368181	
7.60714	-0.349611	0.368251	
7.60644	-0.347446	0.368277	
7.60575	-0.345293	0.368084	
7.60507	-0.343152	0.367882	
7.60438	-0.341024	0.367588	
7.60371	-0.338908	0.367132	
7.60303	-0.336804	0.366509	
7.60236	-0.334712	0.365712	
7.6017	-0.332632	0.365028	
7.60104	-0.330564	0.364276	
7.60038	-0.328509	0.363557	
7.59973	-0.326465	0.362983	
7.59908	-0.324432	0.362208	
7.59843	-0.322412	0.361398	
7.59779	-0.320403	0.360594	
7.59716	-0.318406	0.359472	
7.59652	-0.316421	0.358402	
7.59589	-0.314447	0.35739	
7.59527	-0.312484	0.356564	
7.59465	-0.310533	0.355664	
7.59403	-0.308593	0.354833	
7.59342	-0.306665	0.354086	
7.59281	-0.304748	0.353328	
7.5922	-0.302842	0.352603	
7.5916	-0.300947	0.351863	
7.591	-0.299063	0.351078	
7.59041	-0.29719	0.350404	
7.58982	-0.295328	0.350006	
7.58923	-0.293477	0.349672	
7.58865	-0.291636	0.349441	
7.58807	-0.289807	0.349273	
7.58749	-0.287988	0.349043	
7.58692	-0.28618	0.348794	
7.58635	-0.284383	0.348719	
7.58579	-0.282596	0.348537	
7.58522	-0.280819	0.34819	
7.58467	-0.279053	0.348088	
7.58411	-0.277298	0.347894	
7.58356	-0.275553	0.347711	
7.58301	-0.273818	0.347219	
7.58247	-0.272093	0.346597	
7.58193	-0.270379	0.346138	
7.58139	-0.268674	0.34527	
7.58086	-0.26698	0.344712	
7.58033	-0.265296	0.34403	
7.5798	-0.263621	0.343257	
7.57927	-0.261957	0.342661	
7.57875	-0.260302	0.342189	
7.57824	-0.258658	0.342084	
7.57772	-0.257023	0.341799	
7.57721	-0.255397	0.341137	
7.5767	-0.253782	0.340694	
7.5762	-0.252176	0.339992	
7.5757	-0.25058	0.339254	
7.5752	-0.248993	0.338916	
7.57471	-0.247415	0.338523	
7.57421	-0.245847	0.338404	
7.57373	-0.244288	0.338133	
7.57324	-0.242739	0.338053	
7.57276	-0.241199	0.337818	
7.57228	-0.239668	0.337908	
7.5718	-0.238146	0.337968	
7.57133	-0.236633	0.338149	
7.57086	-0.23513	0.338373	
7.57039	-0.233635	0.338812	
7.56993	-0.23215	0.339486	
7.56947	-0.230673	0.340223	
7.56901	-0.229205	0.341105	
7.56855	-0.227746	0.342143	
7.5681	-0.226296	0.343113	
7.56765	-0.224854	0.343841	
7.5672	-0.223421	0.344526	
7.56676	-0.221997	0.345269	
7.56632	-0.220581	0.345777	
7.56588	-0.219174	0.346208	
7.56544	-0.217775	0.346314	
7.56501	-0.216385	0.346571	
7.56458	-0.215003	0.34683	
7.56415	-0.21363	0.347209	
7.56373	-0.212265	0.347487	
7.56331	-0.210908	0.348065	
7.56289	-0.209559	0.348615	
7.56247	-0.208219	0.34908	
7.56206	-0.206886	0.349349	
7.56165	-0.205562	0.349344	
7.56124	-0.204246	0.34946	
7.56083	-0.202937	0.349271	
7.56043	-0.201637	0.349154	
7.56003	-0.200345	0.349017	
7.55963	-0.19906	0.348784	
7.55923	-0.197783	0.348403	
7.55884	-0.196514	0.348098	
7.55845	-0.195253	0.348118	
7.55806	-0.193999	0.348275	
7.55768	-0.192753	0.348349	
7.55729	-0.191515	0.348303	
7.55691	-0.190284	0.347947	
7.55654	-0.189061	0.347578	
7.55616	-0.187845	0.347309	
7.55579	-0.186637	0.346913	
7.55542	-0.185436	0.346177	
7.55505	-0.184242	0.345488	
7.55468	-0.183056	0.344372	
7.55432	-0.181876	0.343608	
7.55396	-0.180705	0.343113	
7.5536	-0.17954	0.342229	
7.55324	-0.178382	0.341715	
7.55289	-0.177232	0.341259	
7.55253	-0.176089	0.340998	
7.55218	-0.174952	0.341048	
7.55184	-0.173823	0.340774	
7.55149	-0.172701	0.340839	
7.55115	-0.171585	0.340421	
7.55081	-0.170476	0.340135	
7.55047	-0.169375	0.339911	
7.55013	-0.16828	0.339358	
7.5498	-0.167191	0.338711	
7.54946	-0.16611	0.337926	
7.54913	-0.165035	0.337377	
7.54881	-0.163967	0.336904	
7.54848	-0.162905	0.336601	
7.54816	-0.16185	0.336268	
7.54784	-0.160801	0.336237	
7.54752	-0.159759	0.335585	
7.5472	-0.158724	0.335337	
7.54688	-0.157694	0.334607	
7.54657	-0.156672	0.334318	
7.54626	-0.155655	0.333919	
7.54595	-0.154645	0.333151	
7.54564	-0.153641	0.332392	
7.54534	-0.152643	0.331442	
7.54503	-0.151652	0.330625	
7.54473	-0.150666	0.329651	
7.54443	-0.149687	0.328403	
7.54414	-0.148714	0.327196	
7.54384	-0.147747	0.326088	
7.54355	-0.146786	0.324695	
7.54325	-0.145831	0.323887	
7.54296	-0.144882	0.322592	
7.54268	-0.143938	0.321551	
7.54239	-0.143001	0.320492	
7.54211	-0.142069	0.319094	
7.54182	-0.141144	0.317909	
7.54154	-0.140224	0.317122	
7.54127	-0.13931	0.315804	
7.54099	-0.138401	0.314969	
7.54071	-0.137498	0.31355	
7.54044	-0.136601	0.312712	
7.54017	-0.13571	0.311797	
7.5399	-0.134824	0.310913	
7.53963	-0.133943	0.310343	
7.53937	-0.133069	0.309803	
7.5391	-0.132199	0.308982	
7.53884	-0.131335	0.30821	
7.53858	-0.130477	0.308091	
7.53832	-0.129624	0.307719	
7.53806	-0.128776	0.307534	
7.5378	-0.127933	0.307774	
7.53755	-0.127096	0.307507	
7.5373	-0.126264	0.307231	
7.53705	-0.125437	0.307159	
7.5368	-0.124616	0.306791	
7.53655	-0.1238	0.306381	
7.5363	-0.122988	0.306481	
7.53606	-0.122182	0.306073	
7.53582	-0.121381	0.305728	
7.53558	-0.120585	0.305588	
7.53534	-0.119795	0.305139	
7.5351	-0.119009	0.304828	
7.53486	-0.118228	0.304585	
7.53463	-0.117452	0.304035	
7.53439	-0.11668	0.303273	
7.53416	-0.115914	0.302551	
7.53393	-0.115153	0.301852	
7.5337	-0.114396	0.301285	
7.53348	-0.113644	0.300993	
7.53325	-0.112897	0.300711	
7.53303	-0.112155	0.300895	
7.5328	-0.111417	0.300856	
7.53258	-0.110684	0.300508	
7.53236	-0.109956	0.30014	
7.53214	-0.109232	0.299658	
7.53193	-0.108513	0.299693	
7.53171	-0.107798	0.299447	
7.5315	-0.107088	0.29908	
7.53128	-0.106383	0.298815	
7.53107	-0.105682	0.29834	
7.53086	-0.104985	0.298175	
7.53065	-0.104293	0.297912	
7.53045	-0.103605	0.29806	
7.53024	-0.102922	0.297934	
7.53004	-0.102243	0.298005	
7.52983	-0.101568	0.298381	
7.52963	-0.100897	0.298331	
7.52943	-0.100231	0.298056	
7.52923	-0.0995694	0.297858	
7.52903	-0.0989116	0.297305	
7.52884	-0.0982581	0.296322	
7.52864	-0.0976088	0.295832	
7.52845	-0.0969636	0.295703	
7.52825	-0.0963225	0.295549	
7.52806	-0.0956855	0.295267	
7.52787	-0.0950526	0.294731	
7.52768	-0.0944237	0.294337	
7.5275	-0.0937988	0.293527	
7.52731	-0.093178	0.293067	
7.52713	-0.0925611	0.292219	
7.52694	-0.0919481	0.291739	
7.52676	-0.0913391	0.291274	
7.52658	-0.0907339	0.29123	
7.5264	-0.0901327	0.290703	
7.52622	-0.0895353	0.290646	
7.52604	-0.0889417	0.29069	
7.52586	-0.0883519	0.290805	
7.52569	-0.0877659	0.29078	
7.52551	-0.0871837	0.290643	
7.52534	-0.0866052	0.290811	
7.52517	-0.0860304	0.291018	
7.525	-0.0854594	0.291873	
7.52483	-0.0848919	0.292154	
7.52466	-0.0843282	0.292433	
7.52449	-0.083768	0.293206	
7.52433	-0.0832114	0.293766	
7.52416	-0.0826585	0.294704	
7.524	-0.0821091	0.294911	
7.52383	-0.0815632	0.294973	
7.52367	-0.0810208	0.295714	
7.52351	-0.0804819	0.297026	
7.52335	-0.0799465	0.297601	
7.52319	-0.0794146	0.298439	
7.52303	-0.0788861	0.299015	
7.52288	-0.0783609	0.299906	
7.52272	-0.0778392	0.301435	
7.52257	-0.0773209	0.303069	
7.52241	-0.0768058	0.30422	
7.52226	-0.0762941	0.304925	
7.52211	-0.0757857	0.305567	
7.52196	-0.0752806	0.305891	
7.52181	-0.0747788	0.307024	
7.52166	-0.0742802	0.308292	
7.52151	-0.0737848	0.30917	
7.52137	-0.0732927	0.310746	
7.52122	-0.0728037	0.311524	
7.52108	-0.0723179	0.312452	
7.52093	-0.0718352	0.313531	
7.52079	-0.0713556	0.314713	
7.52065	-0.0708792	0.315582	
7.52051	-0.0704058	0.315983	
7.52037	-0.0699355	0.316786	
7.52023	-0.0694683	0.316878	
7.52009	-0.0690041	0.317567	
7.51995	-0.0685429	0.317674	
7.51982	-0.0680847	0.318753	
7.51968	-0.0676294	0.319257	
7.51955	-0.0671771	0.319551	
7.51941	-0.0667278	0.319749	
7.51928	-0.0662814	0.320419	
7.51915	-0.0658379	0.320512	
7.51902	-0.0653972	0.320585	
7.51889	-0.0649594	0.320654	
7.51876	-0.0645245	0.321961	
7.51863	-0.0640924	0.322066	
7.5185	-0.0636631	0.322267	
7.51838	-0.0632366	0.322185	
7.51825	-0.0628129	0.322826	
7.51813	-0.062392	0.322957	
7.518	-0.0619738	0.322952	
7.51788	-0.0615583	0.322753	
7.51776	-0.0611455	0.32225	
7.51764	-0.0607354	0.322975	
7.51752	-0.060328	0.322447	
7.5174	-0.0599232	0.321854	
7.51728	-0.0595211	0.320941	
7.51716	-0.0591216	0.320337	
7.51704	-0.0587247	0.320216	
7.51692	-0.0583304	0.318881	
7.51681	-0.0579387	0.317597	
7.51669	-0.0575496	0.316666	
7.51658	-0.0571629	0.316148	
7.51647	-0.0567789	0.315576	
7.51635	-0.0563973	0.315268	
7.51624	-0.0560182	0.3148	
7.51613	-0.0556416	0.314624	
7.51602	-0.0552675	0.313692	
7.51591	-0.0548958	0.313722	
7.5158	-0.0545265	0.313228	
7.51569	-0.0541597	0.312282	
7.51558	-0.0537953	0.312389	
7.51548	-0.0534332	0.311211	
7.51537	-0.0530735	0.310051	
7.51527	-0.0527162	0.309289	
7.51516	-0.0523613	0.307887	
7.51506	-0.0520086	0.306326	
7.51495	-0.0516583	0.305029	
7.51485	-0.0513103	0.303606	
7.51475	-0.0509645	0.302487	
7.51465	-0.0506211	0.301768	
7.51455	-0.0502798	0.300684	
7.51445	-0.0499409	0.300234	
7.51435	-0.0496041	0.300206	
7.51425	-0.0492696	0.299221	
7.51415	-0.0489372	0.29848	
7.51405	-0.0486071	0.298617	
7.51396	-0.0482791	0.298504	
7.51386	-0.0479533	0.297967	
7.51377	-0.0476296	0.298325	
7.51367	-0.0473081	0.298064	
7.51358	-0.0469886	0.297274	
7.51348	-0.0466713	0.29814	
7.51339	-0.0463561	0.298731	
7.5133	-0.0460429	0.298507	
7.51321	-0.0457318	0.298013	
7.51312	-0.0454228	0.298206	
7.51303	-0.0451158	0.297357	
7.51294	-0.0448108	0.295941	
7.51285	-0.0445078	0.29606	
7.51276	-0.0442069	0.295487	
7.51267	-0.0439079	0.294663	
7.51259	-0.0436109	0.294296	
7.5125	-0.0433158	0.293685	
7.51241	-0.0430227	0.29296	
7.51233	-0.0427315	0.292315	
7.51224	-0.0424423	0.292015	
7.51216	-0.042155	0.292589	
7.51207	-0.0418696	0.291811	
7.51199	-0.041586	0.290675	
7.51191	-0.0413043	0.290164	
7.51183	-0.0410245	0.290139	
7.51174	-0.0407466	0.290806	
7.51166	-0.0404705	0.29079	
7.51158	-0.0401962	0.290208	
7.5115	-0.0399237	0.289452	
7.51142	-0.039653	0.289432	
7.51135	-0.0393842	0.289973	
7.51127	-0.0391171	0.289409	
7.51119	-0.0388518	0.28932	
7.51111	-0.0385882	0.289311	
7.51104	-0.0383264	0.28897	
7.51096	-0.0380663	0.289525	
7.51088	-0.0378079	0.289636	
7.51081	-0.0375513	0.288774	
7.51073	-0.0372964	0.288813	
7.51066	-0.0370431	0.288417	
7.51059	-0.0367916	0.287914	
7.51051	-0.0365417	0.287717	
7.51044	-0.0362934	0.287442	
7.51037	-0.0360468	0.286612	
7.5103	-0.0358019	0.286114	
7.51023	-0.0355586	0.285495	
7.51016	-0.0353169	0.285162	
7.51009	-0.0350768	0.285601	
7.51002	-0.0348383	0.286268	
7.50995	-0.0346014	0.286187	
7.50988	-0.034366	0.286594	
7.50981	-0.0341323	0.286372	
7.50974	-0.0339001	0.286434	
7.50967	-0.0336694	0.28763	
7.50961	-0.0334403	0.288819	
7.50954	-0.0332127	0.289738	
7.50948	-0.0329866	0.29094	
7.50941	-0.032762	0.291293	
7.50934	-0.0325389	0.291908	
7.50928	-0.0323173	0.294576	
7.50922	-0.0320972	0.295686	
7.50915	-0.0318785	0.297516	
7.50909	-0.0316613	0.299156	
7.50903	-0.0314456	0.300255	
7.50896	-0.0312313	0.301745	
7.5089	-0.0310184	0.302885	
7.50884	-0.0308069	0.303578	
7.50878	-0.0305969	0.303903	
7.50872	-0.0303882	0.304584	
7.50866	-0.030181	0.30405	
7.5086	-0.0299751	0.303701	
7.50854	-0.0297706	0.303468	
7.50848	-0.0295675	0.301966	
7.50842	-0.0293657	0.3002	
7.50836	-0.0291653	0.297898	
7.5083	-0.0289662	0.295514	
7.50825	-0.0287685	0.293278	
7.50819	-0.0285721	0.291497	
7.50813	-0.028377	0.289744	
7.50808	-0.0281832	0.286469	
7.50802	-0.0279907	0.28292	
7.50796	-0.0277994	0.279528	
7.50791	-0.0276095	0.276625	
7.50785	-0.0274208	0.274155	
7.5078	-0.0272334	0.270253	
7.50775	-0.0270473	0.267618	
7.50769	-0.0268624	0.264443	
7.50764	-0.0266787	0.261447	
7.50759	-0.0264963	0.257564	
7.50753	-0.0263151	0.253873	
7.50748	-0.0261351	0.250865	
7.50743	-0.0259563	0.24818	
7.50738	-0.0257787	0.245857	
7.50733	-0.0256023	0.242176	
7.50728	-0.0254271	0.239225	
7.50722	-0.0252531	0.236617	
7.50717	-0.0250802	0.234662	
7.50712	-0.0249085	0.233274	
7.50708	-0.024738	0.232781	
7.50703	-0.0245686	0.23209	
7.50698	-0.0244003	0.232561	
7.50693	-0.0242332	0.233564	
7.50688	-0.0240672	0.234608	
7.50683	-0.0239023	0.236059	
7.50679	-0.0237385	0.238307	
7.50674	-0.0235758	0.241475	
7.50669	-0.0234142	0.244531	
7.50664	-0.0232537	0.248429	
7.5066	-0.0230943	0.252473	
7.50655	-0.0229359	0.256833	
7.50651	-0.0227786	0.26079	
7.50646	-0.0226224	0.265091	
7.50642	-0.0224672	0.269483	
7.50637	-0.0223131	0.273827	
7.50633	-0.02216	0.278629	
7.50628	-0.0220079	0.283025	
7.50624	-0.0218569	0.288402	
7.5062	-0.0217069	0.29238	
7.50615	-0.0215579	0.296534	
7.50611	-0.0214099	0.301178	
7.50607	-0.0212629	0.304679	
7.50603	-0.0211168	0.307873	
7.50598	-0.0209718	0.310371	
7.50594	-0.0208278	0.312296	
7.5059	-0.0206847	0.314192	
7.50586	-0.0205426	0.314654	
7.50582	-0.0204014	0.313396	
7.50578	-0.0202612	0.311741	
7.50574	-0.0201219	0.309128	
7.5057	-0.0199836	0.306606	
7.50566	-0.0198462	0.302919	
7.50562	-0.0197098	0.297442	
7.50558	-0.0195743	0.293255	
7.50554	-0.0194396	0.289173	
7.5055	-0.0193059	0.284336	
7.50546	-0.0191731	0.28136	
7.50543	-0.0190412	0.278923	
7.50539	-0.0189102	0.275057	
7.50535	-0.0187801	0.271204	
7.50531	-0.0186508	0.268968	
7.50528	-0.0185225	0.266406	
7.50524	-0.018395	0.263821	
7.5052	-0.0182683	0.262881	
7.50517	-0.0181425	0.262415	
7.50513	-0.0180176	0.261851	
7.5051	-0.0178935	0.261111	
7.50506	-0.0177703	0.260195	
7.50502	-0.0176479	0.259866	
7.50499	-0.0175263	0.258943	
7.50495	-0.0174055	0.257688	
7.50492	-0.0172856	0.25753	
7.50489	-0.0171664	0.256137	
7.50485	-0.0170481	0.255336	
7.50482	-0.0169306	0.256561	
7.50478	-0.0168139	0.256672	
7.50475	-0.0166979	0.257135	
7.50472	-0.0165828	0.257183	
7.50468	-0.0164684	0.257721	
7.50465	-0.0163548	0.258377	
7.50462	-0.016242	0.257231	
7.50459	-0.01613	0.25547	
7.50456	-0.0160187	0.255856	
7.50452	-0.0159082	0.254075	
7.50449	-0.0157984	0.253506	
7.50446	-0.0156893	0.252332	
7.50443	-0.015581	0.251643	
7.5044	-0.0154735	0.250457	
7.50437	-0.0153666	0.24791	
7.50434	-0.0152605	0.245725	
7.50431	-0.0151551	0.244567	
7.50428	-0.0150505	0.242914	
7.50425	-0.0149465	0.240736	
7.50422	-0.0148433	0.240296	
7.50419	-0.0147407	0.23906	
7.50416	-0.0146389	0.238779	
7.50413	-0.0145377	0.237554	
7.5041	-0.0144372	0.23666	
7.50407	-0.0143374	0.236817	
7.50404	-0.0142383	0.236244	
7.50401	-0.0141399	0.235483	
7.50399	-0.0140421	0.234894	
7.50396	-0.013945	0.234726	
7.50393	-0.0138486	0.236254	
7.5039	-0.0137528	0.235582	
7.50388	-0.0136577	0.236016	
7.50385	-0.0135632	0.237115	
7.50382	-0.0134694	0.238141	
7.5038	-0.0133762	0.239611	
7.50377	-0.0132836	0.24183	
7.50374	-0.0131917	0.243331	
7.50372	-0.0131004	0.24543	
7.50369	-0.0130097	0.246513	
7.50366	-0.0129196	0.249942	
7.50364	-0.0128302	0.253482	
7.50361	-0.0127413	0.256094	
7.50359	-0.0126531	0.259051	
7.50356	-0.0125655	0.261659	
7.50354	-0.0124784	0.263161	
7.50351	-0.012392	0.265484	
7.50349	-0.0123061	0.265843	
7.50346	-0.0122209	0.26732	
7.50344	-0.0121362	0.267242	
7.50342	-0.0120521	0.267077	
7.50339	-0.0119686	0.265155	
7.50337	-0.0118856	0.262426	
7.50334	-0.0118032	0.259005	
7.50332	-0.0117214	0.256951	
7.5033	-0.0116401	0.252353	
7.50327	-0.0115594	0.25026	
7.50325	-0.0114792	0.245519	
7.50323	-0.0113996	0.24227	
7.50321	-0.0113205	0.239657	
7.50318	-0.011242	0.238093	
7.50316	-0.011164	0.235424	
7.50314	-0.0110866	0.233962	
7.50312	-0.0110096	0.230909	
7.5031	-0.0109332	0.229692	
7.50307	-0.0108573	0.229071	
7.50305	-0.010782	0.229064	
7.50303	-0.0107071	0.227335	
7.50301	-0.0106328	0.226008	
7.50299	-0.010559	0.225942	
7.50297	-0.0104857	0.224863	
7.50295	-0.0104128	0.224863	
7.50293	-0.0103405	0.223232	
7.50291	-0.0102687	0.222368	
7.50288	-0.0101974	0.221264	
7.50286	-0.0101265	0.221549	
7.50284	-0.0100562	0.221419	
7.50282	-0.00998628	0.223083	
7.5028	-0.00991689	0.223553	
7.50278	-0.00984797	0.225571	
7.50277	-0.00977952	0.227351	
7.50275	-0.00971154	0.228495	
7.50273	-0.00964403	0.230363	
7.50271	-0.00957697	0.231605	
7.50269	-0.00951038	0.23377	
7.50267	-0.00944425	0.236553	
7.50265	-0.00937857	0.237608	
7.50263	-0.00931334	0.238776	
7.50261	-0.00924856	0.23968	
7.5026	-0.00918422	0.240675	
7.50258	-0.00912033	0.242531	
7.50256	-0.00905687	0.241982	
7.50254	-0.00899385	0.241283	
7.50252	-0.00893126	0.240807	
7.50251	-0.0088691	0.240364	
7.50249	-0.00880737	0.239844	
7.50247	-0.00874606	0.239172	
7.50245	-0.00868518	0.237885	
7.50244	-0.00862471	0.238744	
7.50242	-0.00856466	0.239629	
7.5024	-0.00850502	0.240167	
7.50238	-0.00844579	0.240865	
7.50237	-0.00838696	0.241409	
7.50235	-0.00832854	0.241155	
7.50233	-0.00827053	0.238589	
7.50232	-0.00821291	0.238503	
7.5023	-0.00815569	0.237086	
7.50229	-0.00809886	0.236731	
7.50227	-0.00804242	0.235603	
7.50225	-0.00798637	0.235325	
7.50224	-0.00793071	0.234467	
7.50222	-0.00787543	0.236011	
7.50221	-0.00782053	0.234433	
7.50219	-0.00776601	0.235739	
7.50218	-0.00771186	0.233955	
7.50216	-0.00765809	0.234501	
7.50214	-0.00760469	0.23366	
7.50213	-0.00755165	0.232526	
7.50211	-0.00749898	0.23237	
7.5021	-0.00744667	0.229701	
7.50209	-0.00739473	0.227546	
7.50207	-0.00734314	0.225008	
7.50206	-0.0072919	0.221988	
7.50204	-0.00724102	0.220278	
7.50203	-0.00719049	0.219833	
7.50201	-0.00714031	0.217106	
7.502	-0.00709047	0.21736	
7.50198	-0.00704098	0.216897	
7.50197	-0.00699183	0.217149	
7.50196	-0.00694302	0.217452	
7.50194	-0.00689454	0.218517	
7.50193	-0.0068464	0.220291	
7.50192	-0.00679859	0.221415	
7.5019	-0.00675111	0.223684	
7.50189	-0.00670396	0.226804	
7.50188	-0.00665713	0.230222	
7.50186	-0.00661063	0.232362	
7.50185	-0.00656445	0.236236	
7.50184	-0.00651859	0.239008	
7.50182	-0.00647304	0.2428	
7.50181	-0.00642781	0.242325	
7.5018	-0.00638289	0.243871	
7.50178	-0.00633828	0.244638	
7.50177	-0.00629398	0.24139	
7.50176	-0.00624998	0.237698	
7.50175	-0.00620629	0.232359	
7.50173	-0.0061629	0.227799	
7.50172	-0.00611981	0.222828	
7.50171	-0.00607702	0.217237	
7.5017	-0.00603452	0.209056	
7.50169	-0.00599232	0.20314	
7.50167	-0.00595041	0.196637	
7.50166	-0.00590879	0.1908	
7.50165	-0.00586745	0.184986	
7.50164	-0.0058264	0.180267	
7.50163	-0.00578564	0.175178	
7.50162	-0.00574516	0.171056	
7.50161	-0.00570496	0.16729	
7.50159	-0.00566503	0.166477	
7.50158	-0.00562539	0.164409	
7.50157	-0.00558601	0.164377	
7.50156	-0.00554691	0.165714	
7.50155	-0.00550808	0.167959	
7.50154	-0.00546952	0.171137	
7.50153	-0.00543123	0.174637	
7.50152	-0.0053932	0.178326	
7.50151	-0.00535543	0.185093	
7.50149	-0.00531793	0.189989	
7.50148	-0.00528068	0.197101	
7.50147	-0.00524369	0.204735	
7.50146	-0.00520696	0.211865	
7.50145	-0.00517049	0.21831	
7.50144	-0.00513426	0.224553	
7.50143	-0.00509829	0.229492	
7.50142	-0.00506257	0.234295	
7.50141	-0.00502709	0.237211	
7.5014	-0.00499186	0.239687	
7.50139	-0.00495688	0.238746	
7.50138	-0.00492214	0.235909	
7.50137	-0.00488763	0.23118	
7.50136	-0.00485337	0.223155	
7.50135	-0.00481934	0.220763	
7.50134	-0.00478556	0.218443	
7.50133	-0.004752	0.212538	
7.50133	-0.00471868	0.20956	
7.50132	-0.00468559	0.205361	
7.50131	-0.00465273	0.200183	
7.5013	-0.00462009	0.194735	
7.50129	-0.00458768	0.189337	
7.50128	-0.0045555	0.184797	
7.50127	-0.00452354	0.182546	
7.50126	-0.00449181	0.182217	
7.50125	-0.00446029	0.181944	
7.50124	-0.00442899	0.182134	
7.50123	-0.00439791	0.183505	
7.50123	-0.00436705	0.182274	
7.50122	-0.0043364	0.184512	
7.50121	-0.00430596	0.188446	
7.5012	-0.00427573	0.192527	
7.50119	-0.00424572	0.198928	
7.50118	-0.00421591	0.203343	
7.50117	-0.00418631	0.20913	
7.50117	-0.00415691	0.215562	
7.50116	-0.00412772	0.221329	
7.50115	-0.00409874	0.22656	
7.50114	-0.00406995	0.229525	
7.50113	-0.00404136	0.23218	
7.50113	-0.00401298	0.231912	
7.50112	-0.00398479	0.227709	
7.50111	-0.00395679	0.221338	
7.5011	-0.00392899	0.217219	
7.50109	-0.00390139	0.215987	
7.50109	-0.00387397	0.210032	
7.50108	-0.00384675	0.21108	
7.50107	-0.00381972	0.210622	
7.50106	-0.00379287	0.207596	
7.50106	-0.00376621	0.207257	
7.50105	-0.00373974	0.203716	
7.50104	-0.00371345	0.199248	
7.50103	-0.00368734	0.195732	
7.50103	-0.00366142	0.193139	
7.50102	-0.00363567	0.192688	
7.50101	-0.00361011	0.194609	
7.501	-0.00358472	0.194348	
7.501	-0.00355951	0.197887	
7.50099	-0.00353448	0.197058	
7.50098	-0.00350962	0.198074	
7.50098	-0.00348493	0.201301	
7.50097	-0.00346042	0.202961	
7.50096	-0.00343607	0.205225	
7.50096	-0.0034119	0.208599	
7.50095	-0.00338789	0.211886	
7.50094	-0.00336405	0.216757	
7.50094	-0.00334038	0.218642	
7.50093	-0.00331687	0.223528	
7.50092	-0.00329353	0.222057	
7.50092	-0.00327034	0.224621	
7.50091	-0.00324732	0.223356	
7.5009	-0.00322447	0.223239	
7.5009	-0.00320177	0.222093	
7.50089	-0.00317922	0.224061	
7.50088	-0.00315684	0.223353	
7.50088	-0.00313461	0.219836	
7.50087	-0.00311254	0.216507	
7.50086	-0.00309062	0.208825	
7.50086	-0.00306885	0.199906	
7.50085	-0.00304724	0.192092	
7.50085	-0.00302577	0.18672	
7.50084	-0.00300446	0.185454	
7.50083	-0.00298329	0.184199	
7.50083	-0.00296228	0.185046	
7.50082	-0.00294141	0.188641	
7.50082	-0.00292068	0.192711	
7.50081	-0.0029001	0.193837	
7.50081	-0.00287966	0.196529	
7.5008	-0.00285937	0.198539	
7.50079	-0.00283922	0.198655	
7.50079	-0.00281921	0.205277	
7.50078	-0.00279933	0.210132	
7.50078	-0.0027796	0.216637	
7.50077	-0.00276001	0.226143	
7.50077	-0.00274055	0.227231	
7.50076	-0.00272123	0.232428	
7.50076	-0.00270204	0.23325	
7.50075	-0.00268298	0.22637	
7.50074	-0.00266406	0.221087	
7.50074	-0.00264528	0.211538	
7.50073	-0.00262662	0.200777	
7.50073	-0.00260809	0.199214	
7.50072	-0.0025897	0.196953	
7.50072	-0.00257143	0.199149	
7.50071	-0.00255329	0.201108	
7.50071	-0.00253527	0.202716	
7.5007	-0.00251739	0.205022	
7.5007	-0.00249962	0.201177	
7.50069	-0.00248199	0.201551	
7.50069	-0.00246447	0.196776	
7.50068	-0.00244708	0.199297	
7.50068	-0.00242981	0.201484	
7.50067	-0.00241266	0.203182	
7.50067	-0.00239563	0.207418	
7.50066	-0.00237872	0.209647	
7.50066	-0.00236192	0.210371	
7.50066	-0.00234525	0.206765	
7.50065	-0.00232869	0.208669	
7.50065	-0.00231225	0.204081	
7.50064	-0.00229592	0.201829	
7.50064	-0.00227971	0.197188	
7.50063	-0.00226361	0.198081	
7.50063	-0.00224762	0.202131	
7.50062	-0.00223175	0.207119	
7.50062	-0.00221598	0.211997	
7.50061	-0.00220033	0.216896	
7.50061	-0.00218479	0.213391	
7.50061	-0.00218479	0.213391	
7.50061	-0.00218479	0.213391	
7.50061	-0.00218479	0.213391	
7.50061	-0.00218479	0.213391	
7.50061	-0.00218479	0.213391	
7.50061	-0.00218479	0.213391	
7.50061	-0.00218479	0.213391	
7.50061	-0.00218479	0.213391	
7.50061	-0.00218479	0.213391	
7.50061	-0.00218479	0.213391	
7.50061	-0.00216935	0.212607	
7.5006	-0.00215403	0.207245	
7.5006	-0.00213881	0.199648	
7.50059	-0.00212369	0.194608	
7.50059	-0.00210869	0.189839	
7.50058	-0.00209378	0.18543	
7.50058	-0.00207899	0.180126	
7.50058	-0.00206429	0.184934	
7.50057	-0.0020497	0.187075	
7.50057	-0.00203522	0.192303	
7.50057	-0.00203522	0.192303	
7.50057	-0.00203522	0.192303	
7.50057	-0.00203522	0.192303	
7.50057	-0.00203522	0.192303	
7.50057	-0.00203522	0.192303	
7.50057	-0.00203522	0.192303	
7.50057	-0.00203522	0.192303	
7.50057	-0.00203522	0.192303	
7.50057	-0.00203522	0.192303	
7.50057	-0.00203522	0.192303	
7.50057	-0.00203522	0.192303	
7.50057	-0.00203522	0.192303	
7.50057	-0.00203522	0.192303	
7.50057	-0.00203522	0.192303	
7.50057	-0.00203522	0.192303	
7.50057	-0.00203522	0.192303	
7.50057	-0.00203522	0.192303	
7.50057	-0.00203522	0.192303	
7.50057	-0.00203522	0.192303	
7.50057	-0.00203522	0.192303	
7.50057	-0.00203522	0.192303	
7.50057	-0.00203522	0.192303	
7.50057	-0.00203522	0.192303	
7.50057	-0.00203522	0.192303	
7.50057	-0.00203522	0.192303	
7.50057	-0.00203522	0.192303	
7.50057	-0.00203522	0.192303	
7.50057	-0.00203522	0.192303	
7.50057	-0.00203522	0.192303	
7.50057	-0.00203522	0.192303	
7.50057	-0.00203522	0.192303	
7.50057	-0.00203522	0.192303	
7.50057	-0.00203522	0.192303	
7.50057	-0.00203522	0.192303	
7.50057	-0.00203522	0.192303	
7.50057	-0.00203522	0.192303	
7.50057	-0.00203522	0.192303	
7.50057	-0.00203522	0.192303	
7.50057	-0.00203522	0.192303	
7.50057	-0.00203522	0.192303	
7.50057	-0.00203522	0.192303	
7.50057	-0.00203522	0.192303	
7.50057	-0.00203522	0.192303	
7.50057	-0.00203522	0.192303	
7.50057	-0.00203522	0.192303	
7.50057	-0.00203522	0.192303	
7.50057	-0.00203522	0.192303	
7.50057	-0.00203522	0.192303	
7.50057	-0.00203522	0.192303	
7.50057	-0.00203522	0.192303	
7.50057	-0.00203522	0.192303	
7.50057	-0.00203522	0.192303	
7.50057	-0.00203522	0.192303	
7.50057	-0.00203522	0.192303	
7.50057	-0.00203522	0.192303	
7.50057	-0.00203522	0.192303	
7.50057	-0.00203522	0.192303	
7.50057	-0.00203522	0.192303	
7.50057	-0.00203522	0.192303	
7.50057	-0.00203522	0.192303	
7.50057	-0.00203522	0.192303	
7.50057	-0.00203522	0.192303	
7.50057	-0.00203522	0.192303	
7.50057	-0.00203522	0.192303	
7.50057	-0.00203522	0.192303	
7.50057	-0.00203522	0.192303	
7.50057	-0.00203522	0.192303	
7.50057	-0.00203522	0.192303	
7.50057	-0.00203522	0.192303	
7.50057	-0.00203522	0.192303	
7.50057	-0.00203522	0.192303	
7.50057	-0.00203522	0.192303	
7.50057	-0.00203522	0.192303	
7.50057	-0.00203522	0.192303	
7.50057	-0.00203522	0.192303	
7.50057	-0.00203522	0.192303	
7.50057	-0.00203522	0.192303	
7.50057	-0.00203522	0.192303	
7.50057	-0.00203522	0.192303	
7.50057	-0.00203522	0.192303	
7.50057	-0.00203522	0.192303	
7.50057	-0.00203522	0.192303	
7.50057	-0.00203522	0.192303	
7.50057	-0.00203522	0.192303	
7.50057	-0.00203522	0.192303	
7.50057	-0.00203522	0.192303	
7.50057	-0.00203522	0.192303	
7.50057	-0.00203522	0.192303	
7.50057	-0.00203522	0.192303	
7.50057	-0.00203522	0.192303	
7.50057	-0.00203522	0.192303	
7.50057	-0.00203522	0.192303	
7.50057	-0.00203522	0.192303	
7.50057	-0.00203522	0.192303	
7.50057	-0.00203522	0.192303	
7.50057	-0.00203522	0.192303	
7.50057	-0.00203522	0.192303	
7.50057	-0.00203522	0.192303	
7.50057	-0.00203522	0.192303	
7.50057	-0.00203522	0.192303	
7.50057	-0.00203522	0.192303	
7.50057	-0.00203522	0.192303	
7.50057	-0.00203522	0.192303	
7.50057	-0.00203522	0.192303	
7.50057	-0.00203522	0.192303	
7.50057	-0.00203522	0.192303	
7.50057	-0.00203522	0.192303	
7.50057	-0.00203522	0.192303	
7.50057	-0.00203522	0.192303	
7.50057	-0.00203522	0.192303	
7.50057	-0.00203522	0.192303	
7.50057	-0.00203522	0.192303	
7.50057	-0.00203522	0.192303	
7.50057	-0.00203522	0.192303	
7.50057	-0.00203522	0.192303	
7.50057	-0.00203522	0.192303	
7.50057	-0.00203522	0.192303	
7.50057	-0.00203522	0.192303	
7.50057	-0.00203522	0.192303	
7.50057	-0.00203522	0.192303	
7.50057	-0.00203522	0.192303	
7.50057	-0.00203522	0.192303	
7.50057	-0.00203522	0.192303	
7.50057	-0.00203522	0.192303	
7.50057	-0.00203522	0.192303	
7.50057	-0.00203522	0.192303	
7.50057	-0.00203522	0.192303	
7.50057	-0.00203522	0.192303	
7.50057	-0.00203522	0.192303	
7.50057	-0.00203522	0.192303	
7.50057	-0.00203522	0.192303	
7.50057	-0.00203522	0.192303	
7.50057	-0.00203522	0.192303	
7.50057	-0.00203522	0.192303	
7.50057	-0.00203522	0.192303	
7.50057	-0.00203522	0.192303	
7.50057	-0.00203522	0.192303	
7.50057	-0.00203522	0.192303	
7.50057	-0.00203522	0.192303	
7.50057	-0.00203522	0.192303	
7.50057	-0.00203522	0.192303	
7.50057	-0.00203522	0.192303	
7.50057	-0.00203522	0.192303	
7.50057	-0.00203522	0.192303	
7.50057	-0.00203522	0.192303	
7.50057	-0.00203522	0.192303	
7.50057	-0.00203522	0.192303	
7.50057	-0.00203522	0.192303	
7.50057	-0.00203522	0.192303	
7.50057	-0.00203522	0.192303	
7.50057	-0.00203522	0.192303	
7.50057	-0.00203522	0.192303	
7.50057	-0.00203522	0.192303	
7.50057	-0.00203522	0.192303	
7.50057	-0.00203522	0.192303	
7.50057	-0.00203522	0.192303	
7.50057	-0.00203522	0.192303	
7.50057	-0.00203522	0.192303	
7.50057	-0.00203522	0.192303	
7.50057	-0.00203522	0.192303	
7.50057	-0.00203522	0.192303	
7.50057	-0.00203522	0.192303	
7.50057	-0.00203522	0.192303	
7.50057	-0.00203522	0.192303	
7.50057	-0.00203522	0.192303	
7.50057	-0.00203522	0.192303	
7.50057	-0.00203522	0.192303	
7.50057	-0.00203522	0.192303	
7.50057	-0.00203522	0.192303	
7.50057	-0.00203522	0.192303	
7.50057	-0.00203522	0.192303	
7.50057	-0.00203522	0.192303	
7.50057	-0.00203522	0.192303	
7.50057	-0.00203522	0.192303	
7.50057	-0.00203522	0.192303	
7.50057	-0.00203522	0.192303	
7.50057	-0.00203522	0.192303	
7.50057	-0.00203522	0.192303	
7.50057	-0.00203522	0.192303	
7.50057	-0.00203522	0.192303	
7.50057	-0.00203522	0.192303	
7.50057	-0.00203522	0.192303	
7.50057	-0.00203522	0.192303	
7.50057	-0.00203522	0.192303	
7.50057	-0.00203522	0.192303	
7.50057	-0.00203522	0.192303	
7.50057	-0.00203522	0.192303	
7.50057	-0.00203522	0.192303	
7.50057	-0.00203522	0.192303	
7.50057	-0.00203522	0.192303	
7.50057	-0.00203522	0.192303	
7.50057	-0.00203522	0.192303	
7.50057	-0.00203522	0.192303	
7.50057	-0.00203522	0.192303	
7.50057	-0.00203522	0.192303	
7.50057	-0.00203522	0.192303	
7.50057	-0.00203522	0.192303	
7.50057	-0.00203522	0.192303	
7.50057	-0.00203522	0.192303	
7.50057	-0.00203522	0.192303	
7.50057	-0.00203522	0.192303	
7.50057	-0.00203522	0.192303	
7.50057	-0.00203522	0.192303	
7.50057	-0.00203522	0.192303	
7.50057	-0.00203522	0.192303	
7.50057	-0.00203522	0.192303	
7.50057	-0.00203522	0.192303	
7.50057	-0.00203522	0.192303	
7.50057	-0.00203522	0.192303	
7.50057	-0.00203522	0.192303	
7.50057	-0.00203522	0.192303	
7.50057	-0.00203522	0.192303	
7.50057	-0.00203522	0.192303	
7.50057	-0.00203522	0.192303	
7.50057	-0.00203522	0.192303	
7.50057	-0.00203522	0.192303	
7.50057	-0.00203522	0.192303	
7.50057	-0.00203522	0.192303	
7.50057	-0.00203522	0.192303	
7.50057	-0.00203522	0.192303	
7.50057	-0.00203522	0.192303	
7.50057	-0.00203522	0.192303	
7.50057	-0.00203522	0.192303	
7.50057	-0.00203522	0.192303	
7.50057	-0.00203522	0.192303	
7.50057	-0.00203522	0.192303	
7.50057	-0.00203522	0.192303	
7.50057	-0.00203522	0.192303	
7.50057	-0.00203522	0.192303	
7.50057	-0.00203522	0.192303	
7.50057	-0.00203522	0.192303	
7.50057	-0.00203522	0.192303	
7.50057	-0.00203522	0.192303	
7.50057	-0.00203522	0.192303	
7.50057	-0.00203522	0.192303	
7.50057	-0.00203522	0.192303	
7.50057	-0.00203522	0.192303	
7.50057	-0.00203522	0.192303	
7.50057	-0.00203522	0.192303	
7.50057	-0.00203522	0.192303	
7.50057	-0.00203522	0.192303	
7.50057	-0.00203522	0.192303	
7.50057	-0.00203522	0.192303	
7.50057	-0.00203522	0.192303	
7.50057	-0.00203522	0.192303	
7.50057	-0.00203522	0.192303	
7.50057	-0.00203522	0.192303	
7.50057	-0.00203522	0.192303	
7.50057	-0.00203522	0.192303	
7.50057	-0.00203522	0.192303	
7.50057	-0.00203522	0.192303	
7.50057	-0.00203522	0.192303	
7.50057	-0.00203522	0.192303	
7.50057	-0.00203522	0.192303	
7.50057	-0.00203522	0.192303	
7.50057	-0.00203522	0.192303	
7.50057	-0.00203522	0.192303	
7.50057	-0.00203522	0.192303	
7.50057	-0.00203522	0.192303	
7.50057	-0.00203522	0.192303	
7.50057	-0.00203522	0.192303	
7.50057	-0.00203522	0.192303	
7.50057	-0.00203522	0.192303	
7.50057	-0.00203522	0.192303	
7.50057	-0.00203522	0.192303	
7.50057	-0.00203522	0.192303	
7.50057	-0.00203522	0.192303	
7.50057	-0.00203522	0.192303	
7.50057	-0.00203522	0.192303	
7.50057	-0.00203522	0.192303	
7.50057	-0.00203522	0.192303	
7.50057	-0.00203522	0.192303	
7.50057	-0.00203522	0.192303	
7.50057	-0.00203522	0.192303	
7.50057	-0.00203522	0.192303	
7.50057	-0.00203522	0.192303	
7.50057	-0.00203522	0.192303	
7.50057	-0.00203522	0.192303	
7.50057	-0.00203522	0.192303	
7.50057	-0.00203522	0.192303	
7.50057	-0.00203522	0.192303	
7.50057	-0.00203522	0.192303	
7.50057	-0.00203522	0.192303	
7.50057	-0.00203522	0.192303	
7.50057	-0.00203522	0.192303	
7.50057	-0.00203522	0.192303	
7.50057	-0.00203522	0.192303	
7.50057	-0.00203522	0.192303	
7.50057	-0.00203522	0.192303	
7.50057	-0.00203522	0.192303	
7.50057	-0.00203522	0.192303	
7.50057	-0.00203522	0.192303	
7.50057	-0.00203522	0.192303	
7.50057	-0.00203522	0.192303	
7.50057	-0.00203522	0.192303	
7.50057	-0.00203522	0.192303	
7.50057	-0.00203522	0.192303	
7.50057	-0.00203522	0.192303	
7.50057	-0.00203522	0.192303	
7.50057	-0.00203522	0.192303	
7.50057	-0.00203522	0.192303	
7.50057	-0.00203522	0.192303	
7.50057	-0.00203522	0.192303	
7.50057	-0.00203522	0.192303	
7.50057	-0.00203522	0.192303	
7.50057	-0.00203522	0.192303	
7.50057	-0.00203522	0.192303	
7.50057	-0.00203522	0.192303	
7.50057	-0.00203522	0.192303	
7.50057	-0.00203522	0.192303	
7.50057	-0.00203522	0.192303	
7.50057	-0.00203522	0.192303	
7.50057	-0.00203522	0.192303	
7.50057	-0.00203522	0.192303	
7.50057	-0.00203522	0.192303	
7.50057	-0.00203522	0.192303	
7.50057	-0.00203522	0.192303	
7.50057	-0.00203522	0.192303	
7.50057	-0.00203522	0.192303	
7.50057	-0.00203522	0.192303	
7.50057	-0.00203522	0.192303	
7.50057	-0.00203522	0.192303	
7.50057	-0.00203522	0.192303	
7.50057	-0.00203522	0.192303	
7.50057	-0.00203522	0.192303	
7.50057	-0.00203522	0.192303	
7.50057	-0.00203522	0.192303	
7.50057	-0.00203522	0.192303	
7.50057	-0.00203522	0.192303	
7.50057	-0.00203522	0.192303	
7.50057	-0.00203522	0.192303	
7.50057	-0.00203522	0.192303	
7.50057	-0.00203522	0.192303	
7.50057	-0.00203522	0.192303	
7.50057	-0.00203522	0.192303	
7.50057	-0.00203522	0.192303	
7.50057	-0.00203522	0.192303	
7.50057	-0.00203522	0.192303	
7.50057	-0.00203522	0.192303	
7.50057	-0.00203522	0.192303	
7.50057	-0.00203522	0.192303	
7.50057	-0.00203522	0.192303	
7.50057	-0.00203522	0.192303	
7.50057	-0.00203522	0.192303	
7.50057	-0.00203522	0.192303	
7.50057	-0.00203522	0.192303	
7.50057	-0.00203522	0.192303	
7.50057	-0.00203522	0.192303	
7.50057	-0.00203522	0.192303	
7.50057	-0.00203522	0.192303	
7.50057	-0.00203522	0.192303	
7.50057	-0.00203522	0.192303	
7.50057	-0.00203522	0.192303	
7.50057	-0.00203522	0.192303	
7.50057	-0.00203522	0.192303	
7.50057	-0.00203522	0.192303	
7.50057	-0.00203522	0.192303	
7.50057	-0.00203522	0.192303	
7.50057	-0.00203522	0.192303	
7.50057	-0.00203522	0.192303	
7.50057	-0.00203522	0.192303	
7.50057	-0.00203522	0.192303	
7.50057	-0.00203522	0.192303	
7.50057	-0.00203522	0.192303	
7.50057	-0.00203522	0.192303	
7.50057	-0.00203522	0.192303	
7.50057	-0.00203522	0.192303	
7.50057	-0.00203522	0.192303	
7.50057	-0.00203522	0.192303	
7.50057	-0.00203522	0.192303	
7.50057	-0.00203522	0.192303	
7.50057	-0.00203522	0.192303	
7.50057	-0.00203522	0.192303	
7.50057	-0.00203522	0.192303	
7.50057	-0.00203522	0.192303	
7.50057	-0.00203522	0.192303	
7.50057	-0.00203522	0.192303	
7.50057	-0.00203522	0.192303	
7.50057	-0.00203522	0.192303	
7.50057	-0.00203522	0.192303	
7.50057	-0.00203522	0.192303	
7.50057	-0.00203522	0.192303	
7.50057	-0.00203522	0.192303	
7.50057	-0.00203522	0.192303	
7.50057	-0.00203522	0.192303	
7.50057	-0.00203522	0.192303	
7.50057	-0.00203522	0.192303	
7.50057	-0.00203522	0.192303	
7.50057	-0.00203522	0.192303	
7.50057	-0.00203522	0.192303	
7.50057	-0.00203522	0.192303	
7.50057	-0.00203522	0.192303	
7.50057	-0.00203522	0.192303	
7.50057	-0.00203522	0.192303	
7.50057	-0.00203522	0.192303	
7.50057	-0.00203522	0.192303	
7.50057	-0.00203522	0.192303	
7.50057	-0.00203522	0.192303	
7.50057	-0.00203522	0.192303	
7.50057	-0.00203522	0.192303	
7.50057	-0.00203522	0.192303	
7.50057	-0.00203522	0.192303	
7.50057	-0.00203522	0.192303	
7.50057	-0.00203522	0.192303	
7.50057	-0.00203522	0.192303	
7.50057	-0.00203522	0.192303	
7.50057	-0.00203522	0.192303	
7.50057	-0.00203522	0.192303	
7.50057	-0.00203522	0.192303	
7.50057	-0.00203522	0.192303	
7.50057	-0.00203522	0.192303	
7.50057	-0.00203522	0.192303	
7.50057	-0.00203522	0.192303	
7.50057	-0.00203522	0.192303	
7.50057	-0.00203522	0.192303	
7.50057	-0.00203522	0.192303	
7.50057	-0.00203522	0.192303	
7.50057	-0.00203522	0.192303	
7.50057	-0.00203522	0.192303	
7.50057	-0.00203522	0.192303	
7.50057	-0.00203522	0.192303	
7.50057	-0.00203522	0.192303	
7.50057	-0.00203522	0.192303	
7.50057	-0.00203522	0.192303	
7.50057	-0.00203522	0.192303	
7.50057	-0.00203522	0.192303	
7.50057	-0.00203522	0.192303	
7.50057	-0.00203522	0.192303	
7.50057	-0.00203522	0.192303	
7.50057	-0.00203522	0.192303	
7.50057	-0.00203522	0.192303	
7.50057	-0.00203522	0.192303	
7.50057	-0.00203522	0.192303	
7.50057	-0.00203522	0.192303	
7.50057	-0.00203522	0.192303	
7.50057	-0.00203522	0.192303	
7.50057	-0.00203522	0.192303	
7.50057	-0.00203522	0.192303	
7.50057	-0.00203522	0.192303	
7.50057	-0.00203522	0.192303	
7.50057	-0.00203522	0.192303	
7.50057	-0.00203522	0.192303	
7.50057	-0.00203522	0.192303	
7.50057	-0.00203522	0.192303	
7.50057	-0.00203522	0.192303	
7.50057	-0.00203522	0.192303	
7.50057	-0.00203522	0.192303	
7.50057	-0.00203522	0.192303	
7.50057	-0.00203522	0.192303	
7.50057	-0.00203522	0.192303	
7.50057	-0.00203522	0.192303	
7.50057	-0.00203522	0.192303	
7.50057	-0.00203522	0.192303	
7.50057	-0.00203522	0.192303	
7.50057	-0.00203522	0.192303	
7.50057	-0.00203522	0.192303	
7.50057	-0.00203522	0.192303	
7.50057	-0.00203522	0.192303	
7.50057	-0.00203522	0.192303	
7.50057	-0.00203522	0.192303	
7.50057	-0.00203522	0.192303	
7.50057	-0.00203522	0.192303	
7.50057	-0.00203522	0.192303	
7.50057	-0.00203522	0.192303	
7.50057	-0.00203522	0.192303	
7.50057	-0.00203522	0.192303	
7.50057	-0.00203522	0.192303	
7.50057	-0.00203522	0.192303	
7.50057	-0.00203522	0.192303	
7.50057	-0.00203522	0.192303	
7.50057	-0.00203522	0.192303	
7.50057	-0.00203522	0.192303	
7.50057	-0.00203522	0.192303	
7.50057	-0.00203522	0.192303	
7.50057	-0.00203522	0.192303	
7.50057	-0.00203522	0.192303	
7.50057	-0.00203522	0.192303	
7.50057	-0.00203522	0.192303	
7.50057	-0.00203522	0.192303	
7.50057	-0.00203522	0.192303	
7.50057	-0.00203522	0.192303	
7.50057	-0.00203522	0.192303	
7.50057	-0.00203522	0.192303	
7.50057	-0.00203522	0.192303	
7.50057	-0.00203522	0.192303	
7.50057	-0.00203522	0.192303	
7.50057	-0.00203522	0.192303	
7.50057	-0.00203522	0.192303	
7.50057	-0.00203522	0.192303	
7.50057	-0.00203522	0.192303	
7.50057	-0.00203522	0.192303	
7.50057	-0.00203522	0.192303	
7.50057	-0.00203522	0.192303	
7.50057	-0.00203522	0.192303	
7.50057	-0.00203522	0.192303	
7.50057	-0.00203522	0.192303	
7.50057	-0.00203522	0.192303	
7.50057	-0.00203522	0.192303	
7.50057	-0.00203522	0.192303	
7.50057	-0.00203522	0.192303	
7.50057	-0.00203522	0.192303	
7.50057	-0.00203522	0.192303	
7.50057	-0.00203522	0.192303	
7.50057	-0.00203522	0.192303	
7.50057	-0.00203522	0.192303	
7.50057	-0.00203522	0.192303	
7.50057	-0.00203522	0.192303	
7.50057	-0.00203522	0.192303	
7.50057	-0.00203522	0.192303	
7.50057	-0.00203522	0.192303	
7.50057	-0.00203522	0.192303	
7.50057	-0.00203522	0.192303	
7.50057	-0.00203522	0.192303	
7.50057	-0.00203522	0.192303	
7.50057	-0.00203522	0.192303	
7.50057	-0.00203522	0.192303	
7.50057	-0.00203522	0.192303	
7.50057	-0.00203522	0.192303	
7.50057	-0.00203522	0.192303	
7.50057	-0.00203522	0.192303	
7.50057	-0.00203522	0.192303	
7.50057	-0.00203522	0.192303	
7.50057	-0.00203522	0.192303	
7.50057	-0.00203522	0.192303	
7.50057	-0.00203522	0.192303	
7.50057	-0.00203522	0.192303	
7.50057	-0.00203522	0.192303	
7.50057	-0.00203522	0.192303	
7.50057	-0.00203522	0.192303	
7.50057	-0.00203522	0.192303	
7.50057	-0.00203522	0.192303	
7.50057	-0.00203522	0.192303	
7.50057	-0.00203522	0.192303	
7.50057	-0.00203522	0.192303	
7.50057	-0.00203522	0.192303	
7.50057	-0.00203522	0.192303	
7.50057	-0.00203522	0.192303	
7.50057	-0.00203522	0.192303	
7.50057	-0.00203522	0.192303	
7.50057	-0.00203522	0.192303	
7.50057	-0.00203522	0.192303	
7.50057	-0.00203522	0.192303	
7.50057	-0.00203522	0.192303	
7.50057	-0.00203522	0.192303	
7.50057	-0.00203522	0.192303	
7.50057	-0.00203522	0.192303	
7.50057	-0.00203522	0.192303	
7.50057	-0.00203522	0.192303	
7.50057	-0.00203522	0.192303	
7.50057	-0.00203522	0.192303	
