10	0	1	
10	0	1	
10	0	1	
10	0	1	
10	0	1	
10	0	1	
10	0	1	
10	0	1	
10	0	1	
10	0	1	
10	0	1	
10	0	1	
10	0	1	
10	0	1	
10	0	1	
10	0	1	
10	0	1	
10	0	1	
10	0	1	
10	0	1	
10	0	1	
10	0	1	
10	0	1	
10	0	1	
10	0	1	
10	0	1	
10	0	1	
10	0	1	
10	0	1	
10	0	1	
10	0	1	
10	0	1	
10	0	1	
10	0	1	
10	0	1	
10	0	1	
10	0	1	
10	0	1	
10	0	1	
10	0	1	
10	0	1	
10	0	1	
10	0	1	
10	0	1	
10	0	1	
10	0	1	
10	0	1	
10	0	1	
10	0	1	
10	0	1	
10	0	1	
10	0	1	
10	0	1	
10	0	1	
10	0	1	
10	0	1	
10	0	1	
10	0	1	
10	0	1	
10	0	1	
10	0	1	
10	0	1	
10	0	1	
10	0	1	
10	0	1	
10	0	1	
10	0	1	
10	0	1	
10	0	1	
10	0	1	
10	0	1	
10	0	1	
10	0	1	
10	0	1	
10	0	1	
10	0	1	
10	0	1	
10	0	1	
10	0	1	
10	0	1	
10	0	1	
10	0	1	
10	0	1	
10	0	1	
10	0	1	
10	0	1	
10	0	1	
10	0	1	
10	0	1	
10	0	1	
10	0	1	
10	0	1	
10	0	1	
10	0	1	
10	0	1	
10	0	1	
10	0	1	
10	0	1	
10	0	1	
10	0	1	
10	0	1	
10	0	1	
10	0	1	
10	0	1	
10	0	1	
10	0	1	
10	0	1	
10	0	1	
10	0	1	
10	0	1	
10	0	1	
10	0	1	
10	0	1	
10	0	1	
10	0	1	
10	0	1	
10	0	1	
10	0	1	
10	0	1	
10	0	1	
10	0	1	
10	0	1	
10	0	1	
10	0	1	
10	0	1	
10	0	1	
10	0	1	
10	0	1	
10	0	1	
10	0	1	
10	0	1	
10	0	1	
10	0	1	
10	0	1	
10	0	1	
10	0	1	
10	0	1	
10	0	1	
10	0	1	
10	0	1	
10	0	1	
10	0	1	
10	0	1	
10	0	1	
10	0	1	
10	0	1	
10	0	1	
10	0	1	
10	0	1	
10	0	1	
10	0	1	
10	0	1	
10	0	1	
10	0	1	
10	0	1	
10	0	1	
10	0	1	
10	0	1	
10	0	1	
10	0	1	
10	0	1	
10	0	1	
10	0	1	
10	0	1	
10	0	1	
10	0	1	
10	0	1	
10	0	1	
10	0	1	
10	0	1	
10	0	1	
10	0	1	
10	0	1	
10	0	1	
10	0	1	
10	0	1	
10	0	1	
10	0	1	
10	0	1	
10	0	1	
10	0	1	
10	0	1	
10	0	1	
10	0	1	
10	0	1	
10	0	1	
10	0	1	
10	0	1	
10	0	1	
10	0	1	
10	0	1	
10	0	1	
10	0	1	
10	0	1	
10	0	1	
10	0	1	
10	0	1	
10	0	1	
10	0	1	
10	0	1	
10	0	1	
10	0	1	
10	0	1	
10	0	1	
10	0	1	
10	0	1	
10	0	1	
10	0	1	
10	0	1	
10	0	1	
10	0	1	
10	0	1	
10	0	1	
10	0	1	
10	0	1	
10	0	1	
10	0	1	
10	0	1	
10	0	1	
10	0	1	
10	0	1	
10	0	1	
10	0	1	
10	0	1	
10	0	1	
10	0	1	
10	0	1	
10	0	1	
10	0	1	
10	0	1	
10	0	1	
10	0	1	
10	0	1	
10	0	1	
10	0	1	
10	0	1	
10	0	1	
10	0	1	
10	0	1	
10	0	1	
10	0	1	
10	0	1	
10	0	1	
10	0	1	
10	0	1	
10	0	1	
10	0	1	
10	0	1	
10	0	1	
10	0	1	
10	0	1	
10	0	1	
10	0	1	
10	0	1	
10	0	1	
10	0	1	
10	0	1	
10	0	1	
10	0	1	
10	0	1	
10	-0.000101173	1	
10	-0.000194127	1	
10	-0.000281024	1	
10	-0.000362859	1	
10	-0.000441478	1	
10	-0.000515496	1	
10	-0.000587799	1	
9.99999	-0.000656008	1	
9.99999	-0.000721945	1	
9.99999	-0.000785336	1	
9.99999	-0.000847495	1	
9.99999	-0.000908209	1	
9.99999	-0.000967201	1	
9.99998	-0.00102696	1	
9.99998	-0.00108494	1	
9.99998	-0.00114361	1	
9.99998	-0.00120231	1	
9.99997	-0.00126394	1	
9.99997	-0.0013255	1	
9.99997	-0.00138693	1	
9.99997	-0.00145081	1	
9.99996	-0.00151515	1	
9.99996	-0.00158375	1	
9.99996	-0.00165489	1	
9.99995	-0.00172903	1	
9.99995	-0.00180563	1	
9.99994	-0.00188475	1	
9.99994	-0.00196547	1	
9.99994	-0.00204772	1	
9.99993	-0.00213477	1	
9.99993	-0.0022244	1	
9.99992	-0.00231969	1	
9.99992	-0.00242078	1	
9.99991	-0.00252503	1	
9.99991	-0.00263346	1	
9.9999	-0.00274673	1	
9.9999	-0.00286486	1	
9.99989	-0.00298784	1	
9.99989	-0.00311675	1	
9.99988	-0.00325109	1	
9.99987	-0.00339107	1	
9.99986	-0.00353297	1	
9.99986	-0.00367903	1	
9.99985	-0.00383149	1	
9.99984	-0.00398811	1	
9.99983	-0.0041513	1	
9.99982	-0.00431904	1	
9.99982	-0.00448848	1	
9.99981	-0.00466278	1	
9.9998	-0.00484275	1	
9.99979	-0.0050279	1	
9.99978	-0.00521835	1	
9.99977	-0.00541431	1	
9.99975	-0.00561225	1	
9.99974	-0.00581295	1	
9.99973	-0.00602104	1	
9.99972	-0.00623112	1	
9.99971	-0.00645001	1	
9.99969	-0.0066771	1	
9.99968	-0.00690456	1	
9.99966	-0.00713075	1	
9.99965	-0.00736519	1	
9.99963	-0.0076105	1	
9.99962	-0.00786596	1	
9.9996	-0.00812322	1	
9.99959	-0.00838601	1	
9.99957	-0.00866279	1	
9.99955	-0.00895544	1	
9.99953	-0.00925711	1	
9.99951	-0.00956173	1	
9.99949	-0.00987975	1	
9.99947	-0.0102135	1	
9.99945	-0.0105535	1	
9.99943	-0.0108983	1	
9.99941	-0.0112492	1	
9.99938	-0.0116199	1	
9.99936	-0.0120008	1	
9.99933	-0.0123867	1	
9.99931	-0.0127854	1	
9.99928	-0.0131913	1	
9.99926	-0.013597	1	
9.99923	-0.0140131	1	
9.9992	-0.014445	1	
9.99917	-0.0148899	1	
9.99914	-0.015343	1	
9.99911	-0.0158086	1	
9.99907	-0.01629	1	
9.99904	-0.0167728	1	
9.99901	-0.0172643	1	
9.99897	-0.017778	1	
9.99893	-0.0183031	1	
9.9989	-0.0188324	1	
9.99886	-0.0193792	1	
9.99882	-0.0199388	1	
9.99878	-0.0204966	1	
9.99873	-0.0210665	1	
9.99869	-0.0216541	1	
9.99865	-0.0222495	1	
9.9986	-0.0228565	1	
9.99855	-0.0234788	1	
9.99851	-0.0240913	1	
9.99846	-0.024705	1	
9.99841	-0.0253328	1	
9.99835	-0.0259639	1	
9.9983	-0.0265914	1	
9.99825	-0.027224	1	
9.99819	-0.0278559	1	
9.99813	-0.0284923	1	
9.99808	-0.0291333	1	
9.99802	-0.0297753	1	
9.99795	-0.0304198	1	
9.99789	-0.0310788	1	
9.99783	-0.0317416	1	
9.99776	-0.0323951	1	
9.9977	-0.0330527	1	
9.99763	-0.0337149	1	
9.99756	-0.0343801	1	
9.99749	-0.0350553	1	
9.99742	-0.0357274	1	
9.99735	-0.0364038	1	
9.99727	-0.0371077	1	
9.9972	-0.0378163	1	
9.99712	-0.0385388	1	
9.99704	-0.0392693	1	
9.99696	-0.04001	1	
9.99688	-0.0407534	1	
9.9968	-0.0415028	1	
9.99671	-0.0422675	1	
9.99663	-0.0430346	1	
9.99654	-0.0437982	1	
9.99645	-0.0445696	1	
9.99636	-0.0453535	1	
9.99627	-0.0461544	1	
9.99617	-0.0469637	1	
9.99608	-0.0477743	1	
9.99598	-0.0485949	1	
9.99588	-0.0494186	1	
9.99578	-0.0502452	1	
9.99568	-0.0510767	1	
9.99557	-0.0519015	1	
9.99547	-0.0527354	1	
9.99536	-0.0535775	1	
9.99525	-0.0544308	1	
9.99514	-0.0552914	1	
9.99503	-0.056157	1	
9.99492	-0.0570411	1	
9.9948	-0.0579323	1	
9.99468	-0.0588441	1	
9.99456	-0.0597583	1	
9.99444	-0.0606791	1	
9.99432	-0.0616134	1	
9.99419	-0.0625686	1	
9.99407	-0.0635224	1	
9.99394	-0.0644772	1	
9.99381	-0.0654672	1	
9.99367	-0.06646	1	
9.99354	-0.0674688	1	
9.9934	-0.0684868	1	
9.99326	-0.0694992	1	
9.99312	-0.0705139	1	
9.99298	-0.0715223	1	
9.99283	-0.0725058	1	
9.99269	-0.0734849	1	
9.99254	-0.0744675	1	
9.99239	-0.0754653	1	
9.99223	-0.0764434	1	
9.99208	-0.077431	1	
9.99192	-0.0784266	1	
9.99176	-0.0794349	1	
9.9916	-0.0804599	1	
9.99144	-0.0814944	1	
9.99127	-0.0825465	1	
9.99111	-0.0835929	1	
9.99094	-0.0846533	1	
9.99077	-0.0857291	1	
9.99059	-0.0868178	1	
9.99042	-0.0879198	1	
9.99024	-0.0890348	1	
9.99006	-0.0901662	1	
9.98988	-0.0913106	1	
9.98969	-0.0924552	1	
9.9895	-0.0936221	1	
9.98932	-0.0947886	1	
9.98912	-0.0959726	1	
9.98893	-0.0972013	1	
9.98873	-0.0984436	1	
9.98853	-0.0997045	1	
9.98833	-0.101009	1	
9.98813	-0.102299	1	
9.98792	-0.103622	1	
9.98771	-0.104985	1	
9.9875	-0.106354	1	
9.98728	-0.107739	1	
9.98706	-0.109158	1	
9.98684	-0.110588	1	
9.98662	-0.112065	1	
9.98639	-0.113563	1	
9.98616	-0.115097	1	
9.98593	-0.116663	1	
9.98569	-0.118254	1	
9.98545	-0.119882	1	
9.98521	-0.121543	1	
9.98496	-0.123212	1	
9.98471	-0.124902	1	
9.98446	-0.126622	1	
9.9842	-0.12839	1	
9.98394	-0.130213	1	
9.98368	-0.132086	1	
9.98341	-0.134017	1	
9.98314	-0.136015	1	
9.98286	-0.138077	1	
9.98258	-0.1402	1	
9.98229	-0.142364	1	
9.98201	-0.14462	1	
9.98171	-0.146937	1	
9.98141	-0.149319	1	
9.98111	-0.15178	1	
9.9808	-0.154324	1	
9.98049	-0.156938	1	
9.98017	-0.159599	1	
9.97984	-0.162338	1	
9.97951	-0.165126	1	
9.97918	-0.16798	1	
9.97883	-0.17091	1	
9.97849	-0.173922	1	
9.97813	-0.176982	1	
9.97777	-0.180083	1	
9.97741	-0.183237	1	
9.97703	-0.186429	1	
9.97665	-0.189634	1	
9.97627	-0.192907	1	
9.97588	-0.196251	1	
9.97548	-0.199662	1	
9.97507	-0.203158	1	
9.97466	-0.20674	1	
9.97424	-0.210411	1	
9.97381	-0.214177	1	
9.97337	-0.218045	1	
9.97293	-0.222032	1	
9.97248	-0.226139	1	
9.97201	-0.230326	1	
9.97155	-0.234624	1	
9.97107	-0.238973	1	
9.97058	-0.243428	1	
9.97008	-0.247979	1	
9.96958	-0.252567	1	
9.96906	-0.257199	1	
9.96854	-0.261852	1	
9.96801	-0.266584	1	
9.96747	-0.271349	1	
9.96691	-0.276176	1	
9.96635	-0.281029	1	
9.96578	-0.285935	1	
9.9652	-0.290861	1	
9.96461	-0.295815	1	
9.964	-0.300777	1	
9.96339	-0.305752	1	
9.96277	-0.310757	1	
9.96214	-0.315785	1	
9.9615	-0.320841	1	
9.96085	-0.325897	1	
9.96018	-0.330999	1	
9.95951	-0.336143	1	
9.95883	-0.341353	1	
9.95814	-0.346625	1	
9.95743	-0.351963	1	
9.95672	-0.357401	1	
9.95599	-0.362862	1	
9.95525	-0.368383	1	
9.95451	-0.373942	1	
9.95375	-0.379563	1	
9.95298	-0.385245	1	
9.9522	-0.390975	1	
9.9514	-0.396804	1	
9.9506	-0.402735	1	
9.94978	-0.408771	1	
9.94895	-0.414891	1	
9.94811	-0.421051	1	
9.94725	-0.427308	1	
9.94638	-0.433588	1	
9.94551	-0.439962	1	
9.94461	-0.446475	1	
9.94371	-0.453122	1	
9.94279	-0.459959	1	
9.94185	-0.466975	1	
9.9409	-0.474164	1	
9.93994	-0.48155	1	
9.93896	-0.489105	1	
9.93797	-0.496789	1	
9.93696	-0.504538	1	
9.93593	-0.512399	1	
9.93489	-0.520408	1	
9.93384	-0.528543	1	
9.93276	-0.536822	1	
9.93167	-0.545239	1	
9.93056	-0.553784	1	
9.92944	-0.562424	1	
9.9283	-0.571154	1	
9.92714	-0.580009	1	
9.92596	-0.588985	1	
9.92476	-0.598124	1	
9.92355	-0.607415	1	
9.92231	-0.61696	1	
9.92106	-0.626785	1	
9.91979	-0.63683	1	
9.91849	-0.647108	1	
9.91718	-0.657572	1	
9.91584	-0.668307	1	
9.91448	-0.679309	1	
9.9131	-0.690559	1	
9.9117	-0.701943	1	
9.91027	-0.713454	1	
9.90882	-0.7251	1	
9.90735	-0.736856	1	
9.90585	-0.748722	1	
9.90433	-0.760714	1	
9.90278	-0.772864	1	
9.90121	-0.785128	1	
9.89962	-0.797535	1	
9.898	-0.810072	1	
9.89635	-0.822732	1	
9.89468	-0.835521	1	
9.89298	-0.848444	1	
9.89126	-0.861566	1	
9.88951	-0.874952	1	
9.88773	-0.888625	1	
9.88593	-0.902623	1	
9.88409	-0.916966	1	
9.88223	-0.931622	1	
9.88034	-0.946574	1	
9.87841	-0.961752	1	
9.87646	-0.977173	1	
9.87447	-0.992856	1	
9.87246	-1.00871	1	
9.87041	-1.02472	1	
9.86833	-1.0408	1	
9.86621	-1.05689	1	
9.86407	-1.07304	1	
9.86189	-1.08919	1	
9.85968	-1.10535	1	
9.85743	-1.12155	1	
9.85516	-1.13786	1	
9.85285	-1.1543	1	
9.85051	-1.17085	1	
9.84813	-1.18743	1	
9.84573	-1.20395	1	
9.84328	-1.22048	1	
9.84081	-1.23707	1	
9.8383	-1.25381	1	
9.83576	-1.27068	1	
9.83319	-1.28766	1	
9.83058	-1.30463	1	
9.82793	-1.32158	1	
9.82526	-1.33844	1	
9.82255	-1.35516	1	
9.8198	-1.37178	1	
9.81703	-1.38835	1	
9.81422	-1.40485	1	
9.81137	-1.4214	1	
9.8085	-1.43803	1	
9.80559	-1.4547	1	
9.80264	-1.47147	1	
9.79967	-1.48825	1	
9.79666	-1.5051	1	
9.79361	-1.52203	1	
9.79054	-1.53913	1	
9.78742	-1.55652	1	
9.78427	-1.57421	1	
9.78109	-1.59224	1	
9.77787	-1.61064	1	
9.77461	-1.62944	1	
9.77131	-1.64862	1	
9.76798	-1.66817	1	
9.7646	-1.68817	1	
9.76118	-1.70871	1	
9.75772	-1.72978	1	
9.75422	-1.75132	1	
9.75067	-1.77319	1	
9.74708	-1.79539	1	
9.74345	-1.81772	1	
9.73977	-1.84001	1	
9.73604	-1.86219	1	
9.73228	-1.88416	1	
9.72846	-1.90609	1	
9.72461	-1.92803	1	
9.72071	-1.94996	1	
9.71676	-1.97181	1	
9.71278	-1.99344	1	
9.70875	-2.01486	1	
9.70467	-2.03603	1	
9.70056	-2.05693	1	
9.69641	-2.07763	1	
9.69221	-2.09819	1	
9.68797	-2.11871	1	
9.68369	-2.1392	1	
9.67937	-2.15965	1	
9.67501	-2.18007	1	
9.67061	-2.20043	1	
9.66617	-2.22083	1	
9.66169	-2.2414	1	
9.65716	-2.26224	1	
9.6526	-2.28329	1	
9.64799	-2.3046	1	
9.64334	-2.3263	1	
9.63864	-2.34833	1	
9.6339	-2.37073	1	
9.62911	-2.39347	1	
9.62428	-2.41596	0.997884	
9.6194	-2.43814	0.995359	
9.61448	-2.46	0.992108	
9.60952	-2.48156	0.988021	
9.60451	-2.50282	0.9837	
9.59947	-2.52378	0.979372	
9.59438	-2.54445	0.975479	
9.58925	-2.56483	0.972128	
9.58408	-2.58492	0.968773	
9.57887	-2.60473	0.965611	
9.57362	-2.62426	0.962876	
9.56833	-2.64352	0.960362	
9.56301	-2.66251	0.958258	
9.55764	-2.68124	0.956429	
9.55225	-2.6997	0.954767	
9.54681	-2.71791	0.952984	
9.54134	-2.73586	0.951585	
9.53583	-2.75355	0.950695	
9.53029	-2.771	0.950048	
9.52471	-2.78821	0.949734	
9.5191	-2.80518	0.949627	
9.51346	-2.8219	0.94934	
9.50778	-2.8384	0.948826	
9.50207	-2.85466	0.948048	
9.49633	-2.87069	0.947199	
9.49056	-2.8865	0.946159	
9.48475	-2.90209	0.944532	
9.47892	-2.91746	0.942171	
9.47305	-2.93262	0.939468	
9.46716	-2.94756	0.936705	
9.46123	-2.9623	0.93403	
9.45528	-2.97682	0.931416	
9.4493	-2.99115	0.928287	
9.44329	-3.00527	0.92472	
9.43725	-3.0192	0.920782	
9.43118	-3.03293	0.916826	
9.42509	-3.04647	0.913171	
9.41897	-3.05982	0.909887	
9.41282	-3.07298	0.90688	
9.40665	-3.08596	0.904381	
9.40046	-3.09876	0.902349	
9.39423	-3.11137	0.900606	
9.38798	-3.12381	0.898888	
9.38171	-3.13608	0.897089	
9.37542	-3.14818	0.89508	
9.3691	-3.1601	0.893488	
9.36275	-3.17186	0.892231	
9.35639	-3.18345	0.891376	
9.35	-3.19489	0.890226	
9.34358	-3.20616	0.888796	
9.33715	-3.21727	0.887009	
9.33069	-3.22823	0.885213	
9.32421	-3.23903	0.883248	
9.31771	-3.24969	0.88094	
9.31119	-3.26019	0.878043	
9.30465	-3.27055	0.874994	
9.29809	-3.28076	0.872181	
9.29151	-3.29083	0.869642	
9.28491	-3.30076	0.866662	
9.27829	-3.31055	0.863287	
9.27165	-3.3202	0.859708	
9.26499	-3.32972	0.856426	
9.25831	-3.3391	0.853601	
9.25161	-3.34835	0.851158	
9.2449	-3.35748	0.848993	
9.23816	-3.36647	0.847143	
9.23141	-3.37534	0.845968	
9.22465	-3.38409	0.845342	
9.21786	-3.39271	0.844965	
9.21106	-3.40121	0.844284	
9.20424	-3.4096	0.843768	
9.1974	-3.41786	0.843466	
9.19055	-3.42601	0.843665	
9.18368	-3.43405	0.844014	
9.1768	-3.44197	0.844038	
9.1699	-3.44978	0.843907	
9.16298	-3.45749	0.843744	
9.15605	-3.46508	0.843482	
9.14911	-3.47257	0.842705	
9.14215	-3.47995	0.841062	
9.13517	-3.48723	0.838933	
9.12819	-3.49441	0.83664	
9.12118	-3.50149	0.834466	
9.11417	-3.50847	0.831956	
9.10714	-3.51535	0.829024	
9.10009	-3.52214	0.825869	
9.09303	-3.52883	0.822861	
9.08596	-3.53542	0.8203	
9.07888	-3.54193	0.818094	
9.07178	-3.54834	0.816148	
9.06467	-3.55466	0.814542	
9.05755	-3.5609	0.81331	
9.05042	-3.56705	0.812509	
9.04327	-3.57311	0.811962	
9.03611	-3.57908	0.811593	
9.02894	-3.58498	0.811435	
9.02176	-3.59079	0.811506	
9.01457	-3.59652	0.811618	
9.00736	-3.60216	0.811842	
9.00015	-3.60773	0.811888	
8.99292	-3.61323	0.811961	
8.98568	-3.61864	0.811671	
8.97844	-3.62398	0.811027	
8.97118	-3.62924	0.809854	
8.96391	-3.63443	0.8084	
8.95663	-3.63955	0.806867	
8.94934	-3.6446	0.80516	
8.94204	-3.64957	0.803168	
8.93473	-3.65448	0.800827	
8.92741	-3.65932	0.798461	
8.92009	-3.66409	0.79631	
8.91275	-3.66879	0.794645	
8.9054	-3.67343	0.793144	
8.89805	-3.678	0.792007	
8.89068	-3.68251	0.791255	
8.88331	-3.68695	0.790756	
8.87592	-3.69133	0.79043	
8.86853	-3.69566	0.790487	
8.86113	-3.69992	0.790756	
8.85372	-3.70412	0.791442	
8.84631	-3.70826	0.792308	
8.83888	-3.71234	0.793153	
8.83145	-3.71637	0.793678	
8.82401	-3.72034	0.794173	
8.81656	-3.72426	0.794454	
8.8091	-3.72812	0.794482	
8.80164	-3.73192	0.793971	
8.79417	-3.73568	0.792779	
8.78669	-3.73938	0.791457	
8.77921	-3.74303	0.790112	
8.77171	-3.74662	0.788694	
8.76421	-3.75017	0.787134	
8.7567	-3.75367	0.785537	
8.74919	-3.75712	0.784122	
8.74167	-3.76052	0.782923	
8.73414	-3.76387	0.782083	
8.72661	-3.76718	0.781665	
8.71907	-3.77044	0.781764	
8.71152	-3.77365	0.782169	
8.70397	-3.77682	0.78276	
8.69641	-3.77994	0.783599	
8.68884	-3.78302	0.784404	
8.68127	-3.78606	0.785494	
8.67369	-3.78906	0.786579	
8.66611	-3.79201	0.787714	
8.65851	-3.79492	0.788644	
8.65092	-3.79779	0.789283	
8.64332	-3.80062	0.789734	
8.63571	-3.80342	0.789755	
8.6281	-3.80617	0.789245	
8.62048	-3.80888	0.788341	
8.61286	-3.81156	0.787212	
8.60523	-3.8142	0.785824	
8.5976	-3.8168	0.78445	
8.58996	-3.81936	0.783259	
8.58231	-3.82189	0.782181	
8.57467	-3.82438	0.781331	
8.56701	-3.82684	0.780663	
8.55935	-3.82927	0.780272	
8.55169	-3.83166	0.780367	
8.54402	-3.83401	0.78081	
8.53635	-3.83634	0.781341	
8.52867	-3.83863	0.782188	
8.52099	-3.84089	0.783441	
8.5133	-3.84312	0.784935	
8.50561	-3.84531	0.786539	
8.49792	-3.84748	0.788206	
8.49022	-3.84961	0.789681	
8.48252	-3.85172	0.791075	
8.47481	-3.85379	0.792148	
8.4671	-3.85584	0.792661	
8.45938	-3.85786	0.792663	
8.45166	-3.85985	0.792246	
8.44394	-3.86181	0.791328	
8.43621	-3.86375	0.789948	
8.42848	-3.86565	0.788336	
8.42074	-3.86753	0.786826	
8.413	-3.86939	0.785819	
8.40526	-3.87122	0.785325	
8.39752	-3.87302	0.785195	
8.38977	-3.8748	0.785285	
8.38201	-3.87655	0.785743	
8.37426	-3.87828	0.786481	
8.3665	-3.87998	0.787344	
8.35873	-3.88166	0.788585	
8.35097	-3.88332	0.790184	
8.3432	-3.88495	0.792266	
8.33542	-3.88656	0.794689	
8.32765	-3.88815	0.797067	
8.31987	-3.88972	0.799243	
8.31209	-3.89126	0.801132	
8.3043	-3.89278	0.802674	
8.29651	-3.89429	0.803734	
8.28872	-3.89577	0.804274	
8.28092	-3.89722	0.804441	
8.27313	-3.89866	0.804279	
8.26533	-3.90008	0.803619	
8.25752	-3.90148	0.802578	
8.24972	-3.90286	0.801436	
8.24191	-3.90422	0.800671	
8.2341	-3.90556	0.800546	
8.22629	-3.90688	0.800903	
8.21847	-3.90819	0.801672	
8.21065	-3.90947	0.802592	
8.20283	-3.91074	0.803463	
8.195	-3.91199	0.804632	
8.18718	-3.91322	0.80604	
8.17935	-3.91444	0.807923	
8.17152	-3.91563	0.809855	
8.16368	-3.91682	0.811915	
8.15585	-3.91798	0.814051	
8.14801	-3.91913	0.816116	
8.14017	-3.92026	0.818038	
8.13233	-3.92138	0.819462	
8.12448	-3.92248	0.82036	
8.11664	-3.92356	0.820772	
8.10879	-3.92463	0.820776	
8.10093	-3.92569	0.820172	
8.09308	-3.92673	0.819111	
8.08523	-3.92775	0.817988	
8.07737	-3.92877	0.817088	
8.06951	-3.92976	0.816464	
8.06165	-3.93075	0.816239	
8.05378	-3.93172	0.816511	
8.04592	-3.93267	0.817594	
8.03805	-3.93361	0.819085	
8.03018	-3.93454	0.820897	
8.02231	-3.93546	0.822979	
8.01444	-3.93636	0.82523	
8.00656	-3.93725	0.827853	
7.99869	-3.93813	0.830622	
7.99081	-3.939	0.833728	
7.98293	-3.93985	0.836782	
7.97505	-3.9407	0.839736	
7.96717	-3.94153	0.842407	
7.95928	-3.94234	0.844564	
7.95139	-3.94315	0.846234	
7.94351	-3.94395	0.8475	
7.93562	-3.94473	0.848183	
7.92773	-3.94551	0.848473	
7.91983	-3.94627	0.848416	
7.91194	-3.94702	0.848523	
7.90404	-3.94776	0.848773	
7.89615	-3.94849	0.849325	
7.88825	-3.94922	0.850118	
7.88035	-3.94993	0.85131	
7.87245	-3.95063	0.852666	
7.86454	-3.95132	0.854181	
7.85664	-3.952	0.856166	
7.84874	-3.95267	0.858812	
7.84083	-3.95333	0.861959	
7.83292	-3.95399	0.865111	
7.82501	-3.95463	0.868106	
7.8171	-3.95527	0.871118	
7.80919	-3.95589	0.874054	
7.80128	-3.95651	0.876538	
7.79336	-3.95712	0.87846	
7.78545	-3.95772	0.879863	
7.77753	-3.95831	0.880775	
7.76961	-3.9589	0.881282	
7.76169	-3.95947	0.881449	
7.75377	-3.96004	0.881609	
7.74585	-3.9606	0.881867	
7.73793	-3.96115	0.882349	
7.73001	-3.96169	0.883116	
7.72208	-3.96223	0.884273	
7.71416	-3.96276	0.885916	
7.70623	-3.96328	0.887968	
7.6983	-3.96379	0.890302	
7.69037	-3.9643	0.893117	
7.68244	-3.9648	0.896395	
7.67451	-3.96529	0.899908	
7.66658	-3.96578	0.903535	
7.65865	-3.96626	0.907375	
7.65072	-3.96673	0.911629	
7.64278	-3.9672	0.915945	
7.63485	-3.96766	0.919963	
7.62691	-3.96811	0.923318	
7.61897	-3.96856	0.926201	
7.61103	-3.969	0.928397	
7.6031	-3.96943	0.92998	
7.59516	-3.96986	0.931053	
7.58722	-3.97028	0.931979	
7.57927	-3.9707	0.933125	
7.57133	-3.97111	0.934785	
7.56339	-3.97151	0.936668	
7.55545	-3.97191	0.938986	
7.5475	-3.9723	0.941426	
7.53956	-3.97269	0.944069	
7.53161	-3.97307	0.947167	
7.52366	-3.97345	0.950731	
7.51571	-3.97382	0.954748	
7.50777	-3.97419	0.958889	
7.49982	-3.97455	0.962978	
7.49187	-3.97491	0.967295	
7.48392	-3.97526	0.971696	
7.47597	-3.9756	0.975897	
7.46801	-3.97594	0.979634	
7.46006	-3.97628	0.982846	
7.45211	-3.97661	0.985689	
7.44415	-3.97694	0.988299	
7.4362	-3.97726	0.99046	
7.42824	-3.97758	0.992288	
7.42029	-3.9779	0.994019	
7.41233	-3.97821	0.995866	
7.40438	-3.97851	0.997984	
7.39642	-3.97857	1	
7.38846	-3.97745	1	
7.38051	-3.97521	1	
7.37257	-3.97186	1	
7.36463	-3.9673	1	
7.35671	-3.96151	1	
7.3488	-3.95445	1	
7.34091	-3.94616	1	
7.33304	-3.93664	1	
7.32518	-3.92594	1	
7.31736	-3.91422	1	
7.30955	-3.90167	1	
7.30178	-3.88852	1	
7.29403	-3.87504	1	
7.2863	-3.86144	1	
7.27861	-3.84779	1	
7.27094	-3.8341	1	
7.2633	-3.82037	1	
7.25569	-3.80653	1	
7.2481	-3.79251	1	
7.24054	-3.77816	1	
7.23302	-3.7634	1	
7.22552	-3.74827	1	
7.21805	-3.73286	1	
7.21062	-3.71707	1	
7.20322	-3.7008	1	
7.19585	-3.68401	1	
7.18852	-3.66662	1	
7.18122	-3.64862	1	
7.17396	-3.63012	1	
7.16674	-3.61124	1	
7.15955	-3.59208	1	
7.15241	-3.57278	1	
7.1453	-3.55344	1	
7.13823	-3.53426	1	
7.1312	-3.51528	1	
7.12421	-3.49642	1	
7.11725	-3.47754	1	
7.11034	-3.45867	1	
7.10346	-3.43976	1	
7.09662	-3.42073	1	
7.08981	-3.40149	1	
7.08305	-3.38192	1	
7.07632	-3.36203	1	
7.06964	-3.34185	1	
7.063	-3.32145	1	
7.0564	-3.30084	1	
7.04984	-3.27999	1	
7.04332	-3.25883	1	
7.03684	-3.23739	1	
7.03041	-3.21572	1	
7.02402	-3.19387	1	
7.01768	-3.17194	1	
7.01138	-3.15006	1	
7.00512	-3.12832	1	
6.99891	-3.10677	1	
6.99274	-3.08536	1	
6.98661	-3.06405	1	
6.98053	-3.04283	1	
6.97448	-3.02166	1	
6.96848	-3.0004	1	
6.96252	-2.97894	1	
6.95661	-2.95726	1	
6.95074	-2.93533	1	
6.94491	-2.91306	1	
6.93913	-2.89041	1	
6.9334	-2.86741	1	
6.92771	-2.84403	1	
6.92207	-2.8203	1	
6.91648	-2.79637	1	
6.91093	-2.77233	1	
6.90544	-2.74827	1	
6.89999	-2.72427	1	
6.89459	-2.7004	1	
6.88923	-2.67679	1	
6.88392	-2.65347	1	
6.87866	-2.63042	1	
6.87345	-2.60759	1	
6.86828	-2.58492	1	
6.86315	-2.56235	1	
6.85808	-2.53981	1	
6.85304	-2.51723	1	
6.84805	-2.49458	1	
6.84311	-2.47181	1	
6.83821	-2.44893	1	
6.83336	-2.42589	1	
6.82855	-2.40273	1	
6.82379	-2.37949	1	
6.81908	-2.35618	1	
6.81442	-2.33275	1	
6.8098	-2.30917	1	
6.80523	-2.28551	1	
6.8007	-2.26179	1	
6.79623	-2.2382	1	
6.7918	-2.21496	1	
6.78741	-2.192	1	
6.78307	-2.16937	1	
6.77878	-2.14692	1	
6.77453	-2.12484	1	
6.77032	-2.10285	1	
6.76616	-2.08115	1	
6.76204	-2.05945	1	
6.75797	-2.03778	1	
6.75394	-2.01606	1	
6.74995	-1.99435	1	
6.746	-1.97246	1	
6.7421	-1.95042	1	
6.73825	-1.92816	1	
6.73443	-1.90569	1	
6.73067	-1.88307	1	
6.72695	-1.86039	1	
6.72327	-1.83768	1	
6.71964	-1.81496	1	
6.71606	-1.79227	1	
6.71252	-1.76965	1	
6.70902	-1.74718	1	
6.70557	-1.72492	1	
6.70217	-1.70293	1	
6.6988	-1.68126	1	
6.69549	-1.65995	1	
6.69221	-1.63906	1	
6.68897	-1.61843	1	
6.68577	-1.59806	1	
6.68262	-1.57785	1	
6.6795	-1.55773	1	
6.67643	-1.53761	1	
6.67339	-1.51746	1	
6.6704	-1.49724	1	
6.66744	-1.47699	1	
6.66453	-1.45674	1	
6.66166	-1.43647	1	
6.65883	-1.41615	1	
6.65603	-1.39578	1	
6.65328	-1.37539	1	
6.65057	-1.35504	1	
6.6479	-1.3348	1	
6.64527	-1.31471	1	
6.64268	-1.29475	1	
6.64013	-1.27492	1	
6.63762	-1.25527	1	
6.63515	-1.23586	1	
6.63272	-1.21675	1	
6.63032	-1.19796	1	
6.62796	-1.17947	1	
6.62564	-1.16124	1	
6.62335	-1.14326	1	
6.6211	-1.12554	1	
6.61889	-1.10803	1	
6.61671	-1.09071	1	
6.61456	-1.0735	1	
6.61245	-1.05635	1	
6.61037	-1.03922	1	
6.60832	-1.02211	1	
6.60631	-1.00502	1	
6.60434	-0.987942	1	
6.6024	-0.970878	1	
6.60049	-0.953856	1	
6.59861	-0.936907	1	
6.59677	-0.920074	1	
6.59497	-0.903343	1	
6.59319	-0.88671	1	
6.59145	-0.870163	1	
6.58975	-0.853717	1	
6.58807	-0.837427	1	
6.58643	-0.821353	1	
6.58482	-0.80554	1	
6.58324	-0.789995	1	
6.58169	-0.774707	1	
6.58017	-0.759691	1	
6.57868	-0.74494	1	
6.57722	-0.730459	1	
6.57579	-0.716241	1	
6.57438	-0.702267	1	
6.573	-0.688527	1	
6.57165	-0.67501	1	
6.57033	-0.661719	1	
6.56903	-0.648618	1	
6.56776	-0.635682	1	
6.56652	-0.622884	1	
6.5653	-0.610234	1	
6.5641	-0.597731	1	
6.56293	-0.585391	1	
6.56178	-0.573207	1	
6.56066	-0.561176	1	
6.55956	-0.549279	1	
6.55849	-0.537512	1	
6.55744	-0.525894	1	
6.55641	-0.514435	1	
6.5554	-0.503142	1	
6.55442	-0.492009	1	
6.55345	-0.481031	1	
6.55251	-0.470215	1	
6.5516	-0.459563	1	
6.5507	-0.449077	1	
6.54982	-0.438745	1	
6.54896	-0.428569	1	
6.54813	-0.418549	1	
6.54731	-0.408687	1	
6.54651	-0.398976	1	
6.54573	-0.389408	1	
6.54497	-0.379963	1	
6.54423	-0.370654	1	
6.54351	-0.361471	1	
6.5428	-0.35242	1	
6.54212	-0.3435	1	
6.54145	-0.334713	1	
6.54079	-0.326071	1	
6.54016	-0.317594	1	
6.53954	-0.309293	1	
6.53894	-0.301167	1	
6.53835	-0.293229	1	
6.53778	-0.285478	1	
6.53722	-0.277922	1	
6.53668	-0.270554	1	
6.53616	-0.263371	1	
6.53564	-0.256361	1	
6.53514	-0.249519	1	
6.53466	-0.242845	1	
6.53419	-0.236335	1	
6.53373	-0.229974	1	
6.53328	-0.223757	1	
6.53284	-0.217664	1	
6.53242	-0.211706	1	
6.53201	-0.205872	1	
6.53161	-0.200166	1	
6.53122	-0.194575	1	
6.53084	-0.189091	1	
6.53047	-0.183718	1	
6.53012	-0.178469	1	
6.52977	-0.173357	1	
6.52943	-0.16838	1	
6.52911	-0.16353	1	
6.52879	-0.158812	1	
6.52848	-0.15423	1	
6.52818	-0.149786	1	
6.52789	-0.145494	1	
6.52761	-0.141349	1	
6.52733	-0.137345	1	
6.52706	-0.133463	1	
6.52681	-0.129693	1	
6.52655	-0.126045	1	
6.52631	-0.122503	1	
6.52607	-0.119059	1	
6.52584	-0.115708	1	
6.52561	-0.112447	1	
6.52539	-0.109267	1	
6.52518	-0.106165	1	
6.52498	-0.103137	1	
6.52478	-0.100169	1	
6.52458	-0.0972661	1	
6.52439	-0.0944322	1	
6.52421	-0.0916907	1	
6.52403	-0.0890361	1	
6.52386	-0.0864685	1	
6.52369	-0.0839764	1	
6.52353	-0.0815748	1	
6.52337	-0.0792626	1	
6.52321	-0.0770442	1	
6.52307	-0.0749098	1	
6.52292	-0.0728571	1	
6.52278	-0.0708946	1	
6.52264	-0.069008	1	
6.5225	-0.0671905	1	
6.52237	-0.0654358	1	
6.52225	-0.0637417	1	
6.52212	-0.062107	1	
6.522	-0.060514	1	
6.52188	-0.0589626	1	
6.52177	-0.0574506	1	
6.52166	-0.0559677	1	
6.52155	-0.0545157	1	
6.52144	-0.0531027	1	
6.52134	-0.0517223	1	
6.52124	-0.0503739	1	
6.52114	-0.0490609	1	
6.52104	-0.0477843	1	
6.52095	-0.0465483	1	
6.52086	-0.0453477	1	
6.52077	-0.0441796	1	
6.52069	-0.0430532	1	
6.5206	-0.041971	1	
6.52052	-0.0409261	1	
6.52044	-0.0399173	1	
6.52036	-0.0389381	1	
6.52029	-0.0379799	1	
6.52021	-0.0370273	1	
6.52014	-0.0360899	1	
6.52007	-0.0351717	1	
6.52	-0.0342693	1	
6.51993	-0.033379	1	
6.51987	-0.032496	1	
6.51981	-0.0316282	1	
6.51974	-0.0307705	1	
6.51968	-0.029925	1	
6.51963	-0.0291015	1	
6.51957	-0.0283095	1	
6.51951	-0.0275433	1	
6.51946	-0.0267998	1	
6.51941	-0.026088	1	
6.51936	-0.0254207	1	
6.51931	-0.0247906	1	
6.51926	-0.0242088	1	
6.51921	-0.0236835	1	
6.51917	-0.0232064	1	
6.51912	-0.0227769	1	
6.51908	-0.022383	1	
6.51903	-0.0220246	1	
6.51899	-0.0217036	1	
6.51895	-0.0214087	1	
6.5189	-0.0211372	1	
6.51886	-0.0208874	1	
6.51882	-0.0206491	1	
6.51878	-0.0204212	1	
6.51874	-0.0202014	1	
6.5187	-0.019983	1	
6.51866	-0.0197604	1	
6.51862	-0.019541	1	
6.51858	-0.0193306	1	
6.51854	-0.0191218	1	
6.51851	-0.0189132	1	
6.51847	-0.018713	1	
6.51843	-0.0185176	1	
6.51839	-0.0183256	1	
6.51836	-0.0181437	1	
6.51832	-0.017969	1	
6.51829	-0.0177922	1	
6.51825	-0.0176187	1	
6.51822	-0.0174463	1	
6.51818	-0.0172808	1	
6.51815	-0.0171153	1	
6.51811	-0.0169448	1	
6.51808	-0.0167662	1	
6.51805	-0.0165764	1	
6.51801	-0.0163777	1	
6.51798	-0.0161687	1	
6.51795	-0.0159402	1	
6.51792	-0.015705	1	
6.51789	-0.0154537	1	
6.51786	-0.0151866	1	
6.51783	-0.0149088	1	
6.5178	-0.0146218	1	
6.51777	-0.0143346	1	
6.51774	-0.0140572	1	
6.51771	-0.0137849	1	
6.51769	-0.0135253	1	
6.51766	-0.013279	1	
6.51763	-0.0130407	1	
6.51761	-0.0128142	1	
6.51758	-0.0126052	1	
6.51756	-0.0124159	1	
6.51753	-0.0122508	1	
6.51751	-0.0121098	1	
6.51749	-0.0119863	1	
6.51746	-0.0118794	1	
6.51744	-0.0117869	1	
6.51742	-0.0117055	1	
6.51739	-0.0116295	1	
6.51737	-0.0115625	1	
6.51735	-0.011504	1	
6.51732	-0.0114547	1	
6.5173	-0.0114195	1	
6.51728	-0.0113902	1	
6.51725	-0.0113636	1	
6.51723	-0.0113435	1	
6.51721	-0.0113251	1	
6.51719	-0.011319	1	
6.51716	-0.011323	1	
6.51714	-0.0113353	1	
6.51712	-0.0113506	1	
6.5171	-0.0113765	1	
6.51707	-0.0114082	1	
6.51705	-0.0114438	1	
6.51703	-0.0114757	1	
6.517	-0.011503	1	
6.51698	-0.0115309	1	
6.51696	-0.0115693	1	
6.51693	-0.0116114	1	
6.51691	-0.0116452	1	
6.51689	-0.0116669	1	
6.51686	-0.0116756	1	
6.51684	-0.0116769	1	
6.51682	-0.0116705	1	
6.51679	-0.011658	1	
6.51677	-0.0116369	1	
6.51675	-0.0116102	1	
6.51673	-0.0115768	1	
6.5167	-0.0115373	1	
6.51668	-0.011488	1	
6.51666	-0.0114256	1	
6.51663	-0.0113506	1	
6.51661	-0.0112742	1	
6.51659	-0.0111936	1	
6.51657	-0.0111153	1	
6.51654	-0.0110362	1	
6.51652	-0.0109577	1	
6.5165	-0.0108867	1	
6.51648	-0.0108188	1	
6.51646	-0.0107472	1	
6.51644	-0.0106747	1	
6.51641	-0.0106073	1	
6.51639	-0.010554	1	
6.51637	-0.0105149	1	
6.51635	-0.0104861	1	
6.51633	-0.0104625	1	
6.51631	-0.0104513	1	
6.51629	-0.0104597	1	
6.51627	-0.0104873	1	
6.51625	-0.010525	1	
6.51623	-0.010576	1	
6.5162	-0.0106506	1	
6.51618	-0.0107423	1	
6.51616	-0.0108381	1	
6.51614	-0.0109422	1	
6.51612	-0.011052	1	
6.5161	-0.0111667	1	
6.51607	-0.011287	1	
6.51605	-0.0114143	1	
6.51603	-0.011549	1	
6.516	-0.0116781	1	
6.51598	-0.0117967	1	
6.51596	-0.011908	1	
6.51593	-0.0120137	1	
6.51591	-0.0121077	1	
6.51588	-0.012193	1	
6.51586	-0.0122731	1	
6.51583	-0.0123496	1	
6.51581	-0.0124127	1	
6.51578	-0.0124566	1	
6.51576	-0.0124915	1	
6.51573	-0.0125139	1	
6.51571	-0.0125166	1	
6.51568	-0.0125015	1	
6.51566	-0.0124682	1	
6.51563	-0.0124206	1	
6.51561	-0.0123605	1	
6.51558	-0.012284	1	
6.51556	-0.0122027	1	
6.51554	-0.0121124	1	
6.51551	-0.0120157	1	
6.51549	-0.0119154	1	
6.51546	-0.0118164	1	
6.51544	-0.0117316	1	
6.51542	-0.0116591	1	
6.5154	-0.0115945	1	
6.51537	-0.0115444	1	
6.51535	-0.0115099	1	
6.51533	-0.0115035	1	
6.5153	-0.0115151	1	
6.51528	-0.0115446	1	
6.51526	-0.0115995	1	
6.51523	-0.0116751	1	
6.51521	-0.0117628	1	
6.51519	-0.0118625	1	
6.51516	-0.0119757	1	
6.51514	-0.0120976	1	
6.51511	-0.0122249	1	
6.51509	-0.0123622	1	
6.51506	-0.0125093	1	
6.51504	-0.0126572	1	
6.51501	-0.0128043	1	
6.51499	-0.0129499	1	
6.51496	-0.0130894	1	
6.51493	-0.0132219	1	
6.51491	-0.0133599	1	
6.51488	-0.0134966	1	
6.51485	-0.0136284	1	
6.51483	-0.01375	1	
6.5148	-0.013861	1	
6.51477	-0.0139594	1	
6.51474	-0.0140497	1	
6.51471	-0.0141355	1	
6.51469	-0.0142207	1	
6.51466	-0.0142986	1	
6.51463	-0.0143668	1	
6.5146	-0.014423	1	
6.51457	-0.0144634	1	
6.51454	-0.014491	1	
6.51451	-0.014516	1	
6.51448	-0.0145378	1	
6.51445	-0.0145515	1	
6.51442	-0.0145564	1	
6.5144	-0.014556	1	
6.51437	-0.0145527	1	
6.51434	-0.0145404	1	
6.51431	-0.0145224	1	
6.51428	-0.0145067	1	
6.51425	-0.0144979	1	
6.51422	-0.0144864	1	
6.51419	-0.014476	1	
6.51416	-0.0144711	1	
6.51413	-0.0144702	1	
6.51411	-0.0144724	1	
6.51408	-0.0144752	1	
6.51405	-0.0144809	1	
6.51402	-0.014486	1	
6.51399	-0.014484	1	
6.51396	-0.0144772	1	
6.51393	-0.014472	1	
6.5139	-0.0144632	1	
6.51387	-0.0144513	1	
6.51385	-0.0144457	1	
6.51382	-0.0144398	1	
6.51379	-0.0144226	1	
6.51376	-0.0143931	1	
6.51373	-0.0143613	1	
6.5137	-0.0143267	1	
6.51367	-0.0142844	1	
6.51364	-0.0142356	1	
6.51362	-0.014188	1	
6.51359	-0.0141449	1	
6.51356	-0.0141087	1	
6.51353	-0.0140708	1	
6.5135	-0.0140362	1	
6.51347	-0.014009	1	
6.51345	-0.0139891	1	
6.51342	-0.0139811	1	
6.51339	-0.0139949	1	
6.51336	-0.0140167	1	
6.51334	-0.0140414	1	
6.51331	-0.014073	1	
6.51328	-0.014112	1	
6.51325	-0.0141591	1	
6.51322	-0.0142212	1	
6.51319	-0.0142968	1	
6.51316	-0.014376	1	
6.51314	-0.0144628	1	
6.51311	-0.0145467	1	
6.51308	-0.014626	1	
6.51305	-0.0147097	1	
6.51302	-0.0147949	1	
6.51299	-0.0148784	1	
6.51296	-0.0149729	1	
6.51293	-0.0150617	1	
6.5129	-0.0151591	1	
6.51287	-0.0152667	1	
6.51284	-0.0153781	1	
6.51281	-0.0154974	1	
6.51277	-0.015613	1	
6.51274	-0.0157322	1	
6.51271	-0.0158628	1	
6.51268	-0.0160016	1	
6.51265	-0.0161479	1	
6.51261	-0.0162898	1	
6.51258	-0.016429	1	
6.51255	-0.0165661	1	
6.51252	-0.0166955	1	
6.51248	-0.0168167	1	
6.51245	-0.016928	1	
6.51241	-0.0170299	1	
6.51238	-0.0171375	1	
6.51234	-0.0172351	1	
6.51231	-0.0173304	1	
6.51228	-0.0174162	1	
6.51224	-0.0174891	1	
6.51221	-0.0175646	1	
6.51217	-0.0176405	1	
6.51213	-0.0177166	1	
6.5121	-0.0177974	1	
6.51206	-0.017879	1	
6.51203	-0.0179726	1	
6.51199	-0.0180698	1	
6.51195	-0.0181742	1	
6.51192	-0.0182825	1	
6.51188	-0.0183961	1	
6.51184	-0.0185172	1	
6.51181	-0.0186394	1	
6.51177	-0.0187563	1	
6.51173	-0.0188674	1	
6.51169	-0.0189656	1	
6.51166	-0.0190609	1	
6.51162	-0.0191473	1	
6.51158	-0.019219	1	
6.51154	-0.0192747	1	
6.5115	-0.0193068	1	
6.51146	-0.0193209	1	
6.51142	-0.0193223	1	
6.51139	-0.0193054	1	
6.51135	-0.0192702	1	
6.51131	-0.019221	1	
6.51127	-0.0191517	1	
6.51123	-0.0190669	1	
6.51119	-0.0189743	1	
6.51116	-0.0188594	1	
6.51112	-0.0187339	1	
6.51108	-0.0186072	1	
6.51105	-0.0184787	1	
6.51101	-0.018359	1	
6.51097	-0.0182509	1	
6.51094	-0.0181523	1	
6.5109	-0.0180685	1	
6.51086	-0.018006	1	
6.51083	-0.0179662	1	
6.51079	-0.0179632	1	
6.51076	-0.0179935	1	
6.51072	-0.0180492	1	
6.51068	-0.018129	1	
6.51065	-0.0182269	1	
6.51061	-0.0183459	1	
6.51057	-0.0184927	1	
6.51054	-0.0186604	1	
6.5105	-0.0188482	1	
6.51046	-0.0190482	1	
6.51042	-0.0192577	1	
6.51038	-0.0194872	1	
6.51034	-0.0197268	1	
6.5103	-0.0199779	1	
6.51026	-0.020235	1	
6.51022	-0.0204994	1	
6.51018	-0.0207741	1	
6.51014	-0.0210498	1	
6.5101	-0.0213154	1	
6.51005	-0.0215552	1	
6.51001	-0.0217805	1	
6.50996	-0.0219967	1	
6.50992	-0.0221918	1	
6.50988	-0.0223642	1	
6.50983	-0.0225086	1	
6.50979	-0.0226212	1	
6.50974	-0.0227119	1	
6.50969	-0.0227718	1	
6.50965	-0.0228008	1	
6.5096	-0.0228018	1	
6.50956	-0.0227843	1	
6.50951	-0.0227517	1	
6.50947	-0.0227137	1	
6.50942	-0.0226616	1	
6.50938	-0.0226049	1	
6.50933	-0.0225449	1	
6.50929	-0.0224818	1	
6.50924	-0.0224254	1	
6.5092	-0.0223689	1	
6.50915	-0.0223165	1	
6.50911	-0.0222673	1	
6.50906	-0.0222152	1	
6.50902	-0.0221659	1	
6.50897	-0.0221174	1	
6.50893	-0.0220622	1	
6.50889	-0.0220113	1	
6.50884	-0.0219526	1	
6.5088	-0.0218999	1	
6.50876	-0.0218508	1	
6.50871	-0.0217994	1	
6.50867	-0.0217505	1	
6.50862	-0.0216996	1	
6.50858	-0.0216543	1	
6.50854	-0.0216198	1	
6.50849	-0.0215916	1	
6.50845	-0.0215729	1	
6.50841	-0.0215681	1	
6.50837	-0.0215818	1	
6.50832	-0.0216158	1	
6.50828	-0.0216559	1	
6.50824	-0.0217057	1	
6.50819	-0.0217558	1	
6.50815	-0.0218219	1	
6.5081	-0.0218942	1	
6.50806	-0.0219716	1	
6.50802	-0.0220541	1	
6.50797	-0.0221395	1	
6.50793	-0.0222293	1	
6.50788	-0.0223169	1	
6.50784	-0.0223985	1	
6.50779	-0.0224705	1	
6.50775	-0.0225355	1	
6.5077	-0.0226013	1	
6.50766	-0.0226596	1	
6.50761	-0.0227071	1	
6.50757	-0.0227416	1	
6.50752	-0.0227664	1	
6.50748	-0.0227955	1	
6.50743	-0.0228107	1	
6.50738	-0.0228121	1	
6.50734	-0.0227974	1	
6.50729	-0.0227756	1	
6.50725	-0.0227513	1	
6.5072	-0.0227164	1	
6.50716	-0.0226639	1	
6.50711	-0.0225836	1	
6.50707	-0.0224787	1	
6.50702	-0.0223668	1	
6.50698	-0.022239	1	
6.50693	-0.0220918	1	
6.50689	-0.0219266	1	
6.50685	-0.0217491	1	
6.5068	-0.0215741	1	
6.50676	-0.0213959	1	
6.50672	-0.021212	1	
6.50668	-0.021032	1	
6.50663	-0.0208473	1	
6.50659	-0.0206706	1	
6.50655	-0.0205061	1	
6.50651	-0.0203547	1	
6.50647	-0.0202202	1	
6.50643	-0.0201052	1	
6.50639	-0.0200244	1	
6.50635	-0.0199691	1	
6.50631	-0.0199398	1	
6.50627	-0.0199318	1	
6.50623	-0.0199541	1	
6.50619	-0.0200076	1	
6.50615	-0.0200856	1	
6.50611	-0.020181	1	
6.50607	-0.0202866	1	
6.50603	-0.0204104	1	
6.50599	-0.020539	1	
6.50595	-0.020676	1	
6.5059	-0.0208058	1	
6.50586	-0.0209339	1	
6.50582	-0.0210686	1	
6.50578	-0.021198	1	
6.50574	-0.0213223	1	
6.50569	-0.02143	1	
6.50565	-0.0215217	1	
6.50561	-0.0216071	1	
6.50556	-0.0216824	1	
6.50552	-0.0217504	1	
6.50548	-0.021806	1	
6.50543	-0.0218406	1	
6.50539	-0.0218569	1	
6.50534	-0.0218577	1	
6.5053	-0.0218405	1	
6.50526	-0.0218038	1	
6.50521	-0.0217432	1	
6.50517	-0.0216664	1	
6.50513	-0.0215667	1	
6.50508	-0.021444	1	
6.50504	-0.0213101	1	
6.505	-0.0211595	1	
6.50496	-0.0209912	1	
6.50492	-0.0208051	1	
6.50488	-0.020609	1	
6.50483	-0.0204032	1	
6.50479	-0.0201909	1	
6.50475	-0.0199723	1	
6.50471	-0.0197537	1	
6.50468	-0.0195339	1	
6.50464	-0.019314	1	
6.5046	-0.0190899	1	
6.50456	-0.0188623	1	
6.50452	-0.0186404	1	
6.50449	-0.0184311	1	
6.50445	-0.0182333	1	
6.50441	-0.0180378	1	
6.50438	-0.0178368	1	
6.50434	-0.0176314	1	
6.50431	-0.0174245	1	
6.50427	-0.017215	1	
6.50424	-0.0170065	1	
6.50421	-0.0167996	1	
6.50417	-0.0165905	1	
6.50414	-0.0163822	1	
6.50411	-0.0161697	1	
6.50408	-0.0159505	1	
6.50404	-0.0157273	1	
6.50401	-0.0155036	1	
6.50398	-0.0152791	1	
6.50395	-0.0150525	1	
6.50392	-0.0148247	1	
6.50389	-0.014597	1	
6.50387	-0.0143703	1	
6.50384	-0.0141458	1	
6.50381	-0.0139246	1	
6.50378	-0.0137088	1	
6.50376	-0.013493	1	
6.50373	-0.0132779	1	
6.5037	-0.013063	1	
6.50368	-0.0128567	1	
6.50365	-0.0126511	1	
6.50363	-0.0124449	1	
6.5036	-0.0122418	1	
6.50358	-0.0120398	1	
6.50355	-0.011841	1	
6.50353	-0.0116462	1	
6.50351	-0.0114548	1	
6.50349	-0.0112693	1	
6.50346	-0.0110912	1	
6.50344	-0.0109188	1	
6.50342	-0.0107538	1	
6.5034	-0.0105954	1	
6.50338	-0.0104412	1	
6.50336	-0.0102941	1	
6.50334	-0.0101534	1	
6.50332	-0.0100223	1	
6.5033	-0.00990066	1	
6.50328	-0.00978269	1	
6.50326	-0.0096721	1	
6.50324	-0.00956185	1	
6.50322	-0.00945117	1	
6.5032	-0.00934076	1	
6.50318	-0.00923062	1	
6.50316	-0.00912899	1	
6.50315	-0.00902876	1	
6.50313	-0.00892763	1	
6.50311	-0.00882648	1	
6.50309	-0.00872242	1	
6.50308	-0.00861834	1	
6.50306	-0.00851419	1	
6.50304	-0.00840648	1	
6.50303	-0.00830319	1	
6.50301	-0.00820146	1	
6.50299	-0.00810391	1	
6.50298	-0.00801127	1	
6.50296	-0.00791907	1	
6.50295	-0.00782578	1	
6.50293	-0.00773216	1	
6.50291	-0.00764292	1	
6.5029	-0.00755542	1	
6.50288	-0.00746673	1	
6.50287	-0.00737655	1	
6.50286	-0.00728875	1	
6.50284	-0.00719999	1	
6.50283	-0.00711449	1	
6.50281	-0.007031	1	
6.5028	-0.0069479	1	
6.50279	-0.00686889	1	
6.50277	-0.00679207	1	
6.50276	-0.00671964	1	
6.50275	-0.00664972	1	
6.50273	-0.0065825	1	
6.50272	-0.00652253	1	
6.50271	-0.00646826	1	
6.50269	-0.00642534	1	
6.50268	-0.00639414	1	
6.50267	-0.00637299	1	
6.50265	-0.00636373	1	
6.50264	-0.00636651	1	
6.50263	-0.00637935	1	
6.50262	-0.00640172	1	
6.5026	-0.00642969	1	
6.50259	-0.00646941	1	
6.50258	-0.00651878	1	
6.50256	-0.006579	1	
6.50255	-0.00664535	1	
6.50254	-0.00671222	1	
6.50252	-0.00678058	1	
6.50251	-0.00685559	1	
6.5025	-0.00693359	1	
6.50248	-0.00701598	1	
6.50247	-0.0070971	1	
6.50245	-0.00717419	1	
6.50244	-0.00724597	1	
6.50242	-0.00731628	1	
6.50241	-0.00738402	1	
6.5024	-0.0074514	1	
6.50238	-0.00751419	1	
6.50237	-0.0075719	1	
6.50235	-0.00762299	1	
6.50233	-0.00766251	1	
6.50232	-0.00769198	1	
6.5023	-0.00771177	1	
6.50229	-0.0077227	1	
6.50227	-0.00772108	1	
6.50226	-0.00771218	1	
6.50224	-0.00769851	1	
6.50223	-0.00768187	1	
6.50221	-0.00766613	1	
6.5022	-0.00764889	1	
6.50218	-0.00762467	1	
6.50217	-0.00759739	1	
6.50215	-0.00757184	1	
6.50214	-0.00755325	1	
6.50212	-0.00754134	1	
6.50211	-0.00753388	1	
6.50209	-0.00752446	1	
6.50208	-0.00751666	1	
6.50206	-0.00751113	1	
6.50205	-0.00750901	1	
6.50203	-0.00751488	1	
6.50202	-0.00752632	1	
6.502	-0.0075446	1	
6.50198	-0.00756519	1	
6.50197	-0.00758638	1	
6.50195	-0.00760587	1	
6.50194	-0.00762646	1	
6.50192	-0.00764526	1	
6.50191	-0.00766321	1	
6.50189	-0.00767848	1	
6.50188	-0.00768793	1	
6.50186	-0.00769381	1	
6.50185	-0.00769458	1	
6.50183	-0.00769165	1	
6.50182	-0.00768523	1	
6.5018	-0.00767519	1	
6.50179	-0.007659	1	
6.50177	-0.00763962	1	
6.50176	-0.00761852	1	
6.50174	-0.0075895	1	
6.50172	-0.0075556	1	
6.50171	-0.00751581	1	
6.50169	-0.00747399	1	
6.50168	-0.00742221	1	
6.50167	-0.0073674	1	
6.50165	-0.00730994	1	
6.50164	-0.00724538	1	
6.50162	-0.00717673	1	
6.50161	-0.00710117	1	
6.50159	-0.00702458	1	
6.50158	-0.00694769	1	
6.50157	-0.00687339	1	
6.50155	-0.00680027	1	
6.50154	-0.00672533	1	
6.50153	-0.00665154	1	
6.50151	-0.00657606	1	
6.5015	-0.00650242	1	
6.50149	-0.00643293	1	
6.50147	-0.00636722	1	
6.50146	-0.00630499	1	
6.50145	-0.00624884	1	
6.50144	-0.0061971	1	
6.50142	-0.00614693	1	
6.50141	-0.00610216	1	
6.5014	-0.00605932	1	
6.50139	-0.00601847	1	
6.50138	-0.0059824	1	
6.50136	-0.00594752	1	
6.50135	-0.00591273	1	
6.50134	-0.00588242	1	
6.50133	-0.00585346	1	
6.50132	-0.00582081	1	
6.50131	-0.00578934	1	
6.50129	-0.00575746	1	
6.50128	-0.00572666	1	
6.50127	-0.00570053	1	
6.50126	-0.00567805	1	
6.50125	-0.00565778	1	
6.50124	-0.00563847	1	
6.50123	-0.00562023	1	
6.50121	-0.00559883	1	
6.5012	-0.00557679	1	
6.50119	-0.00555386	1	
6.50118	-0.00553299	1	
6.50117	-0.00551395	1	
6.50116	-0.0054974	1	
6.50115	-0.00548712	1	
6.50114	-0.00547527	1	
6.50113	-0.00546215	1	
6.50112	-0.00544603	1	
6.5011	-0.00543392	1	
6.50109	-0.00542241	1	
6.50108	-0.00541433	1	
6.50107	-0.00541193	1	
6.50106	-0.0054136	1	
6.50105	-0.00542223	1	
6.50104	-0.00543442	1	
6.50103	-0.00545361	1	
6.50102	-0.00548109	1	
6.50101	-0.00551483	1	
6.501	-0.00555297	1	
6.50098	-0.00559928	1	
6.50097	-0.00564929	1	
6.50096	-0.00570555	1	
6.50095	-0.00576374	1	
6.50094	-0.00582663	1	
6.50093	-0.00589448	1	
6.50091	-0.00596524	1	
6.5009	-0.00603751	1	
6.50089	-0.00610459	1	
6.50088	-0.0061661	1	
6.50087	-0.00622334	1	
6.50085	-0.00627835	1	
6.50084	-0.00632796	1	
6.50083	-0.00636966	1	
6.50081	-0.00640737	1	
6.5008	-0.00643591	1	
6.50079	-0.00645633	1	
6.50078	-0.00646708	1	
6.50076	-0.00647439	1	
6.50075	-0.00647463	1	
6.50074	-0.00646767	1	
6.50072	-0.00645433	1	
6.50071	-0.00643383	1	
6.5007	-0.00640121	1	
6.50069	-0.00636172	1	
6.50067	-0.00631315	1	
6.50066	-0.00625896	1	
6.50065	-0.006201	1	
6.50064	-0.00613955	1	
6.50062	-0.00607378	1	
6.50061	-0.0060024	1	
6.5006	-0.0059288	1	
6.50059	-0.00584776	1	
6.50058	-0.00575966	1	
6.50057	-0.00567003	1	
6.50055	-0.00557664	1	
6.50054	-0.00547958	1	
6.50053	-0.00538477	1	
6.50052	-0.00529017	1	
6.50051	-0.00519579	1	
6.5005	-0.00510167	1	
6.50049	-0.00500971	1	
6.50048	-0.00491615	1	
6.50047	-0.00482657	1	
6.50046	-0.00474489	1	
6.50045	-0.00466992	1	
6.50044	-0.00460104	1	
6.50043	-0.00453701	1	
6.50043	-0.00447463	1	
6.50042	-0.00441423	1	
6.50041	-0.00435678	1	
6.5004	-0.00430465	1	
6.50039	-0.00425616	1	
6.50038	-0.00420751	1	
6.50037	-0.00416273	1	
6.50037	-0.00411762	1	
6.50036	-0.00407688	1	
6.50035	-0.00403542	1	
6.50034	-0.00399492	1	
6.50033	-0.00395375	1	
6.50033	-0.00391661	1	
6.50032	-0.00388199	1	
6.50031	-0.00385037	1	
6.5003	-0.00381568	1	
6.5003	-0.00378508	1	
6.50029	-0.00375728	1	
6.50028	-0.00373158	1	
6.50027	-0.00370758	1	
6.50027	-0.00368596	1	
6.50026	-0.00366596	1	
6.50025	-0.00365036	1	
6.50024	-0.00363611	1	
6.50024	-0.0036222	1	
6.50023	-0.00360744	1	
6.50022	-0.00359397	1	
6.50022	-0.0035792	1	
6.50021	-0.00356527	1	
6.5002	-0.0035515	1	
6.50019	-0.00353759	1	
6.50019	-0.00352574	1	
6.50018	-0.00351379	1	
6.50017	-0.00349815	1	
6.50017	-0.00348405	1	
6.50016	-0.00346761	1	
6.50015	-0.00345308	1	
6.50014	-0.00343981	1	
6.50014	-0.00342705	1	
6.50013	-0.00341369	1	
6.50012	-0.00340635	1	
6.50012	-0.00340389	1	
6.50011	-0.00340335	1	
6.5001	-0.00340769	1	
6.5001	-0.00341243	1	
6.50009	-0.00342278	1	
6.50008	-0.00344072	1	
6.50008	-0.00345764	1	
6.50007	-0.00347698	1	
6.50006	-0.00349889	1	
6.50006	-0.00352362	1	
6.50005	-0.00354588	1	
6.50004	-0.00356812	1	
6.50003	-0.00359216	1	
6.50003	-0.00361575	1	
6.50002	-0.00363729	1	
6.50001	-0.00365674	1	
6.50001	-0.00367014	1	
6.5	-0.00368422	1	
6.49999	-0.00369908	1	
6.49998	-0.00371432	1	
6.49998	-0.00372815	1	
6.49997	-0.0037443	1	
6.49996	-0.00375686	1	
6.49995	-0.00377104	1	
6.49995	-0.00378053	1	
6.49994	-0.00378777	1	
6.49993	-0.00379392	1	
6.49992	-0.00379897	1	
6.49992	-0.00380251	1	
6.49991	-0.00380096	1	
6.4999	-0.00379436	1	
6.49989	-0.00378321	1	
6.49988	-0.00376901	1	
6.49988	-0.00375106	1	
6.49987	-0.00372459	1	
6.49986	-0.00369557	1	
6.49986	-0.00366282	1	
6.49985	-0.00362415	1	
6.49984	-0.00358423	1	
6.49983	-0.00353754	1	
6.49983	-0.00348145	1	
6.49982	-0.00342581	1	
6.49981	-0.00336637	1	
6.49981	-0.00330773	1	
6.4998	-0.00324662	1	
6.49979	-0.00318931	1	
6.49979	-0.00313112	1	
6.49978	-0.00307656	1	
6.49977	-0.0030229	1	
6.49977	-0.00297276	1	
6.49976	-0.00292379	1	
6.49976	-0.00287983	1	
6.49975	-0.00283809	1	
6.49975	-0.00279621	1	
6.49974	-0.00275972	1	
6.49974	-0.00272464	1	
6.49973	-0.00269068	1	
6.49972	-0.00266278	1	
6.49972	-0.00263443	1	
6.49971	-0.0026103	1	
6.49971	-0.00258963	1	
6.4997	-0.0025691	1	
6.4997	-0.00255214	1	
6.49969	-0.0025377	1	
6.49969	-0.00252511	1	
6.49968	-0.00251411	1	
6.49968	-0.00250908	1	
6.49967	-0.00250574	1	
6.49967	-0.00250601	1	
6.49966	-0.0025105	1	
6.49966	-0.00251498	1	
6.49965	-0.00252175	1	
6.49965	-0.00252821	1	
6.49964	-0.00253503	1	
6.49964	-0.00254534	1	
6.49963	-0.00255294	1	
6.49963	-0.00256043	1	
6.49962	-0.00256582	1	
6.49962	-0.0025704	1	
6.49961	-0.00257325	1	
6.49961	-0.00257307	1	
6.4996	-0.0025771	1	
6.4996	-0.00257921	1	
6.49959	-0.00258007	1	
6.49959	-0.00258047	1	
6.49958	-0.00257942	1	
6.49958	-0.00258112	1	
6.49957	-0.00258099	1	
6.49957	-0.00258084	1	
6.49956	-0.00258402	1	
6.49956	-0.00258786	1	
6.49955	-0.00259215	1	
6.49955	-0.00259419	1	
6.49954	-0.00259403	1	
6.49954	-0.00259384	1	
6.49953	-0.00259471	1	
6.49952	-0.00259442	1	
6.49952	-0.00259167	1	
6.49951	-0.00258818	1	
6.49951	-0.00258599	1	
6.4995	-0.00258159	1	
6.4995	-0.00257674	1	
6.49949	-0.00257582	1	
6.49949	-0.00257409	1	
6.49948	-0.00257502	1	
6.49948	-0.0025759	1	
6.49947	-0.00257589	1	
6.49947	-0.00257915	1	
6.49946	-0.00258456	1	
6.49946	-0.00258889	1	
6.49945	-0.00259163	1	
6.49945	-0.00259677	1	
6.49944	-0.00260556	1	
6.49944	-0.00261269	1	
6.49943	-0.002619	1	
6.49943	-0.00262372	1	
6.49942	-0.00263006	1	
6.49942	-0.0026345	1	
6.49941	-0.00263921	1	
6.4994	-0.00264545	1	
6.4994	-0.00265158	1	
6.49939	-0.00265999	1	
6.49939	-0.00266382	1	
6.49938	-0.00266796	1	
6.49938	-0.00267135	1	
6.49937	-0.00267502	1	
6.49937	-0.00267888	1	
6.49936	-0.0026826	1	
6.49936	-0.00268294	1	
6.49935	-0.00268378	1	
6.49935	-0.00268477	1	
6.49934	-0.00268616	1	
6.49934	-0.00268297	1	
6.49933	-0.00267722	1	
6.49932	-0.00267168	1	
6.49932	-0.00266659	1	
6.49931	-0.00266242	1	
6.49931	-0.00265579	1	
6.4993	-0.00265017	1	
6.4993	-0.00264308	1	
6.49929	-0.00263336	1	
6.49929	-0.00262185	1	
6.49928	-0.00261181	1	
6.49928	-0.0025997	1	
6.49927	-0.00259035	1	
6.49927	-0.00257496	1	
6.49926	-0.00255715	1	
6.49926	-0.0025424	1	
6.49925	-0.00252289	1	
6.49925	-0.00250332	1	
6.49924	-0.00248591	1	
6.49924	-0.00246635	1	
6.49923	-0.00244695	1	
6.49923	-0.00242713	1	
6.49922	-0.00240658	1	
6.49922	-0.00238556	1	
6.49921	-0.00236326	1	
6.49921	-0.00233769	1	
6.4992	-0.00231612	1	
6.4992	-0.00229089	1	
6.49919	-0.00226539	1	
6.49919	-0.00224056	1	
6.49919	-0.00221687	1	
6.49918	-0.00219253	1	
6.49918	-0.00216621	1	
6.49917	-0.00214063	1	
6.49917	-0.00211326	1	
6.49916	-0.00208762	1	
6.49916	-0.00205858	1	
6.49916	-0.00203147	1	
6.49915	-0.00200657	1	
6.49915	-0.00198179	1	
6.49914	-0.00195547	1	
6.49914	-0.00193012	1	
6.49914	-0.00190332	1	
6.49913	-0.00187875	1	
6.49913	-0.00185752	1	
6.49913	-0.00183434	1	
6.49912	-0.00181363	1	
6.49912	-0.00179467	1	
6.49911	-0.00177375	1	
6.49911	-0.00175518	1	
6.49911	-0.00173925	1	
6.4991	-0.00172152	1	
6.4991	-0.0017051	1	
6.4991	-0.00169069	1	
6.49909	-0.0016741	1	
6.49909	-0.00166053	1	
6.49909	-0.00164836	1	
6.49908	-0.00163766	1	
6.49908	-0.0016283	1	
6.49908	-0.00161994	1	
6.49907	-0.00161241	1	
6.49907	-0.00160309	1	
6.49907	-0.00159481	1	
6.49906	-0.00158791	1	
6.49906	-0.00158497	1	
6.49906	-0.00158357	1	
6.49906	-0.00158225	1	
6.49905	-0.00158097	1	
6.49905	-0.00157997	1	
6.49905	-0.00157984	1	
6.49904	-0.00158023	1	
6.49904	-0.00158286	1	
6.49904	-0.0015837	1	
6.49903	-0.00158364	1	
6.49903	-0.0015881	1	
6.49903	-0.00159307	1	
6.49902	-0.00159292	1	
6.49902	-0.00159287	1	
6.49902	-0.00159183	1	
6.49901	-0.00159078	1	
6.49901	-0.00159383	1	
6.49901	-0.00159734	1	
6.499	-0.00160132	1	
6.499	-0.00160535	1	
6.499	-0.00161076	1	
6.49899	-0.00161452	1	
6.49899	-0.00161911	1	
6.49899	-0.00162424	1	
6.49898	-0.00162959	1	
6.49898	-0.00163973	1	
6.49898	-0.00164955	1	
6.49898	-0.00166121	1	
6.49897	-0.00167332	1	
6.49897	-0.00168955	1	
6.49896	-0.00170329	1	
6.49896	-0.00171929	1	
6.49896	-0.00173197	1	
6.49895	-0.00174791	1	
6.49895	-0.00176939	1	
6.49895	-0.00179268	1	
6.49894	-0.00181442	1	
6.49894	-0.00183717	1	
6.49894	-0.00186086	1	
6.49893	-0.00188066	1	
6.49893	-0.00189767	1	
6.49893	-0.00191281	1	
6.49892	-0.00192621	1	
6.49892	-0.00193921	1	
6.49891	-0.00195479	1	
6.49891	-0.00196837	1	
6.49891	-0.00198221	1	
6.4989	-0.00199833	1	
6.4989	-0.00201412	1	
6.49889	-0.00203078	1	
6.49889	-0.00205057	1	
6.49889	-0.00207036	1	
6.49888	-0.00208887	1	
6.49888	-0.00210749	1	
6.49887	-0.00212909	1	
6.49887	-0.00215116	1	
6.49886	-0.00217117	1	
6.49886	-0.0021892	1	
6.49886	-0.00220886	1	
6.49885	-0.0022245	1	
6.49885	-0.00223772	1	
6.49884	-0.00224752	1	
6.49884	-0.00225375	1	
6.49883	-0.00225819	1	
6.49883	-0.00225925	1	
6.49882	-0.00225654	1	
6.49882	-0.00225213	1	
6.49881	-0.00224598	1	
6.49881	-0.0022375	1	
6.49881	-0.00222848	1	
6.4988	-0.00221783	1	
6.4988	-0.00220642	1	
6.49879	-0.00219156	1	
6.49879	-0.00217673	1	
6.49878	-0.00216256	1	
6.49878	-0.00214917	1	
6.49878	-0.00213522	1	
6.49877	-0.00212102	1	
6.49877	-0.00210377	1	
6.49876	-0.00208547	1	
6.49876	-0.00206669	1	
6.49875	-0.00204432	1	
6.49875	-0.00202256	1	
6.49875	-0.00200189	1	
6.49874	-0.00198092	1	
6.49874	-0.00196146	1	
6.49873	-0.00194252	1	
6.49873	-0.00192011	1	
6.49873	-0.00189924	1	
6.49872	-0.0018763	1	
6.49872	-0.00185472	1	
6.49872	-0.00183394	1	
6.49871	-0.00181291	1	
6.49871	-0.00178903	1	
6.4987	-0.00176813	1	
6.4987	-0.00174826	1	
6.4987	-0.00172602	1	
6.49869	-0.00170671	1	
6.49869	-0.00168471	1	
6.49869	-0.00166204	1	
6.49868	-0.00164192	1	
6.49868	-0.00162465	1	
6.49868	-0.0016105	1	
6.49867	-0.00159609	1	
6.49867	-0.00158405	1	
6.49867	-0.00157114	1	
6.49867	-0.00156231	1	
6.49866	-0.00155664	1	
6.49866	-0.0015491	1	
6.49866	-0.00154463	1	
6.49865	-0.00154279	1	
6.49865	-0.00154139	1	
6.49865	-0.00153905	1	
6.49864	-0.00153766	1	
6.49864	-0.00153435	1	
6.49864	-0.00153233	1	
6.49863	-0.0015331	1	
6.49863	-0.00153121	1	
6.49863	-0.00153174	1	
6.49863	-0.00153355	1	
6.49862	-0.00153271	1	
6.49862	-0.00153081	1	
6.49862	-0.0015301	1	
6.49861	-0.00152757	1	
6.49861	-0.00152591	1	
6.49861	-0.0015261	1	
6.4986	-0.00152421	1	
6.4986	-0.00152415	1	
6.4986	-0.00152208	1	
6.4986	-0.00151743	1	
6.49859	-0.00151505	1	
6.49859	-0.00151424	1	
6.49859	-0.00151071	1	
6.49858	-0.00150773	1	
6.49858	-0.0015029	1	
6.49858	-0.00149459	1	
6.49857	-0.00148863	1	
6.49857	-0.00147958	1	
6.49857	-0.00146883	1	
6.49857	-0.00146066	1	
6.49856	-0.00145027	1	
6.49856	-0.0014387	1	
6.49856	-0.00142547	1	
6.49855	-0.00141569	1	
6.49855	-0.00140657	1	
6.49855	-0.00139602	1	
6.49855	-0.00138393	1	
6.49854	-0.00137239	1	
6.49854	-0.00136371	1	
6.49854	-0.00135427	1	
6.49853	-0.00134839	1	
6.49853	-0.00134147	1	
6.49853	-0.0013334	1	
6.49853	-0.00132652	1	
6.49852	-0.00131918	1	
6.49852	-0.00131515	1	
6.49852	-0.00130952	1	
6.49852	-0.00130214	1	
6.49851	-0.00129674	1	
6.49851	-0.00129048	1	
6.49851	-0.0012864	1	
6.49851	-0.00128144	1	
6.4985	-0.00127583	1	
6.4985	-0.00127349	1	
6.4985	-0.00126984	1	
6.4985	-0.00126532	1	
6.49849	-0.00126262	1	
6.49849	-0.00125953	1	
6.49849	-0.00125532	1	
6.49849	-0.00125419	1	
6.49848	-0.001252	1	
6.49848	-0.00125323	1	
6.49848	-0.00125296	1	
6.49848	-0.00125271	1	
6.49847	-0.0012539	1	
6.49847	-0.00125374	1	
6.49847	-0.00125234	1	
6.49847	-0.0012487	1	
6.49846	-0.00124553	1	
6.49846	-0.00124506	1	
6.49846	-0.00124379	1	
6.49846	-0.0012436	1	
6.49845	-0.00124137	1	
6.49845	-0.00123596	1	
6.49845	-0.00122989	1	
6.49845	-0.00122437	1	
6.49844	-0.00122067	1	
6.49844	-0.00121727	1	
6.49844	-0.00121473	1	
6.49844	-0.0012122	1	
6.49843	-0.00121022	1	
6.49843	-0.00120419	1	
6.49843	-0.00119996	1	
6.49843	-0.00119522	1	
6.49842	-0.00119083	1	
6.49842	-0.00119094	1	
6.49842	-0.00119206	1	
6.49842	-0.00119212	1	
6.49841	-0.00119229	1	
6.49841	-0.00119124	1	
6.49841	-0.00119073	1	
6.49841	-0.001188	1	
6.4984	-0.00118597	1	
6.4984	-0.00118392	1	
6.4984	-0.0011819	1	
6.4984	-0.00118019	1	
6.4984	-0.00117858	1	
6.49839	-0.00117638	1	
6.49839	-0.00117792	1	
6.49839	-0.00117723	1	
6.49839	-0.00117577	1	
6.49838	-0.00117269	1	
6.49838	-0.00116778	1	
6.49838	-0.0011664	1	
6.49838	-0.00116322	1	
6.49837	-0.00116359	1	
6.49837	-0.00116308	1	
6.49837	-0.0011654	1	
6.49837	-0.00117096	1	
6.49836	-0.00117595	1	
6.49836	-0.00117995	1	
6.49836	-0.00118716	1	
6.49836	-0.00119274	1	
6.49836	-0.00119733	1	
6.49835	-0.00120384	1	
6.49835	-0.00120917	1	
6.49835	-0.00121638	1	
6.49835	-0.00122147	1	
6.49834	-0.00122461	1	
6.49834	-0.00122641	1	
6.49834	-0.00123005	1	
6.49834	-0.00123137	1	
6.49833	-0.00123229	1	
6.49833	-0.00123066	1	
6.49833	-0.00122845	1	
6.49833	-0.00122885	1	
6.49832	-0.0012282	1	
6.49832	-0.00122649	1	
6.49832	-0.0012261	1	
6.49832	-0.00122456	1	
6.49831	-0.00122746	1	
6.49831	-0.00122999	1	
6.49831	-0.0012308	1	
6.49831	-0.00123512	1	
6.4983	-0.00123795	1	
6.4983	-0.00124014	1	
6.4983	-0.00124415	1	
6.4983	-0.00125111	1	
6.49829	-0.00125662	1	
6.49829	-0.0012628	1	
6.49829	-0.00126668	1	
6.49829	-0.00127211	1	
6.49828	-0.00127436	1	
6.49828	-0.00127611	1	
6.49828	-0.00127863	1	
6.49828	-0.00128312	1	
6.49827	-0.00128642	1	
6.49827	-0.00129022	1	
6.49827	-0.00129183	1	
6.49827	-0.00129599	1	
6.49826	-0.00129827	1	
6.49826	-0.00129953	1	
6.49826	-0.00130151	1	
6.49826	-0.00130349	1	
6.49825	-0.00130341	1	
6.49825	-0.0013052	1	
6.49825	-0.00130629	1	
6.49824	-0.00130565	1	
6.49824	-0.00130466	1	
6.49824	-0.00130561	1	
6.49824	-0.0013051	1	
6.49823	-0.00130411	1	
6.49823	-0.00130177	1	
6.49823	-0.00129673	1	
6.49823	-0.00129245	1	
6.49822	-0.00128628	1	
6.49822	-0.00127954	1	
6.49822	-0.00127226	1	
6.49822	-0.00126481	1	
6.49821	-0.00125357	1	
6.49821	-0.00124269	1	
6.49821	-0.00123171	1	
6.49821	-0.00122213	1	
6.4982	-0.00121288	1	
6.4982	-0.00120452	1	
6.4982	-0.00119683	1	
6.4982	-0.00118472	1	
6.49819	-0.00117436	1	
6.49819	-0.00116468	1	
6.49819	-0.00115502	1	
6.49819	-0.00114718	1	
6.49819	-0.00113607	1	
6.49818	-0.00112641	1	
6.49818	-0.00111827	1	
6.49818	-0.00111827	1	
6.49818	-0.00110656	1	
6.49818	-0.00109641	1	
6.49818	-0.00109641	1	
6.49818	-0.00109641	1	
6.49818	-0.00109641	1	
6.49818	-0.00109641	1	
6.49818	-0.00109641	1	
6.49818	-0.00109641	1	
6.49818	-0.00109641	1	
6.49818	-0.00109641	1	
6.49818	-0.00109641	1	
6.49818	-0.00109641	1	
6.49818	-0.00109641	1	
6.49818	-0.00109641	1	
6.49818	-0.00109641	1	
6.49818	-0.00109641	1	
6.49818	-0.00109641	1	
6.49818	-0.00109641	1	
6.49818	-0.00109641	1	
6.49818	-0.00109641	1	
6.49818	-0.00109641	1	
6.49818	-0.00109641	1	
6.49818	-0.00109641	1	
6.49818	-0.00109641	1	
6.49818	-0.00109641	1	
6.49818	-0.00109641	1	
6.49818	-0.00109641	1	
6.49818	-0.00109641	1	
6.49818	-0.00109641	1	
6.49818	-0.00109641	1	
6.49818	-0.00109641	1	
6.49818	-0.00109641	1	
6.49818	-0.00109641	1	
6.49818	-0.00109641	1	
6.49818	-0.00109641	1	
6.49818	-0.00109641	1	
6.49818	-0.00109641	1	
6.49818	-0.00109641	1	
6.49818	-0.00109641	1	
6.49818	-0.00109641	1	
6.49818	-0.00109641	1	
6.49818	-0.00109641	1	
6.49818	-0.00109641	1	
6.49818	-0.00109641	1	
6.49818	-0.00109641	1	
6.49818	-0.00109641	1	
6.49818	-0.00109641	1	
6.49818	-0.00109641	1	
6.49818	-0.00109641	1	
6.49818	-0.00109641	1	
6.49818	-0.00109641	1	
6.49818	-0.00109641	1	
6.49818	-0.00109641	1	
6.49818	-0.00109641	1	
6.49818	-0.00109641	1	
6.49818	-0.00109641	1	
6.49818	-0.00109641	1	
6.49818	-0.00109641	1	
6.49818	-0.00109641	1	
6.49818	-0.00109641	1	
6.49818	-0.00109641	1	
6.49818	-0.00109641	1	
6.49818	-0.00109641	1	
6.49818	-0.00109641	1	
6.49818	-0.00109641	1	
6.49818	-0.00109641	1	
6.49818	-0.00109641	1	
6.49818	-0.00109641	1	
6.49818	-0.00109641	1	
6.49818	-0.00109641	1	
6.49818	-0.00109641	1	
6.49818	-0.00109641	1	
6.49818	-0.00109641	1	
6.49818	-0.00109641	1	
6.49818	-0.00109641	1	
6.49818	-0.00109641	1	
6.49818	-0.00109641	1	
6.49818	-0.00109641	1	
6.49818	-0.00109641	1	
6.49818	-0.00109641	1	
6.49818	-0.00109641	1	
6.49818	-0.00109641	1	
6.49818	-0.00109641	1	
6.49818	-0.00109641	1	
6.49818	-0.00109641	1	
6.49818	-0.00109641	1	
6.49818	-0.00109641	1	
6.49818	-0.00109641	1	
6.49818	-0.00109641	1	
6.49818	-0.00109641	1	
6.49818	-0.00109641	1	
6.49818	-0.00109641	1	
6.49818	-0.00109641	1	
6.49818	-0.00109641	1	
6.49818	-0.00109641	1	
6.49818	-0.00109641	1	
6.49818	-0.00109641	1	
6.49818	-0.00109641	1	
6.49818	-0.00109641	1	
6.49818	-0.00109641	1	
6.49818	-0.00109641	1	
6.49818	-0.00109641	1	
6.49818	-0.00109641	1	
6.49818	-0.00109641	1	
6.49818	-0.00109641	1	
6.49818	-0.00109641	1	
6.49818	-0.00109641	1	
6.49818	-0.00109641	1	
6.49818	-0.00109641	1	
6.49818	-0.00109641	1	
6.49818	-0.00109641	1	
6.49818	-0.00109641	1	
6.49818	-0.00109641	1	
6.49818	-0.00109641	1	
6.49818	-0.00109641	1	
6.49818	-0.00109641	1	
6.49818	-0.00109641	1	
6.49818	-0.00109641	1	
6.49818	-0.00109641	1	
6.49818	-0.00109641	1	
6.49818	-0.00109641	1	
6.49818	-0.00109641	1	
6.49818	-0.00109641	1	
6.49818	-0.00109641	1	
6.49818	-0.00109641	1	
6.49818	-0.00109641	1	
6.49818	-0.00109641	1	
6.49818	-0.00109641	1	
6.49818	-0.00109641	1	
6.49818	-0.00109641	1	
6.49818	-0.00109641	1	
6.49818	-0.00109641	1	
6.49818	-0.00109641	1	
6.49818	-0.00109641	1	
6.49818	-0.00109641	1	
6.49818	-0.00109641	1	
6.49818	-0.00109641	1	
6.49818	-0.00109641	1	
6.49818	-0.00109641	1	
6.49818	-0.00109641	1	
6.49818	-0.00109641	1	
6.49818	-0.00109641	1	
6.49818	-0.00109641	1	
6.49818	-0.00109641	1	
6.49818	-0.00109641	1	
6.49818	-0.00109641	1	
6.49818	-0.00109641	1	
6.49818	-0.00109641	1	
6.49818	-0.00109641	1	
6.49818	-0.00109641	1	
6.49818	-0.00109641	1	
6.49818	-0.00109641	1	
6.49818	-0.00109641	1	
6.49818	-0.00109641	1	
6.49818	-0.00109641	1	
6.49818	-0.00109641	1	
6.49818	-0.00109641	1	
6.49818	-0.00109641	1	
6.49818	-0.00109641	1	
6.49818	-0.00109641	1	
6.49818	-0.00109641	1	
6.49818	-0.00109641	1	
6.49818	-0.00109641	1	
6.49818	-0.00109641	1	
6.49818	-0.00109641	1	
6.49818	-0.00109641	1	
6.49818	-0.00109641	1	
6.49818	-0.00109641	1	
6.49818	-0.00109641	1	
6.49818	-0.00109641	1	
6.49818	-0.00109641	1	
6.49818	-0.00109641	1	
6.49818	-0.00109641	1	
6.49818	-0.00109641	1	
6.49818	-0.00109641	1	
6.49818	-0.00109641	1	
6.49818	-0.00109641	1	
6.49818	-0.00109641	1	
6.49818	-0.00109641	1	
6.49818	-0.00109641	1	
6.49818	-0.00109641	1	
6.49818	-0.00109641	1	
6.49818	-0.00109641	1	
6.49818	-0.00109641	1	
6.49818	-0.00109641	1	
6.49818	-0.00109641	1	
6.49818	-0.00109641	1	
6.49818	-0.00109641	1	
6.49818	-0.00109641	1	
6.49818	-0.00109641	1	
6.49818	-0.00109641	1	
6.49818	-0.00109641	1	
6.49818	-0.00109641	1	
6.49818	-0.00109641	1	
6.49818	-0.00109641	1	
6.49818	-0.00109641	1	
6.49818	-0.00109641	1	
6.49818	-0.00109641	1	
6.49818	-0.00109641	1	
6.49818	-0.00109641	1	
6.49818	-0.00109641	1	
6.49818	-0.00109641	1	
6.49818	-0.00109641	1	
6.49818	-0.00109641	1	
6.49818	-0.00109641	1	
6.49818	-0.00109641	1	
6.49818	-0.00109641	1	
6.49818	-0.00109641	1	
6.49818	-0.00109641	1	
6.49818	-0.00109641	1	
6.49818	-0.00109641	1	
6.49818	-0.00109641	1	
6.49818	-0.00109641	1	
6.49818	-0.00109641	1	
6.49818	-0.00109641	1	
6.49818	-0.00109641	1	
6.49818	-0.00109641	1	
6.49818	-0.00109641	1	
6.49818	-0.00109641	1	
6.49818	-0.00109641	1	
6.49818	-0.00109641	1	
6.49818	-0.00109641	1	
6.49818	-0.00109641	1	
6.49818	-0.00109641	1	
6.49818	-0.00109641	1	
6.49818	-0.00109641	1	
6.49818	-0.00109641	1	
6.49818	-0.00109641	1	
6.49818	-0.00109641	1	
6.49818	-0.00109641	1	
6.49818	-0.00109641	1	
6.49818	-0.00109641	1	
6.49818	-0.00109641	1	
6.49818	-0.00109641	1	
6.49818	-0.00109641	1	
6.49818	-0.00109641	1	
6.49818	-0.00109641	1	
6.49818	-0.00109641	1	
6.49818	-0.00109641	1	
6.49818	-0.00109641	1	
6.49818	-0.00109641	1	
6.49818	-0.00109641	1	
6.49818	-0.00109641	1	
6.49818	-0.00109641	1	
6.49818	-0.00109641	1	
6.49818	-0.00109641	1	
6.49818	-0.00109641	1	
6.49818	-0.00109641	1	
6.49818	-0.00109641	1	
6.49818	-0.00109641	1	
6.49818	-0.00109641	1	
6.49818	-0.00109641	1	
6.49818	-0.00109641	1	
6.49818	-0.00109641	1	
6.49818	-0.00109641	1	
6.49818	-0.00109641	1	
6.49818	-0.00109641	1	
6.49818	-0.00109641	1	
6.49818	-0.00109641	1	
6.49818	-0.00109641	1	
6.49818	-0.00109641	1	
6.49818	-0.00109641	1	
6.49818	-0.00109641	1	
6.49818	-0.00109641	1	
6.49818	-0.00109641	1	
6.49818	-0.00109641	1	
6.49818	-0.00109641	1	
6.49818	-0.00109641	1	
6.49818	-0.00109641	1	
6.49818	-0.00109641	1	
6.49818	-0.00109641	1	
6.49818	-0.00109641	1	
6.49818	-0.00109641	1	
6.49818	-0.00109641	1	
6.49818	-0.00109641	1	
6.49818	-0.00109641	1	
6.49818	-0.00109641	1	
6.49818	-0.00109641	1	
6.49818	-0.00109641	1	
6.49818	-0.00109641	1	
6.49818	-0.00109641	1	
6.49818	-0.00109641	1	
6.49818	-0.00109641	1	
6.49818	-0.00109641	1	
6.49818	-0.00109641	1	
6.49818	-0.00109641	1	
6.49818	-0.00109641	1	
6.49818	-0.00109641	1	
6.49818	-0.00109641	1	
6.49818	-0.00109641	1	
6.49818	-0.00109641	1	
6.49818	-0.00109641	1	
6.49818	-0.00109641	1	
6.49818	-0.00109641	1	
6.49818	-0.00109641	1	
6.49818	-0.00109641	1	
6.49818	-0.00109641	1	
6.49818	-0.00109641	1	
6.49818	-0.00109641	1	
6.49818	-0.00109641	1	
6.49818	-0.00109641	1	
6.49818	-0.00109641	1	
6.49818	-0.00109641	1	
6.49818	-0.00109641	1	
6.49818	-0.00109641	1	
6.49818	-0.00109641	1	
6.49818	-0.00109641	1	
6.49818	-0.00109641	1	
6.49818	-0.00109641	1	
6.49818	-0.00109641	1	
6.49818	-0.00109641	1	
6.49818	-0.00109641	1	
6.49818	-0.00109641	1	
6.49818	-0.00109641	1	
6.49818	-0.00109641	1	
6.49818	-0.00109641	1	
6.49818	-0.00109641	1	
6.49818	-0.00109641	1	
6.49818	-0.00109641	1	
6.49818	-0.00109641	1	
6.49818	-0.00109641	1	
6.49818	-0.00109641	1	
6.49818	-0.00109641	1	
6.49818	-0.00109641	1	
6.49818	-0.00109641	1	
6.49818	-0.00109641	1	
6.49818	-0.00109641	1	
6.49818	-0.00109641	1	
6.49818	-0.00109641	1	
6.49818	-0.00109641	1	
6.49818	-0.00109641	1	
6.49818	-0.00109641	1	
6.49818	-0.00109641	1	
6.49818	-0.00109641	1	
6.49818	-0.00109641	1	
6.49818	-0.00109641	1	
6.49818	-0.00109641	1	
6.49818	-0.00109641	1	
6.49818	-0.00109641	1	
6.49818	-0.00109641	1	
6.49818	-0.00109641	1	
6.49818	-0.00109641	1	
6.49818	-0.00109641	1	
6.49818	-0.00109641	1	
6.49818	-0.00109641	1	
6.49818	-0.00109641	1	
6.49818	-0.00109641	1	
6.49818	-0.00109641	1	
6.49818	-0.00109641	1	
6.49818	-0.00109641	1	
6.49818	-0.00109641	1	
6.49818	-0.00109641	1	
6.49818	-0.00109641	1	
6.49818	-0.00109641	1	
6.49818	-0.00109641	1	
6.49818	-0.00109641	1	
6.49818	-0.00109641	1	
6.49818	-0.00109641	1	
6.49818	-0.00109641	1	
6.49818	-0.00109641	1	
6.49818	-0.00109641	1	
6.49818	-0.00109641	1	
6.49818	-0.00109641	1	
6.49818	-0.00109641	1	
6.49818	-0.00109641	1	
6.49818	-0.00109641	1	
6.49818	-0.00109641	1	
6.49818	-0.00109641	1	
6.49818	-0.00109641	1	
6.49818	-0.00109641	1	
6.49818	-0.00109641	1	
6.49818	-0.00109641	1	
6.49818	-0.00109641	1	
6.49818	-0.00109641	1	
6.49818	-0.00109641	1	
6.49818	-0.00109641	1	
6.49818	-0.00109641	1	
6.49818	-0.00109641	1	
6.49818	-0.00109641	1	
6.49818	-0.00109641	1	
6.49818	-0.00109641	1	
6.49818	-0.00109641	1	
6.49818	-0.00109641	1	
6.49818	-0.00109641	1	
6.49818	-0.00109641	1	
6.49818	-0.00109641	1	
6.49818	-0.00109641	1	
6.49818	-0.00109641	1	
6.49818	-0.00109641	1	
6.49818	-0.00109641	1	
6.49818	-0.00109641	1	
6.49818	-0.00109641	1	
6.49818	-0.00109641	1	
6.49818	-0.00109641	1	
6.49818	-0.00109641	1	
6.49818	-0.00109641	1	
6.49818	-0.00109641	1	
6.49818	-0.00109641	1	
6.49818	-0.00109641	1	
6.49818	-0.00109641	1	
6.49818	-0.00109641	1	
6.49818	-0.00109641	1	
6.49818	-0.00109641	1	
6.49818	-0.00109641	1	
6.49818	-0.00109641	1	
6.49818	-0.00109641	1	
6.49818	-0.00109641	1	
6.49818	-0.00109641	1	
6.49818	-0.00109641	1	
6.49818	-0.00109641	1	
6.49818	-0.00109641	1	
6.49818	-0.00109641	1	
6.49818	-0.00109641	1	
6.49818	-0.00109641	1	
6.49818	-0.00109641	1	
6.49818	-0.00109641	1	
6.49818	-0.00109641	1	
6.49818	-0.00109641	1	
6.49818	-0.00109641	1	
6.49818	-0.00109641	1	
6.49818	-0.00109641	1	
6.49818	-0.00109641	1	
6.49818	-0.00109641	1	
6.49818	-0.00109641	1	
6.49818	-0.00109641	1	
6.49818	-0.00109641	1	
6.49818	-0.00109641	1	
6.49818	-0.00109641	1	
6.49818	-0.00109641	1	
6.49818	-0.00109641	1	
6.49818	-0.00109641	1	
6.49818	-0.00109641	1	
6.49818	-0.00109641	1	
6.49818	-0.00109641	1	
6.49818	-0.00109641	1	
6.49818	-0.00109641	1	
6.49818	-0.00109641	1	
6.49818	-0.00109641	1	
6.49818	-0.00109641	1	
6.49818	-0.00109641	1	
6.49818	-0.00109641	1	
6.49818	-0.00109641	1	
6.49818	-0.00109641	1	
6.49818	-0.00109641	1	
6.49818	-0.00109641	1	
6.49818	-0.00109641	1	
6.49818	-0.00109641	1	
6.49818	-0.00109641	1	
6.49818	-0.00109641	1	
6.49818	-0.00109641	1	
6.49818	-0.00109641	1	
6.49818	-0.00109641	1	
6.49818	-0.00109641	1	
6.49818	-0.00109641	1	
6.49818	-0.00109641	1	
6.49818	-0.00109641	1	
6.49818	-0.00109641	1	
6.49818	-0.00109641	1	
6.49818	-0.00109641	1	
6.49818	-0.00109641	1	
6.49818	-0.00109641	1	
6.49818	-0.00109641	1	
6.49818	-0.00109641	1	
6.49818	-0.00109641	1	
6.49818	-0.00109641	1	
6.49818	-0.00109641	1	
6.49818	-0.00109641	1	
6.49818	-0.00109641	1	
6.49818	-0.00109641	1	
6.49818	-0.00109641	1	
6.49818	-0.00109641	1	
6.49818	-0.00109641	1	
6.49818	-0.00109641	1	
6.49818	-0.00109641	1	
6.49818	-0.00109641	1	
6.49818	-0.00109641	1	
6.49818	-0.00109641	1	
6.49818	-0.00109641	1	
6.49818	-0.00109641	1	
6.49818	-0.00109641	1	
6.49818	-0.00109641	1	
6.49818	-0.00109641	1	
6.49818	-0.00109641	1	
6.49818	-0.00109641	1	
6.49818	-0.00109641	1	
6.49818	-0.00109641	1	
6.49818	-0.00109641	1	
6.49818	-0.00109641	1	
6.49818	-0.00109641	1	
6.49818	-0.00109641	1	
6.49818	-0.00109641	1	
6.49818	-0.00109641	1	
6.49818	-0.00109641	1	
6.49818	-0.00109641	1	
6.49818	-0.00109641	1	
6.49818	-0.00109641	1	
6.49818	-0.00109641	1	
6.49818	-0.00109641	1	
6.49818	-0.00109641	1	
6.49818	-0.00109641	1	
6.49818	-0.00109641	1	
6.49818	-0.00109641	1	
6.49818	-0.00109641	1	
6.49818	-0.00109641	1	
6.49818	-0.00109641	1	
6.49818	-0.00109641	1	
6.49818	-0.00109641	1	
6.49818	-0.00109641	1	
6.49818	-0.00109641	1	
6.49818	-0.00109641	1	
6.49818	-0.00109641	1	
6.49818	-0.00109641	1	
6.49818	-0.00109641	1	
6.49818	-0.00109641	1	
6.49818	-0.00109641	1	
6.49818	-0.00109641	1	
6.49818	-0.00109641	1	
6.49818	-0.00109641	1	
6.49818	-0.00109641	1	
6.49818	-0.00109641	1	
6.49818	-0.00109641	1	
6.49818	-0.00109641	1	
6.49818	-0.00109641	1	
6.49818	-0.00109641	1	
6.49818	-0.00109641	1	
6.49818	-0.00109641	1	
6.49818	-0.00109641	1	
6.49818	-0.00109641	1	
6.49818	-0.00109641	1	
6.49818	-0.00109641	1	
6.49818	-0.00109641	1	
6.49818	-0.00109641	1	
6.49818	-0.00109641	1	
6.49818	-0.00109641	1	
6.49818	-0.00109641	1	
6.49818	-0.00109641	1	
6.49818	-0.00109641	1	
6.49818	-0.00109641	1	
6.49818	-0.00109641	1	
6.49818	-0.00109641	1	
6.49818	-0.00109641	1	
6.49818	-0.00109641	1	
6.49818	-0.00109641	1	
6.49818	-0.00109641	1	
6.49818	-0.00109641	1	
6.49818	-0.00109641	1	
6.49818	-0.00109641	1	
6.49818	-0.00109641	1	
6.49818	-0.00109641	1	
6.49818	-0.00109641	1	
6.49818	-0.00109641	1	
6.49818	-0.00109641	1	
6.49818	-0.00109641	1	
6.49818	-0.00109641	1	
6.49818	-0.00109641	1	
6.49818	-0.00109641	1	
6.49818	-0.00109641	1	
6.49818	-0.00109641	1	
6.49818	-0.00109641	1	
6.49818	-0.00109641	1	
6.49818	-0.00109641	1	
6.49818	-0.00109641	1	
6.49818	-0.00109641	1	
6.49818	-0.00109641	1	
6.49818	-0.00109641	1	
6.49818	-0.00109641	1	
6.49818	-0.00109641	1	
6.49818	-0.00109641	1	
6.49818	-0.00109641	1	
6.49818	-0.00109641	1	
6.49818	-0.00109641	1	
6.49818	-0.00109641	1	
6.49818	-0.00109641	1	
6.49818	-0.00109641	1	
6.49818	-0.00109641	1	
6.49818	-0.00109641	1	
6.49818	-0.00109641	1	
6.49818	-0.00109641	1	
6.49818	-0.00109641	1	
6.49818	-0.00109641	1	
6.49818	-0.00109641	1	
6.49818	-0.00109641	1	
6.49818	-0.00109641	1	
6.49818	-0.00109641	1	
6.49818	-0.00109641	1	
6.49818	-0.00109641	1	
6.49818	-0.00109641	1	
6.49818	-0.00109641	1	
6.49818	-0.00109641	1	
6.49818	-0.00109641	1	
6.49818	-0.00109641	1	
6.49818	-0.00109641	1	
6.49818	-0.00109641	1	
6.49818	-0.00109641	1	
6.49818	-0.00109641	1	
6.49818	-0.00109641	1	
6.49818	-0.00109641	1	
6.49818	-0.00109641	1	
6.49818	-0.00109641	1	
6.49818	-0.00109641	1	
6.49818	-0.00109641	1	
6.49818	-0.00109641	1	
6.49818	-0.00109641	1	
6.49818	-0.00109641	1	
6.49818	-0.00109641	1	
6.49818	-0.00109641	1	
6.49818	-0.00109641	1	
6.49818	-0.00109641	1	
6.49818	-0.00109641	1	
6.49818	-0.00109641	1	
6.49818	-0.00109641	1	
6.49818	-0.00109641	1	
6.49818	-0.00109641	1	
6.49818	-0.00109641	1	
6.49818	-0.00109641	1	
6.49818	-0.00109641	1	
6.49818	-0.00109641	1	
6.49818	-0.00109641	1	
6.49818	-0.00109641	1	
6.49818	-0.00109641	1	
6.49818	-0.00109641	1	
6.49818	-0.00109641	1	
6.49818	-0.00109641	1	
6.49818	-0.00109641	1	
6.49818	-0.00109641	1	
6.49818	-0.00109641	1	
6.49818	-0.00109641	1	
6.49818	-0.00109641	1	
6.49818	-0.00109641	1	
6.49818	-0.00109641	1	
6.49818	-0.00109641	1	
6.49818	-0.00109641	1	
6.49818	-0.00109641	1	
6.49818	-0.00109641	1	
6.49818	-0.00109641	1	
6.49818	-0.00109641	1	
6.49818	-0.00109641	1	
6.49818	-0.00109641	1	
6.49818	-0.00109641	1	
6.49818	-0.00109641	1	
6.49818	-0.00109641	1	
6.49818	-0.00109641	1	
6.49818	-0.00109641	1	
6.49818	-0.00109641	1	
6.49818	-0.00109641	1	
6.49818	-0.00109641	1	
6.49818	-0.00109641	1	
6.49818	-0.00109641	1	
6.49818	-0.00109641	1	
6.49818	-0.00109641	1	
6.49818	-0.00109641	1	
6.49818	-0.00109641	1	
6.49818	-0.00109641	1	
6.49818	-0.00109641	1	
6.49818	-0.00109641	1	
6.49818	-0.00109641	1	
6.49818	-0.00109641	1	
6.49818	-0.00109641	1	
6.49818	-0.00109641	1	
6.49818	-0.00109641	1	
6.49818	-0.00109641	1	
6.49818	-0.00109641	1	
6.49818	-0.00109641	1	
6.49818	-0.00109641	1	
6.49818	-0.00109641	1	
6.49818	-0.00109641	1	
6.49818	-0.00109641	1	
6.49818	-0.00109641	1	
6.49818	-0.00109641	1	
6.49818	-0.00109641	1	
6.49818	-0.00109641	1	
6.49818	-0.00109641	1	
6.49818	-0.00109641	1	
6.49818	-0.00109641	1	
6.49818	-0.00109641	1	
6.49818	-0.00109641	1	
6.49818	-0.00109641	1	
6.49818	-0.00109641	1	
6.49818	-0.00109641	1	
6.49818	-0.00109641	1	
6.49818	-0.00109641	1	
6.49818	-0.00109641	1	
6.49818	-0.00109641	1	
6.49818	-0.00109641	1	
6.49818	-0.00109641	1	
6.49818	-0.00109641	1	
6.49818	-0.00109641	1	
6.49818	-0.00109641	1	
6.49818	-0.00109641	1	
6.49818	-0.00109641	1	
6.49818	-0.00109641	1	
6.49818	-0.00109641	1	
6.49818	-0.00109641	1	
6.49818	-0.00109641	1	
6.49818	-0.00109641	1	
6.49818	-0.00109641	1	
6.49818	-0.00109641	1	
6.49818	-0.00109641	1	
6.49818	-0.00109641	1	
6.49818	-0.00109641	1	
6.49818	-0.00109641	1	
6.49818	-0.00109641	1	
6.49818	-0.00109641	1	
6.49818	-0.00109641	1	
6.49818	-0.00109641	1	
6.49818	-0.00109641	1	
6.49818	-0.00109641	1	
6.49818	-0.00109641	1	
6.49818	-0.00109641	1	
6.49818	-0.00109641	1	
6.49818	-0.00109641	1	
6.49818	-0.00109641	1	
6.49818	-0.00109641	1	
6.49818	-0.00109641	1	
6.49818	-0.00109641	1	
6.49818	-0.00109641	1	
6.49818	-0.00109641	1	
6.49818	-0.00109641	1	
6.49818	-0.00109641	1	
6.49818	-0.00109641	1	
6.49818	-0.00109641	1	
6.49818	-0.00109641	1	
6.49818	-0.00109641	1	
6.49818	-0.00109641	1	
6.49818	-0.00109641	1	
6.49818	-0.00109641	1	
6.49818	-0.00109641	1	
6.49818	-0.00109641	1	
6.49818	-0.00109641	1	
6.49818	-0.00109641	1	
6.49818	-0.00109641	1	
6.49818	-0.00109641	1	
6.49818	-0.00109641	1	
6.49818	-0.00109641	1	
6.49818	-0.00109641	1	
6.49818	-0.00109641	1	
6.49818	-0.00109641	1	
6.49818	-0.00109641	1	
6.49818	-0.00109641	1	
6.49818	-0.00109641	1	
6.49818	-0.00109641	1	
6.49818	-0.00109641	1	
6.49818	-0.00109641	1	
6.49818	-0.00109641	1	
6.49818	-0.00109641	1	
6.49818	-0.00109641	1	
6.49818	-0.00109641	1	
6.49818	-0.00109641	1	
6.49818	-0.00109641	1	
6.49818	-0.00109641	1	
6.49818	-0.00109641	1	
6.49818	-0.00109641	1	
6.49818	-0.00109641	1	
6.49818	-0.00109641	1	
6.49818	-0.00109641	1	
6.49818	-0.00109641	1	
6.49818	-0.00109641	1	
6.49818	-0.00109641	1	
6.49818	-0.00109641	1	
6.49818	-0.00109641	1	
6.49818	-0.00109641	1	
6.49818	-0.00109641	1	
6.49818	-0.00109641	1	
6.49818	-0.00109641	1	
6.49818	-0.00109641	1	
6.49818	-0.00109641	1	
6.49818	-0.00109641	1	
6.49818	-0.00109641	1	
6.49818	-0.00109641	1	
6.49818	-0.00109641	1	
6.49818	-0.00109641	1	
6.49818	-0.00109641	1	
6.49818	-0.00109641	1	
6.49818	-0.00109641	1	
6.49818	-0.00109641	1	
6.49818	-0.00109641	1	
6.49818	-0.00109641	1	
6.49818	-0.00109641	1	
6.49818	-0.00109641	1	
6.49818	-0.00109641	1	
6.49818	-0.00109641	1	
6.49818	-0.00109641	1	
6.49818	-0.00109641	1	
6.49818	-0.00109641	1	
6.49818	-0.00109641	1	
6.49818	-0.00109641	1	
6.49818	-0.00109641	1	
6.49818	-0.00109641	1	
6.49818	-0.00109641	1	
6.49818	-0.00109641	1	
6.49818	-0.00109641	1	
6.49818	-0.00109641	1	
6.49818	-0.00109641	1	
6.49818	-0.00109641	1	
6.49818	-0.00109641	1	
6.49818	-0.00109641	1	
6.49818	-0.00109641	1	
6.49818	-0.00109641	1	
6.49818	-0.00109641	1	
6.49818	-0.00109641	1	
6.49818	-0.00109641	1	
6.49818	-0.00109641	1	
6.49818	-0.00109641	1	
6.49818	-0.00109641	1	
6.49818	-0.00109641	1	
6.49818	-0.00109641	1	
6.49818	-0.00109641	1	
6.49818	-0.00109641	1	
6.49818	-0.00109641	1	
6.49818	-0.00109641	1	
6.49818	-0.00109641	1	
6.49818	-0.00109641	1	
6.49818	-0.00109641	1	
6.49818	-0.00109641	1	
6.49818	-0.00109641	1	
6.49818	-0.00109641	1	
6.49818	-0.00109641	1	
6.49818	-0.00109641	1	
6.49818	-0.00109641	1	
6.49818	-0.00109641	1	
6.49818	-0.00109641	1	
6.49818	-0.00109641	1	
6.49818	-0.00109641	1	
6.49818	-0.00109641	1	
6.49818	-0.00109641	1	
6.49818	-0.00109641	1	
6.49818	-0.00109641	1	
6.49818	-0.00109641	1	
6.49818	-0.00109641	1	
6.49818	-0.00109641	1	
6.49818	-0.00109641	1	
6.49818	-0.00109641	1	
6.49818	-0.00109641	1	
6.49818	-0.00109641	1	
6.49818	-0.00109641	1	
6.49818	-0.00109641	1	
6.49818	-0.00109641	1	
6.49818	-0.00109641	1	
6.49818	-0.00109641	1	
6.49818	-0.00109641	1	
6.49818	-0.00109641	1	
6.49818	-0.00109641	1	
6.49818	-0.00109641	1	
6.49818	-0.00109641	1	
6.49818	-0.00109641	1	
6.49818	-0.00109641	1	
6.49818	-0.00109641	1	
6.49818	-0.00109641	1	
6.49818	-0.00109641	1	
6.49818	-0.00109641	1	
6.49818	-0.00109641	1	
6.49818	-0.00109641	1	
6.49818	-0.00109641	1	
6.49818	-0.00109641	1	
6.49818	-0.00109641	1	
6.49818	-0.00109641	1	
6.49818	-0.00109641	1	
6.49818	-0.00109641	1	
6.49818	-0.00109641	1	
6.49818	-0.00109641	1	
6.49818	-0.00109641	1	
6.49818	-0.00109641	1	
6.49818	-0.00109641	1	
6.49818	-0.00109641	1	
6.49818	-0.00109641	1	
6.49818	-0.00109641	1	
6.49818	-0.00109641	1	
6.49818	-0.00109641	1	
6.49818	-0.00109641	1	
6.49818	-0.00109641	1	
6.49818	-0.00109641	1	
6.49818	-0.00109641	1	
6.49818	-0.00109641	1	
6.49818	-0.00109641	1	
6.49818	-0.00109641	1	
6.49818	-0.00109641	1	
6.49818	-0.00109641	1	
6.49818	-0.00109641	1	
6.49818	-0.00109641	1	
6.49818	-0.00109641	1	
6.49818	-0.00109641	1	
6.49818	-0.00109641	1	
6.49818	-0.00109641	1	
6.49818	-0.00109641	1	
6.49818	-0.00109641	1	
6.49818	-0.00109641	1	
6.49818	-0.00109641	1	
6.49818	-0.00109641	1	
6.49818	-0.00109641	1	
6.49818	-0.00109641	1	
6.49818	-0.00109641	1	
6.49818	-0.00109641	1	
6.49818	-0.00109641	1	
6.49818	-0.00109641	1	
6.49818	-0.00109641	1	
6.49818	-0.00109641	1	
6.49818	-0.00109641	1	
6.49818	-0.00109641	1	
6.49818	-0.00109641	1	
6.49818	-0.00109641	1	
6.49818	-0.00109641	1	
6.49818	-0.00109641	1	
6.49818	-0.00109641	1	
6.49818	-0.00109641	1	
6.49818	-0.00109641	1	
6.49818	-0.00109641	1	
6.49818	-0.00109641	1	
6.49818	-0.00109641	1	
6.49818	-0.00109641	1	
6.49818	-0.00109641	1	
6.49818	-0.00109641	1	
6.49818	-0.00109641	1	
6.49818	-0.00109641	1	
6.49818	-0.00109641	1	
6.49818	-0.00109641	1	
6.49818	-0.00109641	1	
6.49818	-0.00109641	1	
6.49818	-0.00109641	1	
6.49818	-0.00109641	1	
6.49818	-0.00109641	1	
6.49818	-0.00109641	1	
6.49818	-0.00109641	1	
6.49818	-0.00109641	1	
6.49818	-0.00109641	1	
6.49818	-0.00109641	1	
6.49818	-0.00109641	1	
6.49818	-0.00109641	1	
6.49818	-0.00109641	1	
6.49818	-0.00109641	1	
6.49818	-0.00109641	1	
6.49818	-0.00109641	1	
6.49818	-0.00109641	1	
6.49818	-0.00109641	1	
6.49818	-0.00109641	1	
6.49818	-0.00109641	1	
6.49818	-0.00109641	1	
6.49818	-0.00109641	1	
6.49818	-0.00109641	1	
6.49818	-0.00109641	1	
6.49818	-0.00109641	1	
6.49818	-0.00109641	1	
6.49818	-0.00109641	1	
6.49818	-0.00109641	1	
6.49818	-0.00109641	1	
6.49818	-0.00109641	1	
6.49818	-0.00109641	1	
6.49818	-0.00109641	1	
6.49818	-0.00109641	1	
6.49818	-0.00109641	1	
6.49818	-0.00109641	1	
6.49818	-0.00109641	1	
6.49818	-0.00109641	1	
6.49818	-0.00109641	1	
6.49818	-0.00109641	1	
6.49818	-0.00109641	1	
6.49818	-0.00109641	1	
6.49818	-0.00109641	1	
6.49818	-0.00109641	1	
6.49818	-0.00109641	1	
6.49818	-0.00109641	1	
6.49818	-0.00109641	1	
6.49818	-0.00109641	1	
6.49818	-0.00109641	1	
6.49818	-0.00109641	1	
6.49818	-0.00109641	1	
6.49818	-0.00109641	1	
6.49818	-0.00109641	1	
6.49818	-0.00109641	1	
6.49818	-0.00109641	1	
6.49818	-0.00109641	1	
6.49818	-0.00109641	1	
6.49818	-0.00109641	1	
6.49818	-0.00109641	1	
6.49818	-0.00109641	1	
6.49818	-0.00109641	1	
6.49818	-0.00109641	1	
6.49818	-0.00109641	1	
6.49818	-0.00109641	1	
6.49818	-0.00109641	1	
6.49818	-0.00109641	1	
6.49818	-0.00109641	1	
6.49818	-0.00109641	1	
6.49818	-0.00109641	1	
6.49818	-0.00109641	1	
6.49818	-0.00109641	1	
6.49818	-0.00109641	1	
6.49818	-0.00109641	1	
6.49818	-0.00109641	1	
6.49818	-0.00109641	1	
6.49818	-0.00109641	1	
6.49818	-0.00109641	1	
6.49818	-0.00109641	1	
6.49818	-0.00109641	1	
6.49818	-0.00109641	1	
6.49818	-0.00109641	1	
6.49818	-0.00109641	1	
6.49818	-0.00109641	1	
6.49818	-0.00109641	1	
6.49818	-0.00109641	1	
6.49818	-0.00109641	1	
6.49818	-0.00109641	1	
6.49818	-0.00109641	1	
6.49818	-0.00109641	1	
6.49818	-0.00109641	1	
6.49818	-0.00109641	1	
6.49818	-0.00109641	1	
6.49818	-0.00109641	1	
6.49818	-0.00109641	1	
6.49818	-0.00109641	1	
6.49818	-0.00109641	1	
6.49818	-0.00109641	1	
6.49818	-0.00109641	1	
6.49818	-0.00109641	1	
6.49818	-0.00109641	1	
6.49818	-0.00109641	1	
6.49818	-0.00109641	1	
6.49818	-0.00109641	1	
6.49818	-0.00109641	1	
6.49818	-0.00109641	1	
6.49818	-0.00109641	1	
6.49818	-0.00109641	1	
6.49818	-0.00109641	1	
6.49818	-0.00109641	1	
6.49818	-0.00109641	1	
6.49818	-0.00109641	1	
6.49818	-0.00109641	1	
6.49818	-0.00109641	1	
6.49818	-0.00109641	1	
6.49818	-0.00109641	1	
6.49818	-0.00109641	1	
6.49818	-0.00109641	1	
6.49818	-0.00109641	1	
6.49818	-0.00109641	1	
6.49818	-0.00109641	1	
6.49818	-0.00109641	1	
6.49818	-0.00109641	1	
6.49818	-0.00109641	1	
6.49818	-0.00109641	1	
6.49818	-0.00109641	1	
6.49818	-0.00109641	1	
6.49818	-0.00109641	1	
6.49818	-0.00109641	1	
6.49818	-0.00109641	1	
6.49818	-0.00109641	1	
6.49818	-0.00109641	1	
6.49818	-0.00109641	1	
6.49818	-0.00109641	1	
6.49818	-0.00109641	1	
6.49818	-0.00109641	1	
6.49818	-0.00109641	1	
6.49818	-0.00109641	1	
6.49818	-0.00109641	1	
6.49818	-0.00109641	1	
6.49818	-0.00109641	1	
6.49818	-0.00109641	1	
6.49818	-0.00109641	1	
6.49818	-0.00109641	1	
6.49818	-0.00109641	1	
6.49818	-0.00109641	1	
6.49818	-0.00109641	1	
6.49818	-0.00109641	1	
6.49818	-0.00109641	1	
6.49818	-0.00109641	1	
6.49818	-0.00109641	1	
6.49818	-0.00109641	1	
6.49818	-0.00109641	1	
6.49818	-0.00109641	1	
6.49818	-0.00109641	1	
6.49818	-0.00109641	1	
6.49818	-0.00109641	1	
6.49818	-0.00109641	1	
6.49818	-0.00109641	1	
6.49818	-0.00109641	1	
6.49818	-0.00109641	1	
6.49818	-0.00109641	1	
6.49818	-0.00109641	1	
6.49818	-0.00109641	1	
6.49818	-0.00109641	1	
6.49818	-0.00109641	1	
6.49818	-0.00109641	1	
6.49818	-0.00109641	1	
6.49818	-0.00109641	1	
6.49818	-0.00109641	1	
6.49818	-0.00109641	1	
6.49818	-0.00109641	1	
6.49818	-0.00109641	1	
6.49818	-0.00109641	1	
6.49818	-0.00109641	1	
6.49818	-0.00109641	1	
6.49818	-0.00109641	1	
6.49818	-0.00109641	1	
6.49818	-0.00109641	1	
6.49818	-0.00109641	1	
6.49818	-0.00109641	1	
6.49818	-0.00109641	1	
6.49818	-0.00109641	1	
6.49818	-0.00109641	1	
6.49818	-0.00109641	1	
6.49818	-0.00109641	1	
6.49818	-0.00109641	1	
6.49818	-0.00109641	1	
6.49818	-0.00109641	1	
6.49818	-0.00109641	1	
6.49818	-0.00109641	1	
6.49818	-0.00109641	1	
6.49818	-0.00109641	1	
6.49818	-0.00109641	1	
6.49818	-0.00109641	1	
6.49818	-0.00109641	1	
6.49818	-0.00109641	1	
6.49818	-0.00109641	1	
6.49818	-0.00109641	1	
6.49818	-0.00109641	1	
6.49818	-0.00109641	1	
6.49818	-0.00109641	1	
6.49818	-0.00109641	1	
6.49818	-0.00109641	1	
6.49818	-0.00109641	1	
6.49818	-0.00109641	1	
6.49818	-0.00109641	1	
6.49818	-0.00109641	1	
6.49818	-0.00109641	1	
6.49818	-0.00109641	1	
6.49818	-0.00109641	1	
6.49818	-0.00109641	1	
6.49818	-0.00109641	1	
6.49818	-0.00109641	1	
6.49818	-0.00109641	1	
6.49818	-0.00109641	1	
6.49818	-0.00109641	1	
6.49818	-0.00109641	1	
6.49818	-0.00109641	1	
6.49818	-0.00109641	1	
6.49818	-0.00109641	1	
6.49818	-0.00109641	1	
6.49818	-0.00109641	1	
6.49818	-0.00109641	1	
6.49818	-0.00109641	1	
6.49818	-0.00109641	1	
6.49818	-0.00109641	1	
6.49818	-0.00109641	1	
6.49818	-0.00109641	1	
6.49818	-0.00109641	1	
6.49818	-0.00109641	1	
6.49818	-0.00109641	1	
6.49818	-0.00109641	1	
6.49818	-0.00109641	1	
6.49818	-0.00109641	1	
6.49818	-0.00109641	1	
6.49818	-0.00109641	1	
6.49818	-0.00109641	1	
6.49818	-0.00109641	1	
6.49818	-0.00109641	1	
6.49818	-0.00109641	1	
6.49818	-0.00109641	1	
6.49818	-0.00109641	1	
6.49818	-0.00109641	1	
6.49818	-0.00109641	1	
6.49818	-0.00109641	1	
6.49818	-0.00109641	1	
6.49818	-0.00109641	1	
6.49818	-0.00109641	1	
6.49818	-0.00109641	1	
6.49818	-0.00109641	1	
6.49818	-0.00109641	1	
6.49818	-0.00109641	1	
6.49818	-0.00109641	1	
6.49818	-0.00109641	1	
6.49818	-0.00109641	1	
6.49818	-0.00109641	1	
6.49818	-0.00109641	1	
6.49818	-0.00109641	1	
6.49818	-0.00109641	1	
6.49818	-0.00109641	1	
6.49818	-0.00109641	1	
6.49818	-0.00109641	1	
6.49818	-0.00109641	1	
6.49818	-0.00109641	1	
6.49818	-0.00109641	1	
6.49818	-0.00109641	1	
6.49818	-0.00109641	1	
6.49818	-0.00109641	1	
6.49818	-0.00109641	1	
6.49818	-0.00109641	1	
6.49818	-0.00109641	1	
6.49818	-0.00109641	1	
6.49818	-0.00109641	1	
6.49818	-0.00109641	1	
6.49818	-0.00109641	1	
6.49818	-0.00109641	1	
6.49818	-0.00109641	1	
6.49818	-0.00109641	1	
6.49818	-0.00109641	1	
6.49818	-0.00109641	1	
6.49818	-0.00109641	1	
6.49818	-0.00109641	1	
6.49818	-0.00109641	1	
6.49818	-0.00109641	1	
6.49818	-0.00109641	1	
6.49818	-0.00109641	1	
6.49818	-0.00109641	1	
6.49818	-0.00109641	1	
6.49818	-0.00109641	1	
6.49818	-0.00109641	1	
6.49818	-0.00109641	1	
6.49818	-0.00109641	1	
6.49818	-0.00109641	1	
6.49818	-0.00109641	1	
6.49818	-0.00109641	1	
6.49818	-0.00109641	1	
6.49818	-0.00109641	1	
6.49818	-0.00109641	1	
6.49818	-0.00109641	1	
6.49818	-0.00109641	1	
6.49818	-0.00109641	1	
6.49818	-0.00109641	1	
6.49818	-0.00109641	1	
6.49818	-0.00109641	1	
6.49818	-0.00109641	1	
6.49818	-0.00109641	1	
6.49818	-0.00109641	1	
6.49818	-0.00109641	1	
6.49818	-0.00109641	1	
6.49818	-0.00109641	1	
6.49818	-0.00109641	1	
6.49818	-0.00109641	1	
6.49818	-0.00109641	1	
6.49818	-0.00109641	1	
6.49818	-0.00109641	1	
6.49818	-0.00109641	1	
6.49818	-0.00109641	1	
6.49818	-0.00109641	1	
6.49818	-0.00109641	1	
6.49818	-0.00109641	1	
6.49818	-0.00109641	1	
6.49818	-0.00109641	1	
6.49818	-0.00109641	1	
6.49818	-0.00109641	1	
6.49818	-0.00109641	1	
6.49818	-0.00109641	1	
6.49818	-0.00109641	1	
6.49818	-0.00109641	1	
6.49818	-0.00109641	1	
6.49818	-0.00109641	1	
6.49818	-0.00109641	1	
6.49818	-0.00109641	1	
6.49818	-0.00109641	1	
6.49818	-0.00109641	1	
6.49818	-0.00109641	1	
6.49818	-0.00109641	1	
6.49818	-0.00109641	1	
6.49818	-0.00109641	1	
6.49818	-0.00109641	1	
6.49818	-0.00109641	1	
6.49818	-0.00109641	1	
6.49818	-0.00109641	1	
6.49818	-0.00109641	1	
6.49818	-0.00109641	1	
6.49818	-0.00109641	1	
6.49818	-0.00109641	1	
6.49818	-0.00109641	1	
6.49818	-0.00109641	1	
6.49818	-0.00109641	1	
6.49818	-0.00109641	1	
6.49818	-0.00109641	1	
6.49818	-0.00109641	1	
6.49818	-0.00109641	1	
6.49818	-0.00109641	1	
6.49818	-0.00109641	1	
6.49818	-0.00109641	1	
6.49818	-0.00109641	1	
6.49818	-0.00109641	1	
6.49818	-0.00109641	1	
6.49818	-0.00109641	1	
6.49818	-0.00109641	1	
6.49818	-0.00109641	1	
6.49818	-0.00109641	1	
6.49818	-0.00109641	1	
6.49818	-0.00109641	1	
6.49818	-0.00109641	1	
6.49818	-0.00109641	1	
6.49818	-0.00109641	1	
6.49818	-0.00109641	1	
6.49818	-0.00109641	1	
6.49818	-0.00109641	1	
6.49818	-0.00109641	1	
6.49818	-0.00109641	1	
6.49818	-0.00109641	1	
6.49818	-0.00109641	1	
6.49818	-0.00109641	1	
6.49818	-0.00109641	1	
6.49818	-0.00109641	1	
6.49818	-0.00109641	1	
6.49818	-0.00109641	1	
6.49818	-0.00109641	1	
6.49818	-0.00109641	1	
6.49818	-0.00109641	1	
6.49818	-0.00109641	1	
6.49818	-0.00109641	1	
6.49818	-0.00109641	1	
6.49818	-0.00109641	1	
6.49818	-0.00109641	1	
6.49818	-0.00109641	1	
6.49818	-0.00109641	1	
6.49818	-0.00109641	1	
6.49818	-0.00109641	1	
6.49818	-0.00109641	1	
6.49818	-0.00109641	1	
6.49818	-0.00109641	1	
6.49818	-0.00109641	1	
6.49818	-0.00109641	1	
6.49818	-0.00109641	1	
6.49818	-0.00109641	1	
6.49818	-0.00109641	1	
6.49818	-0.00109641	1	
6.49818	-0.00109641	1	
6.49818	-0.00109641	1	
6.49818	-0.00109641	1	
6.49818	-0.00109641	1	
6.49818	-0.00109641	1	
6.49818	-0.00109641	1	
6.49818	-0.00109641	1	
6.49818	-0.00109641	1	
6.49818	-0.00109641	1	
6.49818	-0.00109641	1	
6.49818	-0.00109641	1	
6.49818	-0.00109641	1	
6.49818	-0.00109641	1	
6.49818	-0.00109641	1	
6.49818	-0.00109641	1	
6.49818	-0.00109641	1	
6.49818	-0.00109641	1	
6.49818	-0.00109641	1	
6.49818	-0.00109641	1	
6.49818	-0.00109641	1	
6.49818	-0.00109641	1	
6.49818	-0.00109641	1	
6.49818	-0.00109641	1	
6.49818	-0.00109641	1	
6.49818	-0.00109641	1	
6.49818	-0.00109641	1	
6.49818	-0.00109641	1	
6.49818	-0.00109641	1	
6.49818	-0.00109641	1	
6.49818	-0.00109641	1	
6.49818	-0.00109641	1	
6.49818	-0.00109641	1	
6.49818	-0.00109641	1	
6.49818	-0.00109641	1	
6.49818	-0.00109641	1	
6.49818	-0.00109641	1	
6.49818	-0.00109641	1	
6.49818	-0.00109641	1	
6.49818	-0.00109641	1	
6.49818	-0.00109641	1	
6.49818	-0.00109641	1	
6.49818	-0.00109641	1	
6.49818	-0.00109641	1	
6.49818	-0.00109641	1	
6.49818	-0.00109641	1	
6.49818	-0.00109641	1	
6.49818	-0.00109641	1	
6.49818	-0.00109641	1	
6.49818	-0.00109641	1	
6.49818	-0.00109641	1	
6.49818	-0.00109641	1	
6.49818	-0.00109641	1	
6.49818	-0.00109641	1	
6.49818	-0.00109641	1	
6.49818	-0.00109641	1	
6.49818	-0.00109641	1	
6.49818	-0.00109641	1	
6.49818	-0.00109641	1	
6.49818	-0.00109641	1	
6.49818	-0.00109641	1	
6.49818	-0.00109641	1	
6.49818	-0.00109641	1	
6.49818	-0.00109641	1	
6.49818	-0.00109641	1	
6.49818	-0.00109641	1	
6.49818	-0.00109641	1	
6.49818	-0.00109641	1	
6.49818	-0.00109641	1	
6.49818	-0.00109641	1	
6.49818	-0.00109641	1	
6.49818	-0.00109641	1	
6.49818	-0.00109641	1	
6.49818	-0.00109641	1	
6.49818	-0.00109641	1	
6.49818	-0.00109641	1	
6.49818	-0.00109641	1	
6.49818	-0.00109641	1	
6.49818	-0.00109641	1	
6.49818	-0.00109641	1	
6.49818	-0.00109641	1	
6.49818	-0.00109641	1	
6.49818	-0.00109641	1	
6.49818	-0.00109641	1	
6.49818	-0.00109641	1	
6.49818	-0.00109641	1	
6.49818	-0.00109641	1	
6.49818	-0.00109641	1	
6.49818	-0.00109641	1	
6.49818	-0.00109641	1	
6.49818	-0.00109641	1	
6.49818	-0.00109641	1	
6.49818	-0.00109641	1	
6.49818	-0.00109641	1	
6.49818	-0.00109641	1	
6.49818	-0.00109641	1	
6.49818	-0.00109641	1	
6.49818	-0.00109641	1	
6.49818	-0.00109641	1	
6.49818	-0.00109641	1	
6.49818	-0.00109641	1	
6.49818	-0.00109641	1	
6.49818	-0.00109641	1	
6.49818	-0.00109641	1	
6.49818	-0.00109641	1	
6.49818	-0.00109641	1	
6.49818	-0.00109641	1	
6.49818	-0.00109641	1	
6.49818	-0.00109641	1	
6.49818	-0.00109641	1	
6.49818	-0.00109641	1	
6.49818	-0.00109641	1	
6.49818	-0.00109641	1	
6.49818	-0.00109641	1	
6.49818	-0.00109641	1	
6.49818	-0.00109641	1	
6.49818	-0.00109641	1	
6.49818	-0.00109641	1	
6.49818	-0.00109641	1	
6.49818	-0.00109641	1	
6.49818	-0.00109641	1	
6.49818	-0.00109641	1	
6.49818	-0.00109641	1	
6.49818	-0.00109641	1	
6.49818	-0.00109641	1	
6.49818	-0.00109641	1	
6.49818	-0.00109641	1	
6.49818	-0.00109641	1	
6.49818	-0.00109641	1	
6.49818	-0.00109641	1	
6.49818	-0.00109641	1	
6.49818	-0.00109641	1	
6.49818	-0.00109641	1	
6.49818	-0.00109641	1	
6.49818	-0.00109641	1	
6.49818	-0.00109641	1	
6.49818	-0.00109641	1	
6.49818	-0.00109641	1	
6.49818	-0.00109641	1	
6.49818	-0.00109641	1	
6.49818	-0.00109641	1	
6.49818	-0.00109641	1	
6.49818	-0.00109641	1	
6.49818	-0.00109641	1	
6.49818	-0.00109641	1	
6.49818	-0.00109641	1	
6.49818	-0.00109641	1	
6.49818	-0.00109641	1	
6.49818	-0.00109641	1	
6.49818	-0.00109641	1	
6.49818	-0.00109641	1	
6.49818	-0.00109641	1	
6.49818	-0.00109641	1	
6.49818	-0.00109641	1	
6.49818	-0.00109641	1	
6.49818	-0.00109641	1	
6.49818	-0.00109641	1	
6.49818	-0.00109641	1	
6.49818	-0.00109641	1	
6.49818	-0.00109641	1	
6.49818	-0.00109641	1	
6.49818	-0.00109641	1	
6.49818	-0.00109641	1	
6.49818	-0.00109641	1	
6.49818	-0.00109641	1	
6.49818	-0.00109641	1	
6.49818	-0.00109641	1	
6.49818	-0.00109641	1	
6.49818	-0.00109641	1	
6.49818	-0.00109641	1	
6.49818	-0.00109641	1	
6.49818	-0.00109641	1	
6.49818	-0.00109641	1	
6.49818	-0.00109641	1	
6.49818	-0.00109641	1	
6.49818	-0.00109641	1	
6.49818	-0.00109641	1	
6.49818	-0.00109641	1	
6.49818	-0.00109641	1	
6.49818	-0.00109641	1	
6.49818	-0.00109641	1	
6.49818	-0.00109641	1	
6.49818	-0.00109641	1	
6.49818	-0.00109641	1	
6.49818	-0.00109641	1	
6.49818	-0.00109641	1	
6.49818	-0.00109641	1	
6.49818	-0.00109641	1	
6.49818	-0.00109641	1	
6.49818	-0.00109641	1	
6.49818	-0.00109641	1	
6.49818	-0.00109641	1	
6.49818	-0.00109641	1	
6.49818	-0.00109641	1	
6.49818	-0.00109641	1	
6.49818	-0.00109641	1	
6.49818	-0.00109641	1	
6.49818	-0.00109641	1	
6.49818	-0.00109641	1	
6.49818	-0.00109641	1	
6.49818	-0.00109641	1	
6.49818	-0.00109641	1	
6.49818	-0.00109641	1	
6.49818	-0.00109641	1	
6.49818	-0.00109641	1	
6.49818	-0.00109641	1	
6.49818	-0.00109641	1	
6.49818	-0.00109641	1	
6.49818	-0.00109641	1	
6.49818	-0.00109641	1	
6.49818	-0.00109641	1	
6.49818	-0.00109641	1	
6.49818	-0.00109641	1	
6.49818	-0.00109641	1	
6.49818	-0.00109641	1	
6.49818	-0.00109641	1	
6.49818	-0.00109641	1	
6.49818	-0.00109641	1	
6.49818	-0.00109641	1	
6.49818	-0.00109641	1	
6.49818	-0.00109641	1	
6.49818	-0.00109641	1	
6.49818	-0.00109641	1	
6.49818	-0.00109641	1	
6.49818	-0.00109641	1	
6.49818	-0.00109641	1	
6.49818	-0.00109641	1	
6.49818	-0.00109641	1	
6.49818	-0.00109641	1	
6.49818	-0.00109641	1	
6.49818	-0.00109641	1	
6.49818	-0.00109641	1	
6.49818	-0.00109641	1	
6.49818	-0.00109641	1	
6.49818	-0.00109641	1	
6.49818	-0.00109641	1	
6.49818	-0.00109641	1	
6.49818	-0.00109641	1	
6.49818	-0.00109641	1	
6.49818	-0.00109641	1	
6.49818	-0.00109641	1	
6.49818	-0.00109641	1	
6.49818	-0.00109641	1	
6.49818	-0.00109641	1	
6.49818	-0.00109641	1	
6.49818	-0.00109641	1	
6.49818	-0.00109641	1	
6.49818	-0.00109641	1	
6.49818	-0.00109641	1	
6.49818	-0.00109641	1	
6.49818	-0.00109641	1	
6.49818	-0.00109641	1	
6.49818	-0.00109641	1	
6.49818	-0.00109641	1	
6.49818	-0.00109641	1	
6.49818	-0.00109641	1	
6.49818	-0.00109641	1	
6.49818	-0.00109641	1	
6.49818	-0.00109641	1	
6.49818	-0.00109641	1	
6.49818	-0.00109641	1	
6.49818	-0.00109641	1	
6.49818	-0.00109641	1	
6.49818	-0.00109641	1	
6.49818	-0.00109641	1	
6.49818	-0.00109641	1	
6.49818	-0.00109641	1	
6.49818	-0.00109641	1	
6.49818	-0.00109641	1	
6.49818	-0.00109641	1	
6.49818	-0.00109641	1	
6.49818	-0.00109641	1	
6.49818	-0.00109641	1	
6.49818	-0.00109641	1	
6.49818	-0.00109641	1	
6.49818	-0.00109641	1	
6.49818	-0.00109641	1	
6.49818	-0.00109641	1	
6.49818	-0.00109641	1	
6.49818	-0.00109641	1	
6.49818	-0.00109641	1	
6.49818	-0.00109641	1	
6.49818	-0.00109641	1	
6.49818	-0.00109641	1	
6.49818	-0.00109641	1	
6.49818	-0.00109641	1	
6.49818	-0.00109641	1	
6.49818	-0.00109641	1	
6.49818	-0.00109641	1	
6.49818	-0.00109641	1	
6.49818	-0.00109641	1	
6.49818	-0.00109641	1	
6.49818	-0.00109641	1	
6.49818	-0.00109641	1	
6.49818	-0.00109641	1	
6.49818	-0.00109641	1	
6.49818	-0.00109641	1	
6.49818	-0.00109641	1	
6.49818	-0.00109641	1	
6.49818	-0.00109641	1	
6.49818	-0.00109641	1	
6.49818	-0.00109641	1	
6.49818	-0.00109641	1	
6.49818	-0.00109641	1	
6.49818	-0.00109641	1	
6.49818	-0.00109641	1	
6.49818	-0.00109641	1	
6.49818	-0.00109641	1	
6.49818	-0.00109641	1	
6.49818	-0.00109641	1	
6.49818	-0.00109641	1	
6.49818	-0.00109641	1	
6.49818	-0.00109641	1	
6.49818	-0.00109641	1	
6.49818	-0.00109641	1	
6.49818	-0.00109641	1	
6.49818	-0.00109641	1	
6.49818	-0.00109641	1	
6.49818	-0.00109641	1	
6.49818	-0.00109641	1	
6.49818	-0.00109641	1	
6.49818	-0.00109641	1	
6.49818	-0.00109641	1	
6.49818	-0.00109641	1	
6.49818	-0.00109641	1	
6.49818	-0.00109641	1	
6.49818	-0.00109641	1	
6.49818	-0.00109641	1	
6.49818	-0.00109641	1	
6.49818	-0.00109641	1	
6.49818	-0.00109641	1	
6.49818	-0.00109641	1	
6.49818	-0.00109641	1	
6.49818	-0.00109641	1	
6.49818	-0.00109641	1	
6.49818	-0.00109641	1	
6.49818	-0.00109641	1	
6.49818	-0.00109641	1	
6.49818	-0.00109641	1	
6.49818	-0.00109641	1	
6.49818	-0.00109641	1	
6.49818	-0.00109641	1	
6.49818	-0.00109641	1	
6.49818	-0.00109641	1	
6.49818	-0.00109641	1	
6.49818	-0.00109641	1	
6.49818	-0.00109641	1	
6.49818	-0.00109641	1	
6.49818	-0.00109641	1	
6.49818	-0.00109641	1	
6.49818	-0.00109641	1	
6.49818	-0.00109641	1	
6.49818	-0.00109641	1	
6.49818	-0.00109641	1	
6.49818	-0.00109641	1	
6.49818	-0.00109641	1	
6.49818	-0.00109641	1	
6.49818	-0.00109641	1	
6.49818	-0.00109641	1	
6.49818	-0.00109641	1	
