10	0	1	
10	0	1	
10	0	1	
10	0	1	
10	0	1	
10	0	1	
10	0	1	
10	0	1	
10	0	1	
10	0	1	
10	0	1	
10	0	1	
10	0	1	
10	0	1	
10	0	1	
10	0	1	
10	0	1	
10	0	1	
10	0	1	
10	0	1	
10	0	1	
10	0	1	
10	0	1	
10	0	1	
10	0	1	
10	0	1	
10	0	1	
10	0	1	
10	0	1	
10	0	1	
10	0	1	
10	0	1	
10	0	1	
10	0	1	
10	0	1	
10	0	1	
10	0	1	
10	0	1	
10	0	1	
10	0	1	
10	0	1	
10	0	1	
10	0	1	
10	0	1	
10	0	1	
10	0	1	
10	0	1	
10	0	1	
10	0	1	
10	0	1	
10	0	1	
10	0	1	
10	0	1	
10	0	1	
10	0	1	
10	0	1	
10	0	1	
10	0	1	
10	0	1	
10	0	1	
10	0	1	
10	0	1	
10	0	1	
10	0	1	
10	0	1	
10	0	1	
10	0	1	
10	0	1	
10	0	1	
10	0	1	
10	0	1	
10	0	1	
10	0	1	
10	0	1	
10	0	1	
10	0	1	
10	0	1	
10	0	1	
10	0	1	
10	0	1	
10	0	1	
10	0	1	
10	0	1	
10	0	1	
10	0	1	
10	0	1	
10	0	1	
10	0	1	
10	0	1	
10	0	1	
10	0	1	
10	0	1	
10	0	1	
10	0	1	
10	0	1	
10	0	1	
10	0	1	
10	0	1	
10	0	1	
10	0	1	
10	0	1	
10	0	1	
10	0	1	
10	0	1	
10	0	1	
10	0	1	
10	0	1	
10	0	1	
10	0	1	
10	0	1	
10	0	1	
10	0	1	
10	0	1	
10	0	1	
10	0	1	
10	0	1	
10	0	1	
10	0	1	
10	0	1	
10	0	1	
10	0	1	
10	0	1	
10	0	1	
10	0	1	
10	0	1	
10	0	1	
10	0	1	
10	0	1	
10	0	1	
10	0	1	
10	0	1	
10	0	1	
10	0	1	
10	0	1	
10	0	1	
10	0	1	
10	0	1	
10	0	1	
10	0	1	
10	0	1	
10	0	1	
10	0	1	
10	0	1	
10	0	1	
10	0	1	
10	0	1	
10	0	1	
10	0	1	
10	0	1	
10	0	1	
10	0	1	
10	0	1	
10	0	1	
10	0	1	
10	0	1	
10	0	1	
10	0	1	
10	0	1	
10	0	1	
10	0	1	
10	0	1	
10	0	1	
10	0	1	
10	0	1	
10	0	1	
10	0	1	
10	0	1	
10	0	1	
10	0	1	
10	0	1	
10	0	1	
10	0	1	
10	0	1	
10	0	1	
10	0	1	
10	0	1	
10	0	1	
10	0	1	
10	0	1	
10	0	1	
10	0	1	
10	0	1	
10	0	1	
10	0	1	
10	0	1	
10	0	1	
10	0	1	
10	0	1	
10	0	1	
10	0	1	
10	0	1	
10	0	1	
10	0	1	
10	0	1	
10	0	1	
10	0	1	
10	0	1	
10	0	1	
10	0	1	
10	0	1	
10	0	1	
10	0	1	
10	0	1	
10	0	1	
10	0	1	
10	0	1	
10	0	1	
10	0	1	
10	0	1	
10	0	1	
10	0	1	
10	0	1	
10	0	1	
10	0	1	
10	0	1	
10	0	1	
10	0	1	
10	0	1	
10	0	1	
10	0	1	
10	-0.00201086	1	
9.99999	-0.00371494	1	
9.99998	-0.00518204	1	
9.99997	-0.00645186	1	
9.99995	-0.0075774	1	
9.99993	-0.00858328	1	
9.99991	-0.00949758	1	
9.99989	-0.0103422	1	
9.99987	-0.0111454	1	
9.99985	-0.0119278	1	
9.99982	-0.0126886	1	
9.99979	-0.013439	1	
9.99977	-0.0141822	1	
9.99974	-0.0149336	1	
9.99971	-0.0157077	1	
9.99967	-0.0164866	1	
9.99964	-0.0172559	1	
9.9996	-0.0180399	1	
9.99956	-0.0188604	1	
9.99952	-0.0196926	1	
9.99948	-0.0205377	1	
9.99944	-0.0214073	1	
9.9994	-0.0223136	1	
9.99935	-0.0232429	1	
9.9993	-0.0242136	1	
9.99925	-0.0252073	1	
9.9992	-0.0262012	1	
9.99914	-0.027221	1	
9.99909	-0.0282846	1	
9.99903	-0.0293534	1	
9.99897	-0.0304432	1	
9.9989	-0.0315724	1	
9.99884	-0.0327148	1	
9.99877	-0.0338609	1	
9.9987	-0.0350416	1	
9.99863	-0.0362548	1	
9.99855	-0.0375052	1	
9.99848	-0.038764	1	
9.9984	-0.0400381	1	
9.99831	-0.0413564	1	
9.99823	-0.0427124	1	
9.99814	-0.0441091	1	
9.99805	-0.0455239	1	
9.99796	-0.046963	1	
9.99786	-0.0484525	1	
9.99776	-0.0499413	1	
9.99765	-0.0515087	1	
9.99755	-0.0530779	1	
9.99744	-0.054662	1	
9.99733	-0.0562796	1	
9.99721	-0.0579467	1	
9.99709	-0.0596461	1	
9.99697	-0.0613636	1	
9.99684	-0.0631337	1	
9.99671	-0.064941	1	
9.99658	-0.0667554	1	
9.99644	-0.0686155	1	
9.9963	-0.0704845	1	
9.99616	-0.0724052	1	
9.99601	-0.0743424	1	
9.99586	-0.0763302	1	
9.9957	-0.0783297	1	
9.99554	-0.0803836	1	
9.99537	-0.0824183	1	
9.9952	-0.0844831	1	
9.99503	-0.0865537	1	
9.99485	-0.0886519	1	
9.99467	-0.0907687	1	
9.99449	-0.0928898	1	
9.9943	-0.095023	1	
9.9941	-0.0971137	1	
9.9939	-0.099196	1	
9.9937	-0.101315	1	
9.99349	-0.103412	1	
9.99328	-0.105549	1	
9.99307	-0.107739	1	
9.99285	-0.109961	1	
9.99262	-0.112181	1	
9.99239	-0.114486	1	
9.99216	-0.1168	1	
9.99192	-0.119157	1	
9.99168	-0.12154	1	
9.99143	-0.123962	1	
9.99118	-0.126394	1	
9.99092	-0.128823	1	
9.99066	-0.131249	1	
9.99039	-0.133667	1	
9.99012	-0.136095	1	
9.98984	-0.138556	1	
9.98956	-0.141017	1	
9.98927	-0.143546	1	
9.98898	-0.146161	1	
9.98868	-0.148803	1	
9.98838	-0.151498	1	
9.98807	-0.15419	1	
9.98776	-0.156982	1	
9.98744	-0.159849	1	
9.98711	-0.162837	1	
9.98678	-0.165949	1	
9.98644	-0.169172	1	
9.9861	-0.172564	1	
9.98574	-0.176051	1	
9.98538	-0.179678	1	
9.98502	-0.183404	1	
9.98464	-0.187271	1	
9.98426	-0.191212	1	
9.98387	-0.195264	1	
9.98347	-0.19938	1	
9.98306	-0.203677	1	
9.98265	-0.208038	1	
9.98222	-0.212467	1	
9.98179	-0.217017	1	
9.98135	-0.221693	1	
9.98089	-0.226461	1	
9.98043	-0.231253	1	
9.97996	-0.236156	1	
9.97948	-0.241067	1	
9.97898	-0.246101	1	
9.97848	-0.251291	1	
9.97797	-0.25657	1	
9.97744	-0.261969	1	
9.97691	-0.267523	1	
9.97636	-0.273192	1	
9.97581	-0.278993	1	
9.97523	-0.284954	1	
9.97465	-0.290993	1	
9.97406	-0.297079	1	
9.97345	-0.303241	1	
9.97283	-0.309455	1	
9.9722	-0.31575	1	
9.97156	-0.322175	1	
9.9709	-0.328724	1	
9.97023	-0.335354	1	
9.96955	-0.342022	1	
9.96885	-0.348758	1	
9.96814	-0.355613	1	
9.96741	-0.362543	1	
9.96667	-0.369631	1	
9.96592	-0.376906	1	
9.96515	-0.384377	1	
9.96437	-0.392001	1	
9.96357	-0.399818	1	
9.96275	-0.407754	1	
9.96192	-0.415779	1	
9.96107	-0.423915	1	
9.96021	-0.432109	1	
9.95933	-0.440365	1	
9.95843	-0.448731	1	
9.95751	-0.457221	1	
9.95658	-0.465916	1	
9.95563	-0.474765	1	
9.95467	-0.483732	1	
9.95368	-0.492802	1	
9.95268	-0.502061	1	
9.95165	-0.511384	1	
9.95061	-0.520627	1	
9.94955	-0.529962	1	
9.94847	-0.539335	1	
9.94738	-0.548865	1	
9.94626	-0.558458	1	
9.94512	-0.568164	1	
9.94397	-0.57811	1	
9.94279	-0.588316	1	
9.94159	-0.598754	1	
9.94037	-0.609482	1	
9.93913	-0.620428	1	
9.93787	-0.631466	1	
9.93658	-0.642684	1	
9.93528	-0.654112	1	
9.93394	-0.665835	1	
9.93259	-0.678048	1	
9.93121	-0.690833	1	
9.9298	-0.704184	1	
9.92836	-0.71809	1	
9.9269	-0.732484	1	
9.9254	-0.74724	1	
9.92388	-0.762506	1	
9.92232	-0.778298	1	
9.92073	-0.794657	1	
9.91911	-0.811617	1	
9.91745	-0.829083	1	
9.91576	-0.847054	1	
9.91403	-0.865415	1	
9.91226	-0.884159	1	
9.91045	-0.903263	1	
9.9086	-0.922697	1	
9.90672	-0.942238	1	
9.9048	-0.961846	1	
9.90283	-0.98134	1	
9.90083	-1.0007	1	
9.89879	-1.01999	1	
9.89671	-1.03923	1	
9.8946	-1.05861	1	
9.89244	-1.07809	1	
9.89025	-1.09754	1	
9.88801	-1.11693	1	
9.88574	-1.13626	1	
9.88343	-1.1557	1	
9.88108	-1.17561	1	
9.87868	-1.19636	1	
9.87625	-1.21787	1	
9.87377	-1.23982	1	
9.87124	-1.26208	1	
9.86868	-1.2848	1	
9.86606	-1.30823	1	
9.86339	-1.33249	1	
9.86068	-1.35757	1	
9.85791	-1.38344	1	
9.85509	-1.40987	1	
9.85222	-1.43691	1	
9.84929	-1.46457	1	
9.8463	-1.49318	1	
9.84326	-1.52269	1	
9.84015	-1.55319	1	
9.83698	-1.58458	1	
9.83375	-1.6169	1	
9.83045	-1.65012	1	
9.82708	-1.68415	1	
9.82364	-1.71897	1	
9.82013	-1.75438	1	
9.81655	-1.79027	1	
9.8129	-1.82632	1	
9.80917	-1.86237	1	
9.80538	-1.89832	1	
9.80151	-1.93434	1	
9.79757	-1.97039	1	
9.79356	-2.00645	1	
9.78947	-2.04275	1	
9.78531	-2.07947	1	
9.78108	-2.11649	1	
9.77677	-2.15371	1	
9.77239	-2.19092	1	
9.76793	-2.22824	1	
9.7634	-2.2652	1	
9.7588	-2.30175	1	
9.75412	-2.33781	1	
9.74938	-2.37355	1	
9.74456	-2.40918	1	
9.73967	-2.44486	1	
9.73471	-2.48054	1	
9.72967	-2.51621	1	
9.72457	-2.5515	1	
9.7194	-2.58674	1	
9.71415	-2.62226	1	
9.70884	-2.6587	1	
9.70344	-2.69628	1	
9.69797	-2.73482	1	
9.69242	-2.77408	1	
9.6868	-2.81386	1	
9.68109	-2.85434	1	
9.6753	-2.89604	1	
9.66942	-2.93932	1	
9.66345	-2.98417	1	
9.65739	-3.03059	1	
9.65123	-3.07841	1	
9.64498	-3.12729	1	
9.63862	-3.1771	1	
9.63217	-3.22757	1	
9.62561	-3.27837	1	
9.61895	-3.32942	1	
9.61219	-3.38075	1	
9.60533	-3.43229	1	
9.59836	-3.48393	1	
9.59129	-3.53561	1	
9.58411	-3.58711	1	
9.57684	-3.6384	1	
9.56946	-3.68973	1	
9.56197	-3.7414	1	
9.55439	-3.79342	1	
9.5467	-3.84529	1	
9.5389	-3.89658	1	
9.53101	-3.94722	1	
9.52301	-3.99754	1	
9.51492	-4.04868	1	
9.50671	-4.10117	1	
9.4984	-4.15481	1	
9.48999	-4.20925	1	
9.48146	-4.26467	1	
9.47281	-4.32118	1	
9.46406	-4.3785	1	
9.45518	-4.43664	1	
9.44619	-4.49506	1	
9.43709	-4.55415	1	
9.42786	-4.61405	1	
9.41851	-4.67477	1	
9.40904	-4.73628	1	
9.39944	-4.79873	1	
9.38971	-4.86166	1	
9.37986	-4.9248	1	
9.36989	-4.98746	1	
9.35979	-5.04955	1	
9.34957	-5.11095	1	
9.33923	-5.17179	1	
9.32876	-5.23146	1	
9.31818	-5.28995	1	
9.30749	-5.34734	1	
9.29668	-5.40434	1	
9.28576	-5.46151	1	
9.27472	-5.51912	1	
9.26356	-5.578	1	
9.25229	-5.63858	1	
9.24088	-5.70093	1	
9.22935	-5.76483	1	
9.21769	-5.83055	1	
9.2059	-5.89854	1	
9.19396	-5.96915	1	
9.18187	-6.04227	1	
9.16964	-6.11731	1	
9.15725	-6.19363	1	
9.14471	-6.27064	1	
9.13201	-6.34771	1	
9.11917	-6.42395	1	
9.10617	-6.49853	1	
9.09303	-6.57166	1	
9.07974	-6.6434	1	
9.06631	-6.71359	1	
9.05275	-6.78195	1	
9.03905	-6.84885	1	
9.02522	-6.91477	1	
9.01126	-6.98011	1	
8.99717	-7.04561	1	
8.98295	-7.11192	1	
8.96859	-7.17951	1	
8.95409	-7.24919	1	
8.93944	-7.32145	1	
8.92465	-7.39638	1	
8.90971	-7.47279	1	
8.89461	-7.54979	1	
8.87935	-7.62646	1	
8.86395	-7.70189	1	
8.8484	-7.77578	1	
8.8327	-7.84828	1	
8.81686	-7.91929	1	
8.80089	-7.98867	1	
8.78477	-8.05683	1	
8.76853	-8.12384	1	
8.75215	-8.18912	1	
8.73564	-8.25329	1	
8.71901	-8.31703	1	
8.70224	-8.38157	1	
8.68535	-8.44794	1	
8.66831	-8.51684	1	
8.65114	-8.58873	1	
8.63381	-8.66266	1	
8.61633	-8.73777	1	
8.59871	-8.81315	1	
8.58093	-8.8877	1	
8.56301	-8.96081	1	
8.54495	-9.03279	1	
8.52674	-9.10395	1	
8.50839	-9.17472	1	
8.4899	-9.24464	1	
8.47127	-9.31398	1	
8.45251	-9.38314	1	
8.4336	-9.45285	1	
8.41455	-9.52401	1	
8.39536	-9.59729	1	
8.37601	-9.67263	1	
8.35651	-9.74925	1	
8.33686	-9.82609	1	
8.31706	-9.90218	1	
8.2971	-9.97672	1	
8.277	-10.0493	1	
8.25676	-10.1205	1	
8.23638	-10.1908	1	
8.21586	-10.2601	1	
8.1952	-10.3286	1	
8.17441	-10.3965	1	
8.15348	-10.4648	1	
8.13241	-10.5345	1	
8.1112	-10.6061	1	
8.08984	-10.6797	1	
8.06833	-10.7547	1	
8.04667	-10.8293	1	
8.02487	-10.9025	1	
8.00292	-10.9729	1	
7.98084	-11.0397	1	
7.95864	-11.1028	1	
7.93631	-11.1625	1	
7.91387	-11.2193	1	
7.89132	-11.2748	1	
7.86866	-11.3307	1	
7.84589	-11.3887	1	
7.82299	-11.45	1	
7.79996	-11.5146	1	
7.77687	-11.5429	0.983577	
7.75389	-11.4899	0.945836	
7.73114	-11.3738	0.90997	
7.70872	-11.2105	0.876307	
7.6867	-11.0132	0.845087	
7.66511	-10.7932	0.816642	
7.64399	-10.5605	0.791168	
7.62332	-10.333	0.772294	
7.6031	-10.1132	0.754888	
7.58329	-9.90215	0.738314	
7.56389	-9.69958	0.72184	
7.54489	-9.50342	0.704819	
7.52627	-9.31026	0.686859	
7.50801	-9.12666	0.672046	
7.49012	-8.94605	0.655941	
7.47259	-8.76461	0.639534	
7.45543	-8.58226	0.623954	
7.43862	-8.4019	0.610195	
7.42217	-8.22796	0.598657	
7.40602	-8.07447	0.593317	
7.39014	-7.93954	0.588674	
7.3745	-7.82045	0.584122	
7.35907	-7.71358	0.57894	
7.34384	-7.61446	0.572497	
7.3288	-7.51819	0.564432	
7.31394	-7.43109	0.55918	
7.29925	-7.34583	0.5522	
7.28473	-7.25851	0.544604	
7.2704	-7.16943	0.537727	
7.25623	-7.08188	0.532493	
7.24223	-7.00018	0.529336	
7.22835	-6.93912	0.532483	
7.21456	-6.89677	0.536339	
7.20082	-6.87083	0.540491	
7.1871	-6.85804	0.544272	
7.17339	-6.85412	0.547001	
7.15969	-6.85413	0.548205	
7.14596	-6.8644	0.552177	
7.1322	-6.87712	0.553884	
7.11843	-6.88736	0.554218	
7.10464	-6.89371	0.554308	
7.09084	-6.89767	0.555055	
7.07704	-6.90182	0.556917	
7.0632	-6.91943	0.564417	
7.0493	-6.9488	0.572201	
7.03533	-6.98818	0.579845	
7.02126	-7.03531	0.586792	
7.00708	-7.08653	0.592259	
6.99281	-7.13716	0.595804	
6.97842	-7.19363	0.601826	
6.96393	-7.24867	0.605557	
6.94933	-7.29833	0.607942	
6.93465	-7.3415	0.609862	
6.91989	-7.3798	0.612139	
6.90506	-7.41551	0.615189	
6.89013	-7.46152	0.62352	
6.8751	-7.51611	0.632039	
6.85994	-7.57804	0.640485	
6.84465	-7.6453	0.648245	
6.82922	-7.71508	0.654772	
6.81366	-7.78398	0.659646	
6.79794	-7.8584	0.66673	
6.78208	-7.93075	0.671034	
6.76609	-7.9957	0.673217	
6.74998	-8.05054	0.674329	
6.73379	-8.09565	0.675487	
6.71753	-8.13355	0.677473	
6.70117	-8.17782	0.684495	
6.68472	-8.22722	0.691337	
6.66816	-8.28043	0.697696	
6.65148	-8.33565	0.702976	
6.6347	-8.38961	0.706495	
6.61783	-8.43841	0.707749	
6.60085	-8.48782	0.710655	
6.58379	-8.5305	0.710756	
6.56667	-8.56226	0.709063	
6.5495	-8.58182	0.70664	
6.53232	-8.59063	0.70449	
6.51514	-8.59204	0.703389	
6.49794	-8.59995	0.707566	
6.48071	-8.61386	0.712112	
6.46344	-8.63366	0.716735	
6.44613	-8.65824	0.720706	
6.42876	-8.68487	0.723228	
6.41134	-8.70984	0.723723	
6.39386	-8.73853	0.725835	
6.37633	-8.76298	0.725008	
6.35878	-8.77806	0.722105	
6.34121	-8.78166	0.71838	
6.32366	-8.77515	0.71523	
6.30614	-8.76225	0.713591	
6.28863	-8.75689	0.717575	
6.27111	-8.75943	0.722275	
6.25357	-8.76978	0.727117	
6.23599	-8.78667	0.731294	
6.21838	-8.807	0.733935	
6.20073	-8.82655	0.734385	
6.18303	-8.84976	0.736148	
6.16529	-8.86835	0.734959	
6.14754	-8.8776	0.73192	
6.12978	-8.87577	0.728212	
6.11206	-8.86412	0.725006	
6.09436	-8.84629	0.723175	
6.07669	-8.83598	0.726787	
6.05902	-8.83342	0.731193	
6.04135	-8.83891	0.736024	
6.02364	-8.85152	0.740377	
6.00591	-8.86824	0.743161	
5.98814	-8.88459	0.743585	
5.97033	-8.90461	0.745199	
5.95249	-8.91979	0.743818	
5.93464	-8.92538	0.740589	
5.9168	-8.91941	0.736707	
5.89899	-8.90366	0.733503	
5.88123	-8.88198	0.73186	
5.86349	-8.86863	0.736026	
5.84576	-8.86413	0.741132	
5.82802	-8.86879	0.746635	
5.81026	-8.88143	0.751478	
5.79247	-8.89827	0.754495	
5.77464	-8.91447	0.755074	
5.75677	-8.93401	0.756951	
5.73887	-8.94892	0.756016	
5.72096	-8.95452	0.753457	
5.70306	-8.94985	0.750794	
5.68519	-8.93754	0.74932	
5.66734	-8.92207	0.749814	
5.64951	-8.9172	0.756174	
5.63166	-8.92323	0.763388	
5.61378	-8.93976	0.770733	
5.59585	-8.96473	0.777074	
5.57787	-8.99371	0.781335	
5.55982	-9.02134	0.782927	
5.54172	-9.05072	0.78556	
5.52357	-9.0738	0.785386	
5.5054	-9.08661	0.783807	
5.48722	-9.08919	0.782285	
5.46905	-9.08429	0.781905	
5.4509	-9.07609	0.783263	
5.43275	-9.07748	0.790044	
5.41457	-9.08811	0.7972	
5.39636	-9.10685	0.803765	
5.3781	-9.13066	0.808569	
5.35979	-9.15455	0.81065	
5.34144	-9.17254	0.809641	
5.32307	-9.18798	0.809709	
5.30468	-9.19448	0.807271	
5.2863	-9.18928	0.803784	
5.26795	-9.17332	0.800716	
5.24965	-9.1505	0.799299	
5.2314	-9.1263	0.800009	
5.21317	-9.11349	0.806154	
5.19495	-9.11134	0.812327	
5.17671	-9.11729	0.817261	
5.15846	-9.1267	0.819829	
5.14019	-9.13406	0.819406	
5.12192	-9.13358	0.815935	
5.10367	-9.12913	0.81391	
5.08544	-9.11549	0.810359	
5.06725	-9.0926	0.807113	
5.04912	-9.06351	0.805312	
5.03106	-9.03275	0.80545	
5.01305	-9.00457	0.807318	
4.99507	-8.99028	0.813857	
4.97709	-8.98672	0.819189	
4.95912	-8.98876	0.822073	
4.94114	-8.98973	0.821877	
4.92317	-8.98386	0.818777	
4.90524	-8.96687	0.813548	
4.88735	-8.94529	0.811214	
4.86951	-8.91764	0.80878	
4.85174	-8.88571	0.807563	
4.83403	-8.85353	0.808298	
4.81638	-8.82516	0.810937	
4.79877	-8.80358	0.814609	
4.78118	-8.79627	0.821507	
4.76359	-8.7973	0.825956	
4.74599	-8.79974	0.827199	
4.72839	-8.79665	0.825265	
4.71083	-8.78298	0.821093	
4.69331	-8.75732	0.816202	
4.67586	-8.7292	0.815583	
4.65846	-8.69942	0.815831	
4.64111	-8.67081	0.817609	
4.62382	-8.64652	0.820745	
4.60657	-8.6278	0.824232	
4.58934	-8.61328	0.826698	
4.57213	-8.60676	0.830649	
4.55492	-8.60044	0.831279	
4.53775	-8.58839	0.829133	
4.52061	-8.56696	0.825364	
4.50354	-8.53612	0.82141	
4.48655	-8.49806	0.818502	
4.46962	-8.46441	0.82109	
4.45274	-8.43633	0.824917	
4.43591	-8.41557	0.829797	
4.41911	-8.40214	0.834616	
4.40232	-8.39368	0.838176	
4.38555	-8.38605	0.839699	
4.36879	-8.38201	0.842703	
4.35203	-8.37548	0.843546	
4.33531	-8.36393	0.843644	
4.31861	-8.34781	0.844195	
4.30195	-8.32972	0.846002	
4.28533	-8.31271	0.849389	
4.26871	-8.30651	0.857667	
4.25209	-8.30977	0.86576	
4.23546	-8.31945	0.872544	
4.21879	-8.33078	0.877198	
4.20211	-8.33946	0.879688	
4.18543	-8.34203	0.880464	
4.16874	-8.34376	0.884044	
4.15206	-8.34295	0.887406	
4.13538	-8.34062	0.891633	
4.1187	-8.33903	0.897294	
4.10202	-8.34097	0.904477	
4.08532	-8.34814	0.912445	
4.06859	-8.36629	0.923355	
4.05181	-8.39009	0.932041	
4.03498	-8.41408	0.938161	
4.01811	-8.43363	0.942093	
4.00122	-8.44621	0.944941	
3.98431	-8.45232	0.948086	
3.96739	-8.46023	0.955671	
3.95045	-8.47034	0.964219	
3.93348	-8.48428	0.973986	
3.91648	-8.50315	0.98427	
3.89943	-8.52588	0.993715	
3.88233	-8.54722	1	
3.86522	-8.55693	1	
3.8481	-8.5571	1	
3.83101	-8.54849	1	
3.81394	-8.53156	1	
3.79693	-8.5067	1	
3.77998	-8.47463	1	
3.76311	-8.43665	1	
3.74632	-8.39495	1	
3.72961	-8.35155	1	
3.713	-8.30814	1	
3.69647	-8.26534	1	
3.68002	-8.22282	1	
3.66366	-8.17934	1	
3.6474	-8.13366	1	
3.63123	-8.08527	1	
3.61516	-8.03379	1	
3.5992	-7.97975	1	
3.58335	-7.92449	1	
3.56761	-7.86959	1	
3.55198	-7.8161	1	
3.53645	-7.7643	1	
3.52102	-7.71368	1	
3.5057	-7.66314	1	
3.49047	-7.61144	1	
3.47536	-7.55785	1	
3.46035	-7.50209	1	
3.44547	-7.44407	1	
3.4307	-7.38477	1	
3.41604	-7.32561	1	
3.40151	-7.26766	1	
3.38709	-7.21144	1	
3.37277	-7.15649	1	
3.35857	-7.1017	1	
3.34448	-7.04575	1	
3.3305	-6.98795	1	
3.31665	-6.92795	1	
3.30292	-6.86583	1	
3.28931	-6.80238	1	
3.27583	-6.73899	1	
3.26248	-6.67686	1	
3.24925	-6.61634	1	
3.23613	-6.55707	1	
3.22313	-6.49833	1	
3.21026	-6.43896	1	
3.1975	-6.37817	1	
3.18487	-6.31543	1	
3.17237	-6.25061	1	
3.16	-6.18425	1	
3.14777	-6.11748	1	
3.13566	-6.05153	1	
3.12369	-5.98715	1	
3.11184	-5.92428	1	
3.10012	-5.86219	1	
3.08852	-5.79975	1	
3.07704	-5.73612	1	
3.0657	-5.67082	1	
3.05449	-5.60375	1	
3.04342	-5.53528	1	
3.03249	-5.46635	1	
3.02169	-5.39806	1	
3.01103	-5.33129	1	
3.0005	-5.26623	1	
2.99009	-5.20248	1	
2.97982	-5.13911	1	
2.96967	-5.07514	1	
2.95965	-5.00982	1	
2.94976	-4.94285	1	
2.94001	-4.87429	1	
2.9304	-4.8047	1	
2.92093	-4.735	1	
2.9116	-4.66611	1	
2.9024	-4.59859	1	
2.89334	-4.53252	1	
2.8844	-4.46729	1	
2.8756	-4.40202	1	
2.86693	-4.33583	1	
2.85839	-4.2683	1	
2.84999	-4.19953	1	
2.84173	-4.12992	1	
2.83361	-4.06022	1	
2.82563	-3.99127	1	
2.81778	-3.9237	1	
2.81007	-3.85772	1	
2.80248	-3.7931	1	
2.79502	-3.72926	1	
2.78769	-3.66549	1	
2.78049	-3.60126	1	
2.77342	-3.5363	1	
2.76647	-3.47067	1	
2.75967	-3.40468	1	
2.75299	-3.33877	1	
2.74644	-3.27363	1	
2.74002	-3.20973	1	
2.73373	-3.14725	1	
2.72755	-3.08612	1	
2.7215	-3.02592	1	
2.71557	-2.96606	1	
2.70976	-2.90607	1	
2.70407	-2.84575	1	
2.6985	-2.78519	1	
2.69305	-2.72462	1	
2.68772	-2.66439	1	
2.68251	-2.60488	1	
2.67742	-2.54645	1	
2.67244	-2.48923	1	
2.66757	-2.4332	1	
2.66281	-2.37809	1	
2.65817	-2.32359	1	
2.65363	-2.26937	1	
2.6492	-2.21526	1	
2.64488	-2.16122	1	
2.64066	-2.10736	1	
2.63655	-2.05384	1	
2.63255	-2.00087	1	
2.62865	-1.94863	1	
2.62486	-1.8973	1	
2.62117	-1.84696	1	
2.61757	-1.79754	1	
2.61407	-1.74892	1	
2.61067	-1.70092	1	
2.60736	-1.65339	1	
2.60415	-1.60627	1	
2.60103	-1.55956	1	
2.59801	-1.51333	1	
2.59507	-1.46768	1	
2.59223	-1.42271	1	
2.58947	-1.37846	1	
2.5868	-1.33496	1	
2.58421	-1.29216	1	
2.58171	-1.25	1	
2.5793	-1.20839	1	
2.57696	-1.16727	1	
2.57471	-1.12662	1	
2.57254	-1.08648	1	
2.57044	-1.04689	1	
2.56843	-1.0079	1	
2.56649	-0.969533	1	
2.56462	-0.931812	1	
2.56283	-0.894729	1	
2.56112	-0.858258	1	
2.55947	-0.822355	1	
2.5579	-0.786958	1	
2.5564	-0.752006	1	
2.55496	-0.717458	1	
2.55359	-0.683301	1	
2.55229	-0.649545	1	
2.55106	-0.616229	1	
2.5499	-0.583402	1	
2.54879	-0.551127	1	
2.54775	-0.519473	1	
2.54678	-0.488508	1	
2.54586	-0.458256	1	
2.545	-0.428702	1	
2.5442	-0.399813	1	
2.54346	-0.371495	1	
2.54277	-0.343657	1	
2.54214	-0.316225	1	
2.54156	-0.289171	1	
2.54104	-0.262461	1	
2.54057	-0.236141	1	
2.54015	-0.210266	1	
2.53978	-0.184892	1	
2.53946	-0.160007	1	
2.53918	-0.135631	1	
2.53896	-0.111787	1	
2.53896	-0.111787	1	
2.53879	-0.0844466	1	
2.53867	-0.0586466	1	
2.53861	-0.034253	1	
2.53858	-0.011108	1	
2.53861	0.0109699	1	
2.53867	0.0321431	1	
2.53877	0.0525271	1	
2.53892	0.0722279	1	
2.5391	0.0912893	1	
2.53932	0.109703	1	
2.53958	0.127495	1	
2.53987	0.144705	1	
2.54019	0.161373	1	
2.54054	0.177502	1	
2.54093	0.193212	1	
2.54135	0.208582	1	
2.54179	0.223699	1	
2.54227	0.238561	1	
2.54278	0.253112	1	
2.54331	0.267258	1	
2.54387	0.280927	1	
2.54446	0.294043	1	
2.54508	0.306477	1	
2.54571	0.318198	1	
2.54637	0.329168	1	
2.54705	0.339457	1	
2.54775	0.349089	1	
2.54846	0.35807	1	
2.5492	0.366447	1	
2.54994	0.374212	1	
2.55071	0.381421	1	
2.55148	0.388157	1	
2.55227	0.394465	1	
2.55307	0.400425	1	
2.55389	0.406162	1	
2.55471	0.411778	1	
2.55554	0.417356	1	
2.55639	0.422922	1	
2.55725	0.428451	1	
2.55811	0.433945	1	
2.55899	0.439368	1	
2.55988	0.444634	1	
2.56078	0.449724	1	
2.56169	0.454495	1	
2.56261	0.458778	1	
2.56353	0.462445	1	
2.56446	0.465415	1	
2.5654	0.467632	1	
2.56634	0.469123	1	
2.56728	0.469909	1	
2.56822	0.469955	1	
2.56916	0.469272	1	
2.57009	0.467817	1	
2.57102	0.46567	1	
2.57195	0.463029	1	
2.57287	0.459965	1	
2.57378	0.456577	1	
2.57469	0.453016	1	
2.57559	0.449337	1	
2.57648	0.445571	1	
2.57736	0.441682	1	
2.57824	0.437744	1	
2.5791	0.433822	1	
2.57996	0.429906	1	
2.58082	0.426048	1	
2.58166	0.422147	1	
2.5825	0.418164	1	
2.58333	0.414027	1	
2.58414	0.409714	1	
2.58495	0.405147	1	
2.58576	0.400213	1	
2.58654	0.394856	1	
2.58732	0.389075	1	
2.58809	0.382928	1	
2.58884	0.376506	1	
2.58958	0.369918	1	
2.59031	0.363232	1	
2.59102	0.356421	1	
2.59172	0.349436	1	
2.5924	0.342293	1	
2.59307	0.334992	1	
2.59373	0.327596	1	
2.59437	0.320081	1	
2.595	0.312491	1	
2.5956	0.30481	1	
2.5962	0.29703	1	
2.59678	0.289154	1	
2.59734	0.28117	1	
2.59789	0.273099	1	
2.59842	0.264921	1	
2.59893	0.256563	1	
2.59942	0.248034	1	
2.5999	0.239325	1	
2.60036	0.230493	1	
2.60081	0.221552	1	
2.60123	0.212613	1	
2.60164	0.203651	1	
2.60203	0.194712	1	
2.6024	0.185793	1	
2.60275	0.176887	1	
2.60309	0.168015	1	
2.60341	0.159202	1	
2.60371	0.150481	1	
2.60399	0.141876	1	
2.60426	0.133369	1	
2.60451	0.12493	1	
2.60474	0.116589	1	
2.60496	0.108303	1	
2.60516	0.100085	1	
2.60534	0.0918819	1	
2.60551	0.0837471	1	
2.60566	0.0757225	1	
2.6058	0.0678106	1	
2.60592	0.0600509	1	
2.60602	0.0524313	1	
2.60611	0.0449959	1	
2.60611	0.0449959	1	
2.60611	0.0449959	1	
2.60611	0.0449959	1	
2.60611	0.0449959	1	
2.60618	0.0329568	1	
2.60622	0.0223275	1	
2.60625	0.0128604	1	
2.60626	0.00441302	1	
2.60625	-0.00320859	1	
2.60623	-0.0101589	1	
2.6062	-0.0165618	1	
2.60615	-0.0224696	1	
2.6061	-0.0279723	1	
2.60603	-0.0331408	1	
2.60596	-0.0379722	1	
2.60587	-0.042548	1	
2.60578	-0.0468725	1	
2.60567	-0.0509478	1	
2.60557	-0.0548116	1	
2.60545	-0.058458	1	
2.60532	-0.0618766	1	
2.60519	-0.0651053	1	
2.60506	-0.0681566	1	
2.60492	-0.0710241	1	
2.60477	-0.0737236	1	
2.60462	-0.0762503	1	
2.60446	-0.0785445	1	
2.6043	-0.0806386	1	
2.60413	-0.0825176	1	
2.60396	-0.0841637	1	
2.60379	-0.0856395	1	
2.60362	-0.0869372	1	
2.60344	-0.0880936	1	
2.60326	-0.089128	1	
2.60308	-0.090042	1	
2.6029	-0.0908539	1	
2.60272	-0.0915773	1	
2.60254	-0.0922404	1	
2.60235	-0.0928419	1	
2.60216	-0.0933559	1	
2.60198	-0.0938127	1	
2.60179	-0.0942188	1	
2.6016	-0.0945401	1	
2.60141	-0.0947921	1	
2.60122	-0.0950029	1	
2.60103	-0.0951783	1	
2.60084	-0.0952987	1	
2.60065	-0.0953441	1	
2.60046	-0.095322	1	
2.60027	-0.0951922	1	
2.60008	-0.0949698	1	
2.59989	-0.0946953	1	
2.5997	-0.0943389	1	
2.59951	-0.0939376	1	
2.59932	-0.093504	1	
2.59914	-0.0930394	1	
2.59895	-0.092553	1	
2.59877	-0.0920506	1	
2.59858	-0.0915569	1	
2.5984	-0.0910611	1	
2.59822	-0.0905979	1	
2.59804	-0.0901686	1	
2.59786	-0.0897444	1	
2.59768	-0.0893256	1	
2.5975	-0.0889048	1	
2.59733	-0.0884977	1	
2.59715	-0.088089	1	
2.59698	-0.0876878	1	
2.5968	-0.0873011	1	
2.59663	-0.0868893	1	
2.59645	-0.0864677	1	
2.59628	-0.0860103	1	
2.59611	-0.0855132	1	
2.59594	-0.0849422	1	
2.59577	-0.0843357	1	
2.59561	-0.0836882	1	
2.59544	-0.0830143	1	
2.59528	-0.0822882	1	
2.59511	-0.0815484	1	
2.59495	-0.0807885	1	
2.59479	-0.0800325	1	
2.59463	-0.0792555	1	
2.59448	-0.078468	1	
2.59432	-0.0776995	1	
2.59417	-0.0769432	1	
2.59401	-0.0762014	1	
2.59386	-0.0754548	1	
2.59371	-0.0747313	1	
2.59356	-0.0739992	1	
2.59342	-0.0732669	1	
2.59327	-0.0725177	1	
2.59313	-0.0717324	1	
2.59299	-0.0709391	1	
2.59285	-0.0701309	1	
2.59271	-0.0693033	1	
2.59257	-0.0684661	1	
2.59244	-0.0676133	1	
2.5923	-0.0667268	1	
2.59217	-0.0658419	1	
2.59204	-0.0649431	1	
2.59191	-0.0640276	1	
2.59179	-0.0631102	1	
2.59166	-0.0621713	1	
2.59154	-0.0612167	1	
2.59142	-0.0602265	1	
2.5913	-0.0592473	1	
2.59119	-0.0582611	1	
2.59107	-0.0572843	1	
2.59096	-0.0563074	1	
2.59085	-0.0553456	1	
2.59074	-0.0544169	1	
2.59063	-0.0534919	1	
2.59053	-0.0525836	1	
2.59042	-0.0516809	1	
2.59032	-0.0508109	1	
2.59022	-0.0499514	1	
2.59012	-0.0490839	1	
2.59003	-0.0482246	1	
2.58993	-0.0473652	1	
2.58984	-0.0465105	1	
2.58975	-0.0456662	1	
2.58966	-0.0448069	1	
2.58957	-0.0439427	1	
2.58948	-0.0430812	1	
2.5894	-0.0422138	1	
2.58932	-0.0413414	1	
2.58924	-0.0404639	1	
2.58916	-0.0395897	1	
2.58908	-0.0387096	1	
2.589	-0.0378097	1	
2.58893	-0.0368952	1	
2.58886	-0.0359824	1	
2.58879	-0.0350631	1	
2.58872	-0.0341455	1	
2.58865	-0.0332361	1	
2.58859	-0.032325	1	
2.58853	-0.0314273	1	
2.58846	-0.0305385	1	
2.58841	-0.0296657	1	
2.58835	-0.0288174	1	
2.58829	-0.0279868	1	
2.58824	-0.0271759	1	
2.58819	-0.0263865	1	
2.58813	-0.0256119	1	
2.58808	-0.0248468	1	
2.58804	-0.0240951	1	
2.58799	-0.0233514	1	
2.58794	-0.0226115	1	
2.5879	-0.0218818	1	
2.58786	-0.0211641	1	
2.58782	-0.020453	1	
2.58778	-0.0197524	1	
2.58774	-0.0190652	1	
2.5877	-0.0183932	1	
2.58767	-0.0177382	1	
2.58763	-0.017101	1	
2.5876	-0.0164824	1	
2.58757	-0.0158826	1	
2.58754	-0.0153019	1	
2.58751	-0.0147402	1	
2.58748	-0.0141969	1	
2.58745	-0.0136722	1	
2.58743	-0.0131658	1	
2.5874	-0.0126773	1	
2.58738	-0.0122078	1	
2.58738	-0.0122078	1	
2.58738	-0.0122078	1	
2.58738	-0.0122078	1	
2.58738	-0.0122078	1	
2.58738	-0.0122078	1	
2.58738	-0.0122078	1	
2.58738	-0.0122078	1	
2.58738	-0.0122078	1	
2.58738	-0.0122078	1	
2.58738	-0.0122078	1	
2.58738	-0.0122078	1	
2.58738	-0.0122078	1	
2.58738	-0.0122078	1	
2.58738	-0.0122078	1	
2.58738	-0.0122078	1	
2.58738	-0.0122078	1	
2.58738	-0.0122078	1	
2.58738	-0.0122078	1	
2.58738	-0.0122078	1	
2.58738	-0.0122078	1	
2.58738	-0.0122078	1	
2.58738	-0.0122078	1	
2.58738	-0.0122078	1	
2.58738	-0.0122078	1	
2.58738	-0.0122078	1	
2.58738	-0.0122078	1	
2.58738	-0.0122078	1	
2.58738	-0.0122078	1	
2.58738	-0.0122078	1	
2.58738	-0.0122078	1	
2.58738	-0.0122078	1	
2.58738	-0.0122078	1	
2.58738	-0.0122078	1	
2.58738	-0.0122078	1	
2.58738	-0.0122078	1	
2.58738	-0.0122078	1	
2.58738	-0.0122078	1	
2.58738	-0.0122078	1	
2.58738	-0.0122078	1	
2.58738	-0.0122078	1	
2.58738	-0.0122078	1	
2.58738	-0.0122078	1	
2.58738	-0.0122078	1	
2.58738	-0.0122078	1	
2.58738	-0.0122078	1	
2.58738	-0.0122078	1	
2.58738	-0.0122078	1	
2.58738	-0.0122078	1	
2.58738	-0.0122078	1	
2.58738	-0.0122078	1	
2.58738	-0.0122078	1	
2.58738	-0.0122078	1	
2.58738	-0.0122078	1	
2.58738	-0.0122078	1	
2.58738	-0.0122078	1	
2.58738	-0.0122078	1	
2.58738	-0.0122078	1	
2.58738	-0.0122078	1	
2.58738	-0.0122078	1	
2.58738	-0.0122078	1	
2.58738	-0.0122078	1	
2.58738	-0.0122078	1	
2.58738	-0.0122078	1	
2.58738	-0.0122078	1	
2.58738	-0.0122078	1	
2.58738	-0.0122078	1	
2.58738	-0.0122078	1	
2.58738	-0.0122078	1	
2.58738	-0.0122078	1	
2.58738	-0.0122078	1	
2.58738	-0.0122078	1	
2.58738	-0.0122078	1	
2.58738	-0.0122078	1	
2.58738	-0.0122078	1	
2.58738	-0.0122078	1	
2.58738	-0.0122078	1	
2.58738	-0.0122078	1	
2.58738	-0.0122078	1	
2.58738	-0.0122078	1	
2.58738	-0.0122078	1	
2.58738	-0.0122078	1	
2.58738	-0.0122078	1	
2.58738	-0.0122078	1	
2.58738	-0.0122078	1	
2.58738	-0.0122078	1	
2.58738	-0.0122078	1	
2.58738	-0.0122078	1	
2.58738	-0.0122078	1	
2.58738	-0.0122078	1	
2.58738	-0.0122078	1	
2.58738	-0.0122078	1	
2.58738	-0.0122078	1	
2.58738	-0.0122078	1	
2.58738	-0.0122078	1	
2.58738	-0.0122078	1	
2.58738	-0.0122078	1	
2.58738	-0.0122078	1	
2.58738	-0.0122078	1	
2.58738	-0.0122078	1	
2.58738	-0.0122078	1	
2.58738	-0.0122078	1	
2.58738	-0.0122078	1	
2.58738	-0.0122078	1	
2.58738	-0.0122078	1	
2.58738	-0.0122078	1	
2.58738	-0.0122078	1	
2.58738	-0.0122078	1	
2.58738	-0.0122078	1	
2.58738	-0.0122078	1	
2.58738	-0.0122078	1	
2.58738	-0.0122078	1	
2.58738	-0.0122078	1	
2.58738	-0.0122078	1	
2.58738	-0.0122078	1	
2.58738	-0.0122078	1	
2.58738	-0.0122078	1	
2.58738	-0.0122078	1	
2.58738	-0.0122078	1	
2.58738	-0.0122078	1	
2.58738	-0.0122078	1	
2.58738	-0.0122078	1	
2.58738	-0.0122078	1	
2.58738	-0.0122078	1	
2.58738	-0.0122078	1	
2.58738	-0.0122078	1	
2.58738	-0.0122078	1	
2.58738	-0.0122078	1	
2.58738	-0.0122078	1	
2.58738	-0.0122078	1	
2.58738	-0.0122078	1	
2.58738	-0.0122078	1	
2.58738	-0.0122078	1	
2.58738	-0.0122078	1	
2.58738	-0.0122078	1	
2.58738	-0.0122078	1	
2.58738	-0.0122078	1	
2.58738	-0.0122078	1	
2.58738	-0.0122078	1	
2.58738	-0.0122078	1	
2.58738	-0.0122078	1	
2.58738	-0.0122078	1	
2.58738	-0.0122078	1	
2.58738	-0.0122078	1	
2.58738	-0.0122078	1	
2.58738	-0.0122078	1	
2.58738	-0.0122078	1	
2.58738	-0.0122078	1	
2.58738	-0.0122078	1	
2.58738	-0.0122078	1	
2.58738	-0.0122078	1	
2.58738	-0.0122078	1	
2.58738	-0.0122078	1	
2.58738	-0.0122078	1	
2.58738	-0.0122078	1	
2.58738	-0.0122078	1	
2.58738	-0.0122078	1	
2.58738	-0.0122078	1	
2.58738	-0.0122078	1	
2.58738	-0.0122078	1	
2.58738	-0.0122078	1	
2.58738	-0.0122078	1	
2.58738	-0.0122078	1	
2.58738	-0.0122078	1	
2.58738	-0.0122078	1	
2.58738	-0.0122078	1	
2.58738	-0.0122078	1	
2.58738	-0.0122078	1	
2.58738	-0.0122078	1	
2.58738	-0.0122078	1	
2.58738	-0.0122078	1	
2.58738	-0.0122078	1	
2.58738	-0.0122078	1	
2.58738	-0.0122078	1	
2.58738	-0.0122078	1	
2.58738	-0.0122078	1	
2.58738	-0.0122078	1	
2.58738	-0.0122078	1	
2.58738	-0.0122078	1	
2.58738	-0.0122078	1	
2.58738	-0.0122078	1	
2.58738	-0.0122078	1	
2.58738	-0.0122078	1	
2.58738	-0.0122078	1	
2.58738	-0.0122078	1	
2.58738	-0.0122078	1	
2.58738	-0.0122078	1	
2.58738	-0.0122078	1	
2.58738	-0.0122078	1	
2.58738	-0.0122078	1	
2.58738	-0.0122078	1	
2.58738	-0.0122078	1	
2.58738	-0.0122078	1	
2.58738	-0.0122078	1	
2.58738	-0.0122078	1	
2.58738	-0.0122078	1	
2.58738	-0.0122078	1	
2.58738	-0.0122078	1	
2.58738	-0.0122078	1	
2.58738	-0.0122078	1	
2.58738	-0.0122078	1	
2.58738	-0.0122078	1	
2.58738	-0.0122078	1	
2.58738	-0.0122078	1	
2.58738	-0.0122078	1	
2.58738	-0.0122078	1	
2.58738	-0.0122078	1	
2.58738	-0.0122078	1	
2.58738	-0.0122078	1	
2.58738	-0.0122078	1	
2.58738	-0.0122078	1	
2.58738	-0.0122078	1	
2.58738	-0.0122078	1	
2.58738	-0.0122078	1	
2.58738	-0.0122078	1	
2.58738	-0.0122078	1	
2.58738	-0.0122078	1	
2.58738	-0.0122078	1	
2.58738	-0.0122078	1	
2.58738	-0.0122078	1	
2.58738	-0.0122078	1	
2.58738	-0.0122078	1	
2.58738	-0.0122078	1	
2.58738	-0.0122078	1	
2.58738	-0.0122078	1	
2.58738	-0.0122078	1	
2.58738	-0.0122078	1	
2.58738	-0.0122078	1	
2.58738	-0.0122078	1	
2.58738	-0.0122078	1	
2.58738	-0.0122078	1	
2.58738	-0.0122078	1	
2.58738	-0.0122078	1	
2.58738	-0.0122078	1	
2.58738	-0.0122078	1	
2.58738	-0.0122078	1	
2.58738	-0.0122078	1	
2.58738	-0.0122078	1	
2.58738	-0.0122078	1	
2.58738	-0.0122078	1	
2.58738	-0.0122078	1	
2.58738	-0.0122078	1	
2.58738	-0.0122078	1	
2.58738	-0.0122078	1	
2.58738	-0.0122078	1	
2.58738	-0.0122078	1	
2.58738	-0.0122078	1	
2.58738	-0.0122078	1	
2.58738	-0.0122078	1	
2.58738	-0.0122078	1	
2.58738	-0.0122078	1	
2.58738	-0.0122078	1	
2.58738	-0.0122078	1	
2.58738	-0.0122078	1	
2.58738	-0.0122078	1	
2.58738	-0.0122078	1	
2.58738	-0.0122078	1	
2.58738	-0.0122078	1	
2.58738	-0.0122078	1	
2.58738	-0.0122078	1	
2.58738	-0.0122078	1	
2.58738	-0.0122078	1	
2.58738	-0.0122078	1	
2.58738	-0.0122078	1	
2.58738	-0.0122078	1	
2.58738	-0.0122078	1	
2.58738	-0.0122078	1	
2.58738	-0.0122078	1	
2.58738	-0.0122078	1	
2.58738	-0.0122078	1	
2.58738	-0.0122078	1	
2.58738	-0.0122078	1	
2.58738	-0.0122078	1	
2.58738	-0.0122078	1	
2.58738	-0.0122078	1	
2.58738	-0.0122078	1	
2.58738	-0.0122078	1	
2.58738	-0.0122078	1	
2.58738	-0.0122078	1	
2.58738	-0.0122078	1	
2.58738	-0.0122078	1	
2.58738	-0.0122078	1	
2.58738	-0.0122078	1	
2.58738	-0.0122078	1	
2.58738	-0.0122078	1	
2.58738	-0.0122078	1	
2.58738	-0.0122078	1	
2.58738	-0.0122078	1	
2.58738	-0.0122078	1	
2.58738	-0.0122078	1	
2.58738	-0.0122078	1	
2.58738	-0.0122078	1	
2.58738	-0.0122078	1	
2.58738	-0.0122078	1	
2.58738	-0.0122078	1	
2.58738	-0.0122078	1	
2.58738	-0.0122078	1	
2.58738	-0.0122078	1	
2.58738	-0.0122078	1	
2.58738	-0.0122078	1	
2.58738	-0.0122078	1	
2.58738	-0.0122078	1	
2.58738	-0.0122078	1	
2.58738	-0.0122078	1	
2.58738	-0.0122078	1	
2.58738	-0.0122078	1	
2.58738	-0.0122078	1	
2.58738	-0.0122078	1	
2.58738	-0.0122078	1	
2.58738	-0.0122078	1	
2.58738	-0.0122078	1	
2.58738	-0.0122078	1	
2.58738	-0.0122078	1	
2.58738	-0.0122078	1	
2.58738	-0.0122078	1	
2.58738	-0.0122078	1	
2.58738	-0.0122078	1	
2.58738	-0.0122078	1	
2.58738	-0.0122078	1	
2.58738	-0.0122078	1	
2.58738	-0.0122078	1	
2.58738	-0.0122078	1	
2.58738	-0.0122078	1	
2.58738	-0.0122078	1	
2.58738	-0.0122078	1	
2.58738	-0.0122078	1	
2.58738	-0.0122078	1	
2.58738	-0.0122078	1	
2.58738	-0.0122078	1	
2.58738	-0.0122078	1	
2.58738	-0.0122078	1	
2.58738	-0.0122078	1	
2.58738	-0.0122078	1	
2.58738	-0.0122078	1	
2.58738	-0.0122078	1	
2.58738	-0.0122078	1	
2.58738	-0.0122078	1	
2.58738	-0.0122078	1	
2.58738	-0.0122078	1	
2.58738	-0.0122078	1	
2.58738	-0.0122078	1	
2.58738	-0.0122078	1	
2.58738	-0.0122078	1	
2.58738	-0.0122078	1	
2.58738	-0.0122078	1	
2.58738	-0.0122078	1	
2.58738	-0.0122078	1	
2.58738	-0.0122078	1	
2.58738	-0.0122078	1	
2.58738	-0.0122078	1	
2.58738	-0.0122078	1	
2.58738	-0.0122078	1	
2.58738	-0.0122078	1	
2.58738	-0.0122078	1	
2.58738	-0.0122078	1	
2.58738	-0.0122078	1	
2.58738	-0.0122078	1	
2.58738	-0.0122078	1	
2.58735	-0.0117765	1	
2.58733	-0.0114695	1	
2.58731	-0.0112602	1	
2.58728	-0.0111175	1	
2.58726	-0.0110275	1	
2.58724	-0.0109976	1	
2.58722	-0.0110044	1	
2.5872	-0.0110399	1	
2.58717	-0.0110869	1	
2.58715	-0.0111524	1	
2.58713	-0.0112307	1	
2.58711	-0.0113288	1	
2.58708	-0.01145	1	
2.58706	-0.0115696	1	
2.58704	-0.011686	1	
2.58701	-0.0118097	1	
2.58699	-0.0119367	1	
2.58697	-0.0120659	1	
2.58694	-0.0121768	1	
2.58692	-0.0122733	1	
2.58689	-0.0123659	1	
2.58687	-0.0124561	1	
2.58684	-0.0125429	1	
2.58682	-0.0126169	1	
2.58679	-0.0126623	1	
2.58677	-0.0126945	1	
2.58674	-0.0127257	1	
2.58672	-0.0127461	1	
2.58669	-0.012767	1	
2.58666	-0.0127705	1	
2.58664	-0.0127691	1	
2.58661	-0.0127639	1	
2.58659	-0.0127564	1	
2.58656	-0.0127555	1	
2.58654	-0.0127704	1	
2.58651	-0.0127775	1	
2.58649	-0.012779	1	
2.58646	-0.0127666	1	
2.58643	-0.0127531	1	
2.58641	-0.0127472	1	
2.58638	-0.0127391	1	
2.58636	-0.0127283	1	
2.58633	-0.0127071	1	
2.58631	-0.0126775	1	
2.58628	-0.0126413	1	
2.58626	-0.0126011	1	
2.58623	-0.0125672	1	
2.58621	-0.0125288	1	
2.58618	-0.0124873	1	
2.58616	-0.0124432	1	
2.58613	-0.0123888	1	
2.58611	-0.0123358	1	
2.58608	-0.0122845	1	
2.58606	-0.0122443	1	
2.58603	-0.0122035	1	
2.58601	-0.0121624	1	
2.58599	-0.0121304	1	
2.58596	-0.012106	1	
2.58594	-0.0120873	1	
2.58591	-0.0120734	1	
2.58589	-0.0120815	1	
2.58586	-0.0120972	1	
2.58584	-0.0121182	1	
2.58582	-0.0121434	1	
2.58579	-0.0121721	1	
2.58577	-0.0122209	1	
2.58574	-0.0123035	1	
2.58572	-0.0124019	1	
2.58569	-0.0125022	1	
2.58567	-0.0126223	1	
2.58564	-0.0127741	1	
2.58562	-0.0129489	1	
2.58559	-0.0131314	1	
2.58556	-0.0133083	1	
2.58554	-0.0135059	1	
2.58551	-0.0137108	1	
2.58548	-0.0138898	1	
2.58545	-0.0140491	1	
2.58542	-0.0142114	1	
2.5854	-0.01439	1	
2.58537	-0.0145728	1	
2.58534	-0.0147634	1	
2.58531	-0.0149785	1	
2.58528	-0.0152006	1	
2.58525	-0.0154177	1	
2.58521	-0.0156473	1	
2.58518	-0.0158746	1	
2.58515	-0.0160993	1	
2.58512	-0.0163376	1	
2.58508	-0.0165924	1	
2.58505	-0.0168399	1	
2.58502	-0.0170708	1	
2.58498	-0.0173051	1	
2.58495	-0.0175399	1	
2.58491	-0.0177641	1	
2.58488	-0.0180038	1	
2.58484	-0.0182276	1	
2.5848	-0.018437	1	
2.58477	-0.0186423	1	
2.58473	-0.0188335	1	
2.58469	-0.0190126	1	
2.58465	-0.0192068	1	
2.58461	-0.019393	1	
2.58457	-0.0195538	1	
2.58453	-0.0197112	1	
2.58449	-0.0198652	1	
2.58445	-0.0200053	1	
2.58441	-0.0201595	1	
2.58437	-0.0203239	1	
2.58433	-0.0204762	1	
2.58429	-0.0206187	1	
2.58425	-0.0207517	1	
2.58421	-0.0208676	1	
2.58417	-0.0209848	1	
2.58412	-0.0211049	1	
2.58408	-0.0211991	1	
2.58404	-0.0212801	1	
2.584	-0.0213423	1	
2.58395	-0.0213889	1	
2.58391	-0.0214316	1	
2.58387	-0.0214795	1	
2.58382	-0.021505	1	
2.58378	-0.0215128	1	
2.58374	-0.0215218	1	
2.5837	-0.0215253	1	
2.58365	-0.0215176	1	
2.58361	-0.0215141	1	
2.58357	-0.0215169	1	
2.58352	-0.0214892	1	
2.58348	-0.021445	1	
2.58344	-0.0214	1	
2.58339	-0.0213353	1	
2.58335	-0.0212569	1	
2.58331	-0.0211762	1	
2.58327	-0.021093	1	
2.58323	-0.0210012	1	
2.58318	-0.0208888	1	
2.58314	-0.0207674	1	
2.5831	-0.0206486	1	
2.58306	-0.0205229	1	
2.58302	-0.0203789	1	
2.58298	-0.0202286	1	
2.58294	-0.0200912	1	
2.5829	-0.0199484	1	
2.58286	-0.0197939	1	
2.58282	-0.0196216	1	
2.58278	-0.0194559	1	
2.58274	-0.0192958	1	
2.5827	-0.0191328	1	
2.58267	-0.0189602	1	
2.58263	-0.0187814	1	
2.58259	-0.0186082	1	
2.58255	-0.018438	1	
2.58252	-0.018267	1	
2.58248	-0.0180778	1	
2.58245	-0.0178765	1	
2.58241	-0.0176674	1	
2.58238	-0.0174623	1	
2.58234	-0.0172527	1	
2.58231	-0.0170339	1	
2.58227	-0.0168094	1	
2.58224	-0.0165737	1	
2.58221	-0.0163311	1	
2.58218	-0.0160855	1	
2.58214	-0.0158477	1	
2.58211	-0.0156175	1	
2.58208	-0.0153871	1	
2.58205	-0.0151492	1	
2.58202	-0.0149164	1	
2.58199	-0.0146885	1	
2.58196	-0.0144668	1	
2.58193	-0.014243	1	
2.58191	-0.0140277	1	
2.58188	-0.0138123	1	
2.58185	-0.0136065	1	
2.58183	-0.0134013	1	
2.5818	-0.0131899	1	
2.58177	-0.0129759	1	
2.58175	-0.0127698	1	
2.58172	-0.0125628	1	
2.5817	-0.0123564	1	
2.58167	-0.0121605	1	
2.58165	-0.011974	1	
2.58163	-0.0117969	1	
2.5816	-0.0116276	1	
2.58158	-0.0114656	1	
2.58156	-0.0113112	1	
2.58153	-0.0111546	1	
2.58151	-0.0110064	1	
2.58149	-0.0108652	1	
2.58147	-0.0107311	1	
2.58145	-0.0106112	1	
2.58143	-0.0105032	1	
2.58141	-0.0104058	1	
2.58141	-0.0104058	1	
2.58141	-0.0104058	1	
2.58141	-0.0104058	1	
2.58141	-0.0104058	1	
2.58141	-0.0104058	1	
2.58141	-0.0104058	1	
2.58141	-0.0104058	1	
2.58141	-0.0104058	1	
2.58141	-0.0104058	1	
2.58141	-0.0104058	1	
2.58141	-0.0104058	1	
2.58141	-0.0104058	1	
2.58141	-0.0104058	1	
2.58141	-0.0104058	1	
2.58141	-0.0104058	1	
2.58141	-0.0104058	1	
2.58141	-0.0104058	1	
2.58141	-0.0104058	1	
2.58141	-0.0104058	1	
2.58141	-0.0104058	1	
2.58141	-0.0104058	1	
2.58141	-0.0104058	1	
2.58141	-0.0104058	1	
2.58141	-0.0104058	1	
2.58141	-0.0104058	1	
2.58141	-0.0104058	1	
2.58141	-0.0104058	1	
2.58141	-0.0104058	1	
2.58141	-0.0104058	1	
2.58141	-0.0104058	1	
2.58141	-0.0104058	1	
2.58141	-0.0104058	1	
2.58141	-0.0104058	1	
2.58141	-0.0104058	1	
2.58141	-0.0104058	1	
2.58141	-0.0104058	1	
2.58141	-0.0104058	1	
2.58141	-0.0104058	1	
2.58141	-0.0104058	1	
2.58141	-0.0104058	1	
2.58141	-0.0104058	1	
2.58141	-0.0104058	1	
2.58141	-0.0104058	1	
2.58141	-0.0104058	1	
2.58141	-0.0104058	1	
2.58141	-0.0104058	1	
2.58141	-0.0104058	1	
2.58141	-0.0104058	1	
2.58141	-0.0104058	1	
2.58141	-0.0104058	1	
2.58141	-0.0104058	1	
2.58141	-0.0104058	1	
2.58141	-0.0104058	1	
2.58141	-0.0104058	1	
2.58141	-0.0104058	1	
2.58141	-0.0104058	1	
2.58141	-0.0104058	1	
2.58141	-0.0104058	1	
2.58141	-0.0104058	1	
2.58141	-0.0104058	1	
2.58141	-0.0104058	1	
2.58141	-0.0104058	1	
2.58141	-0.0104058	1	
2.58141	-0.0104058	1	
2.58141	-0.0104058	1	
2.58141	-0.0104058	1	
2.58141	-0.0104058	1	
2.58141	-0.0104058	1	
2.58141	-0.0104058	1	
2.58141	-0.0104058	1	
2.58141	-0.0104058	1	
2.58141	-0.0104058	1	
2.58141	-0.0104058	1	
2.58141	-0.0104058	1	
2.58141	-0.0104058	1	
2.58141	-0.0104058	1	
2.58141	-0.0104058	1	
2.58141	-0.0104058	1	
2.58141	-0.0104058	1	
2.58141	-0.0104058	1	
2.58141	-0.0104058	1	
2.58141	-0.0104058	1	
2.58141	-0.0104058	1	
2.58141	-0.0104058	1	
2.58141	-0.0104058	1	
2.58141	-0.0104058	1	
2.58141	-0.0104058	1	
2.58141	-0.0104058	1	
2.58141	-0.0104058	1	
2.58141	-0.0104058	1	
2.58141	-0.0104058	1	
2.58141	-0.0104058	1	
2.58141	-0.0104058	1	
2.58141	-0.0104058	1	
2.58141	-0.0104058	1	
2.58141	-0.0104058	1	
2.58141	-0.0104058	1	
2.58141	-0.0104058	1	
2.58141	-0.0104058	1	
2.58141	-0.0104058	1	
2.58141	-0.0104058	1	
2.58141	-0.0104058	1	
2.58141	-0.0104058	1	
2.58141	-0.0104058	1	
2.58141	-0.0104058	1	
2.58141	-0.0104058	1	
2.58141	-0.0104058	1	
2.58141	-0.0104058	1	
2.58141	-0.0104058	1	
2.58141	-0.0104058	1	
2.58141	-0.0104058	1	
2.58141	-0.0104058	1	
2.58141	-0.0104058	1	
2.58141	-0.0104058	1	
2.58141	-0.0104058	1	
2.58141	-0.0104058	1	
2.58141	-0.0104058	1	
2.58141	-0.0104058	1	
2.58141	-0.0104058	1	
2.58141	-0.0104058	1	
2.58141	-0.0104058	1	
2.58141	-0.0104058	1	
2.58141	-0.0104058	1	
2.58141	-0.0104058	1	
2.58141	-0.0104058	1	
2.58141	-0.0104058	1	
2.58141	-0.0104058	1	
2.58141	-0.0104058	1	
2.58141	-0.0104058	1	
2.58141	-0.0104058	1	
2.58141	-0.0104058	1	
2.58141	-0.0104058	1	
2.58141	-0.0104058	1	
2.58141	-0.0104058	1	
2.58141	-0.0104058	1	
2.58141	-0.0104058	1	
2.58141	-0.0104058	1	
2.58141	-0.0104058	1	
2.58141	-0.0104058	1	
2.58141	-0.0104058	1	
2.58141	-0.0104058	1	
2.58141	-0.0104058	1	
2.58141	-0.0104058	1	
2.58141	-0.0104058	1	
2.58141	-0.0104058	1	
2.58141	-0.0104058	1	
2.58141	-0.0104058	1	
2.58141	-0.0104058	1	
2.58141	-0.0104058	1	
2.58141	-0.0104058	1	
2.58141	-0.0104058	1	
2.58141	-0.0104058	1	
2.58141	-0.0104058	1	
2.58141	-0.0104058	1	
2.58141	-0.0104058	1	
2.58141	-0.0104058	1	
2.58141	-0.0104058	1	
2.58141	-0.0104058	1	
2.58141	-0.0104058	1	
2.58141	-0.0104058	1	
2.58141	-0.0104058	1	
2.58141	-0.0104058	1	
2.58141	-0.0104058	1	
2.58141	-0.0104058	1	
2.58141	-0.0104058	1	
2.58141	-0.0104058	1	
2.58141	-0.0104058	1	
2.58141	-0.0104058	1	
2.58141	-0.0104058	1	
2.58141	-0.0104058	1	
2.58141	-0.0104058	1	
2.58141	-0.0104058	1	
2.58141	-0.0104058	1	
2.58141	-0.0104058	1	
2.58141	-0.0104058	1	
2.58141	-0.0104058	1	
2.58141	-0.0104058	1	
2.58141	-0.0104058	1	
2.58141	-0.0104058	1	
2.58141	-0.0104058	1	
2.58141	-0.0104058	1	
2.58141	-0.0104058	1	
2.58141	-0.0104058	1	
2.58141	-0.0104058	1	
2.58141	-0.0104058	1	
2.58141	-0.0104058	1	
2.58141	-0.0104058	1	
2.58141	-0.0104058	1	
2.58141	-0.0104058	1	
2.58141	-0.0104058	1	
2.58141	-0.0104058	1	
2.58141	-0.0104058	1	
2.58141	-0.0104058	1	
2.58141	-0.0104058	1	
2.58141	-0.0104058	1	
2.58141	-0.0104058	1	
2.58141	-0.0104058	1	
2.58141	-0.0104058	1	
2.58141	-0.0104058	1	
2.58141	-0.0104058	1	
2.58141	-0.0104058	1	
2.58141	-0.0104058	1	
2.58141	-0.0104058	1	
2.58141	-0.0104058	1	
2.58141	-0.0104058	1	
2.58141	-0.0104058	1	
2.58141	-0.0104058	1	
2.58141	-0.0104058	1	
2.58141	-0.0104058	1	
2.58141	-0.0104058	1	
2.58141	-0.0104058	1	
2.58141	-0.0104058	1	
2.58141	-0.0104058	1	
2.58141	-0.0104058	1	
2.58141	-0.0104058	1	
2.58141	-0.0104058	1	
2.58141	-0.0104058	1	
2.58141	-0.0104058	1	
2.58141	-0.0104058	1	
2.58141	-0.0104058	1	
2.58141	-0.0104058	1	
2.58141	-0.0104058	1	
2.58141	-0.0104058	1	
2.58141	-0.0104058	1	
2.58141	-0.0104058	1	
2.58141	-0.0104058	1	
2.58141	-0.0104058	1	
2.58141	-0.0104058	1	
2.58141	-0.0104058	1	
2.58141	-0.0104058	1	
2.58141	-0.0104058	1	
2.58141	-0.0104058	1	
2.58141	-0.0104058	1	
2.58141	-0.0104058	1	
2.58141	-0.0104058	1	
2.58141	-0.0104058	1	
2.58141	-0.0104058	1	
2.58141	-0.0104058	1	
2.58141	-0.0104058	1	
2.58141	-0.0104058	1	
2.58141	-0.0104058	1	
2.58141	-0.0104058	1	
2.58141	-0.0104058	1	
2.58141	-0.0104058	1	
2.58141	-0.0104058	1	
2.58141	-0.0104058	1	
2.58141	-0.0104058	1	
2.58141	-0.0104058	1	
2.58141	-0.0104058	1	
2.58141	-0.0104058	1	
2.58141	-0.0104058	1	
2.58141	-0.0104058	1	
2.58141	-0.0104058	1	
2.58141	-0.0104058	1	
2.58141	-0.0104058	1	
2.58141	-0.0104058	1	
2.58141	-0.0104058	1	
2.58141	-0.0104058	1	
2.58141	-0.0104058	1	
2.58141	-0.0104058	1	
2.58141	-0.0104058	1	
2.58141	-0.0104058	1	
2.58141	-0.0104058	1	
2.58141	-0.0104058	1	
2.58141	-0.0104058	1	
2.58141	-0.0104058	1	
2.58141	-0.0104058	1	
2.58141	-0.0104058	1	
2.58141	-0.0104058	1	
2.58141	-0.0104058	1	
2.58141	-0.0104058	1	
2.58141	-0.0104058	1	
2.58141	-0.0104058	1	
2.58141	-0.0104058	1	
2.58141	-0.0104058	1	
2.58141	-0.0104058	1	
2.58141	-0.0104058	1	
2.58141	-0.0104058	1	
2.58141	-0.0104058	1	
2.58141	-0.0104058	1	
2.58141	-0.0104058	1	
2.58141	-0.0104058	1	
2.58141	-0.0104058	1	
2.58141	-0.0104058	1	
2.58141	-0.0104058	1	
2.58141	-0.0104058	1	
2.58141	-0.0104058	1	
2.58141	-0.0104058	1	
2.58141	-0.0104058	1	
2.58141	-0.0104058	1	
2.58141	-0.0104058	1	
2.58141	-0.0104058	1	
2.58141	-0.0104058	1	
2.58141	-0.0104058	1	
2.58141	-0.0104058	1	
2.58141	-0.0104058	1	
2.58141	-0.0104058	1	
2.58141	-0.0104058	1	
2.58141	-0.0104058	1	
2.58141	-0.0104058	1	
2.58141	-0.0104058	1	
2.58141	-0.0104058	1	
2.58141	-0.0104058	1	
2.58141	-0.0104058	1	
2.58141	-0.0104058	1	
2.58141	-0.0104058	1	
2.58141	-0.0104058	1	
2.58141	-0.0104058	1	
2.58141	-0.0104058	1	
2.58141	-0.0104058	1	
2.58141	-0.0104058	1	
2.58141	-0.0104058	1	
2.58141	-0.0104058	1	
2.58141	-0.0104058	1	
2.58141	-0.0104058	1	
2.58141	-0.0104058	1	
2.58141	-0.0104058	1	
2.58141	-0.0104058	1	
2.58141	-0.0104058	1	
2.58141	-0.0104058	1	
2.58141	-0.0104058	1	
2.58141	-0.0104058	1	
2.58141	-0.0104058	1	
2.58141	-0.0104058	1	
2.58141	-0.0104058	1	
2.58141	-0.0104058	1	
2.58141	-0.0104058	1	
2.58141	-0.0104058	1	
2.58141	-0.0104058	1	
2.58141	-0.0104058	1	
2.58141	-0.0104058	1	
2.58141	-0.0104058	1	
2.58141	-0.0104058	1	
2.58141	-0.0104058	1	
2.58141	-0.0104058	1	
2.58141	-0.0104058	1	
2.58141	-0.0104058	1	
2.58141	-0.0104058	1	
2.58141	-0.0104058	1	
2.58141	-0.0104058	1	
2.58141	-0.0104058	1	
2.58141	-0.0104058	1	
2.58141	-0.0104058	1	
2.58141	-0.0104058	1	
2.58141	-0.0104058	1	
2.58141	-0.0104058	1	
2.58141	-0.0104058	1	
2.58141	-0.0104058	1	
2.58141	-0.0104058	1	
2.58141	-0.0104058	1	
2.58141	-0.0104058	1	
2.58141	-0.0104058	1	
2.58141	-0.0104058	1	
2.58141	-0.0104058	1	
2.58141	-0.0104058	1	
2.58141	-0.0104058	1	
2.58141	-0.0104058	1	
2.58141	-0.0104058	1	
2.58141	-0.0104058	1	
2.58141	-0.0104058	1	
2.58141	-0.0104058	1	
2.58141	-0.0104058	1	
2.58141	-0.0104058	1	
2.58141	-0.0104058	1	
2.58141	-0.0104058	1	
2.58141	-0.0104058	1	
2.58141	-0.0104058	1	
2.58141	-0.0104058	1	
2.58141	-0.0104058	1	
2.58141	-0.0104058	1	
2.58141	-0.0104058	1	
2.58141	-0.0104058	1	
2.58141	-0.0104058	1	
2.58141	-0.0104058	1	
2.58141	-0.0104058	1	
2.58141	-0.0104058	1	
2.58141	-0.0104058	1	
2.58141	-0.0104058	1	
2.58141	-0.0104058	1	
2.58141	-0.0104058	1	
2.58141	-0.0104058	1	
2.58141	-0.0104058	1	
2.58141	-0.0104058	1	
2.58141	-0.0104058	1	
2.58141	-0.0104058	1	
2.58141	-0.0104058	1	
2.58141	-0.0104058	1	
2.58141	-0.0104058	1	
2.58141	-0.0104058	1	
2.58141	-0.0104058	1	
2.58141	-0.0104058	1	
2.58141	-0.0104058	1	
2.58141	-0.0104058	1	
2.58141	-0.0104058	1	
2.58141	-0.0104058	1	
2.58141	-0.0104058	1	
2.58141	-0.0104058	1	
2.58141	-0.0104058	1	
2.58141	-0.0104058	1	
2.58141	-0.0104058	1	
2.58141	-0.0104058	1	
2.58141	-0.0104058	1	
2.58141	-0.0104058	1	
2.58141	-0.0104058	1	
2.58141	-0.0104058	1	
2.58141	-0.0104058	1	
2.58141	-0.0104058	1	
2.58141	-0.0104058	1	
2.58141	-0.0104058	1	
2.58141	-0.0104058	1	
2.58141	-0.0104058	1	
2.58141	-0.0104058	1	
2.58141	-0.0104058	1	
2.58141	-0.0104058	1	
2.58141	-0.0104058	1	
2.58141	-0.0104058	1	
2.58141	-0.0104058	1	
2.58141	-0.0104058	1	
2.58141	-0.0104058	1	
2.58141	-0.0104058	1	
2.58141	-0.0104058	1	
2.58141	-0.0104058	1	
2.58141	-0.0104058	1	
2.58141	-0.0104058	1	
2.58141	-0.0104058	1	
2.58141	-0.0104058	1	
2.58141	-0.0104058	1	
2.58141	-0.0104058	1	
2.58141	-0.0104058	1	
2.58141	-0.0104058	1	
2.58141	-0.0104058	1	
2.58141	-0.0104058	1	
2.58141	-0.0104058	1	
2.58141	-0.0104058	1	
2.58141	-0.0104058	1	
2.58141	-0.0104058	1	
2.58141	-0.0104058	1	
2.58141	-0.0104058	1	
2.58141	-0.0104058	1	
2.58141	-0.0104058	1	
2.58141	-0.0104058	1	
2.58141	-0.0104058	1	
2.58141	-0.0104058	1	
2.58141	-0.0104058	1	
2.58141	-0.0104058	1	
2.58141	-0.0104058	1	
2.58141	-0.0104058	1	
2.58141	-0.0104058	1	
2.58141	-0.0104058	1	
2.58141	-0.0104058	1	
2.58141	-0.0104058	1	
2.58141	-0.0104058	1	
2.58141	-0.0104058	1	
2.58141	-0.0104058	1	
2.58141	-0.0104058	1	
2.58141	-0.0104058	1	
2.58141	-0.0104058	1	
2.58141	-0.0104058	1	
2.58141	-0.0104058	1	
2.58141	-0.0104058	1	
2.58141	-0.0104058	1	
2.58141	-0.0104058	1	
2.58141	-0.0104058	1	
2.58141	-0.0104058	1	
2.58141	-0.0104058	1	
2.58141	-0.0104058	1	
2.58141	-0.0104058	1	
2.58141	-0.0104058	1	
2.58141	-0.0104058	1	
2.58141	-0.0104058	1	
2.58141	-0.0104058	1	
2.58141	-0.0104058	1	
2.58141	-0.0104058	1	
2.58141	-0.0104058	1	
2.58141	-0.0104058	1	
2.58141	-0.0104058	1	
2.58141	-0.0104058	1	
2.58141	-0.0104058	1	
2.58141	-0.0104058	1	
2.58141	-0.0104058	1	
2.58141	-0.0104058	1	
2.58141	-0.0104058	1	
2.58141	-0.0104058	1	
2.58141	-0.0104058	1	
2.58141	-0.0104058	1	
2.58141	-0.0104058	1	
2.58141	-0.0104058	1	
2.58141	-0.0104058	1	
2.58141	-0.0104058	1	
2.58141	-0.0104058	1	
2.58141	-0.0104058	1	
2.58141	-0.0104058	1	
2.58141	-0.0104058	1	
2.58141	-0.0104058	1	
2.58141	-0.0104058	1	
2.58141	-0.0104058	1	
2.58141	-0.0104058	1	
2.58141	-0.0104058	1	
2.58141	-0.0104058	1	
2.58141	-0.0104058	1	
2.58141	-0.0104058	1	
2.58141	-0.0104058	1	
2.58141	-0.0104058	1	
2.58141	-0.0104058	1	
2.58141	-0.0104058	1	
2.58141	-0.0104058	1	
2.58141	-0.0104058	1	
2.58141	-0.0104058	1	
2.58141	-0.0104058	1	
2.58141	-0.0104058	1	
2.58141	-0.0104058	1	
2.58141	-0.0104058	1	
2.58141	-0.0104058	1	
2.58141	-0.0104058	1	
2.58141	-0.0104058	1	
2.58141	-0.0104058	1	
2.58141	-0.0104058	1	
2.58141	-0.0104058	1	
2.58141	-0.0104058	1	
2.58141	-0.0104058	1	
2.58141	-0.0104058	1	
2.58141	-0.0104058	1	
2.58141	-0.0104058	1	
2.58141	-0.0104058	1	
2.58141	-0.0104058	1	
2.58141	-0.0104058	1	
2.58141	-0.0104058	1	
2.58141	-0.0104058	1	
2.58141	-0.0104058	1	
2.58141	-0.0104058	1	
2.58141	-0.0104058	1	
2.58141	-0.0104058	1	
2.58141	-0.0104058	1	
2.58141	-0.0104058	1	
2.58141	-0.0104058	1	
2.58141	-0.0104058	1	
2.58141	-0.0104058	1	
2.58141	-0.0104058	1	
2.58141	-0.0104058	1	
2.58141	-0.0104058	1	
2.58141	-0.0104058	1	
2.58141	-0.0104058	1	
2.58141	-0.0104058	1	
2.58141	-0.0104058	1	
2.58141	-0.0104058	1	
2.58141	-0.0104058	1	
2.58141	-0.0104058	1	
2.58141	-0.0104058	1	
2.58141	-0.0104058	1	
2.58141	-0.0104058	1	
2.58141	-0.0104058	1	
2.58141	-0.0104058	1	
2.58141	-0.0104058	1	
2.58141	-0.0104058	1	
2.58141	-0.0104058	1	
2.58141	-0.0104058	1	
2.58141	-0.0104058	1	
2.58141	-0.0104058	1	
2.58141	-0.0104058	1	
2.58141	-0.0104058	1	
2.58141	-0.0104058	1	
2.58141	-0.0104058	1	
2.58141	-0.0104058	1	
2.58141	-0.0104058	1	
2.58141	-0.0104058	1	
2.58141	-0.0104058	1	
2.58141	-0.0104058	1	
2.58141	-0.0104058	1	
2.58141	-0.0104058	1	
2.58141	-0.0104058	1	
2.58141	-0.0104058	1	
2.58141	-0.0104058	1	
2.58141	-0.0104058	1	
2.58141	-0.0104058	1	
2.58141	-0.0104058	1	
2.58141	-0.0104058	1	
2.58141	-0.0104058	1	
2.58141	-0.0104058	1	
2.58141	-0.0104058	1	
2.58141	-0.0104058	1	
2.58141	-0.0104058	1	
2.58141	-0.0104058	1	
2.58141	-0.0104058	1	
2.58141	-0.0104058	1	
2.58141	-0.0104058	1	
2.58141	-0.0104058	1	
2.58141	-0.0104058	1	
2.58141	-0.0104058	1	
2.58141	-0.0104058	1	
2.58141	-0.0104058	1	
2.58141	-0.0104058	1	
2.58141	-0.0104058	1	
2.58141	-0.0104058	1	
2.58141	-0.0104058	1	
2.58141	-0.0104058	1	
2.58141	-0.0104058	1	
2.58141	-0.0104058	1	
2.58141	-0.0104058	1	
2.58141	-0.0104058	1	
2.58141	-0.0104058	1	
2.58141	-0.0104058	1	
2.58141	-0.0104058	1	
2.58141	-0.0104058	1	
2.58141	-0.0104058	1	
2.58141	-0.0104058	1	
2.58141	-0.0104058	1	
2.58141	-0.0104058	1	
2.58141	-0.0104058	1	
2.58141	-0.0104058	1	
2.58141	-0.0104058	1	
2.58141	-0.0104058	1	
2.58141	-0.0104058	1	
2.58141	-0.0104058	1	
2.58141	-0.0104058	1	
2.58141	-0.0104058	1	
2.58141	-0.0104058	1	
2.58141	-0.0104058	1	
2.58141	-0.0104058	1	
2.58141	-0.0104058	1	
2.58141	-0.0104058	1	
2.58141	-0.0104058	1	
2.58141	-0.0104058	1	
2.58141	-0.0104058	1	
2.58141	-0.0104058	1	
2.58141	-0.0104058	1	
2.58141	-0.0104058	1	
2.58141	-0.0104058	1	
2.58141	-0.0104058	1	
2.58141	-0.0104058	1	
2.58141	-0.0104058	1	
2.58141	-0.0104058	1	
2.58141	-0.0104058	1	
2.58141	-0.0104058	1	
2.58141	-0.0104058	1	
2.58141	-0.0104058	1	
2.58141	-0.0104058	1	
2.58141	-0.0104058	1	
2.58141	-0.0104058	1	
2.58141	-0.0104058	1	
2.58141	-0.0104058	1	
2.58141	-0.0104058	1	
2.58141	-0.0104058	1	
2.58141	-0.0104058	1	
2.58141	-0.0104058	1	
2.58141	-0.0104058	1	
2.58141	-0.0104058	1	
2.58141	-0.0104058	1	
2.58141	-0.0104058	1	
2.58141	-0.0104058	1	
2.58141	-0.0104058	1	
2.58141	-0.0104058	1	
2.58141	-0.0104058	1	
2.58141	-0.0104058	1	
2.58141	-0.0104058	1	
2.58141	-0.0104058	1	
2.58141	-0.0104058	1	
2.58141	-0.0104058	1	
2.58141	-0.0104058	1	
2.58141	-0.0104058	1	
2.58141	-0.0104058	1	
2.58141	-0.0104058	1	
2.58141	-0.0104058	1	
2.58141	-0.0104058	1	
2.58141	-0.0104058	1	
2.58141	-0.0104058	1	
2.58141	-0.0104058	1	
2.58141	-0.0104058	1	
2.58141	-0.0104058	1	
2.58141	-0.0104058	1	
2.58141	-0.0104058	1	
2.58141	-0.0104058	1	
2.58141	-0.0104058	1	
2.58141	-0.0104058	1	
2.58141	-0.0104058	1	
2.58141	-0.0104058	1	
2.58141	-0.0104058	1	
2.58141	-0.0104058	1	
2.58141	-0.0104058	1	
2.58141	-0.0104058	1	
2.58141	-0.0104058	1	
2.58141	-0.0104058	1	
2.58141	-0.0104058	1	
2.58141	-0.0104058	1	
2.58141	-0.0104058	1	
2.58141	-0.0104058	1	
2.58141	-0.0104058	1	
2.58141	-0.0104058	1	
2.58141	-0.0104058	1	
2.58141	-0.0104058	1	
2.58141	-0.0104058	1	
2.58141	-0.0104058	1	
2.58141	-0.0104058	1	
2.58141	-0.0104058	1	
2.58141	-0.0104058	1	
2.58141	-0.0104058	1	
2.58141	-0.0104058	1	
2.58141	-0.0104058	1	
2.58141	-0.0104058	1	
2.58141	-0.0104058	1	
2.58141	-0.0104058	1	
2.58141	-0.0104058	1	
2.58141	-0.0104058	1	
2.58141	-0.0104058	1	
2.58141	-0.0104058	1	
2.58141	-0.0104058	1	
2.58141	-0.0104058	1	
2.58141	-0.0104058	1	
2.58141	-0.0104058	1	
2.58141	-0.0104058	1	
2.58141	-0.0104058	1	
2.58141	-0.0104058	1	
2.58141	-0.0104058	1	
2.58141	-0.0104058	1	
2.58141	-0.0104058	1	
2.58141	-0.0104058	1	
2.58141	-0.0104058	1	
2.58141	-0.0104058	1	
2.58141	-0.0104058	1	
2.58141	-0.0104058	1	
2.58141	-0.0104058	1	
2.58141	-0.0104058	1	
2.58141	-0.0104058	1	
2.58141	-0.0104058	1	
2.58141	-0.0104058	1	
2.58141	-0.0104058	1	
2.58141	-0.0104058	1	
2.58141	-0.0104058	1	
2.58141	-0.0104058	1	
2.58141	-0.0104058	1	
2.58141	-0.0104058	1	
2.58141	-0.0104058	1	
2.58141	-0.0104058	1	
2.58141	-0.0104058	1	
2.58141	-0.0104058	1	
2.58141	-0.0104058	1	
2.58141	-0.0104058	1	
2.58141	-0.0104058	1	
2.58141	-0.0104058	1	
2.58141	-0.0104058	1	
2.58141	-0.0104058	1	
2.58141	-0.0104058	1	
2.58141	-0.0104058	1	
2.58141	-0.0104058	1	
2.58141	-0.0104058	1	
2.58141	-0.0104058	1	
2.58141	-0.0104058	1	
2.58141	-0.0104058	1	
2.58141	-0.0104058	1	
2.58141	-0.0104058	1	
2.58141	-0.0104058	1	
2.58141	-0.0104058	1	
2.58141	-0.0104058	1	
2.58141	-0.0104058	1	
2.58141	-0.0104058	1	
2.58141	-0.0104058	1	
2.58141	-0.0104058	1	
2.58141	-0.0104058	1	
2.58141	-0.0104058	1	
2.58141	-0.0104058	1	
2.58141	-0.0104058	1	
2.58141	-0.0104058	1	
2.58141	-0.0104058	1	
2.58141	-0.0104058	1	
2.58141	-0.0104058	1	
2.58141	-0.0104058	1	
2.58141	-0.0104058	1	
2.58141	-0.0104058	1	
2.58141	-0.0104058	1	
2.58141	-0.0104058	1	
2.58141	-0.0104058	1	
2.58141	-0.0104058	1	
2.58141	-0.0104058	1	
2.58141	-0.0104058	1	
2.58141	-0.0104058	1	
2.58141	-0.0104058	1	
2.58141	-0.0104058	1	
2.58141	-0.0104058	1	
2.58141	-0.0104058	1	
2.58141	-0.0104058	1	
2.58141	-0.0104058	1	
2.58141	-0.0104058	1	
2.58141	-0.0104058	1	
2.58141	-0.0104058	1	
2.58141	-0.0104058	1	
2.58141	-0.0104058	1	
2.58141	-0.0104058	1	
2.58141	-0.0104058	1	
2.58141	-0.0104058	1	
2.58141	-0.0104058	1	
2.58141	-0.0104058	1	
2.58141	-0.0104058	1	
2.58141	-0.0104058	1	
2.58141	-0.0104058	1	
2.58141	-0.0104058	1	
2.58141	-0.0104058	1	
2.58141	-0.0104058	1	
2.58141	-0.0104058	1	
2.58141	-0.0104058	1	
2.58141	-0.0104058	1	
2.58141	-0.0104058	1	
2.58141	-0.0104058	1	
2.58141	-0.0104058	1	
2.58141	-0.0104058	1	
2.58141	-0.0104058	1	
2.58141	-0.0104058	1	
2.58141	-0.0104058	1	
2.58141	-0.0104058	1	
2.58141	-0.0104058	1	
2.58141	-0.0104058	1	
2.58141	-0.0104058	1	
2.58141	-0.0104058	1	
2.58141	-0.0104058	1	
2.58141	-0.0104058	1	
2.58141	-0.0104058	1	
2.58141	-0.0104058	1	
2.58141	-0.0104058	1	
2.58141	-0.0104058	1	
2.58141	-0.0104058	1	
2.58141	-0.0104058	1	
2.58141	-0.0104058	1	
2.58141	-0.0104058	1	
2.58141	-0.0104058	1	
2.58141	-0.0104058	1	
2.58141	-0.0104058	1	
2.58141	-0.0104058	1	
2.58141	-0.0104058	1	
2.58141	-0.0104058	1	
2.58141	-0.0104058	1	
2.58141	-0.0104058	1	
2.58141	-0.0104058	1	
2.58141	-0.0104058	1	
2.58141	-0.0104058	1	
2.58141	-0.0104058	1	
2.58141	-0.0104058	1	
2.58141	-0.0104058	1	
2.58141	-0.0104058	1	
2.58141	-0.0104058	1	
2.58141	-0.0104058	1	
2.58141	-0.0104058	1	
2.58141	-0.0104058	1	
2.58141	-0.0104058	1	
2.58141	-0.0104058	1	
2.58141	-0.0104058	1	
2.58141	-0.0104058	1	
2.58141	-0.0104058	1	
2.58141	-0.0104058	1	
2.58141	-0.0104058	1	
2.58141	-0.0104058	1	
2.58141	-0.0104058	1	
2.58141	-0.0104058	1	
2.58141	-0.0104058	1	
2.58141	-0.0104058	1	
2.58141	-0.0104058	1	
2.58141	-0.0104058	1	
2.58141	-0.0104058	1	
2.58141	-0.0104058	1	
2.58141	-0.0104058	1	
2.58141	-0.0104058	1	
2.58141	-0.0104058	1	
2.58141	-0.0104058	1	
2.58141	-0.0104058	1	
2.58141	-0.0104058	1	
2.58141	-0.0104058	1	
2.58141	-0.0104058	1	
2.58141	-0.0104058	1	
2.58141	-0.0104058	1	
2.58141	-0.0104058	1	
2.58141	-0.0104058	1	
2.58141	-0.0104058	1	
2.58141	-0.0104058	1	
2.58141	-0.0104058	1	
2.58141	-0.0104058	1	
2.58141	-0.0104058	1	
2.58141	-0.0104058	1	
2.58141	-0.0104058	1	
2.58141	-0.0104058	1	
2.58141	-0.0104058	1	
2.58141	-0.0104058	1	
2.58141	-0.0104058	1	
2.58141	-0.0104058	1	
2.58141	-0.0104058	1	
2.58141	-0.0104058	1	
2.58141	-0.0104058	1	
2.58141	-0.0104058	1	
2.58141	-0.0104058	1	
2.58141	-0.0104058	1	
2.58141	-0.0104058	1	
2.58141	-0.0104058	1	
2.58141	-0.0104058	1	
2.58141	-0.0104058	1	
2.58141	-0.0104058	1	
2.58141	-0.0104058	1	
2.58141	-0.0104058	1	
2.58141	-0.0104058	1	
2.58141	-0.0104058	1	
2.58141	-0.0104058	1	
2.58141	-0.0104058	1	
2.58141	-0.0104058	1	
2.58141	-0.0104058	1	
2.58141	-0.0104058	1	
2.58141	-0.0104058	1	
2.58141	-0.0104058	1	
2.58141	-0.0104058	1	
2.58141	-0.0104058	1	
2.58141	-0.0104058	1	
2.58141	-0.0104058	1	
2.58141	-0.0104058	1	
2.58141	-0.0104058	1	
2.58141	-0.0104058	1	
2.58141	-0.0104058	1	
2.58141	-0.0104058	1	
2.58141	-0.0104058	1	
2.58141	-0.0104058	1	
2.58141	-0.0104058	1	
2.58141	-0.0104058	1	
2.58141	-0.0104058	1	
2.58141	-0.0104058	1	
2.58141	-0.0104058	1	
2.58141	-0.0104058	1	
2.58141	-0.0104058	1	
2.58141	-0.0104058	1	
2.58141	-0.0104058	1	
2.58141	-0.0104058	1	
2.58141	-0.0104058	1	
2.58141	-0.0104058	1	
2.58141	-0.0104058	1	
2.58141	-0.0104058	1	
2.58141	-0.0104058	1	
2.58141	-0.0104058	1	
2.58141	-0.0104058	1	
2.58141	-0.0104058	1	
2.58141	-0.0104058	1	
2.58141	-0.0104058	1	
2.58141	-0.0104058	1	
2.58141	-0.0104058	1	
2.58141	-0.0104058	1	
2.58141	-0.0104058	1	
2.58141	-0.0104058	1	
2.58141	-0.0104058	1	
2.58141	-0.0104058	1	
2.58141	-0.0104058	1	
2.58141	-0.0104058	1	
2.58141	-0.0104058	1	
2.58141	-0.0104058	1	
2.58141	-0.0104058	1	
2.58141	-0.0104058	1	
2.58141	-0.0104058	1	
2.58141	-0.0104058	1	
2.58141	-0.0104058	1	
2.58141	-0.0104058	1	
2.58141	-0.0104058	1	
2.58141	-0.0104058	1	
2.58141	-0.0104058	1	
2.58141	-0.0104058	1	
2.58141	-0.0104058	1	
2.58141	-0.0104058	1	
2.58141	-0.0104058	1	
2.58141	-0.0104058	1	
2.58141	-0.0104058	1	
2.58141	-0.0104058	1	
2.58141	-0.0104058	1	
2.58141	-0.0104058	1	
2.58141	-0.0104058	1	
2.58141	-0.0104058	1	
2.58141	-0.0104058	1	
2.58141	-0.0104058	1	
2.58141	-0.0104058	1	
2.58141	-0.0104058	1	
2.58141	-0.0104058	1	
2.58141	-0.0104058	1	
2.58141	-0.0104058	1	
2.58141	-0.0104058	1	
2.58141	-0.0104058	1	
2.58141	-0.0104058	1	
2.58141	-0.0104058	1	
2.58141	-0.0104058	1	
2.58141	-0.0104058	1	
