10	1	
10	1	
10	1	
10	1	
10	1	
10	1	
10	1	
10	1	
10	1	
10	1	
10	1	
10	1	
10	1	
10	1	
10	1	
10	1	
10	1	
10	1	
10	1	
10	1	
10	1	
10	1	
10	1	
10	1	
10	1	
10	1	
10	1	
10	1	
10	1	
10	1	
10	1	
10	1	
10	1	
10	1	
10	1	
10	1	
10	1	
10	1	
10	1	
10	1	
10	1	
10	1	
10	1	
10	1	
10	1	
10	1	
10	1	
10	1	
10	1	
10	1	
10	1	
10	1	
10	1	
10	1	
10	1	
10	1	
10	1	
10	1	
10	1	
10	1	
10	1	
10	1	
10	1	
10	1	
10	1	
10	1	
10	1	
10	1	
10	1	
10	1	
10	1	
10	1	
10	1	
10	1	
10	1	
10	1	
10	1	
10	1	
10	1	
10	1	
10	1	
10	1	
10	1	
10	1	
10	1	
10	1	
10	1	
10	1	
10	1	
10	1	
10	1	
10	1	
10	1	
10	1	
9.99999	1	
9.99999	1	
9.99999	1	
9.99999	1	
9.99999	1	
9.99999	1	
9.99999	1	
9.99999	1	
9.99999	1	
9.99999	1	
9.99999	1	
9.99999	1	
9.99999	1	
9.99999	1	
9.99999	1	
9.99999	1	
9.99999	1	
9.99999	1	
9.99999	1	
9.99999	1	
9.99999	1	
9.99999	1	
9.99999	1	
9.99999	1	
9.99999	1	
9.99999	1	
9.99999	1	
9.99999	1	
9.99999	1	
9.99999	1	
9.99999	1	
9.99999	1	
9.99999	1	
9.99999	1	
9.99999	1	
9.99999	1	
9.99999	1	
9.99999	1	
9.99999	1	
9.99999	1	
9.99999	1	
9.99999	1	
9.99999	1	
9.99999	1	
9.99999	1	
9.99998	1	
9.99998	1	
9.99998	1	
9.99998	1	
9.99998	1	
9.99998	1	
9.99998	1	
9.99998	1	
9.99998	1	
9.99998	1	
9.99998	1	
9.99998	1	
9.99998	1	
9.99998	1	
9.99998	1	
9.99998	1	
9.99998	1	
9.99998	1	
9.99998	1	
9.99998	1	
9.99998	1	
9.99998	1	
9.99998	1	
9.99997	1	
9.99997	1	
9.99997	1	
9.99997	1	
9.99997	1	
9.99997	1	
9.99997	1	
9.99997	1	
9.99997	1	
9.99997	1	
9.99996	1	
9.99996	1	
9.99996	1	
9.99996	1	
9.99996	1	
9.99996	1	
9.99996	1	
9.99995	1	
9.99995	1	
9.99995	1	
9.99995	1	
9.99995	1	
9.99994	1	
9.99994	1	
9.99994	1	
9.99994	1	
9.99993	1	
9.99993	1	
9.99993	1	
9.99993	1	
9.99992	1	
9.99992	1	
9.99992	1	
9.99991	1	
9.99991	1	
9.9999	1	
9.9999	1	
9.99989	1	
9.99989	1	
9.99988	1	
9.99988	1	
9.99987	1	
9.99987	1	
9.99986	1	
9.99985	1	
9.99985	1	
9.99984	1	
9.99983	1	
9.99982	1	
9.99982	1	
9.99981	1	
9.9998	1	
9.99979	1	
9.99978	1	
9.99977	1	
9.99976	1	
9.99975	1	
9.99974	1	
9.99973	1	
9.99971	1	
9.9997	1	
9.99969	1	
9.99967	1	
9.99966	1	
9.99964	1	
9.99963	1	
9.99961	1	
9.9996	1	
9.99958	1	
9.99956	1	
9.99954	1	
9.99952	1	
9.9995	1	
9.99948	1	
9.99946	1	
9.99944	1	
9.99941	1	
9.99939	1	
9.99936	1	
9.99934	1	
9.99931	1	
9.99928	1	
9.99926	1	
9.99923	1	
9.9992	1	
9.99917	1	
9.99913	1	
9.9991	1	
9.99907	1	
9.99903	1	
9.99899	1	
9.99896	1	
9.99892	1	
9.99888	1	
9.99884	1	
9.99879	1	
9.99875	1	
9.9987	1	
9.99866	1	
9.99861	1	
9.99856	1	
9.99851	1	
9.99846	1	
9.9984	1	
9.99835	1	
9.99829	1	
9.99823	1	
9.99817	1	
9.9981	1	
9.99804	1	
9.99797	1	
9.9979	1	
9.99783	1	
9.99776	1	
9.99768	1	
9.9976	1	
9.99752	1	
9.99744	1	
9.99736	1	
9.99727	1	
9.99718	1	
9.99708	1	
9.99699	1	
9.99689	1	
9.99679	1	
9.99669	1	
9.99658	1	
9.99647	1	
9.99635	1	
9.99624	1	
9.99612	1	
9.99599	1	
9.99587	1	
9.99574	1	
9.9956	1	
9.99547	1	
9.99533	1	
9.99518	1	
9.99503	1	
9.99488	1	
9.99472	1	
9.99456	1	
9.9944	1	
9.99423	1	
9.99406	1	
9.99388	1	
9.9937	1	
9.99351	1	
9.99332	1	
9.99313	1	
9.99293	1	
9.99273	1	
9.99252	1	
9.99231	1	
9.99209	1	
9.99187	1	
9.99164	1	
9.99141	1	
9.99117	1	
9.99093	1	
9.99068	1	
9.99043	1	
9.99018	1	
9.98991	1	
9.98965	1	
9.98937	1	
9.98909	1	
9.98881	1	
9.98852	1	
9.98822	1	
9.98792	1	
9.98762	1	
9.9873	1	
9.98698	1	
9.98666	1	
9.98633	1	
9.98599	1	
9.98565	1	
9.9853	1	
9.98494	1	
9.98458	1	
9.98421	1	
9.98384	1	
9.98346	1	
9.98307	1	
9.98267	1	
9.98227	1	
9.98186	1	
9.98144	1	
9.98102	1	
9.98058	1	
9.98014	1	
9.97969	1	
9.97924	1	
9.97877	1	
9.9783	1	
9.97782	1	
9.97733	1	
9.97683	1	
9.97632	1	
9.9758	1	
9.97528	1	
9.97474	1	
9.9742	1	
9.97364	1	
9.97308	1	
9.9725	1	
9.97192	1	
9.97132	1	
9.97071	1	
9.9701	1	
9.96947	1	
9.96883	1	
9.96817	1	
9.96751	1	
9.96683	1	
9.96615	1	
9.96545	1	
9.96473	1	
9.96401	1	
9.96327	1	
9.96252	1	
9.96175	1	
9.96097	1	
9.96018	1	
9.95937	1	
9.95856	1	
9.95772	1	
9.95687	1	
9.95601	1	
9.95513	1	
9.95424	1	
9.95333	1	
9.95241	1	
9.95148	1	
9.95052	1	
9.94955	1	
9.94857	1	
9.94756	1	
9.94654	1	
9.94551	1	
9.94445	1	
9.94338	1	
9.94229	1	
9.94118	1	
9.94005	1	
9.9389	1	
9.93773	1	
9.93655	1	
9.93534	1	
9.93411	1	
9.93286	1	
9.93158	1	
9.93029	1	
9.92897	1	
9.92763	1	
9.92627	1	
9.92488	1	
9.92347	1	
9.92204	1	
9.92058	1	
9.91909	1	
9.91757	1	
9.91604	1	
9.91447	1	
9.91288	1	
9.91125	1	
9.9096	1	
9.90792	1	
9.90621	1	
9.90448	1	
9.90271	1	
9.90091	1	
9.89908	1	
9.89722	1	
9.89533	1	
9.8934	1	
9.89145	1	
9.88946	1	
9.88744	1	
9.88538	1	
9.8833	1	
9.88118	1	
9.87902	1	
9.87683	1	
9.8746	1	
9.87234	1	
9.87004	1	
9.86771	1	
9.86533	1	
9.86292	1	
9.86046	1	
9.85797	1	
9.85543	1	
9.85285	1	
9.85023	1	
9.84756	1	
9.84485	1	
9.8421	1	
9.83929	1	
9.83645	1	
9.83355	1	
9.83061	1	
9.82761	1	
9.82457	1	
9.82148	1	
9.81834	1	
9.81514	1	
9.8119	1	
9.8086	1	
9.80525	1	
9.80185	1	
9.79839	1	
9.79488	1	
9.79131	1	
9.78768	1	
9.78401	1	
9.78027	1	
9.77648	1	
9.77263	1	
9.76873	1	
9.76476	1	
9.76074	1	
9.75666	1	
9.75252	1	
9.74832	1	
9.74406	1	
9.73973	1	
9.73534	1	
9.73089	1	
9.72637	1	
9.72179	1	
9.71715	1	
9.71243	1	
9.70765	1	
9.7028	1	
9.69788	1	
9.69288	1	
9.68782	1	
9.68268	1	
9.67748	1	
9.67219	1	
9.66684	1	
9.66141	1	
9.6559	1	
9.65032	1	
9.64466	1	
9.63892	1	
9.6331	1	
9.6272	1	
9.62123	1	
9.61517	1	
9.60903	1	
9.6028	1	
9.59649	1	
9.5901	1	
9.58362	1	
9.57705	1	
9.57039	1	
9.56364	1	
9.5568	1	
9.54986	1	
9.54283	1	
9.53571	1	
9.52849	1	
9.52118	1	
9.51377	1	
9.50627	1	
9.49867	1	
9.49098	1	
9.48319	1	
9.47531	1	
9.46733	1	
9.45926	1	
9.45109	1	
9.44282	1	
9.43445	1	
9.42599	1	
9.41743	1	
9.40876	1	
9.39999	1	
9.39113	1	
9.38215	1	
9.37307	1	
9.36388	1	
9.35459	1	
9.34519	1	
9.33568	1	
9.32606	1	
9.31632	1	
9.30648	1	
9.29653	1	
9.28646	1	
9.27629	1	
9.26599	1	
9.25559	1	
9.24507	1	
9.23444	1	
9.22368	1	
9.21282	1	
9.20183	1	
9.19072	1	
9.17949	1	
9.16815	1	
9.15668	1	
9.14509	1	
9.13338	1	
9.12156	1	
9.10961	1	
9.09755	1	
9.08536	1	
9.07306	1	
9.06064	1	
9.04809	1	
9.03543	1	
9.02265	1	
9.00974	1	
8.99672	1	
8.98356	1	
8.97029	1	
8.95689	1	
8.94336	1	
8.92971	1	
8.91593	1	
8.90202	1	
8.88798	1	
8.87381	1	
8.85952	1	
8.84509	1	
8.83053	1	
8.81584	1	
8.80101	1	
8.78605	1	
8.77096	1	
8.75573	1	
8.74036	1	
8.72486	1	
8.70922	1	
8.69345	1	
8.67755	1	
8.66151	1	
8.64535	1	
8.62905	1	
8.61261	1	
8.59605	1	
8.57935	1	
8.56252	1	
8.54556	1	
8.52846	1	
8.51123	1	
8.49387	1	
8.47638	1	
8.45876	1	
8.44101	1	
8.42336	0.986934	
8.40582	0.974027	
8.38838	0.961326	
8.37105	0.948815	
8.35383	0.936494	
8.33671	0.924358	
8.31968	0.912402	
8.30277	0.900636	
8.28595	0.889076	
8.26923	0.877742	
8.25262	0.866644	
8.2361	0.855783	
8.21969	0.84516	
8.20337	0.834774	
8.18715	0.824612	
8.17103	0.814654	
8.155	0.804885	
8.13907	0.795294	
8.12324	0.785874	
8.1075	0.776621	
8.09185	0.767536	
8.0763	0.758631	
8.06084	0.749921	
8.04548	0.741422	
8.0302	0.733139	
8.01502	0.725075	
7.99993	0.717223	
7.98493	0.709559	
7.97002	0.70206	
7.9552	0.694706	
7.94047	0.687483	
7.92583	0.680384	
7.91127	0.673411	
7.89681	0.666566	
7.88243	0.659857	
7.86813	0.653294	
7.85392	0.646885	
7.8398	0.640632	
7.82576	0.634533	
7.81181	0.628581	
7.79793	0.622759	
7.78415	0.617049	
7.77044	0.611438	
7.75682	0.605909	
7.74328	0.60046	
7.72982	0.5951	
7.71644	0.589842	
7.70314	0.584696	
7.68992	0.579665	
7.67678	0.574751	
7.66372	0.569953	
7.65074	0.565262	
7.63784	0.560662	
7.62501	0.556139	
7.61226	0.551686	
7.59959	0.547295	
7.58699	0.542966	
7.57447	0.538702	
7.56202	0.534507	
7.54965	0.530388	
7.53735	0.526356	
7.52512	0.522414	
7.51297	0.51856	
7.5009	0.514789	
7.48889	0.511088	
7.47696	0.507445	
7.4651	0.503852	
7.45331	0.500307	
7.44159	0.496811	
7.42994	0.493362	
7.41836	0.489964	
7.40685	0.486624	
7.3954	0.483352	
7.38403	0.480152	
7.37273	0.477022	
7.36149	0.473957	
7.35032	0.470954	
7.33922	0.468009	
7.32819	0.465115	
7.31722	0.462262	
7.30631	0.459442	
7.29548	0.456648	
7.2847	0.453881	
7.27399	0.451146	
7.26335	0.448446	
7.25277	0.445789	
7.24225	0.44318	
7.2318	0.440624	
7.22141	0.438123	
7.21108	0.435672	
7.20081	0.433264	
7.19061	0.430892	
7.18047	0.428552	
7.17038	0.426237	
7.16036	0.423946	
7.1504	0.421677	
7.1405	0.419432	
7.13065	0.417208	
7.12087	0.415008	
7.11114	0.412836	
7.10148	0.410697	
7.09187	0.408597	
7.08232	0.406536	
7.07282	0.404513	
7.06339	0.402526	
7.05401	0.400574	
7.04468	0.398656	
7.03541	0.396769	
7.0262	0.394908	
7.01704	0.393071	
7.00794	0.391258	
6.99889	0.389466	
6.9899	0.387697	
6.98096	0.385951	
6.97208	0.38423	
6.96324	0.382536	
6.95446	0.380871	
6.94574	0.379238	
6.93706	0.377639	
6.92844	0.376074	
6.91987	0.37454	
6.91135	0.373035	
6.90288	0.371555	
6.89446	0.370099	
6.8861	0.368666	
6.87778	0.367254	
6.86951	0.365863	
6.8613	0.364495	
6.85313	0.363149	
6.84501	0.361825	
6.83694	0.360521	
6.82892	0.359237	
6.82095	0.357973	
6.81302	0.35673	
6.80514	0.355511	
6.79731	0.354316	
6.78953	0.353146	
6.78179	0.352	
6.7741	0.350877	
6.76646	0.349777	
6.75886	0.348697	
6.7513	0.347636	
6.7438	0.346592	
6.73633	0.345563	
6.72891	0.344548	
6.72154	0.343547	
6.71421	0.342559	
6.70693	0.341583	
6.69969	0.340615	
6.69249	0.339652	
6.68533	0.338695	
6.67822	0.337743	
6.67115	0.336799	
6.66412	0.335864	
6.65714	0.334941	
6.6502	0.334029	
6.64329	0.333133	
6.63644	0.332249	
6.62962	0.331378	
6.62284	0.33052	
6.6161	0.329678	
6.60941	0.328852	
6.60275	0.328044	
6.59613	0.327253	
6.58956	0.326477	
6.58302	0.325712	
6.57652	0.324958	
6.57006	0.324212	
6.56364	0.323473	
6.55726	0.322738	
6.55092	0.322005	
6.54461	0.321272	
6.53834	0.320537	
6.53211	0.319803	
6.52592	0.319072	
6.51976	0.318344	
6.51365	0.317621	
6.50756	0.316907	
6.50152	0.316204	
6.49551	0.315513	
6.48954	0.314835	
6.4836	0.314173	
6.4777	0.313529	
6.47183	0.312905	
6.466	0.312301	
6.4602	0.311717	
6.45444	0.311151	
6.44872	0.310603	
6.44302	0.310072	
6.43737	0.309554	
6.43174	0.309047	
6.42615	0.308547	
6.42059	0.308052	
6.41507	0.307561	
6.40958	0.30707	
6.40412	0.306578	
6.3987	0.306082	
6.39331	0.305581	
6.38795	0.305077	
6.38262	0.304572	
6.37732	0.304067	
6.37206	0.303566	
6.36683	0.303069	
6.36163	0.302581	
6.35646	0.302105	
6.35132	0.301643	
6.34621	0.301195	
6.34113	0.300762	
6.33608	0.300346	
6.33107	0.299946	
6.32608	0.299564	
6.32113	0.299202	
6.3162	0.298858	
6.3113	0.298529	
6.30643	0.298212	
6.30159	0.297904	
6.29679	0.297601	
6.292	0.297302	
6.28725	0.297004	
6.28253	0.296706	
6.27783	0.296406	
6.27317	0.296103	
6.26853	0.295798	
6.26392	0.295492	
6.25933	0.295185	
6.25478	0.294879	
6.25025	0.294573	
6.24575	0.294267	
6.24127	0.293965	
6.23682	0.293667	
6.2324	0.293378	
6.22801	0.293099	
6.22364	0.292829	
6.2193	0.292569	
6.21498	0.292317	
6.21069	0.292075	
6.20643	0.29184	
6.20219	0.291616	
6.19798	0.2914	
6.19379	0.291192	
6.18963	0.29099	
6.18549	0.290794	
6.18138	0.290602	
6.17729	0.290412	
6.17322	0.290223	
6.16919	0.290035	
6.16517	0.28985	
6.16118	0.289664	
6.15721	0.289478	
6.15327	0.289291	
6.14935	0.289105	
6.14545	0.288919	
6.14158	0.288733	
6.13773	0.288549	
6.1339	0.288366	
6.1301	0.288182	
6.12632	0.287996	
6.12256	0.287808	
6.11883	0.287618	
6.11511	0.287426	
6.11142	0.28723	
6.10776	0.287031	
6.10411	0.286828	
6.10048	0.286619	
6.09688	0.286403	
6.0933	0.286178	
6.08974	0.285943	
6.0862	0.285698	
6.08268	0.285445	
6.07919	0.285187	
6.07571	0.284926	
6.07226	0.284667	
6.06883	0.284409	
6.06541	0.284151	
6.06202	0.283898	
6.05865	0.283647	
6.0553	0.283401	
6.05196	0.283159	
6.04865	0.282923	
6.04536	0.282695	
6.04209	0.282474	
6.03884	0.28226	
6.0356	0.282051	
6.03239	0.281848	
6.02919	0.281648	
6.02602	0.281452	
6.02286	0.281256	
6.01973	0.281062	
6.01661	0.280868	
6.01351	0.280676	
6.01043	0.280485	
6.00736	0.280295	
6.00432	0.280106	
6.00129	0.279917	
5.99829	0.279728	
5.9953	0.279539	
5.99233	0.279352	
5.98937	0.279168	
5.98643	0.278987	
5.98352	0.27881	
5.98062	0.278635	
5.97773	0.278461	
5.97487	0.278288	
5.97202	0.278116	
5.96918	0.277945	
5.96637	0.277772	
5.96357	0.277598	
5.96079	0.277423	
5.95802	0.277244	
5.95528	0.27706	
5.95254	0.276866	
5.94983	0.276664	
5.94713	0.276454	
5.94445	0.276237	
5.94178	0.276015	
5.93913	0.275789	
5.9365	0.275561	
5.93388	0.275333	
5.93127	0.275106	
5.92869	0.274881	
5.92611	0.274657	
5.92356	0.274433	
5.92102	0.27421	
5.91849	0.27399	
5.91598	0.27377	
5.91348	0.273552	
5.911	0.273335	
5.90854	0.273121	
5.90608	0.272912	
5.90365	0.272705	
5.90123	0.272498	
5.89882	0.272291	
5.89643	0.272082	
5.89405	0.271871	
5.89168	0.271659	
5.88933	0.271444	
5.887	0.271227	
5.88468	0.271006	
5.88237	0.270785	
5.88007	0.270565	
5.87779	0.270346	
5.87553	0.270128	
5.87327	0.26991	
5.87103	0.269692	
5.86881	0.269475	
5.86659	0.269258	
5.86439	0.269041	
5.86221	0.268823	
5.86003	0.268604	
5.85787	0.268383	
5.85573	0.268159	
5.85359	0.26793	
5.85147	0.267692	
5.84936	0.267442	
5.84727	0.267179	
5.84518	0.266902	
5.84311	0.266612	
5.84105	0.266309	
5.83901	0.265992	
5.83697	0.265662	
5.83495	0.26532	
5.83294	0.264964	
5.83094	0.264597	
5.82896	0.264217	
5.82698	0.263828	
5.82502	0.263429	
5.82307	0.263022	
5.82113	0.262609	
5.81921	0.262192	
5.81729	0.26177	
5.81539	0.261343	
5.8135	0.260915	
5.81161	0.260488	
5.80974	0.260062	
5.80789	0.259639	
5.80604	0.259217	
5.8042	0.258794	
5.80238	0.258374	
5.80056	0.257954	
5.79876	0.257536	
5.79697	0.257121	
5.79519	0.256709	
5.79341	0.256302	
5.79165	0.255903	
5.7899	0.255514	
5.78816	0.255136	
5.78644	0.254765	
5.78472	0.2544	
5.78301	0.254036	
5.78131	0.25367	
5.77962	0.253305	
5.77795	0.252943	
5.77628	0.252582	
5.77462	0.252224	
5.77297	0.251867	
5.77133	0.251511	
5.76971	0.251157	
5.76809	0.250805	
5.76648	0.250454	
5.76488	0.250102	
5.76329	0.249748	
5.76171	0.249392	
5.76014	0.249032	
5.75858	0.248669	
5.75703	0.248303	
5.75549	0.247932	
5.75395	0.247552	
5.75243	0.247163	
5.75092	0.246764	
5.74941	0.246354	
5.74791	0.245932	
5.74643	0.245496	
5.74495	0.245045	
5.74348	0.244577	
5.74202	0.244095	
5.74056	0.243595	
5.73912	0.243083	
5.73769	0.242556	
5.73626	0.242016	
5.73484	0.241462	
5.73343	0.240897	
5.73203	0.240324	
5.73064	0.239744	
5.72926	0.239158	
5.72788	0.238566	
5.72651	0.237966	
5.72516	0.237362	
5.7238	0.236754	
5.72246	0.236145	
5.72113	0.235537	
5.7198	0.23493	
5.71848	0.234323	
5.71717	0.233718	
5.71587	0.233118	
5.71457	0.232522	
5.71328	0.231933	
5.71201	0.231346	
5.71073	0.230761	
5.70947	0.230176	
5.70821	0.22959	
5.70696	0.229006	
5.70572	0.228426	
5.70449	0.22785	
5.70326	0.227282	
5.70204	0.226719	
5.70083	0.22616	
5.69962	0.225607	
5.69842	0.225059	
5.69723	0.224517	
5.69605	0.223978	
5.69487	0.223443	
5.69371	0.222906	
5.69254	0.222369	
5.69139	0.221832	
5.69024	0.221296	
5.6891	0.220765	
5.68796	0.220237	
5.68684	0.219712	
5.68571	0.219186	
5.6846	0.218659	
5.68349	0.218133	
5.68239	0.217609	
5.6813	0.217088	
5.68021	0.216572	
5.67913	0.216059	
5.67805	0.215548	
5.67699	0.21504	
5.67592	0.214535	
5.67487	0.214034	
5.67382	0.213535	
5.67278	0.213038	
5.67174	0.212542	
5.67071	0.212045	
5.66968	0.211546	
5.66867	0.211041	
5.66765	0.21053	
5.66665	0.210013	
5.66565	0.209493	
5.66465	0.208965	
5.66367	0.208432	
5.66268	0.207889	
5.66171	0.207336	
5.66074	0.206774	
5.65977	0.206203	
5.65882	0.205628	
5.65786	0.205051	
5.65692	0.204473	
5.65597	0.203894	
5.65504	0.203314	
5.65411	0.202736	
5.65318	0.202159	
5.65226	0.201585	
5.65135	0.20101	
5.65044	0.200437	
5.64954	0.199863	
5.64864	0.199288	
5.64775	0.198713	
5.64686	0.19814	
5.64598	0.197568	
5.64511	0.197	
5.64424	0.196437	
5.64337	0.195877	
5.64251	0.195319	
5.64166	0.194763	
5.64081	0.194208	
5.63996	0.193654	
5.63912	0.193102	
5.63829	0.192558	
5.63746	0.192021	
5.63663	0.191494	
5.63581	0.190976	
5.635	0.190465	
5.63419	0.189963	
5.63338	0.189469	
5.63258	0.188981	
5.63179	0.1885	
5.631	0.188029	
5.63021	0.187567	
5.62943	0.187111	
5.62865	0.186662	
5.62788	0.186219	
5.62711	0.185777	
5.62635	0.185336	
5.62559	0.1849	
5.62484	0.184471	
5.62409	0.18405	
5.62334	0.183641	
5.6226	0.183241	
5.62187	0.182852	
5.62114	0.182472	
5.62041	0.1821	
5.61969	0.181736	
5.61897	0.181374	
5.61826	0.181017	
5.61755	0.180663	
5.61684	0.180312	
5.61614	0.179968	
5.61544	0.17963	
5.61475	0.1793	
5.61406	0.178978	
5.61338	0.178659	
5.6127	0.178344	
5.61202	0.178033	
5.61135	0.177723	
5.61068	0.177416	
5.61002	0.177112	
5.60936	0.176815	
5.6087	0.176525	
5.60805	0.176244	
5.6074	0.175973	
5.60676	0.17571	
5.60612	0.175455	
5.60548	0.175208	
5.60485	0.174966	
5.60422	0.174727	
5.60359	0.174491	
5.60297	0.174258	
5.60235	0.174024	
5.60174	0.17379	
5.60113	0.173558	
5.60052	0.173326	
5.59992	0.173095	
5.59932	0.172866	
5.59872	0.172637	
5.59813	0.17241	
5.59754	0.172182	
5.59696	0.171952	
5.59637	0.17172	
5.5958	0.171489	
5.59522	0.171262	
5.59465	0.171038	
5.59408	0.170815	
5.59352	0.170594	
5.59296	0.170375	
5.5924	0.17016	
5.59184	0.169945	
5.59129	0.169732	
5.59075	0.169519	
5.5902	0.169307	
5.58966	0.169093	
5.58912	0.168876	
5.58859	0.168656	
5.58806	0.168435	
5.58753	0.168213	
5.587	0.167997	
5.58648	0.167787	
5.58596	0.167579	
5.58545	0.167374	
5.58493	0.167175	
5.58442	0.166982	
5.58392	0.166797	
5.58341	0.166619	
5.58291	0.166447	
5.58242	0.166281	
5.58192	0.166122	
5.58143	0.165968	
5.58094	0.165819	
5.58046	0.165675	
5.57997	0.165535	
5.57949	0.165397	
5.57902	0.165262	
5.57854	0.16513	
5.57807	0.165001	
5.5776	0.164871	
5.57714	0.16474	
5.57667	0.164606	
5.57621	0.164469	
5.57576	0.164335	
5.5753	0.164204	
5.57485	0.164075	
5.5744	0.163952	
5.57395	0.163836	
5.57351	0.163723	
5.57307	0.163618	
5.57263	0.16352	
5.5722	0.163433	
5.57176	0.163354	
5.57133	0.163285	
5.5709	0.163223	
5.57048	0.163167	
5.57006	0.163117	
5.56963	0.163075	
5.56922	0.163041	
5.5688	0.163011	
5.56839	0.162986	
5.56798	0.162962	
5.56757	0.16294	
5.56717	0.162917	
5.56676	0.162895	
5.56636	0.162874	
5.56596	0.162857	
5.56557	0.162841	
5.56517	0.16283	
5.56478	0.162822	
5.56439	0.162823	
5.56401	0.162831	
5.56362	0.162847	
5.56324	0.162873	
5.56286	0.16291	
5.56249	0.16296	
5.56211	0.16302	
5.56174	0.163094	
5.56137	0.163179	
5.561	0.163272	
5.56063	0.163375	
5.56027	0.163481	
5.55991	0.163591	
5.55955	0.163708	
5.55919	0.163826	
5.55884	0.163951	
5.55848	0.16408	
5.55813	0.164211	
5.55778	0.164347	
5.55744	0.164488	
5.55709	0.164632	
5.55675	0.16478	
5.55641	0.164929	
5.55607	0.165082	
5.55573	0.165238	
5.5554	0.165397	
5.55507	0.165565	
5.55474	0.165739	
5.55441	0.165916	
5.55408	0.166102	
5.55376	0.166291	
5.55344	0.166484	
5.55311	0.16668	
5.5528	0.166876	
5.55248	0.167071	
5.55216	0.167268	
5.55185	0.167465	
5.55154	0.167664	
5.55123	0.167861	
5.55092	0.16806	
5.55062	0.168258	
5.55031	0.168452	
5.55001	0.16865	
5.54971	0.168847	
5.54941	0.169047	
5.54912	0.169249	
5.54882	0.169452	
5.54853	0.169656	
5.54824	0.169859	
5.54795	0.170066	
5.54766	0.170276	
5.54738	0.170485	
5.54709	0.170691	
5.54681	0.170897	
5.54653	0.1711	
5.54625	0.171302	
5.54597	0.171498	
5.5457	0.171692	
5.54542	0.171878	
5.54515	0.17206	
5.54488	0.17223	
5.54461	0.172398	
5.54434	0.172559	
5.54408	0.172711	
5.54381	0.172849	
5.54355	0.17298	
5.54329	0.173097	
5.54303	0.173196	
5.54277	0.173283	
5.54251	0.173354	
5.54226	0.173404	
5.542	0.173427	
5.54175	0.17343	
5.5415	0.173411	
5.54125	0.173363	
5.541	0.173294	
5.54076	0.173203	
5.54051	0.173079	
5.54027	0.172931	
5.54003	0.172757	
5.53979	0.172559	
5.53955	0.172338	
5.53931	0.172092	
5.53908	0.171817	
5.53884	0.171514	
5.53861	0.171191	
5.53838	0.170842	
5.53815	0.170466	
5.53792	0.170061	
5.53769	0.169631	
5.53747	0.16918	
5.53724	0.168699	
5.53702	0.168192	
5.53679	0.167655	
5.53657	0.167086	
5.53635	0.166489	
5.53614	0.165863	
5.53592	0.165213	
5.5357	0.16454	
5.53549	0.163845	
5.53528	0.163136	
5.53507	0.162414	
5.53485	0.161681	
5.53465	0.160945	
5.53444	0.160205	
5.53423	0.159463	
5.53403	0.158726	
5.53382	0.157991	
5.53362	0.157256	
5.53342	0.156521	
5.53322	0.155787	
5.53302	0.155062	
5.53282	0.154347	
5.53262	0.153641	
5.53243	0.152947	
5.53223	0.152261	
5.53204	0.151584	
5.53185	0.150909	
5.53166	0.150239	
5.53147	0.149577	
5.53128	0.148927	
5.53109	0.148292	
5.5309	0.147678	
5.53072	0.147087	
5.53053	0.146514	
5.53035	0.145964	
5.53017	0.145434	
5.52999	0.144918	
5.52981	0.144418	
5.52963	0.143923	
5.52945	0.143441	
5.52927	0.142963	
5.5291	0.142493	
5.52892	0.142026	
5.52875	0.141559	
5.52858	0.141095	
5.52841	0.140629	
5.52823	0.140162	
5.52807	0.139691	
5.5279	0.139215	
5.52773	0.138731	
5.52756	0.13824	
5.5274	0.137744	
5.52723	0.137245	
5.52707	0.136746	
5.52691	0.136247	
5.52675	0.13575	
5.52659	0.135256	
5.52643	0.134767	
5.52627	0.134281	
5.52611	0.1338	
5.52595	0.133319	
5.5258	0.132845	
5.52564	0.132374	
5.52549	0.131905	
5.52534	0.131444	
5.52518	0.130992	
5.52503	0.13054	
5.52488	0.130093	
5.52473	0.129648	
5.52459	0.129212	
5.52444	0.128783	
5.52429	0.128357	
5.52415	0.127939	
5.524	0.127528	
5.52386	0.127124	
5.52371	0.12673	
5.52357	0.126345	
5.52343	0.12597	
5.52329	0.125608	
5.52315	0.125254	
5.52301	0.124912	
5.52287	0.12458	
5.52274	0.124257	
5.5226	0.123947	
5.52246	0.123643	
5.52233	0.123348	
5.52219	0.12306	
5.52206	0.122769	
5.52193	0.122486	
5.5218	0.122205	
5.52167	0.121925	
5.52154	0.121653	
5.52141	0.121385	
5.52128	0.121124	
5.52115	0.12087	
5.52102	0.12063	
5.5209	0.120401	
5.52077	0.120186	
5.52065	0.11998	
5.52052	0.119795	
5.5204	0.119622	
5.52028	0.119464	
5.52016	0.119323	
5.52004	0.119194	
5.51992	0.119089	
5.5198	0.118999	
5.51968	0.118925	
5.51956	0.118869	
5.51944	0.118824	
5.51933	0.118791	
5.51921	0.118776	
5.51909	0.118776	
5.51898	0.11879	
5.51887	0.118818	
5.51875	0.118864	
5.51864	0.118927	
5.51853	0.119005	
5.51842	0.119108	
5.51831	0.11923	
5.5182	0.11937	
5.51809	0.119527	
5.51798	0.119705	
5.51787	0.119907	
5.51776	0.12013	
5.51766	0.120377	
5.51755	0.120642	
5.51745	0.120929	
5.51734	0.12124	
5.51724	0.121575	
5.51713	0.121933	
5.51703	0.122312	
5.51693	0.122714	
5.51683	0.12314	
5.51673	0.123587	
5.51663	0.124055	
5.51653	0.124547	
5.51643	0.125062	
5.51633	0.125605	
5.51623	0.12617	
5.51613	0.126762	
5.51604	0.12738	
5.51594	0.128021	
5.51584	0.12869	
5.51575	0.129381	
5.51566	0.130096	
5.51556	0.130842	
5.51547	0.131609	
5.51537	0.132399	
5.51528	0.133212	
5.51519	0.134049	
5.5151	0.134909	
5.51501	0.135791	
5.51492	0.136692	
5.51483	0.137616	
5.51474	0.138554	
5.51465	0.139512	
5.51456	0.140488	
5.51448	0.141478	
5.51439	0.142482	
5.5143	0.143498	
5.51422	0.144519	
5.51413	0.145551	
5.51405	0.146587	
5.51396	0.147629	
5.51388	0.148667	
5.5138	0.149699	
5.51371	0.150718	
5.51363	0.151731	
5.51355	0.152722	
5.51347	0.153683	
5.51339	0.154612	
5.51331	0.155503	
5.51323	0.156346	
5.51315	0.157125	
5.51307	0.157839	
5.51299	0.158493	
5.51291	0.159083	
5.51284	0.1596	
5.51276	0.160035	
5.51268	0.160379	
5.51261	0.160628	
5.51253	0.160766	
5.51245	0.160773	
5.51238	0.160665	
5.51231	0.160433	
5.51223	0.160066	
5.51216	0.159575	
5.51209	0.158955	
5.51201	0.15821	
5.51194	0.15735	
5.51187	0.156368	
5.5118	0.155271	
5.51173	0.154058	
5.51166	0.152725	
5.51159	0.151297	
5.51152	0.149786	
5.51145	0.148198	
5.51138	0.146529	
5.51131	0.144795	
5.51124	0.143029	
5.51118	0.141215	
5.51111	0.139367	
5.51104	0.137492	
5.51098	0.135614	
5.51091	0.133734	
5.51084	0.131859	
5.51078	0.129993	
5.51072	0.12815	
5.51065	0.126333	
5.51059	0.124556	
5.51052	0.122821	
5.51046	0.121136	
5.5104	0.11952	
5.51033	0.11796	
5.51027	0.116459	
5.51021	0.115021	
5.51015	0.113643	
5.51009	0.112331	
5.51003	0.111084	
5.50997	0.109904	
5.50991	0.108794	
5.50985	0.107755	
5.50979	0.106796	
5.50973	0.105917	
5.50967	0.105102	
5.50961	0.104367	
5.50956	0.103704	
5.5095	0.103099	
5.50944	0.102561	
5.50939	0.10209	
5.50933	0.101685	
5.50927	0.101336	
5.50922	0.101034	
5.50916	0.100786	
5.50911	0.10059	
5.50905	0.100434	
5.509	0.100318	
5.50894	0.100237	
5.50889	0.100192	
5.50884	0.100177	
5.50879	0.100196	
5.50873	0.100241	
5.50868	0.100313	
5.50863	0.100414	
5.50858	0.100541	
5.50852	0.100695	
5.50847	0.100884	
5.50842	0.101102	
5.50837	0.101355	
5.50832	0.101645	
5.50827	0.10197	
5.50822	0.102326	
5.50817	0.102713	
5.50812	0.103134	
5.50808	0.10359	
5.50803	0.10408	
5.50798	0.104609	
5.50793	0.105171	
5.50788	0.105766	
5.50784	0.106392	
5.50779	0.107049	
5.50774	0.107739	
5.5077	0.10846	
5.50765	0.109207	
5.5076	0.109983	
5.50756	0.11078	
5.50751	0.111606	
5.50747	0.112455	
5.50742	0.113325	
5.50738	0.114216	
5.50733	0.115135	
5.50729	0.11607	
5.50725	0.117031	
5.5072	0.118009	
5.50716	0.11901	
5.50712	0.120032	
5.50707	0.121077	
5.50703	0.122142	
5.50699	0.123226	
5.50695	0.124331	
5.50691	0.125458	
5.50686	0.126607	
5.50682	0.127777	
5.50678	0.128958	
5.50674	0.130154	
5.5067	0.131363	
5.50666	0.132576	
5.50662	0.133788	
5.50658	0.135	
5.50654	0.136201	
5.5065	0.137397	
5.50646	0.138592	
5.50642	0.139775	
5.50639	0.140937	
5.50635	0.142071	
5.50631	0.14317	
5.50627	0.14424	
5.50623	0.145255	
5.5062	0.146221	
5.50616	0.147127	
5.50612	0.147967	
5.50609	0.148724	
5.50605	0.149401	
5.50601	0.149974	
5.50598	0.150455	
5.50594	0.150816	
5.50591	0.151079	
5.50587	0.151234	
5.50583	0.151259	
5.5058	0.151135	
5.50576	0.150856	
5.50573	0.150441	
5.5057	0.149881	
5.50566	0.149153	
5.50563	0.14824	
5.50559	0.147178	
5.50556	0.145982	
5.50553	0.144628	
5.50549	0.143159	
5.50546	0.141593	
5.50543	0.139904	
5.5054	0.138136	
5.50536	0.136302	
5.50533	0.134394	
5.5053	0.132431	
5.50527	0.130429	
5.50524	0.128403	
5.5052	0.126362	
5.50517	0.124344	
5.50514	0.122333	
5.50511	0.120338	
5.50508	0.118377	
5.50505	0.116463	
5.50502	0.114583	
5.50499	0.112758	
5.50496	0.110992	
5.50493	0.109271	
5.5049	0.107601	
5.50487	0.106006	
5.50484	0.104473	
5.50481	0.103016	
5.50478	0.101641	
5.50476	0.100359	
5.50473	0.0991665	
5.5047	0.0980491	
5.50467	0.0970258	
5.50464	0.0960999	
5.50461	0.0952648	
5.50459	0.0945347	
5.50456	0.0938903	
5.50453	0.0933373	
5.5045	0.0928747	
5.50448	0.0924978	
5.50445	0.0922165	
5.50442	0.0920073	
5.5044	0.0918791	
5.50437	0.0918369	
5.50434	0.0918554	
5.50432	0.0919372	
5.50429	0.0920696	
5.50427	0.09226	
5.50424	0.0925011	
5.50422	0.0927936	
5.50419	0.0931382	
5.50417	0.0935252	
5.50414	0.0939576	
5.50412	0.0944367	
5.50409	0.0949488	
5.50407	0.0955076	
5.50404	0.09611	
5.50402	0.0967534	
5.50399	0.0974343	
5.50397	0.0981525	
5.50395	0.0989046	
5.50392	0.0996849	
5.5039	0.100486	
5.50388	0.10131	
5.50385	0.102155	
5.50383	0.103018	
5.50381	0.103899	
5.50378	0.104792	
5.50376	0.105705	
5.50374	0.106634	
5.50372	0.107577	
5.50369	0.108543	
5.50367	0.109513	
5.50365	0.110499	
5.50363	0.1115	
5.50361	0.112511	
5.50358	0.113542	
5.50356	0.114583	
5.50354	0.115637	
5.50352	0.116706	
5.5035	0.117783	
5.50348	0.118874	
5.50346	0.11998	
5.50344	0.121101	
5.50342	0.122245	
5.50339	0.123392	
5.50337	0.124558	
5.50335	0.125734	
5.50333	0.126907	
5.50331	0.128098	
5.50329	0.12929	
5.50327	0.130487	
5.50325	0.131692	
5.50323	0.132874	
5.50322	0.134067	
5.5032	0.135247	
5.50318	0.136398	
5.50316	0.137492	
5.50314	0.138513	
5.50312	0.139441	
5.5031	0.14027	
5.50308	0.140959	
5.50306	0.141524	
5.50305	0.141928	
5.50303	0.142192	
5.50301	0.142297	
5.50299	0.142235	
5.50297	0.141987	
5.50296	0.141566	
5.50294	0.141002	
5.50292	0.140317	
5.5029	0.139473	
5.50289	0.138528	
5.50287	0.137469	
5.50285	0.136252	
5.50283	0.134946	
5.50282	0.13357	
5.5028	0.132144	
5.50278	0.130655	
5.50277	0.129093	
5.50275	0.127468	
5.50273	0.125777	
5.50272	0.124044	
5.5027	0.12226	
5.50268	0.120436	
5.50267	0.118557	
5.50265	0.116674	
5.50264	0.114808	
5.50262	0.112961	
5.5026	0.111121	
5.50259	0.109307	
5.50257	0.107551	
5.50256	0.105853	
5.50254	0.104261	
5.50253	0.102733	
5.50251	0.10131	
5.5025	0.09999	
5.50248	0.0987591	
5.50247	0.0976517	
5.50245	0.096654	
5.50244	0.0957568	
5.50242	0.0949888	
5.50241	0.0943301	
5.50239	0.0937745	
5.50238	0.0933523	
5.50237	0.0930116	
5.50235	0.0927931	
5.50234	0.0926729	
5.50232	0.092632	
5.50231	0.0926779	
5.5023	0.0927982	
5.50228	0.0930055	
5.50227	0.0932859	
5.50225	0.0936354	
5.50224	0.0940533	
5.50223	0.0945257	
5.50221	0.0950504	
5.5022	0.0956256	
5.50219	0.0962419	
5.50217	0.0968888	
5.50216	0.0975714	
5.50215	0.0982792	
5.50214	0.0990087	
5.50212	0.0997511	
5.50211	0.100522	
5.5021	0.101303	
5.50208	0.1021	
5.50207	0.102919	
5.50206	0.103741	
5.50205	0.104592	
5.50204	0.105451	
5.50202	0.106321	
5.50201	0.107214	
5.502	0.108117	
5.50199	0.109031	
5.50198	0.109967	
5.50196	0.110914	
5.50195	0.11187	
5.50194	0.112829	
5.50193	0.113791	
5.50192	0.114779	
5.5019	0.115753	
5.50189	0.11676	
5.50188	0.117752	
5.50187	0.118753	
5.50186	0.119757	
5.50185	0.120754	
5.50184	0.121762	
5.50183	0.122803	
5.50182	0.123836	
5.5018	0.124894	
5.50179	0.125943	
5.50178	0.126972	
5.50177	0.128028	
5.50176	0.129041	
5.50175	0.130081	
5.50174	0.131129	
5.50173	0.132133	
5.50172	0.133112	
5.50171	0.134032	
5.5017	0.134873	
5.50169	0.135573	
5.50168	0.136138	
5.50167	0.13654	
5.50166	0.136717	
5.50165	0.136731	
5.50164	0.136543	
5.50163	0.136127	
5.50162	0.135573	
5.50161	0.134832	
5.5016	0.133921	
5.50159	0.132874	
5.50158	0.13172	
5.50157	0.130487	
5.50156	0.129217	
5.50155	0.127827	
5.50154	0.12642	
5.50153	0.124997	
5.50152	0.123565	
5.50152	0.122094	
5.50151	0.120622	
5.5015	0.119151	
5.50149	0.117713	
5.50148	0.116278	
5.50147	0.114879	
5.50146	0.113512	
5.50145	0.11215	
5.50144	0.110849	
5.50144	0.109633	
5.50143	0.108467	
5.50142	0.1074	
5.50141	0.106436	
5.5014	0.105614	
5.50139	0.104896	
5.50138	0.104281	
5.50138	0.103748	
5.50137	0.103329	
5.50136	0.102994	
5.50135	0.102738	
5.50134	0.102594	
5.50134	0.102503	
5.50133	0.102477	
5.50132	0.102515	
5.50131	0.102611	
5.5013	0.102772	
5.5013	0.102972	
5.50129	0.103225	
5.50128	0.103514	
5.50127	0.103854	
5.50127	0.104228	
5.50126	0.104651	
5.50125	0.105105	
5.50124	0.10559	
5.50124	0.106121	
5.50123	0.106681	
5.50122	0.107269	
5.50121	0.107885	
5.50121	0.108528	
5.5012	0.109197	
5.50119	0.109893	
5.50118	0.110615	
5.50118	0.111343	
5.50117	0.112117	
5.50116	0.112896	
5.50116	0.1137	
5.50115	0.114529	
5.50114	0.115384	
5.50114	0.11624	
5.50113	0.11712	
5.50112	0.118002	
5.50111	0.11891	
5.50111	0.119843	
5.5011	0.120777	
5.50109	0.121698	
5.50109	0.122645	
5.50108	0.123592	
5.50108	0.124537	
5.50107	0.125479	
5.50106	0.126449	
5.50106	0.127415	
5.50105	0.128379	
5.50104	0.12937	
5.50104	0.13034	
5.50103	0.131305	
5.50102	0.132132	
5.50102	0.132844	
5.50101	0.133424	
5.50101	0.133839	
5.501	0.134067	
5.50099	0.134112	
5.50099	0.133814	
5.50098	0.133258	
5.50098	0.132451	
5.50097	0.131467	
5.50097	0.130279	
5.50096	0.128928	
5.50095	0.127504	
5.50095	0.125962	
5.50094	0.124369	
5.50094	0.122732	
5.50093	0.121113	
5.50093	0.119513	
5.50092	0.117997	
5.50091	0.116526	
5.50091	0.115127	
5.5009	0.113784	
5.5009	0.112535	
5.50089	0.111357	
5.50089	0.11026	
5.50088	0.109235	
5.50088	0.108302	
5.50087	0.107432	
5.50087	0.10665	
5.50086	0.105961	
5.50086	0.105384	
5.50085	0.104911	
5.50085	0.10451	
5.50084	0.104202	
5.50084	0.104023	
5.50083	0.103899	
5.50083	0.103878	
5.50082	0.103914	
5.50082	0.104024	
5.50081	0.104239	
5.50081	0.104563	
5.5008	0.10495	
5.5008	0.105395	
5.50079	0.105871	
5.50079	0.106432	
5.50078	0.106992	
5.50078	0.10761	
5.50077	0.108255	
5.50077	0.108926	
5.50076	0.109655	
5.50076	0.110367	
5.50075	0.111046	
5.50075	0.111752	
5.50074	0.112491	
5.50074	0.113272	
5.50074	0.113968	
5.50073	0.114684	
5.50073	0.11537	
5.50072	0.115993	
5.50072	0.11658	
5.50071	0.117145	
5.50071	0.117582	
5.50071	0.117983	
5.5007	0.118264	
5.5007	0.118522	
5.50069	0.118772	
5.50069	0.118969	
5.50068	0.119242	
5.50068	0.119408	
5.50068	0.119628	
5.50067	0.119884	
5.50067	0.120145	
5.50066	0.120448	
5.50066	0.120785	
5.50066	0.121131	
5.50065	0.121509	
5.50065	0.121862	
5.50064	0.122204	
5.50064	0.122596	
5.50064	0.122973	
5.50063	0.123277	
5.50063	0.123436	
5.50063	0.123478	
5.50062	0.123395	
5.50062	0.123186	
5.50061	0.122711	
5.50061	0.122189	
5.50061	0.121455	
5.5006	0.120661	
5.5006	0.119818	
5.5006	0.118999	
5.50059	0.118116	
5.50059	0.117278	
5.50059	0.116617	
5.50058	0.115925	
5.50058	0.115367	
5.50058	0.114847	
5.50057	0.114482	
5.50057	0.114155	
5.50057	0.113971	
5.50056	0.113847	
5.50056	0.113824	
5.50055	0.113808	
5.50055	0.113889	
5.50055	0.114018	
5.50055	0.114192	
5.50054	0.114457	
5.50054	0.114714	
5.50054	0.115061	
5.50053	0.115396	
5.50053	0.11577	
5.50053	0.116231	
5.50052	0.116677	
5.50052	0.117208	
5.50052	0.117721	
5.50051	0.118267	
5.50051	0.118847	
5.50051	0.119459	
5.5005	0.120102	
5.5005	0.120777	
5.5005	0.121426	
5.50049	0.122164	
5.50049	0.122872	
5.50049	0.123612	
5.50049	0.124382	
5.50048	0.125013	
5.50048	0.125741	
5.50048	0.126302	
5.50047	0.126924	
5.50047	0.127479	
5.50047	0.127857	
5.50047	0.128188	
5.50046	0.128303	
5.50046	0.128183	
5.50046	0.1279	
5.50045	0.127343	
5.50045	0.126561	
5.50045	0.125517	
5.50045	0.124049	
5.50044	0.122536	
5.50044	0.120772	
5.50044	0.118898	
5.50044	0.116878	
5.50043	0.114812	
5.50043	0.112727	
5.50043	0.110676	
5.50043	0.108658	
5.50042	0.106808	
5.50042	0.105064	
5.50042	0.103471	
5.50042	0.102139	
5.50041	0.100943	
5.50041	0.100064	
5.50041	0.0993761	
5.50041	0.0988248	
5.5004	0.0984596	
5.5004	0.0981857	
5.5004	0.0980979	
5.5004	0.09819	
5.50039	0.098384	
5.50039	0.0988064	
5.50039	0.0994186	
5.50039	0.100144	
5.50038	0.101108	
5.50038	0.102219	
5.50038	0.103447	
5.50038	0.104969	
5.50038	0.106499	
5.50037	0.108187	
5.50037	0.109871	
5.50037	0.109871	
5.50037	0.109871	
5.50036	0.109871	
5.50036	0.109871	
5.50036	0.109871	
5.50036	0.109871	
5.50036	0.109871	
5.50035	0.109871	
5.50035	0.109871	
5.50035	0.109871	
5.50035	0.109871	
5.50034	0.109871	
5.50034	0.109871	
5.50034	0.109871	
5.50034	0.109871	
5.50034	0.109871	
5.50033	0.109871	
5.50033	0.109871	
5.50033	0.109871	
5.50033	0.109871	
5.50033	0.109871	
5.50032	0.109871	
5.50032	0.109871	
5.50032	0.109871	
5.50032	0.109871	
5.50032	0.109871	
5.50032	0.109871	
5.50031	0.109871	
5.50031	0.109871	
5.50031	0.109871	
5.50031	0.109871	
5.50031	0.109871	
5.5003	0.109871	
5.5003	0.109871	
5.5003	0.109871	
5.5003	0.109871	
5.5003	0.109871	
5.50029	0.109871	
5.50029	0.109871	
5.50029	0.109871	
5.50029	0.109871	
5.50029	0.109871	
5.50029	0.109871	
5.50028	0.109871	
5.50028	0.109871	
5.50028	0.109871	
5.50028	0.109871	
5.50028	0.109871	
5.50028	0.109871	
5.50027	0.109871	
5.50027	0.109871	
5.50027	0.109871	
5.50027	0.109871	
5.50027	0.109871	
5.50027	0.109871	
5.50026	0.109871	
5.50026	0.109871	
5.50026	0.109871	
5.50026	0.109871	
5.50026	0.109871	
5.50026	0.109871	
5.50026	0.109871	
5.50025	0.109871	
5.50025	0.109871	
5.50025	0.109871	
5.50025	0.109871	
5.50025	0.109871	
5.50025	0.109871	
5.50024	0.109871	
5.50024	0.109871	
5.50024	0.109871	
5.50024	0.109871	
5.50024	0.109871	
5.50024	0.109871	
5.50024	0.109871	
5.50023	0.109871	
5.50023	0.109871	
5.50023	0.109871	
5.50023	0.109871	
5.50023	0.109871	
5.50023	0.109871	
5.50023	0.109871	
5.50023	0.109871	
5.50022	0.109871	
5.50022	0.109871	
5.50022	0.109871	
5.50022	0.109871	
5.50022	0.109871	
5.50022	0.109871	
5.50022	0.109871	
5.50021	0.109871	
5.50021	0.109871	
5.50021	0.109871	
5.50021	0.109871	
5.50021	0.109871	
5.50021	0.109871	
5.50021	0.109871	
5.50021	0.109871	
5.5002	0.109871	
5.5002	0.109871	
5.5002	0.109871	
5.5002	0.109871	
5.5002	0.109871	
5.5002	0.109871	
5.5002	0.109871	
5.5002	0.109871	
5.50019	0.109871	
5.50019	0.109871	
5.50019	0.109871	
5.50019	0.109871	
5.50019	0.109871	
5.50019	0.109871	
5.50019	0.109871	
5.50019	0.109871	
5.50019	0.109871	
5.50018	0.109871	
5.50018	0.109871	
5.50018	0.109871	
5.50018	0.109871	
5.50018	0.109871	
5.50018	0.109871	
5.50018	0.109871	
5.50018	0.109871	
5.50018	0.109871	
5.50017	0.109871	
5.50017	0.109871	
5.50017	0.109871	
5.50017	0.109871	
5.50017	0.109871	
5.50017	0.109871	
5.50017	0.109871	
5.50017	0.109871	
5.50017	0.109871	
5.50017	0.109871	
5.50016	0.109871	
5.50016	0.109871	
5.50016	0.109871	
5.50016	0.109871	
5.50016	0.109871	
5.50016	0.109871	
5.50016	0.109871	
5.50016	0.109871	
5.50016	0.109871	
5.50016	0.109871	
5.50015	0.109871	
5.50015	0.109871	
5.50015	0.109871	
5.50015	0.109871	
5.50015	0.109871	
5.50015	0.109871	
5.50015	0.109871	
5.50015	0.109871	
5.50015	0.109871	
5.50015	0.109871	
5.50015	0.109871	
5.50014	0.109871	
5.50014	0.109871	
5.50014	0.109871	
5.50014	0.109871	
5.50014	0.109871	
5.50014	0.109871	
5.50014	0.109871	
5.50014	0.109871	
5.50014	0.109871	
5.50014	0.109871	
5.50014	0.109871	
5.50014	0.109871	
5.50013	0.109871	
5.50013	0.109871	
5.50013	0.109871	
5.50013	0.109871	
5.50013	0.109871	
5.50013	0.109871	
5.50013	0.109871	
5.50013	0.109871	
5.50013	0.109871	
5.50013	0.109871	
5.50013	0.109871	
5.50013	0.109871	
5.50013	0.109871	
5.50012	0.109871	
5.50012	0.109871	
5.50012	0.109871	
5.50012	0.109871	
5.50012	0.109871	
5.50012	0.109871	
5.50012	0.109871	
5.50012	0.109871	
5.50012	0.109871	
5.50012	0.109871	
5.50012	0.109871	
5.50012	0.109871	
5.50012	0.109871	
5.50012	0.109871	
5.50011	0.109871	
5.50011	0.109871	
5.50011	0.109871	
5.50011	0.109871	
5.50011	0.109871	
5.50011	0.109871	
5.50011	0.109871	
5.50011	0.109871	
5.50011	0.109871	
5.50011	0.109871	
5.50011	0.109871	
5.50011	0.109871	
5.50011	0.109871	
5.50011	0.109871	
5.50011	0.109871	
5.50011	0.109871	
5.50011	0.109871	
5.50011	0.109871	
5.50011	0.109871	
5.50011	0.109871	
5.5001	0.109871	
5.5001	0.109871	
5.5001	0.109871	
5.5001	0.109871	
5.5001	0.109871	
5.5001	0.109871	
5.5001	0.109871	
5.5001	0.109871	
5.5001	0.109871	
5.5001	0.109871	
5.5001	0.109871	
5.5001	0.109871	
5.5001	0.109871	
5.5001	0.109871	
5.5001	0.109871	
5.5001	0.109871	
5.5001	0.109871	
5.5001	0.109871	
5.5001	0.109871	
5.5001	0.109871	
5.5001	0.109871	
5.5001	0.109871	
5.5001	0.109871	
5.5001	0.109871	
5.5001	0.109871	
5.5001	0.109871	
5.5001	0.109871	
5.5001	0.109871	
5.5001	0.109871	
5.5001	0.109871	
5.5001	0.109871	
5.5001	0.109871	
5.5001	0.109871	
5.5001	0.109871	
5.5001	0.109871	
5.5001	0.109871	
5.5001	0.109871	
5.5001	0.109871	
5.5001	0.109871	
5.5001	0.109871	
5.5001	0.109871	
5.5001	0.109871	
5.5001	0.109871	
5.5001	0.109871	
5.5001	0.109871	
5.5001	0.109871	
5.5001	0.109871	
5.5001	0.109871	
5.5001	0.109871	
5.5001	0.109871	
5.5001	0.109871	
5.5001	0.109871	
5.5001	0.109871	
5.5001	0.109871	
5.5001	0.109871	
5.5001	0.109871	
5.5001	0.109871	
5.5001	0.109871	
5.5001	0.109871	
5.5001	0.109871	
5.5001	0.109871	
5.5001	0.109871	
5.5001	0.109871	
5.5001	0.109871	
5.5001	0.109871	
5.5001	0.109871	
5.5001	0.109871	
5.5001	0.109871	
5.5001	0.109871	
5.5001	0.109871	
5.5001	0.109871	
5.5001	0.109871	
5.5001	0.109871	
5.5001	0.109871	
5.5001	0.109871	
5.5001	0.109871	
5.5001	0.109871	
5.5001	0.109871	
5.5001	0.109871	
5.5001	0.109871	
5.5001	0.109871	
5.5001	0.109871	
5.5001	0.109871	
5.5001	0.109871	
5.5001	0.109871	
5.5001	0.109871	
5.5001	0.109871	
5.50009	0.109871	
5.50009	0.109871	
5.50009	0.109871	
5.50009	0.109871	
5.50009	0.109871	
5.50009	0.109871	
5.50009	0.109871	
5.50009	0.109871	
5.50009	0.109871	
5.50009	0.109871	
5.50009	0.109871	
5.50009	0.109871	
5.50009	0.109871	
5.50009	0.109871	
5.50009	0.109871	
5.50009	0.109871	
5.50009	0.109871	
5.50009	0.109871	
5.50009	0.109871	
5.50009	0.109871	
5.50009	0.109871	
5.50009	0.109871	
5.50009	0.109871	
5.50009	0.109871	
5.50009	0.109871	
5.50009	0.109871	
5.50009	0.109871	
5.50009	0.109871	
5.50009	0.109871	
5.50009	0.109871	
5.50009	0.109871	
5.50009	0.109871	
5.50009	0.109871	
5.50009	0.109871	
5.50009	0.109871	
5.50009	0.109871	
5.50009	0.109871	
5.50009	0.109871	
5.50009	0.109871	
5.50009	0.109871	
5.50009	0.109871	
5.50009	0.109871	
5.50009	0.109871	
5.50009	0.109871	
5.50009	0.109871	
5.50009	0.109871	
5.50009	0.109871	
5.50009	0.109871	
5.50009	0.109871	
5.50009	0.109871	
5.50009	0.109871	
5.50009	0.109871	
5.50009	0.109871	
5.50009	0.109871	
5.50009	0.109871	
5.5001	0.109871	
5.5001	0.109871	
5.5001	0.109871	
5.5001	0.109871	
5.5001	0.109871	
5.5001	0.109871	
5.5001	0.109871	
5.5001	0.109871	
5.5001	0.109871	
5.5001	0.109871	
5.5001	0.109871	
5.5001	0.109871	
5.5001	0.109871	
5.5001	0.109871	
5.5001	0.109871	
5.5001	0.109871	
5.5001	0.109871	
5.5001	0.109871	
5.5001	0.109871	
5.5001	0.109871	
5.5001	0.109871	
5.5001	0.109871	
5.5001	0.109871	
5.5001	0.109871	
5.5001	0.109871	
5.5001	0.109871	
5.50009	0.109871	
5.50009	0.109871	
5.50009	0.109871	
5.50009	0.109871	
5.50009	0.109871	
5.50009	0.109871	
5.50009	0.109871	
5.50009	0.109871	
5.50009	0.109871	
5.50009	0.109871	
5.50009	0.109871	
5.50009	0.109871	
5.50009	0.109871	
5.50009	0.109871	
5.50009	0.109871	
5.50009	0.109871	
5.50009	0.109871	
5.50009	0.109871	
5.50009	0.109871	
5.50009	0.109871	
5.50009	0.109871	
5.50009	0.109871	
5.50009	0.109871	
5.50009	0.109871	
5.50009	0.109871	
5.50008	0.109871	
5.50008	0.109871	
5.50008	0.109871	
5.50008	0.109871	
5.50008	0.109871	
5.50008	0.109871	
5.50008	0.109871	
5.50008	0.109871	
5.50008	0.109871	
5.50008	0.109871	
5.50008	0.109871	
5.50008	0.109871	
5.50008	0.109871	
5.50008	0.109871	
5.50008	0.109871	
5.50008	0.109871	
5.50008	0.109871	
5.50008	0.109871	
5.50008	0.109871	
5.50008	0.109871	
5.50008	0.109871	
5.50007	0.109871	
5.50007	0.109871	
5.50007	0.109871	
5.50007	0.109871	
5.50007	0.109871	
5.50007	0.109871	
5.50007	0.109871	
5.50007	0.109871	
5.50007	0.109871	
5.50007	0.109871	
5.50007	0.109871	
5.50007	0.109871	
5.50007	0.109871	
5.50007	0.109871	
5.50007	0.109871	
5.50007	0.109871	
5.50007	0.109871	
5.50007	0.109871	
5.50007	0.109871	
5.50007	0.109871	
5.50007	0.109871	
5.50007	0.109871	
5.50007	0.109871	
5.50007	0.109871	
5.50006	0.109871	
5.50006	0.109871	
5.50006	0.109871	
5.50006	0.109871	
5.50006	0.109871	
5.50006	0.109871	
5.50006	0.109871	
5.50006	0.109871	
5.50006	0.109871	
5.50006	0.109871	
5.50006	0.109871	
5.50006	0.109871	
5.50006	0.109871	
5.50006	0.109871	
5.50006	0.109871	
5.50006	0.109871	
5.50006	0.109871	
5.50006	0.109871	
5.50006	0.109871	
5.50006	0.109871	
5.50006	0.109871	
5.50006	0.109871	
5.50006	0.109871	
5.50006	0.109871	
5.50006	0.109871	
5.50006	0.109871	
5.50006	0.109871	
5.50005	0.109871	
5.50005	0.109871	
5.50005	0.109871	
5.50005	0.109871	
5.50005	0.109871	
5.50005	0.109871	
5.50005	0.109871	
5.50005	0.109871	
5.50005	0.109871	
5.50005	0.109871	
5.50005	0.109871	
5.50005	0.109871	
5.50005	0.109871	
5.50005	0.109871	
5.50005	0.109871	
5.50005	0.109871	
5.50005	0.109871	
5.50005	0.109871	
5.50005	0.109871	
5.50005	0.109871	
5.50005	0.109871	
5.50005	0.109871	
5.50005	0.109871	
5.50005	0.109871	
5.50005	0.109871	
5.50005	0.109871	
5.50005	0.109871	
5.50005	0.109871	
5.50005	0.109871	
5.50005	0.109871	
5.50005	0.109871	
5.50005	0.109871	
5.50005	0.109871	
5.50005	0.109871	
5.50004	0.109871	
5.50004	0.109871	
5.50004	0.109871	
5.50004	0.109871	
5.50004	0.109871	
5.50004	0.109871	
5.50004	0.109871	
5.50004	0.109871	
5.50004	0.109871	
5.50004	0.109871	
5.50004	0.109871	
5.50004	0.109871	
5.50004	0.109871	
5.50004	0.109871	
5.50004	0.109871	
5.50004	0.109871	
5.50004	0.109871	
5.50004	0.109871	
5.50004	0.109871	
5.50004	0.109871	
5.50004	0.109871	
5.50004	0.109871	
5.50004	0.109871	
5.50004	0.109871	
5.50004	0.109871	
5.50004	0.109871	
5.50004	0.109871	
5.50004	0.109871	
5.50004	0.109871	
5.50004	0.109871	
5.50004	0.109871	
5.50004	0.109871	
5.50004	0.109871	
5.50004	0.109871	
5.50004	0.109871	
5.50004	0.109871	
5.50004	0.109871	
5.50004	0.109871	
5.50004	0.109871	
5.50004	0.109871	
5.50004	0.109871	
5.50004	0.109871	
5.50003	0.109871	
5.50003	0.109871	
5.50003	0.109871	
5.50003	0.109871	
5.50003	0.109871	
5.50003	0.109871	
5.50003	0.109871	
5.50003	0.109871	
5.50003	0.109871	
5.50003	0.109871	
5.50003	0.109871	
5.50003	0.109871	
5.50003	0.109871	
5.50003	0.109871	
5.50003	0.109871	
5.50003	0.109871	
5.50003	0.109871	
5.50003	0.109871	
5.50003	0.109871	
5.50003	0.109871	
5.50003	0.109871	
5.50003	0.109871	
5.50003	0.109871	
5.50003	0.109871	
5.50003	0.109871	
5.50003	0.109871	
5.50003	0.109871	
5.50003	0.109871	
5.50003	0.109871	
5.50003	0.109871	
5.50003	0.109871	
5.50003	0.109871	
5.50003	0.109871	
5.50003	0.109871	
5.50003	0.109871	
5.50003	0.109871	
5.50003	0.109871	
5.50003	0.109871	
5.50003	0.109871	
5.50003	0.109871	
5.50003	0.109871	
5.50003	0.109871	
5.50003	0.109871	
5.50003	0.109871	
5.50003	0.109871	
5.50003	0.109871	
5.50003	0.109871	
5.50003	0.109871	
5.50003	0.109871	
5.50003	0.109871	
5.50003	0.109871	
5.50003	0.109871	
5.50003	0.109871	
5.50003	0.109871	
5.50003	0.109871	
5.50002	0.109871	
5.50002	0.109871	
5.50002	0.109871	
5.50002	0.109871	
5.50002	0.109871	
5.50002	0.109871	
5.50002	0.109871	
5.50002	0.109871	
5.50002	0.109871	
5.50002	0.109871	
5.50002	0.109871	
5.50002	0.109871	
5.50002	0.109871	
5.50002	0.109871	
5.50002	0.109871	
5.50002	0.109871	
5.50002	0.109871	
5.50002	0.109871	
5.50002	0.109871	
5.50002	0.109871	
5.50002	0.109871	
5.50002	0.109871	
5.50002	0.109871	
5.50002	0.109871	
5.50002	0.109871	
5.50002	0.109871	
5.50002	0.109871	
5.50002	0.109871	
5.50002	0.109871	
5.50002	0.109871	
5.50002	0.109871	
5.50002	0.109871	
5.50002	0.109871	
5.50002	0.109871	
5.50002	0.109871	
5.50002	0.109871	
5.50002	0.109871	
5.50002	0.109871	
5.50002	0.109871	
5.50002	0.109871	
5.50002	0.109871	
5.50002	0.109871	
5.50002	0.109871	
5.50002	0.109871	
5.50002	0.109871	
5.50002	0.109871	
5.50002	0.109871	
5.50002	0.109871	
5.50002	0.109871	
5.50002	0.109871	
5.50002	0.109871	
5.50002	0.109871	
5.50002	0.109871	
5.50002	0.109871	
5.50002	0.109871	
5.50002	0.109871	
5.50002	0.109871	
5.50002	0.109871	
5.50002	0.109871	
5.50002	0.109871	
5.50002	0.109871	
5.50002	0.109871	
5.50002	0.109871	
5.50002	0.109871	
5.50002	0.109871	
5.50002	0.109871	
5.50002	0.109871	
5.50002	0.109871	
5.50002	0.109871	
5.50002	0.109871	
5.50002	0.109871	
5.50002	0.109871	
5.50002	0.109871	
5.50002	0.109871	
5.50002	0.109871	
5.50002	0.109871	
5.50002	0.109871	
5.50002	0.109871	
5.50002	0.109871	
5.50002	0.109871	
5.50002	0.109871	
5.50002	0.109871	
5.50002	0.109871	
5.50002	0.109871	
5.50002	0.109871	
5.50002	0.109871	
5.50002	0.109871	
5.50002	0.109871	
5.50002	0.109871	
5.50002	0.109871	
5.50002	0.109871	
5.50002	0.109871	
5.50002	0.109871	
5.50002	0.109871	
5.50002	0.109871	
5.50002	0.109871	
5.50002	0.109871	
5.50002	0.109871	
5.50002	0.109871	
5.50002	0.109871	
5.50002	0.109871	
5.50002	0.109871	
5.50002	0.109871	
5.50002	0.109871	
5.50002	0.109871	
5.50002	0.109871	
5.50002	0.109871	
5.50002	0.109871	
5.50002	0.109871	
5.50002	0.109871	
5.50002	0.109871	
5.50002	0.109871	
5.50002	0.109871	
5.50002	0.109871	
5.50002	0.109871	
5.50002	0.109871	
5.50002	0.109871	
5.50002	0.109871	
5.50001	0.109871	
5.50001	0.109871	
5.50001	0.109871	
5.50001	0.109871	
5.50001	0.109871	
5.50001	0.109871	
5.50001	0.109871	
5.50001	0.109871	
5.50001	0.109871	
5.50001	0.109871	
5.50001	0.109871	
5.50001	0.109871	
5.50001	0.109871	
5.50001	0.109871	
5.50001	0.109871	
5.50001	0.109871	
5.50001	0.109871	
5.50001	0.109871	
5.50001	0.109871	
5.50001	0.109871	
5.50001	0.109871	
5.50001	0.109871	
5.50001	0.109871	
5.50001	0.109871	
5.50001	0.109871	
5.50001	0.109871	
5.50001	0.109871	
5.50001	0.109871	
5.50001	0.109871	
5.50001	0.109871	
5.50001	0.109871	
5.50001	0.109871	
5.50001	0.109871	
5.50001	0.109871	
5.50001	0.109871	
5.50001	0.109871	
5.50001	0.109871	
5.50001	0.109871	
5.50001	0.109871	
5.50001	0.109871	
5.50001	0.109871	
5.50001	0.109871	
5.50001	0.109871	
5.50001	0.109871	
5.50001	0.109871	
5.50001	0.109871	
5.50001	0.109871	
5.50001	0.109871	
5.50001	0.109871	
5.50001	0.109871	
5.50001	0.109871	
5.50001	0.109871	
5.50001	0.109871	
5.50001	0.109871	
5.50001	0.109871	
5.50001	0.109871	
5.50001	0.109871	
5.50001	0.109871	
5.50001	0.109871	
5.50001	0.109871	
5.50001	0.109871	
5.50001	0.109871	
5.50001	0.109871	
5.50001	0.109871	
5.50001	0.109871	
5.50001	0.109871	
5.50001	0.109871	
5.50001	0.109871	
5.50001	0.109871	
5.50001	0.109871	
5.50001	0.109871	
5.50001	0.109871	
5.50001	0.109871	
5.50001	0.109871	
5.50001	0.109871	
5.50001	0.109871	
5.50001	0.109871	
5.50001	0.109871	
5.50001	0.109871	
5.50001	0.109871	
5.50001	0.109871	
5.50001	0.109871	
5.50001	0.109871	
5.50001	0.109871	
5.50001	0.109871	
5.50001	0.109871	
5.50001	0.109871	
5.50001	0.109871	
5.50001	0.109871	
5.50001	0.109871	
5.50001	0.109871	
5.50001	0.109871	
5.50001	0.109871	
5.50001	0.109871	
5.50001	0.109871	
5.50001	0.109871	
5.50001	0.109871	
5.50001	0.109871	
5.50001	0.109871	
5.50001	0.109871	
5.50001	0.109871	
5.50001	0.109871	
5.50001	0.109871	
5.50001	0.109871	
5.50001	0.109871	
5.50001	0.109871	
5.50001	0.109871	
5.50001	0.109871	
5.50001	0.109871	
5.50001	0.109871	
5.50001	0.109871	
5.50001	0.109871	
5.50001	0.109871	
5.50001	0.109871	
5.50001	0.109871	
5.50001	0.109871	
5.50001	0.109871	
5.50001	0.109871	
5.50001	0.109871	
5.50001	0.109871	
5.50001	0.109871	
5.50001	0.109871	
5.50001	0.109871	
5.50001	0.109871	
5.50001	0.109871	
5.50001	0.109871	
5.50001	0.109871	
5.50001	0.109871	
5.50001	0.109871	
5.50001	0.109871	
5.50001	0.109871	
5.50001	0.109871	
5.50001	0.109871	
5.50001	0.109871	
5.50001	0.109871	
5.50001	0.109871	
5.50001	0.109871	
5.50001	0.109871	
5.50001	0.109871	
5.50001	0.109871	
5.50001	0.109871	
5.50001	0.109871	
5.50001	0.109871	
5.50001	0.109871	
5.50001	0.109871	
5.50001	0.109871	
5.50001	0.109871	
5.50001	0.109871	
5.50001	0.109871	
5.50001	0.109871	
5.50001	0.109871	
5.50001	0.109871	
5.50001	0.109871	
5.50001	0.109871	
5.50001	0.109871	
5.50001	0.109871	
5.50001	0.109871	
5.50001	0.109871	
5.50001	0.109871	
5.50001	0.109871	
5.50001	0.109871	
5.50001	0.109871	
5.50001	0.109871	
5.50001	0.109871	
5.50001	0.109871	
5.50001	0.109871	
5.50001	0.109871	
5.50001	0.109871	
5.50001	0.109871	
5.50001	0.109871	
5.50001	0.109871	
5.50001	0.109871	
5.50001	0.109871	
5.50001	0.109871	
5.50001	0.109871	
5.50001	0.109871	
5.50001	0.109871	
5.50001	0.109871	
5.50001	0.109871	
5.50001	0.109871	
5.50001	0.109871	
5.50001	0.109871	
5.50001	0.109871	
5.50001	0.109871	
5.50001	0.109871	
5.50001	0.109871	
5.50001	0.109871	
5.50001	0.109871	
5.5	0.109871	
5.5	0.109871	
5.5	0.109871	
5.5	0.109871	
5.5	0.109871	
5.5	0.109871	
5.5	0.109871	
5.5	0.109871	
5.5	0.109871	
5.5	0.109871	
5.5	0.109871	
5.5	0.109871	
5.5	0.109871	
5.5	0.109871	
5.5	0.109871	
5.5	0.109871	
5.5	0.109871	
5.5	0.109871	
5.5	0.109871	
5.5	0.109871	
5.5	0.109871	
5.5	0.109871	
5.5	0.109871	
5.5	0.109871	
5.5	0.109871	
5.5	0.109871	
5.5	0.109871	
5.5	0.109871	
5.5	0.109871	
5.5	0.109871	
5.5	0.109871	
5.5	0.109871	
5.5	0.109871	
5.5	0.109871	
5.5	0.109871	
5.5	0.109871	
5.5	0.109871	
5.5	0.109871	
5.5	0.109871	
5.5	0.109871	
5.5	0.109871	
5.5	0.109871	
5.5	0.109871	
5.5	0.109871	
5.5	0.109871	
5.5	0.109871	
5.5	0.109871	
5.5	0.109871	
5.5	0.109871	
5.5	0.109871	
5.5	0.109871	
5.5	0.109871	
5.5	0.109871	
5.5	0.109871	
5.5	0.109871	
5.5	0.109871	
5.5	0.109871	
5.5	0.109871	
5.5	0.109871	
5.5	0.109871	
5.5	0.109871	
5.5	0.109871	
5.5	0.109871	
5.5	0.109871	
5.5	0.109871	
5.5	0.109871	
5.5	0.109871	
5.5	0.109871	
5.5	0.109871	
5.5	0.109871	
5.5	0.109871	
5.5	0.109871	
5.5	0.109871	
5.5	0.109871	
5.5	0.109871	
5.5	0.109871	
5.5	0.109871	
5.5	0.109871	
5.5	0.109871	
5.5	0.109871	
5.5	0.109871	
5.5	0.109871	
5.5	0.109871	
5.5	0.109871	
5.5	0.109871	
5.5	0.109871	
5.5	0.109871	
5.5	0.109871	
5.5	0.109871	
5.5	0.109871	
5.5	0.109871	
5.5	0.109871	
5.5	0.109871	
5.5	0.109871	
5.5	0.109871	
5.5	0.109871	
5.5	0.109871	
5.5	0.109871	
5.5	0.109871	
5.5	0.109871	
5.5	0.109871	
5.5	0.109871	
5.5	0.109871	
5.5	0.109871	
5.5	0.109871	
5.5	0.109871	
5.5	0.109871	
5.5	0.109871	
5.5	0.109871	
5.5	0.109871	
5.5	0.109871	
5.5	0.109871	
5.5	0.109871	
5.5	0.109871	
5.5	0.109871	
5.5	0.109871	
5.5	0.109871	
5.5	0.109871	
5.5	0.109871	
5.5	0.109871	
5.5	0.109871	
5.5	0.109871	
5.5	0.109871	
5.5	0.109871	
5.5	0.109871	
5.5	0.109871	
5.5	0.109871	
5.5	0.109871	
5.5	0.109871	
5.5	0.109871	
5.5	0.109871	
5.5	0.109871	
5.5	0.109871	
5.5	0.109871	
5.5	0.109871	
5.5	0.109871	
5.5	0.109871	
5.5	0.109871	
5.5	0.109871	
5.5	0.109871	
5.5	0.109871	
5.5	0.109871	
5.5	0.109871	
5.5	0.109871	
5.5	0.109871	
5.5	0.109871	
5.5	0.109871	
5.5	0.109871	
5.5	0.109871	
5.5	0.109871	
5.5	0.109871	
5.5	0.109871	
5.5	0.109871	
5.5	0.109871	
5.5	0.109871	
5.5	0.109871	
5.5	0.109871	
5.5	0.109871	
5.5	0.109871	
5.5	0.109871	
5.5	0.109871	
5.5	0.109871	
5.5	0.109871	
5.5	0.109871	
5.5	0.109871	
5.5	0.109871	
5.5	0.109871	
5.5	0.109871	
5.5	0.109871	
5.5	0.109871	
5.5	0.109871	
5.5	0.109871	
5.5	0.109871	
5.5	0.109871	
5.5	0.109871	
5.5	0.109871	
5.5	0.109871	
5.5	0.109871	
5.5	0.109871	
5.5	0.109871	
5.5	0.109871	
5.5	0.109871	
5.5	0.109871	
5.5	0.109871	
5.5	0.109871	
5.5	0.109871	
5.5	0.109871	
5.5	0.109871	
5.5	0.109871	
5.5	0.109871	
5.5	0.109871	
5.5	0.109871	
5.5	0.109871	
5.5	0.109871	
5.5	0.109871	
5.5	0.109871	
5.5	0.109871	
5.5	0.109871	
5.5	0.109871	
5.5	0.109871	
5.5	0.109871	
5.5	0.109871	
5.5	0.109871	
5.5	0.109871	
5.5	0.109871	
5.5	0.109871	
5.5	0.109871	
5.5	0.109871	
5.5	0.109871	
5.5	0.109871	
5.5	0.109871	
5.5	0.109871	
5.5	0.109871	
5.5	0.109871	
5.5	0.109871	
5.5	0.109871	
5.5	0.109871	
5.5	0.109871	
5.5	0.109871	
5.5	0.109871	
5.5	0.109871	
5.5	0.109871	
5.5	0.109871	
5.5	0.109871	
5.5	0.109871	
5.5	0.109871	
5.5	0.109871	
5.5	0.109871	
5.5	0.109871	
5.5	0.109871	
5.5	0.109871	
5.5	0.109871	
5.5	0.109871	
5.5	0.109871	
5.5	0.109871	
5.5	0.109871	
5.5	0.109871	
5.5	0.109871	
5.5	0.109871	
5.5	0.109871	
5.5	0.109871	
5.5	0.109871	
5.5	0.109871	
5.5	0.109871	
5.5	0.109871	
5.5	0.109871	
5.5	0.109871	
5.5	0.109871	
5.5	0.109871	
5.5	0.109871	
5.5	0.109871	
5.5	0.109871	
5.5	0.109871	
5.5	0.109871	
5.5	0.109871	
5.5	0.109871	
5.5	0.109871	
5.5	0.109871	
5.5	0.109871	
5.5	0.109871	
5.5	0.109871	
5.5	0.109871	
5.5	0.109871	
5.5	0.109871	
5.5	0.109871	
5.5	0.109871	
5.5	0.109871	
5.5	0.109871	
5.5	0.109871	
5.5	0.109871	
5.5	0.109871	
5.5	0.109871	
5.5	0.109871	
5.5	0.109871	
5.5	0.109871	
5.5	0.109871	
5.5	0.109871	
5.5	0.109871	
5.5	0.109871	
5.5	0.109871	
5.5	0.109871	
5.5	0.109871	
5.5	0.109871	
5.5	0.109871	
5.5	0.109871	
5.5	0.109871	
5.5	0.109871	
5.5	0.109871	
5.5	0.109871	
5.5	0.109871	
5.5	0.109871	
5.5	0.109871	
5.5	0.109871	
5.5	0.109871	
5.5	0.109871	
5.5	0.109871	
5.5	0.109871	
5.5	0.109871	
5.5	0.109871	
5.5	0.109871	
5.5	0.109871	
5.5	0.109871	
5.5	0.109871	
5.5	0.109871	
5.5	0.109871	
5.5	0.109871	
5.5	0.109871	
5.5	0.109871	
5.5	0.109871	
5.5	0.109871	
5.5	0.109871	
5.5	0.109871	
5.5	0.109871	
5.5	0.109871	
5.5	0.109871	
5.5	0.109871	
5.5	0.109871	
5.5	0.109871	
5.5	0.109871	
5.5	0.109871	
5.5	0.109871	
5.5	0.109871	
5.5	0.109871	
5.5	0.109871	
5.5	0.109871	
5.5	0.109871	
5.5	0.109871	
5.5	0.109871	
5.5	0.109871	
5.5	0.109871	
5.5	0.109871	
5.5	0.109871	
5.5	0.109871	
5.5	0.109871	
5.5	0.109871	
5.5	0.109871	
5.5	0.109871	
5.5	0.109871	
5.5	0.109871	
5.5	0.109871	
5.5	0.109871	
5.5	0.109871	
5.5	0.109871	
5.5	0.109871	
5.5	0.109871	
5.5	0.109871	
5.5	0.109871	
5.5	0.109871	
5.5	0.109871	
5.5	0.109871	
5.5	0.109871	
5.5	0.109871	
5.5	0.109871	
5.5	0.109871	
5.5	0.109871	
5.5	0.109871	
5.5	0.109871	
5.5	0.109871	
5.5	0.109871	
5.5	0.109871	
5.5	0.109871	
5.5	0.109871	
5.5	0.109871	
5.5	0.109871	
5.5	0.109871	
5.5	0.109871	
5.5	0.109871	
5.5	0.109871	
5.5	0.109871	
5.5	0.109871	
5.5	0.109871	
5.5	0.109871	
5.5	0.109871	
5.5	0.109871	
5.5	0.109871	
5.5	0.109871	
5.5	0.109871	
5.5	0.109871	
5.5	0.109871	
5.5	0.109871	
5.5	0.109871	
5.5	0.109871	
5.5	0.109871	
5.5	0.109871	
5.5	0.109871	
5.5	0.109871	
5.5	0.109871	
5.5	0.109871	
5.5	0.109871	
5.5	0.109871	
5.5	0.109871	
5.5	0.109871	
5.5	0.109871	
5.5	0.109871	
5.5	0.109871	
5.5	0.109871	
5.5	0.109871	
5.5	0.109871	
5.5	0.109871	
5.5	0.109871	
5.5	0.109871	
5.5	0.109871	
5.5	0.109871	
5.5	0.109871	
5.5	0.109871	
5.5	0.109871	
5.5	0.109871	
5.5	0.109871	
5.5	0.109871	
5.5	0.109871	
5.5	0.109871	
5.5	0.109871	
5.5	0.109871	
5.5	0.109871	
5.5	0.109871	
5.5	0.109871	
5.5	0.109871	
5.5	0.109871	
5.5	0.109871	
5.5	0.109871	
5.5	0.109871	
5.5	0.109871	
5.5	0.109871	
5.5	0.109871	
5.5	0.109871	
5.5	0.109871	
5.5	0.109871	
5.5	0.109871	
5.5	0.109871	
5.5	0.109871	
5.5	0.109871	
5.5	0.109871	
5.5	0.109871	
5.5	0.109871	
5.5	0.109871	
5.5	0.109871	
5.5	0.109871	
5.5	0.109871	
5.5	0.109871	
5.5	0.109871	
5.5	0.109871	
5.5	0.109871	
5.5	0.109871	
5.5	0.109871	
5.5	0.109871	
5.5	0.109871	
5.5	0.109871	
5.5	0.109871	
5.5	0.109871	
5.5	0.109871	
5.5	0.109871	
5.5	0.109871	
5.5	0.109871	
5.5	0.109871	
5.5	0.109871	
5.5	0.109871	
5.5	0.109871	
5.5	0.109871	
5.5	0.109871	
5.5	0.109871	
5.5	0.109871	
5.5	0.109871	
5.5	0.109871	
5.5	0.109871	
5.5	0.109871	
5.5	0.109871	
5.5	0.109871	
5.5	0.109871	
5.5	0.109871	
5.5	0.109871	
5.5	0.109871	
5.5	0.109871	
5.5	0.109871	
5.5	0.109871	
5.5	0.109871	
5.5	0.109871	
5.5	0.109871	
5.5	0.109871	
5.5	0.109871	
5.5	0.109871	
5.5	0.109871	
5.5	0.109871	
5.5	0.109871	
5.5	0.109871	
5.5	0.109871	
5.5	0.109871	
5.5	0.109871	
5.5	0.109871	
5.5	0.109871	
5.5	0.109871	
5.5	0.109871	
5.5	0.109871	
5.5	0.109871	
5.5	0.109871	
5.5	0.109871	
5.5	0.109871	
5.5	0.109871	
5.5	0.109871	
5.5	0.109871	
5.5	0.109871	
5.5	0.109871	
5.5	0.109871	
5.5	0.109871	
5.5	0.109871	
5.5	0.109871	
5.5	0.109871	
5.5	0.109871	
5.5	0.109871	
5.5	0.109871	
5.5	0.109871	
5.5	0.109871	
5.5	0.109871	
5.5	0.109871	
5.5	0.109871	
5.5	0.109871	
5.5	0.109871	
5.5	0.109871	
5.5	0.109871	
5.5	0.109871	
5.5	0.109871	
5.5	0.109871	
5.5	0.109871	
5.5	0.109871	
5.5	0.109871	
5.5	0.109871	
5.5	0.109871	
5.5	0.109871	
5.5	0.109871	
5.5	0.109871	
5.5	0.109871	
5.5	0.109871	
5.5	0.109871	
5.5	0.109871	
5.5	0.109871	
5.5	0.109871	
5.5	0.109871	
5.5	0.109871	
5.5	0.109871	
5.5	0.109871	
5.5	0.109871	
5.5	0.109871	
5.5	0.109871	
5.5	0.109871	
5.5	0.109871	
5.5	0.109871	
5.5	0.109871	
5.5	0.109871	
5.5	0.109871	
5.5	0.109871	
5.5	0.109871	
5.5	0.109871	
5.5	0.109871	
5.5	0.109871	
5.5	0.109871	
5.5	0.109871	
5.5	0.109871	
5.5	0.109871	
5.5	0.109871	
5.5	0.109871	
5.5	0.109871	
5.5	0.109871	
5.5	0.109871	
5.5	0.109871	
5.5	0.109871	
5.5	0.109871	
5.5	0.109871	
5.5	0.109871	
5.5	0.109871	
5.5	0.109871	
5.5	0.109871	
5.5	0.109871	
5.5	0.109871	
5.5	0.109871	
5.5	0.109871	
5.5	0.109871	
5.5	0.109871	
5.5	0.109871	
5.5	0.109871	
5.5	0.109871	
5.5	0.109871	
5.5	0.109871	
5.5	0.109871	
5.5	0.109871	
5.5	0.109871	
5.5	0.109871	
5.5	0.109871	
5.5	0.109871	
5.5	0.109871	
5.5	0.109871	
5.5	0.109871	
5.5	0.109871	
5.5	0.109871	
5.5	0.109871	
5.5	0.109871	
5.5	0.109871	
5.5	0.109871	
5.5	0.109871	
5.5	0.109871	
5.5	0.109871	
5.5	0.109871	
5.5	0.109871	
5.5	0.109871	
5.5	0.109871	
5.5	0.109871	
5.5	0.109871	
5.5	0.109871	
5.5	0.109871	
5.5	0.109871	
5.5	0.109871	
5.5	0.109871	
5.5	0.109871	
5.5	0.109871	
5.5	0.109871	
5.5	0.109871	
5.5	0.109871	
5.5	0.109871	
5.5	0.109871	
5.5	0.109871	
5.5	0.109871	
5.5	0.109871	
5.5	0.109871	
5.5	0.109871	
5.5	0.109871	
5.5	0.109871	
5.5	0.109871	
5.5	0.109871	
5.5	0.109871	
5.50001	0.109871	
5.50001	0.109871	
5.50001	0.109871	
5.50001	0.109871	
5.50001	0.109871	
5.50001	0.109871	
5.50001	0.109871	
5.50001	0.109871	
5.50001	0.109871	
5.50001	0.109871	
5.50001	0.109871	
5.50001	0.109871	
5.50001	0.109871	
5.50001	0.109871	
5.50001	0.109871	
5.50001	0.109871	
5.50001	0.109871	
5.50001	0.109871	
5.50001	0.109871	
5.50001	0.109871	
5.50001	0.109871	
5.50001	0.109871	
5.50001	0.109871	
5.50001	0.109871	
5.50001	0.109871	
5.50001	0.109871	
5.50001	0.109871	
5.50001	0.109871	
5.50001	0.109871	
5.50001	0.109871	
5.50001	0.109871	
5.50001	0.109871	
5.50001	0.109871	
5.50001	0.109871	
5.50001	0.109871	
5.50001	0.109871	
5.50001	0.109871	
5.50001	0.109871	
5.50001	0.109871	
5.50001	0.109871	
5.50001	0.109871	
5.50001	0.109871	
5.50001	0.109871	
5.50001	0.109871	
5.50001	0.109871	
5.50001	0.109871	
5.50001	0.109871	
5.50001	0.109871	
5.50001	0.109871	
5.50001	0.109871	
5.50001	0.109871	
5.50001	0.109871	
5.50001	0.109871	
5.50001	0.109871	
5.50001	0.109871	
5.50001	0.109871	
5.50001	0.109871	
5.50001	0.109871	
5.50001	0.109871	
5.50001	0.109871	
5.50001	0.109871	
5.50001	0.109871	
5.50001	0.109871	
5.50001	0.109871	
