0	0	0.326503	0.326503	0	
8.77908e-10	8.77908e-10	0.326503	0.326503	-6.66e-07	
2.96652e-09	2.96652e-09	0.326503	0.326503	-4.65667e-06	
-1.32483e-08	-1.32483e-08	0.326503	0.326503	-1.26234e-05	
-4.72869e-08	-4.72869e-08	0.326503	0.326503	-2.45501e-05	
-9.57115e-08	-9.57115e-08	0.326503	0.326503	-4.0421e-05	
-1.71622e-07	-1.71622e-07	0.326502	0.326502	-6.02202e-05	
-2.6367e-07	-2.6367e-07	0.326502	0.326502	-8.39316e-05	
-4.71167e-07	-4.71167e-07	0.326502	0.326502	-0.00011154	
-5.56352e-07	-5.56352e-07	0.326502	0.326502	-0.000143028	
-8.92097e-07	-8.92097e-07	0.326501	0.326501	-0.000178381	
-1.05877e-06	-1.05877e-06	0.326501	0.326501	-0.000217584	
-1.32396e-06	-1.32396e-06	0.3265	0.3265	-0.000260619	
-1.69574e-06	-1.69574e-06	0.3265	0.3265	-0.000307472	
-2.12492e-06	-2.12492e-06	0.326499	0.326499	-0.000358126	
-2.61388e-06	-2.61388e-06	0.326498	0.326498	-0.000412567	
-3.08381e-06	-3.08381e-06	0.326497	0.326497	-0.000470777	
-3.69135e-06	-3.69135e-06	0.326496	0.326496	-0.000532743	
-4.36441e-06	-4.36441e-06	0.326495	0.326495	-0.000598447	
-5.10445e-06	-5.10445e-06	0.326494	0.326494	-0.000667874	
-5.91275e-06	-5.91275e-06	0.326492	0.326492	-0.000741009	
-6.97786e-06	-6.97786e-06	0.326491	0.326491	-0.000817837	
-7.93628e-06	-7.93628e-06	0.326489	0.326489	-0.00089834	
-9.13431e-06	-9.13431e-06	0.326487	0.326487	-0.000982505	
-1.03041e-05	-1.03041e-05	0.326485	0.326485	-0.00107031	
-1.16864e-05	-1.16864e-05	0.326482	0.326482	-0.00116175	
-1.32367e-05	-1.32367e-05	0.32648	0.32648	-0.00125681	
-1.45812e-05	-1.45812e-05	0.326477	0.326477	-0.00135546	
-1.63311e-05	-1.63311e-05	0.326474	0.326474	-0.0014577	
-1.81868e-05	-1.81868e-05	0.326471	0.326471	-0.0015635	
-2.00527e-05	-2.00527e-05	0.326468	0.326468	-0.00167286	
-2.25273e-05	-2.25273e-05	0.326464	0.326464	-0.00178576	
-2.47082e-05	-2.47082e-05	0.32646	0.32646	-0.00190217	
-2.69941e-05	-2.69941e-05	0.326456	0.326456	-0.0020221	
-2.97534e-05	-2.97534e-05	0.326452	0.326452	-0.00214551	
-3.22545e-05	-3.22545e-05	0.326447	0.326447	-0.0022724	
-3.48586e-05	-3.48586e-05	0.326443	0.326443	-0.00240275	
-3.74196e-05	-3.74196e-05	0.326438	0.326438	-0.00253655	
-4.08385e-05	-4.08385e-05	0.326432	0.326432	-0.00267378	
-4.37528e-05	-4.37528e-05	0.326427	0.326427	-0.00281442	
-4.65969e-05	-4.65969e-05	0.326421	0.326421	-0.00295846	
-4.77495e-05	-4.77495e-05	0.326415	0.326415	-0.00310589	
-5.22483e-05	-5.22483e-05	0.326408	0.326408	-0.00325668	
-5.33987e-05	-5.33987e-05	0.326401	0.326401	-0.00341083	
-5.90329e-05	-5.90329e-05	0.326394	0.326394	-0.00356832	
-6.16715e-05	-6.16715e-05	0.326387	0.326387	-0.00372913	
-6.16862e-05	-6.16862e-05	0.326379	0.326379	-0.00389326	
-6.81478e-05	-6.81478e-05	0.326371	0.326371	-0.00406067	
-6.70687e-05	-6.70687e-05	0.326362	0.326362	-0.00423137	
-7.01702e-05	-7.01702e-05	0.326353	0.326353	-0.00440533	
-7.1236e-05	-7.1236e-05	0.326344	0.326344	-0.00458254	
-7.09203e-05	-7.09203e-05	0.326335	0.326335	-0.00476298	
-6.74201e-05	-6.74201e-05	0.326325	0.326325	-0.00494664	
-7.05123e-05	-7.05123e-05	0.326315	0.326315	-0.00513351	
-7.24461e-05	-7.24461e-05	0.326304	0.326304	-0.00532357	
-7.81956e-05	-7.81956e-05	0.326293	0.326293	-0.0055168	
-7.6555e-05	-7.6555e-05	0.326281	0.326281	-0.00571319	
-7.85535e-05	-7.85535e-05	0.32627	0.32627	-0.00591272	
-8.05746e-05	-8.05746e-05	0.326257	0.326257	-0.00611539	
-8.29808e-05	-8.29808e-05	0.326245	0.326245	-0.00632117	
-8.50456e-05	-8.50456e-05	0.326232	0.326232	-0.00653005	
-8.86795e-05	-8.86795e-05	0.326218	0.326218	-0.00674202	
-8.47986e-05	-8.47986e-05	0.326204	0.326204	-0.00695706	
-8.69717e-05	-8.69717e-05	0.32619	0.32619	-0.00717515	
-8.15411e-05	-8.15411e-05	0.326175	0.326175	-0.00739628	
-7.7724e-05	-7.7724e-05	0.32616	0.32616	-0.00762045	
-8.50583e-05	-8.50583e-05	0.326144	0.326144	-0.00784762	
-8.0945e-05	-8.0945e-05	0.326128	0.326128	-0.0080778	
-8.19835e-05	-8.19835e-05	0.326111	0.326111	-0.00831095	
-8.30294e-05	-8.30294e-05	0.326094	0.326094	-0.00854708	
-6.84732e-05	-6.84732e-05	0.326077	0.326077	-0.00878616	
-6.97229e-05	-6.97229e-05	0.326059	0.326059	-0.00902817	
-6.88601e-05	-6.88601e-05	0.32604	0.32604	-0.00927312	
-7.0164e-05	-7.0164e-05	0.326021	0.326021	-0.00952097	
-6.92422e-05	-6.92422e-05	0.326002	0.326002	-0.00977172	
-5.22191e-05	-5.22191e-05	0.325982	0.325982	-0.0100254	
-5.14953e-05	-5.14953e-05	0.325961	0.325961	-0.0102819	
-5.31802e-05	-5.31802e-05	0.32594	0.32594	-0.0105412	
-2.64018e-05	-2.64018e-05	0.325918	0.325918	-0.0108034	
-2.85465e-05	-2.85465e-05	0.325896	0.325896	-0.0110684	
-5.37306e-06	-5.37306e-06	0.325873	0.325873	-0.0113362	
1.06754e-05	1.06754e-05	0.32585	0.32585	-0.0116069	
3.7061e-05	3.7061e-05	0.325826	0.325826	-0.0118803	
4.34311e-05	4.34311e-05	0.325802	0.325802	-0.0121564	
7.90663e-05	7.90663e-05	0.325777	0.325777	-0.0124353	
0.000114189	0.000114189	0.325752	0.325752	-0.012717	
0.000142803	0.000142803	0.325726	0.325726	-0.0130014	
0.000177661	0.000177661	0.325699	0.325699	-0.0132885	
0.000239144	0.000239144	0.325672	0.325672	-0.0135783	
0.000276237	0.000276237	0.325644	0.325644	-0.0138707	
0.000353263	0.000353263	0.325616	0.325616	-0.0141659	
0.000425567	0.000425567	0.325587	0.325587	-0.0144637	
0.000485391	0.000485391	0.325558	0.325558	-0.0147641	
0.000575609	0.000575609	0.325527	0.325527	-0.0150671	
0.00070038	0.00070038	0.325497	0.325497	-0.0153728	
0.000820855	0.000820855	0.325465	0.325465	-0.0156811	
0.000921329	0.000921329	0.325433	0.325433	-0.0159919	
0.00107801	0.00107801	0.325401	0.325401	-0.0163053	
0.00125763	0.00125763	0.325368	0.325368	-0.0166213	
0.00140039	0.00140039	0.325334	0.325334	-0.0169398	
0.00156298	0.00156298	0.325299	0.325299	-0.0172609	
0.00175476	0.00175476	0.325264	0.325264	-0.0175844	
0.00191667	0.00191667	0.325228	0.325228	-0.0179105	
0.00213077	0.00213077	0.325192	0.325192	-0.018239	
0.00232972	0.00232972	0.325155	0.325155	-0.01857	
0.00258803	0.00258803	0.325117	0.325117	-0.0189035	
0.00284476	0.00284476	0.325078	0.325078	-0.0192394	
0.00315036	0.00315036	0.325039	0.325039	-0.0195778	
0.00348718	0.00348718	0.324999	0.324999	-0.0199185	
0.0038161	0.0038161	0.324959	0.324959	-0.0202617	
0.00418661	0.00418661	0.324917	0.324917	-0.0206072	
0.00455113	0.00455113	0.324876	0.324876	-0.0209552	
0.00493644	0.00493644	0.324833	0.324833	-0.0213055	
0.00534151	0.00534151	0.32479	0.32479	-0.0216581	
0.00578924	0.00578924	0.324746	0.324746	-0.0220131	
0.00624541	0.00624541	0.324701	0.324701	-0.0223704	
0.00673094	0.00673094	0.324655	0.324655	-0.02273	
0.00719051	0.00719051	0.324609	0.324609	-0.0230919	
0.00773279	0.00773279	0.324562	0.324562	-0.0234561	
0.0082342	0.0082342	0.324515	0.324515	-0.0238225	
0.00881922	0.00881922	0.324466	0.324466	-0.0241912	
0.00946876	0.00946876	0.324417	0.324417	-0.0245622	
0.0100875	0.0100875	0.324367	0.324367	-0.0249353	
0.0106709	0.0106709	0.324317	0.324317	-0.0253107	
0.0113411	0.0113411	0.324265	0.324265	-0.0256883	
0.011973	0.011973	0.324213	0.324213	-0.0260681	
0.0125649	0.0125649	0.32416	0.32416	-0.02645	
0.0132598	0.0132598	0.324107	0.324107	-0.0268341	
0.0139521	0.0139521	0.324052	0.324052	-0.0272204	
0.0146544	0.0146544	0.323997	0.323997	-0.0276088	
0.0153171	0.0153171	0.323941	0.323941	-0.0279993	
0.0159775	0.0159775	0.323884	0.323884	-0.0283919	
0.0167595	0.0167595	0.323827	0.323827	-0.0287866	
0.0175028	0.0175028	0.323768	0.323768	-0.0291834	
0.0183261	0.0183261	0.323709	0.323709	-0.0295822	
0.0191024	0.0191024	0.323649	0.323649	-0.0299831	
0.0199085	0.0199085	0.323588	0.323588	-0.0303861	
0.0207267	0.0207267	0.323527	0.323527	-0.030791	
0.0215376	0.0215376	0.323464	0.323464	-0.031198	
0.0223502	0.0223502	0.323401	0.323401	-0.031607	
0.0232307	0.0232307	0.323337	0.323337	-0.032018	
0.0241234	0.0241234	0.323272	0.323272	-0.032431	
0.0250039	0.0250039	0.323207	0.323207	-0.0328459	
0.0258934	0.0258934	0.32314	0.32314	-0.0332627	
0.0268306	0.0268306	0.323073	0.323073	-0.0336815	
0.027876	0.027876	0.323004	0.323004	-0.0341023	
0.0288278	0.0288278	0.322935	0.322935	-0.0345249	
0.0297345	0.0297345	0.322866	0.322866	-0.0349494	
0.0306711	0.0306711	0.322795	0.322795	-0.0353759	
0.0316543	0.0316543	0.322723	0.322723	-0.0358042	
0.0326611	0.0326611	0.322651	0.322651	-0.0362343	
0.0335592	0.0335592	0.322577	0.322577	-0.0366663	
0.0345406	0.0345406	0.322503	0.322503	-0.0371001	
0.0355877	0.0355877	0.322428	0.322428	-0.0375358	
0.0366613	0.0366613	0.322352	0.322352	-0.0379733	
0.0377615	0.0377615	0.322275	0.322275	-0.0384125	
0.0387012	0.0387012	0.322198	0.322198	-0.0388536	
0.0396997	0.0396997	0.322119	0.322119	-0.0392964	
0.0407775	0.0407775	0.32204	0.32204	-0.0397409	
0.0419389	0.0419389	0.321959	0.321959	-0.0401872	
0.0429809	0.0429809	0.321878	0.321878	-0.0406353	
0.0440316	0.0440316	0.321796	0.321796	-0.041085	
0.0451886	0.0451886	0.321713	0.321713	-0.0415365	
0.0463721	0.0463721	0.321629	0.321629	-0.0419897	
0.0473874	0.0473874	0.321544	0.321544	-0.0424445	
0.0486833	0.0486833	0.321458	0.321458	-0.042901	
0.0499548	0.0499548	0.321371	0.321371	-0.0433592	
0.0512074	0.0512074	0.321284	0.321284	-0.043819	
0.0525556	0.0525556	0.321195	0.321195	-0.0442805	
0.0538168	0.0538168	0.321106	0.321106	-0.0447435	
0.0551215	0.0551215	0.321015	0.321015	-0.0452082	
0.056637	0.056637	0.320924	0.320924	-0.0456745	
0.0581714	0.0581714	0.320832	0.320832	-0.0461423	
0.0597969	0.0597969	0.320738	0.320738	-0.0466117	
0.0614267	0.0614267	0.320644	0.320644	-0.0470827	
0.0628784	0.0628784	0.320549	0.320549	-0.0475552	
0.0645173	0.0645173	0.320453	0.320453	-0.0480293	
0.0662641	0.0662641	0.320356	0.320356	-0.0485049	
0.0679607	0.0679607	0.320258	0.320258	-0.048982	
0.069985	0.069985	0.320159	0.320159	-0.0494605	
0.071882	0.071882	0.320059	0.320059	-0.0499406	
0.0738613	0.0738613	0.319958	0.319958	-0.0504221	
0.0759749	0.0759749	0.319857	0.319857	-0.0509051	
0.077836	0.077836	0.319754	0.319754	-0.0513896	
0.0798876	0.0798876	0.31965	0.31965	-0.0518754	
0.0819271	0.0819271	0.319545	0.319545	-0.0523628	
0.0840609	0.0840609	0.31944	0.31944	-0.0528515	
0.0862761	0.0862761	0.319333	0.319333	-0.0533416	
0.0885044	0.0885044	0.319225	0.319225	-0.0538331	
0.0905841	0.0905841	0.319117	0.319117	-0.0543259	
0.0928849	0.0928849	0.319007	0.319007	-0.0548202	
0.0950464	0.0950464	0.318896	0.318896	-0.0553158	
0.0973458	0.0973458	0.318785	0.318785	-0.0558127	
0.09953	0.09953	0.318672	0.318672	-0.0563109	
0.101533	0.101533	0.318558	0.318558	-0.0568105	
0.103675	0.103675	0.318444	0.318444	-0.0573114	
0.105968	0.105968	0.318328	0.318328	-0.0578135	
0.108592	0.108592	0.318212	0.318212	-0.058317	
0.110922	0.110922	0.318094	0.318094	-0.0588217	
0.113435	0.113435	0.317975	0.317975	-0.0593277	
0.116016	0.116016	0.317856	0.317856	-0.0598349	
0.11862	0.11862	0.317735	0.317735	-0.0603433	
0.12133	0.12133	0.317613	0.317613	-0.060853	
0.12371	0.12371	0.31749	0.31749	-0.0613639	
0.126288	0.126288	0.317367	0.317367	-0.0618759	
0.128903	0.128903	0.317242	0.317242	-0.0623892	
0.131734	0.131734	0.317116	0.317116	-0.0629036	
0.134321	0.134321	0.316989	0.316989	-0.0634192	
0.137213	0.137213	0.316861	0.316861	-0.063936	
0.139849	0.139849	0.316732	0.316732	-0.0644538	
0.142908	0.142908	0.316603	0.316603	-0.0649728	
0.145305	0.145305	0.316472	0.316472	-0.065493	
0.148218	0.148218	0.31634	0.31634	-0.0660142	
0.150985	0.150985	0.316206	0.316206	-0.0665365	
0.154026	0.154026	0.316072	0.316072	-0.0670599	
0.156639	0.156639	0.315937	0.315937	-0.0675844	
0.159714	0.159714	0.315801	0.315801	-0.06811	
0.162913	0.162913	0.315664	0.315664	-0.0686365	
0.165918	0.165918	0.315525	0.315525	-0.0691641	
0.168736	0.168736	0.315386	0.315386	-0.0696928	
0.171496	0.171496	0.315246	0.315246	-0.0702225	
0.174285	0.174285	0.315104	0.315104	-0.0707531	
0.177237	0.177237	0.314961	0.314961	-0.0712848	
0.179843	0.179843	0.314818	0.314818	-0.0718174	
0.182715	0.182715	0.314673	0.314673	-0.072351	
0.185612	0.185612	0.314527	0.314527	-0.0728855	
0.188154	0.188154	0.31438	0.31438	-0.073421	
0.191047	0.191047	0.314233	0.314233	-0.0739575	
0.193573	0.193573	0.314084	0.314084	-0.0744948	
0.196357	0.196357	0.313934	0.313934	-0.0750331	
0.198893	0.198893	0.313782	0.313782	-0.0755723	
0.201709	0.201709	0.31363	0.31363	-0.0761123	
0.204714	0.204714	0.313477	0.313477	-0.0766533	
0.207602	0.207602	0.313322	0.313322	-0.0771951	
0.210729	0.210729	0.313167	0.313167	-0.0777377	
0.213933	0.213933	0.31301	0.31301	-0.0782812	
0.217359	0.217359	0.312853	0.312853	-0.0788256	
0.220738	0.220738	0.312694	0.312694	-0.0793708	
0.224458	0.224458	0.312534	0.312534	-0.0799167	
0.228042	0.228042	0.312373	0.312373	-0.0804635	
0.231591	0.231591	0.312211	0.312211	-0.0810111	
0.235362	0.235362	0.312048	0.312048	-0.0815594	
0.239175	0.239175	0.311884	0.311884	-0.0821085	
0.242682	0.242682	0.311719	0.311719	-0.0826584	
0.246729	0.246729	0.311552	0.311552	-0.0832091	
0.250822	0.250822	0.311385	0.311385	-0.0837604	
0.254894	0.254894	0.311216	0.311216	-0.0843125	
0.25892	0.25892	0.311046	0.311046	-0.0848653	
0.263269	0.263269	0.310875	0.310875	-0.0854188	
0.266769	0.266769	0.310704	0.310704	-0.085973	
0.270741	0.270741	0.31053	0.31053	-0.0865279	
0.274561	0.274561	0.310356	0.310356	-0.0870835	
0.27842	0.27842	0.310181	0.310181	-0.0876397	
0.282237	0.282237	0.310005	0.310005	-0.0881965	
0.286038	0.286038	0.309827	0.309827	-0.088754	
0.290156	0.290156	0.309648	0.309648	-0.0893122	
0.294479	0.294479	0.309469	0.309469	-0.0898709	
0.298515	0.298515	0.309288	0.309288	-0.0904303	
0.302687	0.302687	0.309106	0.309106	-0.0909903	
0.306659	0.306659	0.308923	0.308923	-0.0915508	
0.310941	0.310941	0.308739	0.308739	-0.0921119	
0.315454	0.315454	0.308553	0.308553	-0.0926736	
0.320283	0.320283	0.308367	0.308367	-0.0932359	
0.324897	0.324897	0.308179	0.308179	-0.0937987	
0.32975	0.32975	0.30799	0.30799	-0.094362	
0.334173	0.334173	0.307801	0.307801	-0.0949258	
0.338894	0.338894	0.30761	0.30761	-0.0954902	
0.343851	0.343851	0.307417	0.307417	-0.0960551	
0.349052	0.349052	0.307224	0.307224	-0.0966204	
0.35457	0.35457	0.30703	0.30703	-0.0971863	
0.3599	0.3599	0.306834	0.306834	-0.0977526	
0.365245	0.365245	0.306638	0.306638	-0.0983194	
0.371002	0.371002	0.30644	0.30644	-0.0988866	
0.376074	0.376074	0.306241	0.306241	-0.0994543	
0.381647	0.381647	0.306041	0.306041	-0.100022	
0.387139	0.387139	0.30584	0.30584	-0.100591	
0.393324	0.393324	0.305638	0.305638	-0.10116	
0.400247	0.400247	0.305434	0.305434	-0.101729	
0.406784	0.406784	0.305229	0.305229	-0.102299	
0.414148	0.414148	0.305024	0.305024	-0.102869	
0.421497	0.421497	0.304817	0.304817	-0.10344	
0.427945	0.427945	0.304609	0.304609	-0.10401	
0.43461	0.43461	0.3044	0.3044	-0.104582	
0.440602	0.440602	0.304189	0.304189	-0.105153	
0.446634	0.446634	0.303978	0.303978	-0.105725	
0.453407	0.453407	0.303765	0.303765	-0.106297	
0.459527	0.459527	0.303552	0.303552	-0.10687	
0.465952	0.465952	0.303337	0.303337	-0.107443	
0.472744	0.472744	0.303121	0.303121	-0.108016	
0.480138	0.480138	0.302903	0.302903	-0.108589	
0.48704	0.48704	0.302685	0.302685	-0.109163	
0.494405	0.494405	0.302466	0.302466	-0.109737	
0.502198	0.502198	0.302245	0.302245	-0.110311	
0.509851	0.509851	0.302023	0.302023	-0.110885	
0.518008	0.518008	0.3018	0.3018	-0.11146	
0.526344	0.526344	0.301576	0.301576	-0.112035	
0.534972	0.534972	0.301351	0.301351	-0.11261	
0.544022	0.544022	0.301125	0.301125	-0.113185	
0.552718	0.552718	0.300897	0.300897	-0.113761	
0.561101	0.561101	0.300669	0.300669	-0.114336	
0.570089	0.570089	0.300439	0.300439	-0.114912	
0.578385	0.578385	0.300208	0.300208	-0.115488	
0.586785	0.586785	0.299976	0.299976	-0.116064	
0.595175	0.595175	0.299742	0.299742	-0.11664	
0.603495	0.603495	0.299508	0.299508	-0.117217	
0.612039	0.612039	0.299272	0.299272	-0.117793	
0.619548	0.619548	0.299036	0.299036	-0.11837	
0.626797	0.626797	0.298798	0.298798	-0.118947	
0.633849	0.633849	0.298559	0.298559	-0.119524	
0.641267	0.641267	0.298318	0.298318	-0.120101	
0.648607	0.648607	0.298077	0.298077	-0.120678	
0.656094	0.656094	0.297835	0.297835	-0.121255	
0.663657	0.663657	0.297591	0.297591	-0.121832	
0.671013	0.671013	0.297346	0.297346	-0.122409	
0.678938	0.678938	0.2971	0.2971	-0.122987	
0.6869	0.6869	0.296853	0.296853	-0.123564	
0.695121	0.695121	0.296605	0.296605	-0.124141	
0.703116	0.703116	0.296355	0.296355	-0.124719	
0.712078	0.712078	0.296105	0.296105	-0.125296	
0.720453	0.720453	0.295853	0.295853	-0.125873	
0.729467	0.729467	0.2956	0.2956	-0.126451	
0.738343	0.738343	0.295346	0.295346	-0.127028	
0.747734	0.747734	0.295091	0.295091	-0.127605	
0.756954	0.756954	0.294834	0.294834	-0.128183	
0.767078	0.767078	0.294577	0.294577	-0.12876	
0.77655	0.77655	0.294318	0.294318	-0.129337	
0.785925	0.785925	0.294058	0.294058	-0.129914	
0.795841	0.795841	0.293797	0.293797	-0.130491	
0.806069	0.806069	0.293535	0.293535	-0.131068	
0.815341	0.815341	0.293272	0.293272	-0.131645	
0.824699	0.824699	0.293007	0.293007	-0.132221	
0.834318	0.834318	0.292742	0.292742	-0.132798	
0.843854	0.843854	0.292475	0.292475	-0.133374	
0.853834	0.853834	0.292207	0.292207	-0.133951	
0.863392	0.863392	0.291938	0.291938	-0.134527	
0.873136	0.873136	0.291668	0.291668	-0.135103	
0.882332	0.882332	0.291397	0.291397	-0.135679	
0.891119	0.891119	0.291124	0.291124	-0.136254	
0.900898	0.900898	0.29085	0.29085	-0.13683	
0.910092	0.910092	0.290576	0.290576	-0.137405	
0.919865	0.919865	0.2903	0.2903	-0.13798	
0.929488	0.929488	0.290023	0.290023	-0.138555	
0.938981	0.938981	0.289744	0.289744	-0.13913	
0.949575	0.949575	0.289465	0.289465	-0.139705	
0.959811	0.959811	0.289184	0.289184	-0.140279	
0.970635	0.970635	0.288903	0.288903	-0.140853	
0.981831	0.981831	0.28862	0.28862	-0.141427	
0.992593	0.992593	0.288336	0.288336	-0.142	
1.00382	1.00382	0.288051	0.288051	-0.142574	
1.01475	1.01475	0.287764	0.287764	-0.143147	
1.02606	1.02606	0.287477	0.287477	-0.143719	
1.0378	1.0378	0.287188	0.287188	-0.144292	
1.04989	1.04989	0.286899	0.286899	-0.144864	
1.06222	1.06222	0.286608	0.286608	-0.145436	
1.07407	1.07407	0.286316	0.286316	-0.146007	
1.08628	1.08628	0.286023	0.286023	-0.146578	
1.09824	1.09824	0.285728	0.285728	-0.147149	
1.10948	1.10948	0.285433	0.285433	-0.14772	
1.12097	1.12097	0.285136	0.285136	-0.14829	
1.13329	1.13329	0.284838	0.284838	-0.14886	
1.14637	1.14637	0.28454	0.28454	-0.149429	
1.15965	1.15965	0.28424	0.28424	-0.149998	
1.17283	1.17283	0.283939	0.283939	-0.150567	
1.1856	1.1856	0.283636	0.283636	-0.151135	
1.19855	1.19855	0.283333	0.283333	-0.151703	
1.21138	1.21138	0.283028	0.283028	-0.152271	
1.22336	1.22336	0.282723	0.282723	-0.152838	
1.23481	1.23481	0.282416	0.282416	-0.153405	
1.24708	1.24708	0.282108	0.282108	-0.153971	
1.25989	1.25989	0.281799	0.281799	-0.154537	
1.27338	1.27338	0.281489	0.281489	-0.155102	
1.28637	1.28637	0.281177	0.281177	-0.155667	
1.29909	1.29909	0.280865	0.280865	-0.156231	
1.31157	1.31157	0.280551	0.280551	-0.156795	
1.3239	1.3239	0.280236	0.280236	-0.157359	
1.33564	1.33564	0.279921	0.279921	-0.157922	
1.34823	1.34823	0.279604	0.279604	-0.158484	
1.36133	1.36133	0.279286	0.279286	-0.159046	
1.37452	1.37452	0.278966	0.278966	-0.159608	
1.38702	1.38702	0.278646	0.278646	-0.160169	
1.39982	1.39982	0.278325	0.278325	-0.160729	
1.41239	1.41239	0.278002	0.278002	-0.161289	
1.42446	1.42446	0.277678	0.277678	-0.161848	
1.4367	1.4367	0.277353	0.277353	-0.162407	
1.44869	1.44869	0.277028	0.277028	-0.162965	
1.46187	1.46187	0.2767	0.2767	-0.163523	
1.47559	1.47559	0.276372	0.276372	-0.16408	
1.48917	1.48917	0.276043	0.276043	-0.164637	
1.50211	1.50211	0.275713	0.275713	-0.165193	
1.5143	1.5143	0.275381	0.275381	-0.165748	
1.5256	1.5256	0.275049	0.275049	-0.166303	
1.53773	1.53773	0.274715	0.274715	-0.166857	
1.55042	1.55042	0.27438	0.27438	-0.16741	
1.56415	1.56415	0.274044	0.274044	-0.167963	
1.57877	1.57877	0.273707	0.273707	-0.168515	
1.59235	1.59235	0.273369	0.273369	-0.169067	
1.6051	1.6051	0.27303	0.27303	-0.169618	
1.61597	1.61597	0.272689	0.272689	-0.170168	
1.627	1.627	0.272348	0.272348	-0.170718	
1.63696	1.63696	0.272005	0.272005	-0.171267	
1.648	1.648	0.271662	0.271662	-0.171815	
1.66004	1.66004	0.271317	0.271317	-0.172363	
1.67262	1.67262	0.270971	0.270971	-0.172909	
1.68435	1.68435	0.270624	0.270624	-0.173456	
1.69463	1.69463	0.270276	0.270276	-0.174001	
1.7047	1.7047	0.269927	0.269927	-0.174546	
1.71612	1.71612	0.269577	0.269577	-0.17509	
1.72814	1.72814	0.269226	0.269226	-0.175633	
1.73995	1.73995	0.268873	0.268873	-0.176176	
1.7528	1.7528	0.26852	0.26852	-0.176717	
1.76695	1.76695	0.268165	0.268165	-0.177258	
1.78209	1.78209	0.26781	0.26781	-0.177799	
1.79714	1.79714	0.267453	0.267453	-0.178338	
1.81155	1.81155	0.267095	0.267095	-0.178877	
1.82534	1.82534	0.266737	0.266737	-0.179415	
1.83887	1.83887	0.266377	0.266377	-0.179952	
1.85209	1.85209	0.266016	0.266016	-0.180488	
1.86575	1.86575	0.265654	0.265654	-0.181024	
1.8803	1.8803	0.265291	0.265291	-0.181558	
1.8963	1.8963	0.264926	0.264926	-0.182092	
1.91268	1.91268	0.264561	0.264561	-0.182625	
1.92852	1.92852	0.264195	0.264195	-0.183158	
1.94381	1.94381	0.263827	0.263827	-0.183689	
1.95889	1.95889	0.263459	0.263459	-0.184219	
1.9745	1.9745	0.26309	0.26309	-0.184749	
1.99069	1.99069	0.262719	0.262719	-0.185278	
2.00669	2.00669	0.262347	0.262347	-0.185806	
2.02243	2.02243	0.261975	0.261975	-0.186333	
2.03834	2.03834	0.261601	0.261601	-0.186859	
2.05432	2.05432	0.261226	0.261226	-0.187384	
2.07142	2.07142	0.26085	0.26085	-0.187909	
2.08981	2.08981	0.260474	0.260474	-0.188432	
2.1074	2.1074	0.260096	0.260096	-0.188955	
2.12417	2.12417	0.259717	0.259717	-0.189477	
2.13943	2.13943	0.259337	0.259337	-0.189997	
2.15357	2.15357	0.258956	0.258956	-0.190517	
2.16643	2.16643	0.258574	0.258574	-0.191036	
2.17892	2.17892	0.25819	0.25819	-0.191554	
2.19066	2.19066	0.257806	0.257806	-0.192071	
2.20087	2.20087	0.257421	0.257421	-0.192587	
2.21019	2.21019	0.257035	0.257035	-0.193102	
2.21986	2.21986	0.256648	0.256648	-0.193616	
2.23079	2.23079	0.256259	0.256259	-0.194129	
2.24353	2.24353	0.25587	0.25587	-0.194641	
2.25891	2.25891	0.25548	0.25548	-0.195152	
2.27546	2.27546	0.255089	0.255089	-0.195662	
2.29241	2.29241	0.254696	0.254696	-0.196172	
2.30986	2.30986	0.254303	0.254303	-0.19668	
2.32733	2.32733	0.253908	0.253908	-0.197187	
2.34608	2.34608	0.253513	0.253513	-0.197693	
2.36426	2.36426	0.253117	0.253117	-0.198198	
2.3823	2.3823	0.252719	0.252719	-0.198702	
2.40096	2.40096	0.252321	0.252321	-0.199205	
2.42103	2.42103	0.251921	0.251921	-0.199707	
2.44257	2.44257	0.251521	0.251521	-0.200208	
2.46574	2.46574	0.25112	0.25112	-0.200707	
2.48873	2.48873	0.250717	0.250717	-0.201206	
2.51253	2.51253	0.250314	0.250314	-0.201704	
2.53476	2.53476	0.249909	0.249909	-0.2022	
2.55453	2.55453	0.249504	0.249504	-0.202696	
2.57304	2.57304	0.249098	0.249098	-0.20319	
2.59088	2.59088	0.24869	0.24869	-0.203683	
2.60709	2.60709	0.248282	0.248282	-0.204176	
2.62073	2.62073	0.247873	0.247873	-0.204667	
2.63345	2.63345	0.247462	0.247462	-0.205157	
2.64691	2.64691	0.247051	0.247051	-0.205645	
2.66161	2.66161	0.246639	0.246639	-0.206133	
2.67705	2.67705	0.246225	0.246225	-0.20662	
2.69244	2.69244	0.245811	0.245811	-0.207105	
2.70665	2.70665	0.245396	0.245396	-0.207589	
2.71861	2.71861	0.24498	0.24498	-0.208072	
2.72925	2.72925	0.244563	0.244563	-0.208554	
2.73877	2.73877	0.244145	0.244145	-0.209035	
2.74851	2.74851	0.243726	0.243726	-0.209515	
2.75802	2.75802	0.243306	0.243306	-0.209993	
2.77044	2.77044	0.242885	0.242885	-0.21047	
2.78479	2.78479	0.242463	0.242463	-0.210947	
2.8019	2.8019	0.24204	0.24204	-0.211421	
2.82203	2.82203	0.241616	0.241616	-0.211895	
2.8435	2.8435	0.241192	0.241192	-0.212367	
2.86434	2.86434	0.240766	0.240766	-0.212839	
2.88321	2.88053	0.240339	0.240116	-0.213309	
2.90185	2.8962	0.239912	0.239445	-0.213778	
2.92127	2.91166	0.239483	0.238695	-0.214245	
2.94221	2.92689	0.239054	0.237809	-0.214711	
2.96479	2.94192	0.238623	0.236782	-0.215176	
2.98749	2.95673	0.238192	0.23574	-0.21564	
3.0086	2.97134	0.23776	0.234815	-0.216103	
3.03025	2.98574	0.237327	0.233841	-0.216564	
3.04881	2.99994	0.236893	0.233095	-0.217024	
3.06629	3.01394	0.236458	0.23242	-0.217483	
3.0823	3.02774	0.236022	0.231844	-0.217941	
3.09699	3.04135	0.235585	0.231353	-0.218397	
3.11203	3.05477	0.235147	0.230821	-0.218852	
3.13025	3.06801	0.234709	0.230042	-0.219305	
3.15081	3.08106	0.234269	0.229083	-0.219758	
3.17111	3.09392	0.233829	0.228137	-0.220209	
3.18939	3.10661	0.233388	0.22733	-0.220658	
3.20635	3.11911	0.232945	0.226607	-0.221107	
3.21976	3.13145	0.232502	0.226125	-0.221554	
3.22917	3.14361	0.232058	0.225909	-0.222	
3.2363	3.1556	0.231613	0.225837	-0.222444	
3.24471	3.16742	0.231168	0.225661	-0.222887	
3.25593	3.17907	0.230721	0.225274	-0.223329	
3.27208	3.19057	0.230273	0.224537	-0.22377	
3.29055	3.2019	0.229825	0.223633	-0.224209	
3.30899	3.21307	0.229376	0.222727	-0.224646	
3.32824	3.22409	0.228925	0.221762	-0.225083	
3.34378	3.23495	0.228474	0.221039	-0.225518	
3.3592	3.24566	0.228023	0.220315	-0.225951	
3.37325	3.25622	0.22757	0.219675	-0.226383	
3.38851	3.26664	0.227116	0.218948	-0.226814	
3.40731	3.2769	0.226662	0.217986	-0.227244	
3.42962	3.28703	0.226206	0.216801	-0.227672	
3.45182	3.29701	0.22575	0.215625	-0.228099	
3.47536	3.30685	0.225293	0.214369	-0.228524	
3.49594	3.31655	0.224835	0.213298	-0.228948	
3.51353	3.32612	0.224376	0.212408	-0.22937	
3.52723	3.33556	0.223917	0.211749	-0.229791	
3.53788	3.34486	0.223456	0.211265	-0.230211	
3.54768	3.35403	0.222995	0.210823	-0.230629	
3.55926	3.36307	0.222533	0.210267	-0.231046	
3.57157	3.37199	0.22207	0.209661	-0.231461	
3.58594	3.38078	0.221606	0.208928	-0.231875	
3.60037	3.38945	0.221142	0.208187	-0.232287	
3.6133	3.398	0.220676	0.207527	-0.232698	
3.62245	3.40643	0.22021	0.207078	-0.233108	
3.62826	3.41474	0.219743	0.206812	-0.233516	
3.63577	3.42293	0.219275	0.206439	-0.233922	
3.64498	3.43101	0.218807	0.205962	-0.234327	
3.65799	3.43898	0.218337	0.205265	-0.234731	
3.67249	3.44683	0.217867	0.20448	-0.235133	
3.68773	3.45458	0.217396	0.203651	-0.235534	
3.70242	3.46221	0.216924	0.20285	-0.235933	
3.71241	3.46974	0.216451	0.202303	-0.236331	
3.71856	3.47716	0.215978	0.201957	-0.236727	
3.72402	3.48448	0.215504	0.201642	-0.237121	
3.73178	3.4917	0.215029	0.201195	-0.237515	
3.74256	3.49882	0.214553	0.20058	-0.237906	
3.75417	3.50583	0.214076	0.199915	-0.238296	
3.76321	3.51275	0.213599	0.199383	-0.238685	
3.7677	3.51957	0.213121	0.199085	-0.239072	
3.77217	3.5263	0.212642	0.198782	-0.239458	
3.7777	3.53293	0.212162	0.198415	-0.239842	
3.78769	3.53947	0.211682	0.197809	-0.240224	
3.8034	3.54592	0.2112	0.196903	-0.240605	
3.82289	3.55227	0.210719	0.195802	-0.240984	
3.84565	3.55854	0.210236	0.19454	-0.241362	
3.86827	3.56472	0.209752	0.193293	-0.241738	
3.88893	3.57082	0.209268	0.19215	-0.242113	
3.90733	3.57683	0.208783	0.191123	-0.242486	
3.9234	3.58275	0.208297	0.190212	-0.242858	
3.94031	3.58859	0.207811	0.189261	-0.243228	
3.95915	3.59435	0.207324	0.188221	-0.243596	
3.98195	3.60003	0.206836	0.186998	-0.243963	
4.00706	3.60563	0.206347	0.185675	-0.244328	
4.03173	3.61115	0.205858	0.184383	-0.244692	
4.05266	3.6166	0.205368	0.18327	-0.245054	
4.06838	3.62196	0.204877	0.182396	-0.245414	
4.08006	3.62726	0.204385	0.181703	-0.245773	
4.08889	3.63247	0.203893	0.181134	-0.24613	
4.09952	3.63762	0.2034	0.180483	-0.246486	
4.11109	3.64269	0.202906	0.179788	-0.24684	
4.12434	3.64769	0.202412	0.17902	-0.247192	
4.13609	3.65263	0.201917	0.178315	-0.247543	
4.14433	3.65749	0.201421	0.17776	-0.247892	
4.14823	3.66229	0.200925	0.177387	-0.24824	
4.15078	3.66701	0.200427	0.177068	-0.248586	
4.15312	3.67168	0.19993	0.176753	-0.24893	
4.15666	3.67627	0.199431	0.176382	-0.249272	
4.16059	3.6808	0.198932	0.175992	-0.249613	
4.16648	3.68527	0.198432	0.175514	-0.249952	
4.17131	3.68968	0.197931	0.175078	-0.25029	
4.17122	3.69402	0.19743	0.174844	-0.250626	
4.16798	3.69831	0.196928	0.174737	-0.25096	
4.16667	3.70253	0.196426	0.174545	-0.251293	
4.16639	3.7067	0.195922	0.174306	-0.251624	
4.16733	3.7108	0.195418	0.17401	-0.251953	
4.16924	3.71485	0.194914	0.173671	-0.252281	
4.17526	3.71884	0.194409	0.173157	-0.252607	
4.18277	3.72278	0.193903	0.172579	-0.252931	
4.19104	3.72666	0.193396	0.171967	-0.253253	
4.20055	3.73049	0.192889	0.171304	-0.253574	
4.21202	3.73426	0.192381	0.17056	-0.253893	
4.22774	3.73798	0.191873	0.169646	-0.254211	
4.2448	3.74165	0.191364	0.168681	-0.254527	
4.26233	3.74527	0.190854	0.167702	-0.254841	
4.27988	3.74883	0.190344	0.166726	-0.255153	
4.2934	3.75235	0.189833	0.16591	-0.255464	
4.30486	3.75582	0.189321	0.165175	-0.255772	
4.31619	3.75923	0.188809	0.164446	-0.25608	
4.32995	3.7626	0.188297	0.163624	-0.256385	
4.34839	3.76593	0.187783	0.16263	-0.256689	
4.36633	3.7692	0.187269	0.161659	-0.256991	
4.38335	3.77244	0.186755	0.160726	-0.257291	
4.39609	3.77562	0.186239	0.159953	-0.257589	
4.40641	3.77876	0.185724	0.159269	-0.257886	
4.4156	3.78186	0.185207	0.158626	-0.258181	
4.42323	3.78491	0.18469	0.158038	-0.258474	
4.43181	3.78793	0.184173	0.157415	-0.258766	
4.4439	3.79089	0.183655	0.156668	-0.259056	
4.45501	3.79382	0.183136	0.155956	-0.259344	
4.46516	3.79671	0.182617	0.155278	-0.25963	
4.47338	3.79955	0.182097	0.154668	-0.259914	
4.47663	3.80236	0.181576	0.154227	-0.260197	
4.48025	3.80513	0.181056	0.153773	-0.260478	
4.48228	3.80786	0.180534	0.15337	-0.260757	
4.48633	3.81055	0.180012	0.152896	-0.261035	
4.49485	3.8132	0.179489	0.152269	-0.26131	
4.5024	3.81581	0.178966	0.151675	-0.261584	
4.50931	3.81839	0.178442	0.151101	-0.261856	
4.51227	3.82093	0.177918	0.150659	-0.262126	
4.51302	3.82344	0.177393	0.150288	-0.262395	
4.51281	3.82591	0.176868	0.149947	-0.262661	
4.51047	3.82835	0.176342	0.149674	-0.262926	
4.50875	3.83075	0.175816	0.149378	-0.263189	
4.51104	3.83312	0.175289	0.148947	-0.263451	
4.51395	3.83546	0.174762	0.148493	-0.26371	
4.51475	3.83776	0.174234	0.148107	-0.263968	
4.51217	3.84003	0.173705	0.14783	-0.264223	
4.50532	3.84227	0.173176	0.14769	-0.264477	
4.49874	3.84448	0.172647	0.147538	-0.26473	
4.4939	3.84666	0.172117	0.147327	-0.26498	
4.49536	3.84881	0.171586	0.146908	-0.265229	
4.50092	3.85092	0.171055	0.146352	-0.265475	
4.50761	3.85301	0.170524	0.14576	-0.26572	
4.51601	3.85507	0.169992	0.145113	-0.265963	
4.52459	3.8571	0.16946	0.14446	-0.266204	
4.53426	3.8591	0.168927	0.143773	-0.266444	
4.54434	3.86107	0.168393	0.143074	-0.266681	
4.55447	3.86302	0.16786	0.142375	-0.266917	
4.56522	3.86493	0.167325	0.141658	-0.267151	
4.57685	3.86682	0.16679	0.140916	-0.267383	
4.58831	3.86869	0.166255	0.14018	-0.267613	
4.60088	3.87053	0.16572	0.139413	-0.267841	
4.61089	3.87234	0.165183	0.138725	-0.268068	
4.61902	3.87413	0.164647	0.138095	-0.268292	
4.62635	3.87589	0.16411	0.137489	-0.268515	
4.6336	3.87763	0.163572	0.136885	-0.268736	
4.64102	3.87934	0.163034	0.136277	-0.268955	
4.65163	3.88103	0.162496	0.135576	-0.269172	
4.66278	3.88269	0.161957	0.134862	-0.269387	
4.6716	3.88434	0.161418	0.134216	-0.269601	
4.67544	3.88596	0.160878	0.133713	-0.269812	
4.67584	3.88755	0.160338	0.133307	-0.270022	
4.67526	3.88913	0.159798	0.132928	-0.27023	
4.67883	3.89068	0.159257	0.13243	-0.270436	
4.68561	3.89221	0.158716	0.131841	-0.27064	
4.69427	3.89372	0.158174	0.131199	-0.270842	
4.70395	3.89521	0.157632	0.130531	-0.271042	
4.71386	3.89667	0.15709	0.129857	-0.27124	
4.71931	3.89812	0.156547	0.129307	-0.271437	
4.72162	3.89955	0.156003	0.128842	-0.271631	
4.72028	3.90095	0.15546	0.128476	-0.271824	
4.71668	3.90234	0.154916	0.128169	-0.272015	
4.71417	3.90371	0.154371	0.127832	-0.272204	
4.71309	3.90506	0.153827	0.127454	-0.272391	
4.71452	3.90638	0.153281	0.127007	-0.272576	
4.71714	3.90769	0.152736	0.126527	-0.272759	
4.71839	3.90899	0.15219	0.126083	-0.27294	
4.71569	3.91026	0.151644	0.125743	-0.273119	
4.7102	3.91152	0.151097	0.125476	-0.273297	
4.70474	3.91276	0.15055	0.125207	-0.273472	
4.70339	3.91398	0.150003	0.124827	-0.273646	
4.70513	3.91518	0.149455	0.124363	-0.273817	
4.7083	3.91637	0.148907	0.123861	-0.273987	
4.71394	3.91754	0.148359	0.123294	-0.274155	
4.72049	3.91869	0.14781	0.122704	-0.274321	
4.72578	3.91983	0.147261	0.122147	-0.274485	
4.73042	3.92096	0.146712	0.121607	-0.274647	
4.7353	3.92206	0.146162	0.121061	-0.274807	
4.74246	3.92315	0.145613	0.120456	-0.274965	
4.75405	3.92423	0.145062	0.119742	-0.275121	
4.76604	3.92529	0.144512	0.119019	-0.275276	
4.7797	3.92634	0.143961	0.118258	-0.275428	
4.79188	3.92737	0.14341	0.117537	-0.275579	
4.79938	3.92838	0.142858	0.116932	-0.275727	
4.80385	3.92939	0.142307	0.116402	-0.275874	
4.80591	3.93038	0.141755	0.11593	-0.276018	
4.81101	3.93135	0.141202	0.115384	-0.276161	
4.81657	3.93231	0.14065	0.114828	-0.276302	
4.82457	3.93326	0.140097	0.114215	-0.27644	
4.83239	3.93419	0.139544	0.113607	-0.276577	
4.83823	3.93511	0.13899	0.113046	-0.276712	
4.83881	3.93602	0.138436	0.112608	-0.276845	
4.83744	3.93692	0.137882	0.112215	-0.276976	
4.83299	3.9378	0.137328	0.111892	-0.277105	
4.83151	3.93867	0.136774	0.111499	-0.277232	
4.83297	3.93953	0.136219	0.111037	-0.277357	
4.83662	3.94038	0.135664	0.110525	-0.27748	
4.84373	3.94121	0.135109	0.109934	-0.277602	
4.85221	3.94204	0.134553	0.109314	-0.277721	
4.85843	3.94285	0.133998	0.108745	-0.277838	
4.86247	3.94365	0.133442	0.108227	-0.277953	
4.86511	3.94444	0.132886	0.107738	-0.278067	
4.86892	3.94521	0.132329	0.107225	-0.278178	
4.87437	3.94598	0.131773	0.106675	-0.278288	
4.87855	3.94674	0.131216	0.106153	-0.278395	
4.88394	3.94748	0.130659	0.105606	-0.2785	
4.88757	3.94822	0.130102	0.105097	-0.278604	
4.88893	3.94894	0.129544	0.104637	-0.278705	
4.8858	3.94966	0.128987	0.104272	-0.278805	
4.87825	3.95036	0.128429	0.104001	-0.278903	
4.86862	3.95106	0.127871	0.103772	-0.278998	
4.85988	3.95174	0.127313	0.103523	-0.279092	
4.85208	3.95242	0.126754	0.103252	-0.279183	
4.84536	3.95308	0.126196	0.102957	-0.279273	
4.84236	3.95374	0.125637	0.102582	-0.279361	
4.83976	3.95439	0.125078	0.102197	-0.279447	
4.83687	3.95503	0.124519	0.101817	-0.27953	
4.82999	3.95566	0.12396	0.101521	-0.279612	
4.82421	3.95628	0.123401	0.1012	-0.279692	
4.81992	3.95689	0.122841	0.100846	-0.27977	
4.81639	3.95749	0.122281	0.100475	-0.279845	
4.81616	3.95809	0.121722	0.100035	-0.279919	
4.82118	3.95868	0.121162	0.0994859	-0.279991	
4.82937	3.95925	0.120601	0.0988724	-0.280061	
4.84026	3.95982	0.120041	0.0982059	-0.280129	
4.85335	3.96039	0.119481	0.0974976	-0.280195	
4.86694	3.96094	0.11892	0.0967829	-0.280259	
4.87946	3.96149	0.11836	0.0960927	-0.28032	
4.8906	3.96203	0.117799	0.0954325	-0.28038	
4.90243	3.96256	0.117238	0.0947618	-0.280438	
4.91468	3.96308	0.116677	0.0940856	-0.280494	
4.9255	3.9636	0.116116	0.0934397	-0.280548	
4.93381	3.96411	0.115555	0.0928434	-0.2806	
4.93849	3.96461	0.114993	0.0923165	-0.28065	
4.94324	3.96511	0.114432	0.0917891	-0.280698	
4.94395	3.9656	0.113871	0.0913368	-0.280744	
4.94209	3.96608	0.113309	0.0909316	-0.280788	
4.93908	3.96655	0.112747	0.0905469	-0.28083	
4.93413	3.96702	0.112186	0.0901968	-0.28087	
4.92758	3.96748	0.111624	0.0898748	-0.280908	
4.91697	3.96794	0.111062	0.0896256	-0.280944	
4.9057	3.96839	0.1105	0.0893871	-0.280978	
4.89689	3.96883	0.109938	0.0891024	-0.28101	
4.88811	3.96927	0.109376	0.0888159	-0.28104	
4.87844	3.9697	0.108814	0.0885441	-0.281068	
4.8679	3.97012	0.108252	0.0882869	-0.281094	
4.8586	3.97054	0.107689	0.0880058	-0.281118	
4.85245	3.97095	0.107127	0.0876662	-0.28114	
4.84859	3.97136	0.106565	0.0872844	-0.28116	
4.84506	3.97176	0.106002	0.0868959	-0.281178	
4.84584	3.97215	0.10544	0.0864295	-0.281194	
4.85117	3.97254	0.104878	0.0858826	-0.281208	
4.85832	3.97293	0.104315	0.0853045	-0.28122	
4.86733	3.97331	0.103753	0.0846955	-0.28123	
4.8771	3.97368	0.10319	0.0840755	-0.281238	
4.88958	3.97405	0.102628	0.0834115	-0.281244	
4.89983	3.97441	0.102065	0.0827884	-0.281248	
4.90888	3.97477	0.101503	0.0821877	-0.28125	
4.91729	3.97512	0.10094	0.0815998	-0.28125	
4.92486	3.97547	0.100378	0.0810275	-0.281248	
4.93284	3.97582	0.0998152	0.0804499	-0.281244	
4.94204	3.97615	0.0992527	0.0798545	-0.281238	
4.95002	3.97649	0.0986902	0.0792806	-0.28123	
4.95564	3.97682	0.0981278	0.0787459	-0.28122	
4.95592	3.97714	0.0975654	0.0782966	-0.281208	
4.95129	3.97746	0.097003	0.0779243	-0.281194	
4.94498	3.97778	0.0964406	0.0775775	-0.281178	
4.93668	3.97809	0.0958783	0.0772609	-0.28116	
4.92899	3.9784	0.095316	0.0769337	-0.28114	
4.91948	3.9787	0.0947538	0.0766335	-0.281118	
4.91015	3.979	0.0941916	0.0763293	-0.281094	
4.89829	3.97929	0.0936295	0.076063	-0.281068	
4.88316	3.97958	0.0930674	0.0758462	-0.28104	
4.86778	3.97987	0.0925054	0.0756318	-0.28101	
4.85444	3.98015	0.0919434	0.0753842	-0.280978	
4.84298	3.98043	0.0913815	0.0751061	-0.280944	
4.83339	3.9807	0.0908197	0.0747977	-0.280908	
4.82614	3.98097	0.090258	0.0744516	-0.28087	
4.8202	3.98124	0.0896963	0.0740846	-0.28083	
4.81441	3.9815	0.0891348	0.0737142	-0.280788	
4.80573	3.98176	0.0885733	0.0733869	-0.280744	
4.79876	3.98201	0.0880119	0.0730323	-0.280698	
4.79516	3.98227	0.0874506	0.0726255	-0.28065	
4.79399	3.98251	0.0868894	0.0721817	-0.2806	
4.79624	3.98276	0.0863283	0.0716862	-0.280548	
4.8014	3.983	0.0857673	0.0711482	-0.280494	
4.80625	3.98324	0.0852064	0.0706158	-0.280438	
4.81115	3.98347	0.0846457	0.0700837	-0.28038	
4.81291	3.9837	0.084085	0.0695982	-0.28032	
4.81394	3.98393	0.0835245	0.0691234	-0.280259	
4.81616	3.98416	0.0829641	0.0686318	-0.280195	
4.82119	3.98438	0.0824038	0.068101	-0.280129	
4.83006	3.9846	0.0818437	0.0675176	-0.280061	
4.84254	3.98481	0.0812837	0.0668865	-0.279991	
4.8578	3.98503	0.0807239	0.0662207	-0.279919	
4.87461	3.98524	0.0801642	0.0655382	-0.279845	
4.89079	3.98544	0.0796047	0.0648689	-0.27977	
4.90497	3.98565	0.0790453	0.06423	-0.279692	
4.91794	3.98585	0.0784861	0.0636106	-0.279612	
4.92944	3.98604	0.077927	0.0630133	-0.27953	
4.93996	3.98624	0.0773681	0.0624312	-0.279447	
4.94821	3.98643	0.0768094	0.0618801	-0.279361	
4.95613	3.98662	0.0762508	0.0613349	-0.279273	
4.96398	3.98681	0.0756925	0.0607923	-0.279183	
4.97233	3.98699	0.0751343	0.0602454	-0.279092	
4.9837	3.98718	0.0745763	0.0596643	-0.278998	
4.99492	3.98736	0.0740185	0.0590876	-0.278903	
5.00475	3.98753	0.0734609	0.0585299	-0.278805	
5.01109	3.98771	0.0729035	0.0580148	-0.278705	
5.01533	3.98788	0.0723463	0.0575253	-0.278604	
5.01318	3.98805	0.0717893	0.0571093	-0.2785	
5.00659	3.98822	0.0712325	0.0567433	-0.278395	
4.99379	3.98838	0.0706759	0.0564466	-0.278288	
4.97909	3.98854	0.0701195	0.0561698	-0.278178	
4.96275	3.9887	0.0695634	0.0559102	-0.278067	
4.9443	3.98886	0.0690075	0.0556725	-0.277953	
4.92557	3.98902	0.0684518	0.0554364	-0.277838	
4.90723	3.98917	0.0678964	0.0551941	-0.277721	
4.88649	3.98932	0.0673412	0.0549773	-0.277602	
4.86573	3.98947	0.0667862	0.0547589	-0.27748	
4.84403	3.98962	0.0662315	0.0545494	-0.277357	
4.82286	3.98977	0.065677	0.0543321	-0.277232	
4.80179	3.98991	0.0651228	0.0541119	-0.277105	
4.78097	3.99005	0.0645689	0.0538872	-0.276976	
4.76576	3.99019	0.0640152	0.0535974	-0.276845	
4.7543	3.99033	0.0634618	0.053264	-0.276712	
4.74543	3.99046	0.0629086	0.0529003	-0.276577	
4.73934	3.9906	0.0623557	0.0525044	-0.27644	
4.73641	3.99073	0.0618031	0.0520731	-0.276302	
4.73853	3.99086	0.0612508	0.0515863	-0.276161	
4.74626	3.99099	0.0606988	0.0510397	-0.276018	
4.75441	3.99111	0.060147	0.0504907	-0.275874	
4.76497	3.99124	0.0595956	0.0499185	-0.275727	
4.77761	3.99136	0.0590444	0.0493275	-0.275579	
4.78827	3.99148	0.0584936	0.04876	-0.275428	
4.80198	3.9916	0.057943	0.0481646	-0.275276	
4.81722	3.99172	0.0573928	0.0475577	-0.275121	
4.83137	3.99183	0.0568428	0.0469654	-0.274965	
4.84805	3.99195	0.0562932	0.0463526	-0.274807	
4.86421	3.99206	0.0557439	0.045749	-0.274647	
4.88021	3.99217	0.055195	0.0451513	-0.274485	
4.89479	3.99228	0.0546463	0.0445706	-0.274321	
4.90563	3.99239	0.054098	0.044027	-0.274155	
4.91644	3.9925	0.05355	0.0434864	-0.273987	
4.92324	3.9926	0.0530024	0.0429833	-0.273817	
4.92631	3.9927	0.0524551	0.0425141	-0.273646	
4.92623	3.99281	0.0519082	0.0420726	-0.273472	
4.92153	3.99291	0.0513616	0.0416704	-0.273297	
4.91448	3.99301	0.0508153	0.0412873	-0.273119	
4.89853	3.9931	0.0502694	0.0409778	-0.27294	
4.88027	3.9932	0.0497239	0.0406858	-0.272759	
4.86035	3.9933	0.0491788	0.0404056	-0.272576	
4.83729	3.99339	0.048634	0.0401494	-0.272391	
4.81574	3.99348	0.0480896	0.0398786	-0.272204	
4.79669	3.99357	0.0475456	0.0395849	-0.272015	
4.77744	3.99366	0.0470019	0.0392908	-0.271824	
4.75779	3.99375	0.0464586	0.038998	-0.271631	
4.73691	3.99384	0.0459158	0.0387131	-0.271437	
4.71837	3.99393	0.0453733	0.0384069	-0.27124	
4.70633	3.99401	0.0448312	0.0380459	-0.271042	
4.6963	3.99409	0.0442895	0.0376672	-0.270842	
4.68827	3.99418	0.0437482	0.0372714	-0.27064	
4.68296	3.99426	0.0432074	0.0368531	-0.270436	
4.67828	3.99434	0.0426669	0.0364293	-0.27023	
4.67294	3.99442	0.0421269	0.0360099	-0.270022	
4.66637	3.9945	0.0415872	0.0355994	-0.269812	
4.66179	3.99457	0.041048	0.0351731	-0.269601	
4.6592	3.99465	0.0405093	0.0347314	-0.269387	
4.65733	3.99472	0.0399709	0.0342842	-0.269172	
4.65805	3.9948	0.039433	0.0338182	-0.268955	
4.66024	3.99487	0.0388955	0.0333422	-0.268736	
4.66408	3.99494	0.0383585	0.0328554	-0.268515	
4.66599	3.99501	0.0378219	0.0323831	-0.268292	
4.66744	3.99508	0.0372858	0.0319147	-0.268068	
4.67144	3.99515	0.0367501	0.0314298	-0.267841	
4.67619	3.99522	0.0362149	0.0309411	-0.267613	
4.68197	3.99529	0.0356801	0.0304471	-0.267383	
4.69018	3.99535	0.0351458	0.0299391	-0.267151	
4.6973	3.99542	0.034612	0.0294402	-0.266917	
4.70322	3.99548	0.0340786	0.0289505	-0.266681	
4.70807	3.99555	0.0335457	0.0284689	-0.266444	
4.71401	3.99561	0.0330133	0.0279822	-0.266204	
4.72274	3.99567	0.0324814	0.0274809	-0.265963	
4.73	3.99573	0.03195	0.0269901	-0.26572	
4.73496	3.99579	0.031419	0.0265142	-0.265475	
4.73597	3.99585	0.0308885	0.0260614	-0.265229	
4.72941	3.99591	0.0303586	0.0256502	-0.26498	
4.71561	3.99596	0.0298291	0.0252769	-0.26473	
4.70003	3.99602	0.0293002	0.0249113	-0.264477	
4.68271	3.99608	0.0287717	0.0245529	-0.264223	
4.66368	3.99613	0.0282438	0.024201	-0.263968	
4.64377	3.99619	0.0277164	0.0238512	-0.26371	
4.62376	3.99624	0.0271895	0.0234994	-0.263451	
4.60229	3.99629	0.0266631	0.0231523	-0.263189	
4.57828	3.99634	0.0261372	0.022815	-0.262926	
4.55332	3.99639	0.0256119	0.0224793	-0.262661	
4.531	3.99645	0.0250871	0.0221274	-0.262395	
4.51091	3.9965	0.0245629	0.0217618	-0.262126	
4.49245	3.99654	0.0240392	0.0213856	-0.261856	
4.47593	3.99659	0.023516	0.0209976	-0.261584	
4.4645	3.99664	0.0229934	0.0205838	-0.26131	
4.45596	3.99669	0.0224713	0.0201552	-0.261035	
4.44945	3.99673	0.0219498	0.0197165	-0.260757	
4.44624	3.99678	0.0214288	0.0192626	-0.260478	
4.44717	3.99682	0.0209084	0.0187911	-0.260197	
4.45382	3.99687	0.0203886	0.0182968	-0.259914	
4.4619	3.99691	0.0198693	0.0177987	-0.25963	
4.47174	3.99696	0.0193507	0.0172961	-0.259344	
4.48116	3.997	0.0188325	0.0167978	-0.259056	
4.49065	3.99704	0.018315	0.0163018	-0.258766	
4.49692	3.99708	0.0177981	0.0158198	-0.258474	
4.50497	3.99712	0.0172817	0.0153335	-0.258181	
4.51342	3.99716	0.0167659	0.0148482	-0.257886	
4.52216	3.9972	0.0162508	0.0143643	-0.257589	
4.52877	3.99724	0.0157362	0.0138893	-0.257291	
4.53457	3.99728	0.0152222	0.0134185	-0.256991	
4.53965	3.99732	0.0147088	0.0129516	-0.256689	
4.54275	3.99736	0.014196	0.0124917	-0.256385	
4.54424	3.99739	0.0136839	0.0120372	-0.25608	
4.5476	3.99743	0.0131723	0.0115787	-0.255772	
4.55059	3.99747	0.0126614	0.0111224	-0.255463	
4.55364	3.9975	0.0121511	0.0106671	-0.255153	
4.55643	3.99754	0.0116414	0.0102135	-0.254841	
4.55738	3.99757	0.0111324	0.00976492	-0.254527	
4.55539	3.9976	0.010624	0.0093231	-0.254211	
4.54965	3.99764	0.0101162	0.00888877	-0.253893	
4.53945	3.99767	0.00960901	0.00846219	-0.253574	
4.52544	3.9977	0.00910251	0.00804101	-0.253253	
4.50823	3.99774	0.00859665	0.00762319	-0.252931	
4.48912	3.99777	0.00809143	0.00720579	-0.252607	
4.46932	3.9978	0.00758687	0.00678645	-0.252281	
4.44628	3.99783	0.00708297	0.00636858	-0.251953	
4.41961	3.99786	0.00657972	0.00595184	-0.251624	
4.39369	3.99789	0.00607713	0.00552969	-0.251293	
4.36933	3.99792	0.00557521	0.0051013	-0.25096	
4.34702	3.99795	0.00507396	0.00466652	-0.250626	
4.32521	3.99798	0.00457338	0.00422737	-0.25029	
4.30262	3.99801	0.00407347	0.00378509	-0.249952	
4.28054	3.99803	0.00357425	0.00333836	-0.249613	
4.25851	3.99806	0.0030757	0.0028876	-0.249272	
4.23942	3.99809	0.00257784	0.0024311	-0.24893	
4.22537	3.99812	0.00208067	0.00196877	-0.248586	
4.21524	3.99814	0.00158419	0.0015026	-0.24824	
4.20919	3.99817	0.00108841	0.00103384	-0.247892	
4.20823	3.99819	0.000593323	0.00056371	-0.247543	
4.21087	3.99822	9.89381e-05	9.39417e-05	-0.247192	
4.21664	3.99824	-0.000394742	-0.000374296	-0.24684	
4.22377	3.99827	-0.000887714	-0.00084032	-0.246486	
4.23217	3.99829	-0.00137997	-0.00130371	-0.24613	
4.24388	3.99832	-0.00187152	-0.00176323	-0.245773	
4.25537	3.99834	-0.00236235	-0.00221966	-0.245414	
4.26713	3.99836	-0.00285246	-0.0026728	-0.245054	
4.28124	3.99839	-0.00334184	-0.00312105	-0.244692	
4.29359	3.99841	-0.0038305	-0.00356715	-0.244328	
4.30649	3.99843	-0.00431842	-0.00400951	-0.243963	
4.31959	3.99845	-0.00480561	-0.00444834	-0.243596	
4.33183	3.99847	-0.00529207	-0.00488482	-0.243228	
4.34407	3.9985	-0.00577779	-0.00531816	-0.242858	
4.3542	3.99852	-0.00626276	-0.00575117	-0.242486	
4.36247	3.99854	-0.00674698	-0.00618412	-0.242113	
4.36462	3.99856	-0.00723046	-0.00662404	-0.241738	
4.36078	3.99858	-0.00771319	-0.00707254	-0.241362	
4.35474	3.9986	-0.00819515	-0.00752494	-0.240984	
4.34407	3.99862	-0.00867636	-0.00798639	-0.240605	
4.33153	3.99864	-0.00915681	-0.00845307	-0.240224	
4.31751	3.99866	-0.00963649	-0.00892483	-0.239842	
4.3004	3.99868	-0.0101154	-0.00940569	-0.239458	
4.27877	3.99869	-0.0105936	-0.00990014	-0.239072	
4.25507	3.99871	-0.0110709	-0.0104039	-0.238685	
4.23112	3.99873	-0.0115475	-0.0109133	-0.238296	
4.20721	3.99875	-0.0120233	-0.0114276	-0.237906	
4.18277	3.99877	-0.0124984	-0.0119485	-0.237515	
4.16019	3.99878	-0.0129726	-0.0124693	-0.237121	
4.13715	3.9988	-0.0134461	-0.0129964	-0.236727	
4.11531	3.99882	-0.0139187	-0.0135247	-0.236331	
4.09295	3.99883	-0.0143906	-0.0140597	-0.235933	
4.07182	3.99885	-0.0148616	-0.0145953	-0.235534	
4.05566	3.99887	-0.0153319	-0.0151172	-0.235133	
4.04296	3.99888	-0.0158014	-0.0156291	-0.234731	
4.03264	3.9989	-0.01627	-0.0161339	-0.234327	
4.02827	3.99891	-0.0167379	-0.0166159	-0.233922	
4.02602	3.99893	-0.0172049	-0.0170891	-0.233516	
4.02235	3.99894	-0.0176711	-0.0175683	-0.233108	
4.0219	3.99896	-0.0181365	-0.0180331	-0.232698	
4.02103	3.99897	-0.0186011	-0.018499	-0.232287	
4.02134	3.99899	-0.0190648	-0.0189589	-0.231875	
4.02417	3.999	-0.0195278	-0.0194056	-0.231461	
4.02706	3.99901	-0.0199899	-0.0198507	-0.231046	
4.03176	3.99903	-0.0204511	-0.0202851	-0.230629	
4.03557	3.99904	-0.0209115	-0.0207223	-0.230211	
4.04016	3.99906	-0.0213711	-0.0211537	-0.229791	
4.04674	3.99907	-0.0218299	-0.0215727	-0.22937	
4.05249	3.99908	-0.0222878	-0.021994	-0.228948	
4.05809	3.99909	-0.0227448	-0.0224142	-0.228524	
4.0613	3.99911	-0.023201	-0.0228457	-0.228098	
4.06036	3.99912	-0.0236563	-0.0232995	-0.227672	
4.05757	3.99913	-0.0241108	-0.0237636	-0.227244	
4.05191	3.99914	-0.0245645	-0.0242445	-0.226814	
4.04388	3.99916	-0.0250172	-0.0247405	-0.226383	
4.03418	3.99917	-0.0254691	-0.0252481	-0.225951	
4.02208	3.99918	-0.0259202	-0.0257726	-0.225518	
4.01171	3.99919	-0.0263703	-0.0262881	-0.225083	
3.99846	3.99846	-0.0268196	-0.0268196	-0.224646	
3.98403	3.98403	-0.027268	-0.027268	-0.224209	
3.9663	3.9663	-0.0277156	-0.0277156	-0.22377	
3.94828	3.94828	-0.0281622	-0.0281622	-0.223329	
3.93128	3.93128	-0.028608	-0.028608	-0.222887	
3.91352	3.91352	-0.0290529	-0.0290529	-0.222444	
3.89517	3.89517	-0.0294969	-0.0294969	-0.222	
3.8774	3.8774	-0.02994	-0.02994	-0.221554	
3.85665	3.85665	-0.0303822	-0.0303822	-0.221107	
3.8341	3.8341	-0.0308235	-0.0308235	-0.220658	
3.81275	3.81275	-0.031264	-0.031264	-0.220209	
3.79375	3.79375	-0.0317035	-0.0317035	-0.219758	
3.77551	3.77551	-0.0321421	-0.0321421	-0.219305	
3.75964	3.75964	-0.0325798	-0.0325798	-0.218852	
3.74652	3.74652	-0.0330166	-0.0330166	-0.218397	
3.73459	3.73459	-0.0334525	-0.0334525	-0.217941	
3.72289	3.72289	-0.0338874	-0.0338874	-0.217483	
3.71521	3.71521	-0.0343215	-0.0343215	-0.217024	
3.71047	3.71047	-0.0347546	-0.0347546	-0.216564	
3.70495	3.70495	-0.0351868	-0.0351868	-0.216103	
3.69947	3.69947	-0.0356181	-0.0356181	-0.21564	
3.6925	3.6925	-0.0360484	-0.0360484	-0.215176	
3.68529	3.68529	-0.0364779	-0.0364779	-0.214711	
3.67824	3.67824	-0.0369064	-0.0369064	-0.214245	
3.67049	3.67049	-0.0373339	-0.0373339	-0.213777	
3.66369	3.66369	-0.0377605	-0.0377605	-0.213309	
3.65832	3.65832	-0.0381862	-0.0381862	-0.212839	
3.65331	3.65331	-0.0386109	-0.0386109	-0.212367	
3.64797	3.64797	-0.0390347	-0.0390347	-0.211895	
3.64044	3.64044	-0.0394576	-0.0394576	-0.211421	
3.62985	3.62985	-0.0398795	-0.0398795	-0.210946	
3.61708	3.61708	-0.0403004	-0.0403004	-0.21047	
3.60238	3.60238	-0.0407204	-0.0407204	-0.209993	
3.58817	3.58817	-0.0411394	-0.0411394	-0.209515	
3.57344	3.57344	-0.0415575	-0.0415575	-0.209035	
3.55769	3.55769	-0.0419746	-0.0419746	-0.208554	
3.54078	3.54078	-0.0423907	-0.0423907	-0.208072	
3.52125	3.52125	-0.0428059	-0.0428059	-0.207589	
3.50256	3.50256	-0.0432201	-0.0432201	-0.207105	
3.48309	3.48309	-0.0436334	-0.0436334	-0.20662	
3.46426	3.46426	-0.0440456	-0.0440456	-0.206133	
3.44491	3.44491	-0.0444569	-0.0444569	-0.205645	
3.42608	3.42608	-0.0448672	-0.0448672	-0.205157	
3.40662	3.40662	-0.0452766	-0.0452766	-0.204667	
3.38446	3.38446	-0.0456849	-0.0456849	-0.204176	
3.36027	3.36027	-0.0460923	-0.0460923	-0.203683	
3.33626	3.33626	-0.0464987	-0.0464987	-0.20319	
3.31417	3.31417	-0.0469041	-0.0469041	-0.202696	
3.29377	3.29377	-0.0473085	-0.0473085	-0.2022	
3.27299	3.27299	-0.0477119	-0.0477119	-0.201704	
3.25488	3.25488	-0.0481143	-0.0481143	-0.201206	
3.23732	3.23732	-0.0485157	-0.0485157	-0.200707	
3.21951	3.21951	-0.0489161	-0.0489161	-0.200208	
3.20318	3.20318	-0.0493155	-0.0493155	-0.199707	
3.18746	3.18746	-0.0497139	-0.0497139	-0.199205	
3.17401	3.17401	-0.0501113	-0.0501113	-0.198702	
3.16137	3.16137	-0.0505077	-0.0505077	-0.198198	
3.14973	3.14973	-0.0509031	-0.0509031	-0.197693	
3.13903	3.13903	-0.0512975	-0.0512975	-0.197187	
3.12955	3.12955	-0.0516909	-0.0516909	-0.19668	
3.12049	3.12049	-0.0520832	-0.0520832	-0.196172	
3.11331	3.11331	-0.0524745	-0.0524745	-0.195662	
3.10655	3.10655	-0.0528648	-0.0528648	-0.195152	
3.10042	3.10042	-0.0532541	-0.0532541	-0.194641	
3.09397	3.09397	-0.0536424	-0.0536424	-0.194129	
3.08594	3.08594	-0.0540296	-0.0540296	-0.193616	
3.0763	3.0763	-0.0544158	-0.0544158	-0.193102	
3.06346	3.06346	-0.054801	-0.054801	-0.192587	
3.04842	3.04842	-0.0551851	-0.0551851	-0.192071	
3.03273	3.03273	-0.0555682	-0.0555682	-0.191554	
3.0155	3.0155	-0.0559503	-0.0559503	-0.191036	
2.99836	2.99836	-0.0563313	-0.0563313	-0.190517	
2.98076	2.98076	-0.0567113	-0.0567113	-0.189997	
2.96297	2.96297	-0.0570903	-0.0570903	-0.189476	
2.9433	2.9433	-0.0574682	-0.0574682	-0.188955	
2.92144	2.92144	-0.0578451	-0.0578451	-0.188432	
2.89944	2.89944	-0.0582209	-0.0582209	-0.187909	
2.87753	2.87753	-0.0585956	-0.0585956	-0.187384	
2.85655	2.85655	-0.0589694	-0.0589694	-0.186859	
2.83601	2.83601	-0.059342	-0.059342	-0.186333	
2.8162	2.8162	-0.0597136	-0.0597136	-0.185806	
2.79658	2.79658	-0.0600842	-0.0600842	-0.185278	
2.77758	2.77758	-0.0604537	-0.0604537	-0.184749	
2.75681	2.75681	-0.0608221	-0.0608221	-0.184219	
2.7361	2.7361	-0.0611895	-0.0611895	-0.183689	
2.71487	2.71487	-0.0615558	-0.0615558	-0.183157	
2.69307	2.69307	-0.0619211	-0.0619211	-0.182625	
2.67324	2.67324	-0.0622853	-0.0622853	-0.182092	
2.65309	2.65309	-0.0626484	-0.0626484	-0.181558	
2.63471	2.63471	-0.0630104	-0.0630104	-0.181024	
2.61764	2.61764	-0.0633714	-0.0633714	-0.180488	
2.59897	2.59897	-0.0637313	-0.0637313	-0.179952	
2.58042	2.58042	-0.0640901	-0.0640901	-0.179415	
2.56214	2.56214	-0.0644479	-0.0644479	-0.178877	
2.54563	2.54563	-0.0648046	-0.0648046	-0.178338	
2.52944	2.52944	-0.0651602	-0.0651602	-0.177799	
2.51225	2.51225	-0.0655147	-0.0655147	-0.177258	
2.49698	2.49698	-0.0658681	-0.0658681	-0.176717	
2.48167	2.48167	-0.0662205	-0.0662205	-0.176175	
2.46624	2.46624	-0.0665717	-0.0665717	-0.175633	
2.45093	2.45093	-0.0669219	-0.0669219	-0.17509	
2.4365	2.4365	-0.067271	-0.067271	-0.174546	
2.42334	2.42334	-0.067619	-0.067619	-0.174001	
2.41216	2.41216	-0.0679659	-0.0679659	-0.173456	
2.40094	2.40094	-0.0683117	-0.0683117	-0.172909	
2.38944	2.38944	-0.0686565	-0.0686565	-0.172363	
2.37783	2.37783	-0.0690001	-0.0690001	-0.171815	
2.36502	2.36502	-0.0693426	-0.0693426	-0.171267	
2.35172	2.35172	-0.0696841	-0.0696841	-0.170718	
2.33609	2.33609	-0.0700244	-0.0700244	-0.170168	
2.32092	2.32092	-0.0703636	-0.0703636	-0.169618	
2.30681	2.30681	-0.0707018	-0.0707018	-0.169067	
2.29174	2.29174	-0.0710388	-0.0710388	-0.168515	
2.27703	2.27703	-0.0713747	-0.0713747	-0.167963	
2.26232	2.26232	-0.0717095	-0.0717095	-0.16741	
2.24675	2.24675	-0.0720432	-0.0720432	-0.166857	
2.23041	2.23041	-0.0723758	-0.0723758	-0.166303	
2.21089	2.21089	-0.0727073	-0.0727073	-0.165748	
2.19066	2.19066	-0.0730377	-0.0730377	-0.165193	
2.17052	2.17052	-0.073367	-0.073367	-0.164637	
2.15209	2.15209	-0.0736952	-0.0736952	-0.16408	
2.13373	2.13373	-0.0740222	-0.0740222	-0.163523	
2.11598	2.11598	-0.0743481	-0.0743481	-0.162965	
2.09761	2.09761	-0.074673	-0.074673	-0.162407	
2.08004	2.08004	-0.0749967	-0.0749967	-0.161848	
2.06312	2.06312	-0.0753192	-0.0753192	-0.161289	
2.0455	2.0455	-0.0756407	-0.0756407	-0.160729	
2.0271	2.0271	-0.075961	-0.075961	-0.160169	
2.00791	2.00791	-0.0762802	-0.0762802	-0.159608	
1.99066	1.99066	-0.0765983	-0.0765983	-0.159046	
1.97466	1.97466	-0.0769153	-0.0769153	-0.158484	
1.96139	1.96139	-0.0772311	-0.0772311	-0.157922	
1.94912	1.94912	-0.0775459	-0.0775459	-0.157359	
1.93787	1.93787	-0.0778595	-0.0778595	-0.156795	
1.92662	1.92662	-0.0781719	-0.0781719	-0.156231	
1.91629	1.91629	-0.0784833	-0.0784833	-0.155667	
1.90404	1.90404	-0.0787935	-0.0787935	-0.155102	
1.8917	1.8917	-0.0791025	-0.0791025	-0.154537	
1.87849	1.87849	-0.0794105	-0.0794105	-0.153971	
1.86636	1.86636	-0.0797173	-0.0797173	-0.153405	
1.85611	1.85611	-0.080023	-0.080023	-0.152838	
1.84615	1.84615	-0.0803275	-0.0803275	-0.152271	
1.83688	1.83688	-0.0806309	-0.0806309	-0.151703	
1.82754	1.82754	-0.0809332	-0.0809332	-0.151135	
1.81754	1.81754	-0.0812343	-0.0812343	-0.150567	
1.80803	1.80803	-0.0815343	-0.0815343	-0.149998	
1.79675	1.79675	-0.0818332	-0.0818332	-0.149429	
1.78569	1.78569	-0.0821309	-0.0821309	-0.14886	
1.77408	1.77408	-0.0824275	-0.0824275	-0.14829	
1.76356	1.76356	-0.0827229	-0.0827229	-0.14772	
1.75262	1.75262	-0.0830172	-0.0830172	-0.147149	
1.74237	1.74237	-0.0833104	-0.0833104	-0.146578	
1.73131	1.73131	-0.0836024	-0.0836024	-0.146007	
1.72003	1.72003	-0.0838932	-0.0838932	-0.145436	
1.70871	1.70871	-0.084183	-0.084183	-0.144864	
1.69686	1.69686	-0.0844716	-0.0844716	-0.144292	
1.68405	1.68405	-0.084759	-0.084759	-0.143719	
1.66904	1.66904	-0.0850453	-0.0850453	-0.143147	
1.65256	1.65256	-0.0853304	-0.0853304	-0.142574	
1.63544	1.63544	-0.0856144	-0.0856144	-0.142	
1.61788	1.61788	-0.0858973	-0.0858973	-0.141427	
1.60146	1.60146	-0.086179	-0.086179	-0.140853	
1.58466	1.58466	-0.0864596	-0.0864596	-0.140279	
1.56761	1.56761	-0.086739	-0.086739	-0.139705	
1.55056	1.55056	-0.0870172	-0.0870172	-0.13913	
1.53288	1.53288	-0.0872943	-0.0872943	-0.138555	
1.5152	1.5152	-0.0875703	-0.0875703	-0.13798	
1.49642	1.49642	-0.0878451	-0.0878451	-0.137405	
1.47626	1.47626	-0.0881188	-0.0881188	-0.13683	
1.45623	1.45623	-0.0883913	-0.0883913	-0.136254	
1.43677	1.43677	-0.0886626	-0.0886626	-0.135679	
1.41851	1.41851	-0.0889328	-0.0889328	-0.135103	
1.4018	1.4018	-0.0892019	-0.0892019	-0.134527	
1.38583	1.38583	-0.0894698	-0.0894698	-0.133951	
1.37101	1.37101	-0.0897365	-0.0897365	-0.133374	
1.35632	1.35632	-0.0900021	-0.0900021	-0.132798	
1.3422	1.3422	-0.0902666	-0.0902666	-0.132221	
1.32971	1.32971	-0.0905299	-0.0905299	-0.131644	
1.31733	1.31733	-0.090792	-0.090792	-0.131068	
1.30537	1.30537	-0.091053	-0.091053	-0.130491	
1.29281	1.29281	-0.0913128	-0.0913128	-0.129914	
1.27997	1.27997	-0.0915715	-0.0915715	-0.129337	
1.26744	1.26744	-0.091829	-0.091829	-0.12876	
1.25592	1.25592	-0.0920854	-0.0920854	-0.128182	
1.2442	1.2442	-0.0923406	-0.0923406	-0.127605	
1.23275	1.23275	-0.0925946	-0.0925946	-0.127028	
1.22155	1.22155	-0.0928475	-0.0928475	-0.126451	
1.21023	1.21023	-0.0930993	-0.0930993	-0.125873	
1.19871	1.19871	-0.0933499	-0.0933499	-0.125296	
1.18765	1.18765	-0.0935993	-0.0935993	-0.124719	
1.1768	1.1768	-0.0938476	-0.0938476	-0.124141	
1.16638	1.16638	-0.0940947	-0.0940947	-0.123564	
1.15526	1.15526	-0.0943407	-0.0943407	-0.122987	
1.1439	1.1439	-0.0945855	-0.0945855	-0.122409	
1.13198	1.13198	-0.0948292	-0.0948292	-0.121832	
1.11991	1.11991	-0.0950717	-0.0950717	-0.121255	
1.10826	1.10826	-0.095313	-0.095313	-0.120678	
1.09728	1.09728	-0.0955532	-0.0955532	-0.120101	
1.08748	1.08748	-0.0957923	-0.0957923	-0.119524	
1.07852	1.07852	-0.0960302	-0.0960302	-0.118947	
1.06886	1.06886	-0.0962669	-0.0962669	-0.11837	
1.05992	1.05992	-0.0965025	-0.0965025	-0.117793	
1.05013	1.05013	-0.0967369	-0.0967369	-0.117217	
1.04103	1.04103	-0.0969702	-0.0969702	-0.11664	
1.03238	1.03238	-0.0972024	-0.0972024	-0.116064	
1.02367	1.02367	-0.0974333	-0.0974333	-0.115488	
1.01533	1.01533	-0.0976632	-0.0976632	-0.114912	
1.00683	1.00683	-0.0978918	-0.0978918	-0.114336	
0.998188	0.998188	-0.0981193	-0.0981193	-0.113761	
0.98958	0.98958	-0.0983457	-0.0983457	-0.113185	
0.980792	0.980792	-0.0985709	-0.0985709	-0.11261	
0.972241	0.972241	-0.098795	-0.098795	-0.112035	
0.962752	0.962752	-0.0990179	-0.0990179	-0.11146	
0.953469	0.953469	-0.0992397	-0.0992397	-0.110885	
0.944138	0.944138	-0.0994603	-0.0994603	-0.110311	
0.93458	0.93458	-0.0996798	-0.0996798	-0.109737	
0.924545	0.924545	-0.0998981	-0.0998981	-0.109163	
0.914261	0.914261	-0.100115	-0.100115	-0.108589	
0.90356	0.90356	-0.100331	-0.100331	-0.108016	
0.892732	0.892732	-0.100546	-0.100546	-0.107443	
0.881619	0.881619	-0.10076	-0.10076	-0.10687	
0.870444	0.870444	-0.100973	-0.100973	-0.106297	
0.858503	0.858503	-0.101184	-0.101184	-0.105725	
0.846787	0.846787	-0.101394	-0.101394	-0.105153	
0.834585	0.834585	-0.101603	-0.101603	-0.104582	
0.822591	0.822591	-0.101811	-0.101811	-0.10401	
0.810923	0.810923	-0.102018	-0.102018	-0.10344	
0.799416	0.799416	-0.102224	-0.102224	-0.102869	
0.78804	0.78804	-0.102429	-0.102429	-0.102299	
0.776861	0.776861	-0.102632	-0.102632	-0.101729	
0.765027	0.765027	-0.102834	-0.102834	-0.10116	
0.752558	0.752558	-0.103036	-0.103036	-0.100591	
0.740237	0.740237	-0.103236	-0.103236	-0.100022	
0.727857	0.727857	-0.103435	-0.103435	-0.0994543	
0.715327	0.715327	-0.103632	-0.103632	-0.0988866	
0.70356	0.70356	-0.103829	-0.103829	-0.0983194	
0.692111	0.692111	-0.104025	-0.104025	-0.0977526	
0.680728	0.680728	-0.104219	-0.104219	-0.0971863	
0.669612	0.669612	-0.104412	-0.104412	-0.0966204	
0.657867	0.657867	-0.104604	-0.104604	-0.096055	
0.646534	0.646534	-0.104795	-0.104795	-0.0954902	
0.635058	0.635058	-0.104985	-0.104985	-0.0949258	
0.623463	0.623463	-0.105174	-0.105174	-0.094362	
0.612233	0.612233	-0.105361	-0.105361	-0.0937986	
0.601511	0.601511	-0.105548	-0.105548	-0.0932358	
0.59162	0.59162	-0.105733	-0.105733	-0.0926736	
0.582559	0.582559	-0.105917	-0.105917	-0.0921119	
0.57372	0.57372	-0.106101	-0.106101	-0.0915508	
0.566095	0.566095	-0.106283	-0.106283	-0.0909902	
0.558045	0.558045	-0.106463	-0.106463	-0.0904303	
0.55052	0.55052	-0.106643	-0.106643	-0.0898709	
0.543158	0.543158	-0.106822	-0.106822	-0.0893121	
0.535757	0.535757	-0.106999	-0.106999	-0.088754	
0.529036	0.529036	-0.107176	-0.107176	-0.0881965	
0.522521	0.522521	-0.107351	-0.107351	-0.0876396	
0.516969	0.516969	-0.107525	-0.107525	-0.0870834	
0.51165	0.51165	-0.107698	-0.107698	-0.0865279	
0.506954	0.506954	-0.10787	-0.10787	-0.085973	
0.502102	0.502102	-0.108041	-0.108041	-0.0854188	
0.49724	0.49724	-0.108211	-0.108211	-0.0848653	
0.49189	0.49189	-0.108379	-0.108379	-0.0843125	
0.486616	0.486616	-0.108547	-0.108547	-0.0837604	
0.480418	0.480418	-0.108713	-0.108713	-0.083209	
0.473697	0.473697	-0.108879	-0.108879	-0.0826584	
0.466848	0.466848	-0.109043	-0.109043	-0.0821085	
0.460094	0.460094	-0.109206	-0.109206	-0.0815594	
0.453621	0.453621	-0.109368	-0.109368	-0.081011	
0.447664	0.447664	-0.109529	-0.109529	-0.0804635	
0.441354	0.441354	-0.109689	-0.109689	-0.0799167	
0.435616	0.435616	-0.109847	-0.109847	-0.0793707	
0.429687	0.429687	-0.110005	-0.110005	-0.0788255	
0.423101	0.423101	-0.110162	-0.110162	-0.0782812	
0.416659	0.416659	-0.110317	-0.110317	-0.0777377	
0.409732	0.409732	-0.110471	-0.110471	-0.077195	
0.403159	0.403159	-0.110625	-0.110625	-0.0766532	
0.396402	0.396402	-0.110777	-0.110777	-0.0761123	
0.389429	0.389429	-0.110928	-0.110928	-0.0755722	
0.382473	0.382473	-0.111078	-0.111078	-0.0750331	
0.37532	0.37532	-0.111227	-0.111227	-0.0744948	
0.368209	0.368209	-0.111375	-0.111375	-0.0739574	
0.361046	0.361046	-0.111522	-0.111522	-0.073421	
0.353941	0.353941	-0.111668	-0.111668	-0.0728855	
0.347001	0.347001	-0.111812	-0.111812	-0.0723509	
0.340275	0.340275	-0.111956	-0.111956	-0.0718174	
0.332453	0.332453	-0.112099	-0.112099	-0.0712847	
0.32537	0.32537	-0.11224	-0.11224	-0.0707531	
0.318114	0.318114	-0.112381	-0.112381	-0.0702224	
0.31032	0.31032	-0.11252	-0.11252	-0.0696928	
0.303043	0.303043	-0.112658	-0.112658	-0.0691641	
0.295616	0.295616	-0.112796	-0.112796	-0.0686365	
0.287961	0.287961	-0.112932	-0.112932	-0.0681099	
0.280695	0.280695	-0.113067	-0.113067	-0.0675844	
0.273119	0.273119	-0.113201	-0.113201	-0.0670599	
0.265966	0.265966	-0.113334	-0.113334	-0.0665365	
0.258868	0.258868	-0.113466	-0.113466	-0.0660142	
0.252068	0.252068	-0.113597	-0.113597	-0.0654929	
0.24563	0.24563	-0.113727	-0.113727	-0.0649728	
0.239068	0.239068	-0.113856	-0.113856	-0.0644538	
0.232675	0.232675	-0.113984	-0.113984	-0.0639359	
0.226743	0.226743	-0.114111	-0.114111	-0.0634192	
0.22101	0.22101	-0.114237	-0.114237	-0.0629036	
0.215474	0.215474	-0.114361	-0.114361	-0.0623891	
0.210191	0.210191	-0.114485	-0.114485	-0.0618759	
0.205378	0.205378	-0.114608	-0.114608	-0.0613638	
0.200784	0.200784	-0.11473	-0.11473	-0.0608529	
0.196011	0.196011	-0.11485	-0.11485	-0.0603433	
0.191072	0.191072	-0.11497	-0.11497	-0.0598348	
0.186569	0.186569	-0.115089	-0.115089	-0.0593276	
0.182181	0.182181	-0.115206	-0.115206	-0.0588217	
0.177834	0.177834	-0.115323	-0.115323	-0.058317	
0.173534	0.173534	-0.115438	-0.115438	-0.0578135	
0.169384	0.169384	-0.115553	-0.115553	-0.0573113	
0.165621	0.165621	-0.115667	-0.115667	-0.0568105	
0.161587	0.161587	-0.115779	-0.115779	-0.0563109	
0.157572	0.157572	-0.115891	-0.115891	-0.0558127	
0.153666	0.153666	-0.116002	-0.116002	-0.0553157	
0.149436	0.149436	-0.116111	-0.116111	-0.0548201	
0.145577	0.145577	-0.11622	-0.11622	-0.0543259	
0.141775	0.141775	-0.116328	-0.116328	-0.053833	
0.137779	0.137779	-0.116434	-0.116434	-0.0533415	
0.134098	0.134098	-0.11654	-0.11654	-0.0528514	
0.130366	0.130366	-0.116645	-0.116645	-0.0523627	
0.126796	0.126796	-0.116748	-0.116748	-0.0518754	
0.123466	0.123466	-0.116851	-0.116851	-0.0513895	
0.120252	0.120252	-0.116953	-0.116953	-0.0509051	
0.117081	0.117081	-0.117054	-0.117054	-0.0504221	
0.113738	0.113738	-0.117154	-0.117154	-0.0499406	
0.110491	0.110491	-0.117253	-0.117253	-0.0494605	
0.107448	0.107448	-0.117351	-0.117351	-0.0489819	
0.104417	0.104417	-0.117448	-0.117448	-0.0485048	
0.1015	0.1015	-0.117544	-0.117544	-0.0480293	
0.0985612	0.0985612	-0.117639	-0.117639	-0.0475552	
0.09561	0.09561	-0.117733	-0.117733	-0.0470827	
0.0928975	0.0928975	-0.117826	-0.117826	-0.0466117	
0.0898166	0.0898166	-0.117918	-0.117918	-0.0461423	
0.0869668	0.0869668	-0.11801	-0.11801	-0.0456744	
0.0841609	0.0841609	-0.1181	-0.1181	-0.0452082	
0.0812112	0.0812112	-0.11819	-0.11819	-0.0447435	
0.0784421	0.0784421	-0.118278	-0.118278	-0.0442804	
0.0755517	0.0755517	-0.118366	-0.118366	-0.043819	
0.0726831	0.0726831	-0.118453	-0.118453	-0.0433592	
0.0697755	0.0697755	-0.118538	-0.118538	-0.042901	
0.0670067	0.0670067	-0.118623	-0.118623	-0.0424445	
0.0643242	0.0643242	-0.118707	-0.118707	-0.0419896	
0.0614897	0.0614897	-0.11879	-0.11879	-0.0415365	
0.0586946	0.0586946	-0.118873	-0.118873	-0.041085	
0.0560607	0.0560607	-0.118954	-0.118954	-0.0406353	
0.053478	0.053478	-0.119034	-0.119034	-0.0401872	
0.0510545	0.0510545	-0.119114	-0.119114	-0.0397409	
0.048705	0.048705	-0.119192	-0.119192	-0.0392963	
0.0463182	0.0463182	-0.11927	-0.11927	-0.0388535	
0.0440212	0.0440212	-0.119347	-0.119347	-0.0384125	
0.0417905	0.0417905	-0.119423	-0.119423	-0.0379732	
0.0395917	0.0395917	-0.119498	-0.119498	-0.0375358	
0.0374849	0.0374849	-0.119572	-0.119572	-0.0371001	
0.0353152	0.0353152	-0.119645	-0.119645	-0.0366663	
0.0332183	0.0332183	-0.119718	-0.119718	-0.0362343	
0.0312981	0.0312981	-0.119789	-0.119789	-0.0358041	
0.0293248	0.0293248	-0.11986	-0.11986	-0.0353758	
0.0275488	0.0275488	-0.11993	-0.11993	-0.0349494	
0.0256958	0.0256958	-0.119999	-0.119999	-0.0345249	
0.0240513	0.0240513	-0.120067	-0.120067	-0.0341022	
0.0225171	0.0225171	-0.120135	-0.120135	-0.0336815	
0.0210694	0.0210694	-0.120201	-0.120201	-0.0332627	
0.0197021	0.0197021	-0.120267	-0.120267	-0.0328458	
0.0183672	0.0183672	-0.120332	-0.120332	-0.0324309	
0.0170978	0.0170978	-0.120396	-0.120396	-0.032018	
0.0159488	0.0159488	-0.120459	-0.120459	-0.031607	
0.0148245	0.0148245	-0.120521	-0.120521	-0.031198	
0.0138284	0.0138284	-0.120583	-0.120583	-0.030791	
0.0129125	0.0129125	-0.120644	-0.120644	-0.030386	
0.0120201	0.0120201	-0.120704	-0.120704	-0.0299831	
0.0111845	0.0111845	-0.120763	-0.120763	-0.0295822	
0.0103518	0.0103518	-0.120821	-0.120821	-0.0291833	
0.00962401	0.00962401	-0.120879	-0.120879	-0.0287865	
0.00898012	0.00898012	-0.120936	-0.120936	-0.0283918	
0.00832738	0.00832738	-0.120992	-0.120992	-0.0279992	
0.00771642	0.00771642	-0.121047	-0.121047	-0.0276087	
0.00715594	0.00715594	-0.121101	-0.121101	-0.0272203	
0.00662505	0.00662505	-0.121155	-0.121155	-0.0268341	
0.00612633	0.00612633	-0.121208	-0.121208	-0.02645	
0.00557388	0.00557388	-0.12126	-0.12126	-0.026068	
0.00512463	0.00512463	-0.121311	-0.121311	-0.0256883	
0.00469046	0.00469046	-0.121362	-0.121362	-0.0253107	
0.00422344	0.00422344	-0.121412	-0.121412	-0.0249353	
0.0038086	0.0038086	-0.121461	-0.121461	-0.0245621	
0.00344962	0.00344962	-0.121509	-0.121509	-0.0241912	
0.00307764	0.00307764	-0.121557	-0.121557	-0.0238225	
0.00277226	0.00277226	-0.121604	-0.121604	-0.023456	
0.00248644	0.00248644	-0.12165	-0.12165	-0.0230919	
0.00214718	0.00214718	-0.121696	-0.121696	-0.02273	
0.00191751	0.00191751	-0.12174	-0.12174	-0.0223704	
0.00164037	0.00164037	-0.121784	-0.121784	-0.0220131	
0.0013987	0.0013987	-0.121828	-0.121828	-0.0216581	
0.00117999	0.00117999	-0.12187	-0.12187	-0.0213054	
0.000952766	0.000952766	-0.121912	-0.121912	-0.0209551	
0.000738221	0.000738221	-0.121953	-0.121953	-0.0206072	
0.000522723	0.000522723	-0.121994	-0.121994	-0.0202617	
0.000355547	0.000355547	-0.122034	-0.122034	-0.0199185	
0.000189457	0.000189457	-0.122073	-0.122073	-0.0195777	
3.1129e-05	3.1129e-05	-0.122111	-0.122111	-0.0192394	
-0.000139872	-0.000139872	-0.122149	-0.122149	-0.0189035	
-0.000253715	-0.000253715	-0.122186	-0.122186	-0.01857	
-0.000381248	-0.000381248	-0.122223	-0.122223	-0.018239	
-0.000504588	-0.000504588	-0.122259	-0.122259	-0.0179104	
-0.000612779	-0.000612779	-0.122294	-0.122294	-0.0175844	
-0.000728118	-0.000728118	-0.122328	-0.122328	-0.0172608	
-0.000820948	-0.000820948	-0.122362	-0.122362	-0.0169398	
-0.000924685	-0.000924685	-0.122395	-0.122395	-0.0166213	
-0.00100702	-0.00100702	-0.122428	-0.122428	-0.0163053	
-0.00107845	-0.00107845	-0.12246	-0.12246	-0.0159919	
-0.00119656	-0.00119656	-0.122491	-0.122491	-0.0156811	
-0.00127351	-0.00127351	-0.122522	-0.122522	-0.0153728	
-0.00135292	-0.00135292	-0.122552	-0.122552	-0.0150671	
-0.00144829	-0.00144829	-0.122582	-0.122582	-0.0147641	
-0.00150516	-0.00150516	-0.122611	-0.122611	-0.0144636	
-0.00156747	-0.00156747	-0.122639	-0.122639	-0.0141658	
-0.00160904	-0.00160904	-0.122667	-0.122667	-0.0138707	
-0.00165062	-0.00165062	-0.122694	-0.122694	-0.0135782	
-0.00172138	-0.00172138	-0.122721	-0.122721	-0.0132885	
-0.00178651	-0.00178651	-0.122747	-0.122747	-0.0130014	
-0.00185396	-0.00185396	-0.122772	-0.122772	-0.012717	
-0.00192901	-0.00192901	-0.122797	-0.122797	-0.0124353	
-0.00198539	-0.00198539	-0.122821	-0.122821	-0.0121564	
-0.00204549	-0.00204549	-0.122845	-0.122845	-0.0118802	
-0.00206475	-0.00206475	-0.122868	-0.122868	-0.0116068	
-0.00211227	-0.00211227	-0.122891	-0.122891	-0.0113362	
-0.00215979	-0.00215979	-0.122913	-0.122913	-0.0110684	
-0.00218249	-0.00218249	-0.122935	-0.122935	-0.0108034	
-0.00223014	-0.00223014	-0.122956	-0.122956	-0.0105412	
-0.00226478	-0.00226478	-0.122976	-0.122976	-0.0102818	
-0.00229687	-0.00229687	-0.122996	-0.122996	-0.0100253	
-0.00234321	-0.00234321	-0.123016	-0.123016	-0.0097717	
-0.00235296	-0.00235296	-0.123035	-0.123035	-0.00952095	
-0.00237689	-0.00237689	-0.123053	-0.123053	-0.0092731	
-0.00240517	-0.00240517	-0.123071	-0.123071	-0.00902816	
-0.00241803	-0.00241803	-0.123089	-0.123089	-0.00878614	
-0.00244191	-0.00244191	-0.123106	-0.123106	-0.00854706	
-0.00244376	-0.00244376	-0.123123	-0.123123	-0.00831094	
-0.00243865	-0.00243865	-0.123139	-0.123139	-0.00807778	
-0.00245311	-0.00245311	-0.123155	-0.123155	-0.00784761	
-0.00243695	-0.00243695	-0.12317	-0.12317	-0.00762043	
-0.00245551	-0.00245551	-0.123185	-0.123185	-0.00739627	
-0.00246925	-0.00246925	-0.123199	-0.123199	-0.00717513	
-0.00244695	-0.00244695	-0.123213	-0.123213	-0.00695704	
-0.00243298	-0.00243298	-0.123226	-0.123226	-0.006742	
-0.00239871	-0.00239871	-0.123239	-0.123239	-0.00653004	
-0.00238465	-0.00238465	-0.123252	-0.123252	-0.00632115	
-0.00237715	-0.00237715	-0.123264	-0.123264	-0.00611537	
-0.00234196	-0.00234196	-0.123276	-0.123276	-0.00591271	
-0.00231137	-0.00231137	-0.123288	-0.123288	-0.00571317	
-0.00227254	-0.00227254	-0.123299	-0.123299	-0.00551678	
-0.00223858	-0.00223858	-0.123309	-0.123309	-0.00532355	
-0.00221417	-0.00221417	-0.123319	-0.123319	-0.0051335	
-0.00216675	-0.00216675	-0.123329	-0.123329	-0.00494663	
-0.00211419	-0.00211419	-0.123339	-0.123339	-0.00476297	
-0.0020814	-0.0020814	-0.123348	-0.123348	-0.00458253	
-0.00203322	-0.00203322	-0.123357	-0.123357	-0.00440532	
-0.00198515	-0.00198515	-0.123365	-0.123365	-0.00423136	
-0.00192579	-0.00192579	-0.123373	-0.123373	-0.00406066	
-0.00186644	-0.00186644	-0.123381	-0.123381	-0.00389325	
-0.00182501	-0.00182501	-0.123389	-0.123389	-0.00372912	
-0.00177513	-0.00177513	-0.123396	-0.123396	-0.00356831	
-0.00171314	-0.00171314	-0.123403	-0.123403	-0.00341082	
-0.00166594	-0.00166594	-0.123409	-0.123409	-0.00325667	
-0.00161156	-0.00161156	-0.123415	-0.123415	-0.00310587	
-0.00156107	-0.00156107	-0.123421	-0.123421	-0.00295845	
-0.00149949	-0.00149949	-0.123427	-0.123427	-0.00281441	
-0.00143516	-0.00143516	-0.123432	-0.123432	-0.00267377	
-0.00137913	-0.00137913	-0.123437	-0.123437	-0.00253654	
-0.00132582	-0.00132582	-0.123442	-0.123442	-0.00240274	
-0.00126727	-0.00126727	-0.123447	-0.123447	-0.00227239	
-0.00120965	-0.00120965	-0.123451	-0.123451	-0.0021455	
-0.00115628	-0.00115628	-0.123455	-0.123455	-0.00202209	
-0.00110439	-0.00110439	-0.123459	-0.123459	-0.00190216	
-0.00104444	-0.00104444	-0.123462	-0.123462	-0.00178575	
-0.000986884	-0.000986884	-0.123466	-0.123466	-0.00167285	
-0.000936727	-0.000936727	-0.123469	-0.123469	-0.0015635	
-0.000881832	-0.000881832	-0.123472	-0.123472	-0.00145769	
-0.000828754	-0.000828754	-0.123474	-0.123474	-0.00135546	
-0.000776318	-0.000776318	-0.123477	-0.123477	-0.0012568	
-0.000726325	-0.000726325	-0.123479	-0.123479	-0.00116175	
-0.000676191	-0.000676191	-0.123481	-0.123481	-0.00107031	
-0.000622055	-0.000622055	-0.123483	-0.123483	-0.000982499	
-0.000573522	-0.000573522	-0.123485	-0.123485	-0.000898334	
-0.000526623	-0.000526623	-0.123487	-0.123487	-0.000817831	
-0.000481341	-0.000481341	-0.123488	-0.123488	-0.000741004	
-0.000435875	-0.000435875	-0.12349	-0.12349	-0.000667869	
-0.000392692	-0.000392692	-0.123491	-0.123491	-0.000598442	
-0.000352784	-0.000352784	-0.123492	-0.123492	-0.000532738	
-0.000313874	-0.000313874	-0.123493	-0.123493	-0.000470773	
-0.000275796	-0.000275796	-0.123494	-0.123494	-0.000412563	
-0.000240609	-0.000240609	-0.123494	-0.123494	-0.000358123	
-0.00020801	-0.00020801	-0.123495	-0.123495	-0.000307468	
-0.000177409	-0.000177409	-0.123496	-0.123496	-0.000260616	
-0.000148777	-0.000148777	-0.123496	-0.123496	-0.000217581	
-0.000122093	-0.000122093	-0.123496	-0.123496	-0.000178379	
-9.83103e-05	-9.83103e-05	-0.123497	-0.123497	-0.000143026	
-7.70627e-05	-7.70627e-05	-0.123497	-0.123497	-0.000111537	
-5.80199e-05	-5.80199e-05	-0.123497	-0.123497	-8.39298e-05	
-4.16043e-05	-4.16043e-05	-0.123497	-0.123497	-6.02186e-05	
-2.78467e-05	-2.78467e-05	-0.123497	-0.123497	-4.04198e-05	
-1.69222e-05	-1.69222e-05	-0.123497	-0.123497	-2.45492e-05	
-8.71318e-06	-8.71318e-06	-0.123497	-0.123497	-1.26227e-05	
-3.21145e-06	-3.21145e-06	-0.123497	-0.123497	-4.65625e-06	
-4.58352e-07	-4.58352e-07	-0.123497	-0.123497	-6.65858e-07	
0	0	-0.123497	-0.123497	0	
0	0	-0.123497	-0.123497	0	
0	0	-0.123497	-0.123497	0	
0	0	-0.123497	-0.123497	0	
0	0	-0.123497	-0.123497	0	
0	0	-0.123497	-0.123497	0	
0	0	-0.123497	-0.123497	0	
0	0	-0.123497	-0.123497	0	
0	0	-0.123497	-0.123497	0	
0	0	-0.123497	-0.123497	0	
0	0	-0.123497	-0.123497	0	
0	0	-0.123497	-0.123497	0	
0	0	-0.123497	-0.123497	0	
0	0	-0.123497	-0.123497	0	
0	0	-0.123497	-0.123497	0	
0	0	-0.123497	-0.123497	0	
0	0	-0.123497	-0.123497	0	
0	0	-0.123497	-0.123497	0	
0	0	-0.123497	-0.123497	0	
0	0	-0.123497	-0.123497	0	
0	0	-0.123497	-0.123497	0	
0	0	-0.123497	-0.123497	0	
0	0	-0.123497	-0.123497	0	
0	0	-0.123497	-0.123497	0	
0	0	-0.123497	-0.123497	0	
0	0	-0.123497	-0.123497	0	
0	0	-0.123497	-0.123497	0	
0	0	-0.123497	-0.123497	0	
0	0	-0.123497	-0.123497	0	
0	0	-0.123497	-0.123497	0	
0	0	-0.123497	-0.123497	0	
0	0	-0.123497	-0.123497	0	
0	0	-0.123497	-0.123497	0	
0	0	-0.123497	-0.123497	0	
0	0	-0.123497	-0.123497	0	
0	0	-0.123497	-0.123497	0	
0	0	-0.123497	-0.123497	0	
0	0	-0.123497	-0.123497	0	
0	0	-0.123497	-0.123497	0	
0	0	-0.123497	-0.123497	0	
0	0	-0.123497	-0.123497	0	
0	0	-0.123497	-0.123497	0	
0	0	-0.123497	-0.123497	0	
0	0	-0.123497	-0.123497	0	
0	0	-0.123497	-0.123497	0	
0	0	-0.123497	-0.123497	0	
0	0	-0.123497	-0.123497	0	
0	0	-0.123497	-0.123497	0	
0	0	-0.123497	-0.123497	0	
0	0	-0.123497	-0.123497	0	
0	0	-0.123497	-0.123497	0	
0	0	-0.123497	-0.123497	0	
0	0	-0.123497	-0.123497	0	
0	0	-0.123497	-0.123497	0	
0	0	-0.123497	-0.123497	0	
0	0	-0.123497	-0.123497	0	
0	0	-0.123497	-0.123497	0	
0	0	-0.123497	-0.123497	0	
0	0	-0.123497	-0.123497	0	
0	0	-0.123497	-0.123497	0	
0	0	-0.123497	-0.123497	0	
0	0	-0.123497	-0.123497	0	
0	0	-0.123497	-0.123497	0	
0	0	-0.123497	-0.123497	0	
0	0	-0.123497	-0.123497	0	
0	0	-0.123497	-0.123497	0	
0	0	-0.123497	-0.123497	0	
0	0	-0.123497	-0.123497	0	
0	0	-0.123497	-0.123497	0	
0	0	-0.123497	-0.123497	0	
0	0	-0.123497	-0.123497	0	
0	0	-0.123497	-0.123497	0	
0	0	-0.123497	-0.123497	0	
0	0	-0.123497	-0.123497	0	
0	0	-0.123497	-0.123497	0	
0	0	-0.123497	-0.123497	0	
0	0	-0.123497	-0.123497	0	
0	0	-0.123497	-0.123497	0	
0	0	-0.123497	-0.123497	0	
0	0	-0.123497	-0.123497	0	
0	0	-0.123497	-0.123497	0	
0	0	-0.123497	-0.123497	0	
0	0	-0.123497	-0.123497	0	
0	0	-0.123497	-0.123497	0	
0	0	-0.123497	-0.123497	0	
0	0	-0.123497	-0.123497	0	
0	0	-0.123497	-0.123497	0	
0	0	-0.123497	-0.123497	0	
0	0	-0.123497	-0.123497	0	
0	0	-0.123497	-0.123497	0	
0	0	-0.123497	-0.123497	0	
0	0	-0.123497	-0.123497	0	
0	0	-0.123497	-0.123497	0	
0	0	-0.123497	-0.123497	0	
0	0	-0.123497	-0.123497	0	
0	0	-0.123497	-0.123497	0	
0	0	-0.123497	-0.123497	0	
0	0	-0.123497	-0.123497	0	
0	0	-0.123497	-0.123497	0	
0	0	-0.123497	-0.123497	0	
0	0	-0.123497	-0.123497	0	
0	0	-0.123497	-0.123497	0	
0	0	-0.123497	-0.123497	0	
0	0	-0.123497	-0.123497	0	
0	0	-0.123497	-0.123497	0	
0	0	-0.123497	-0.123497	0	
0	0	-0.123497	-0.123497	0	
0	0	-0.123497	-0.123497	0	
0	0	-0.123497	-0.123497	0	
0	0	-0.123497	-0.123497	0	
0	0	-0.123497	-0.123497	0	
0	0	-0.123497	-0.123497	0	
0	0	-0.123497	-0.123497	0	
0	0	-0.123497	-0.123497	0	
0	0	-0.123497	-0.123497	0	
0	0	-0.123497	-0.123497	0	
0	0	-0.123497	-0.123497	0	
0	0	-0.123497	-0.123497	0	
0	0	-0.123497	-0.123497	0	
0	0	-0.123497	-0.123497	0	
0	0	-0.123497	-0.123497	0	
0	0	-0.123497	-0.123497	0	
0	0	-0.123497	-0.123497	0	
0	0	-0.123497	-0.123497	0	
0	0	-0.123497	-0.123497	0	
0	0	-0.123497	-0.123497	0	
0	0	-0.123497	-0.123497	0	
0	0	-0.123497	-0.123497	0	
0	0	-0.123497	-0.123497	0	
0	0	-0.123497	-0.123497	0	
0	0	-0.123497	-0.123497	0	
0	0	-0.123497	-0.123497	0	
0	0	-0.123497	-0.123497	0	
0	0	-0.123497	-0.123497	0	
0	0	-0.123497	-0.123497	0	
0	0	-0.123497	-0.123497	0	
0	0	-0.123497	-0.123497	0	
0	0	-0.123497	-0.123497	0	
0	0	-0.123497	-0.123497	0	
0	0	-0.123497	-0.123497	0	
0	0	-0.123497	-0.123497	0	
0	0	-0.123497	-0.123497	0	
0	0	-0.123497	-0.123497	0	
0	0	-0.123497	-0.123497	0	
0	0	-0.123497	-0.123497	0	
0	0	-0.123497	-0.123497	0	
0	0	-0.123497	-0.123497	0	
0	0	-0.123497	-0.123497	0	
0	0	-0.123497	-0.123497	0	
0	0	-0.123497	-0.123497	0	
0	0	-0.123497	-0.123497	0	
0	0	-0.123497	-0.123497	0	
0	0	-0.123497	-0.123497	0	
0	0	-0.123497	-0.123497	0	
0	0	-0.123497	-0.123497	0	
0	0	-0.123497	-0.123497	0	
0	0	-0.123497	-0.123497	0	
0	0	-0.123497	-0.123497	0	
0	0	-0.123497	-0.123497	0	
0	0	-0.123497	-0.123497	0	
0	0	-0.123497	-0.123497	0	
0	0	-0.123497	-0.123497	0	
0	0	-0.123497	-0.123497	0	
0	0	-0.123497	-0.123497	0	
0	0	-0.123497	-0.123497	0	
0	0	-0.123497	-0.123497	0	
0	0	-0.123497	-0.123497	0	
0	0	-0.123497	-0.123497	0	
0	0	-0.123497	-0.123497	0	
0	0	-0.123497	-0.123497	0	
0	0	-0.123497	-0.123497	0	
0	0	-0.123497	-0.123497	0	
0	0	-0.123497	-0.123497	0	
0	0	-0.123497	-0.123497	0	
0	0	-0.123497	-0.123497	0	
0	0	-0.123497	-0.123497	0	
0	0	-0.123497	-0.123497	0	
0	0	-0.123497	-0.123497	0	
0	0	-0.123497	-0.123497	0	
0	0	-0.123497	-0.123497	0	
0	0	-0.123497	-0.123497	0	
0	0	-0.123497	-0.123497	0	
0	0	-0.123497	-0.123497	0	
0	0	-0.123497	-0.123497	0	
0	0	-0.123497	-0.123497	0	
0	0	-0.123497	-0.123497	0	
0	0	-0.123497	-0.123497	0	
0	0	-0.123497	-0.123497	0	
0	0	-0.123497	-0.123497	0	
0	0	-0.123497	-0.123497	0	
0	0	-0.123497	-0.123497	0	
0	0	-0.123497	-0.123497	0	
0	0	-0.123497	-0.123497	0	
0	0	-0.123497	-0.123497	0	
0	0	-0.123497	-0.123497	0	
0	0	-0.123497	-0.123497	0	
0	0	-0.123497	-0.123497	0	
0	0	-0.123497	-0.123497	0	
0	0	-0.123497	-0.123497	0	
0	0	-0.123497	-0.123497	0	
0	0	-0.123497	-0.123497	0	
0	0	-0.123497	-0.123497	0	
0	0	-0.123497	-0.123497	0	
0	0	-0.123497	-0.123497	0	
0	0	-0.123497	-0.123497	0	
0	0	-0.123497	-0.123497	0	
0	0	-0.123497	-0.123497	0	
0	0	-0.123497	-0.123497	0	
0	0	-0.123497	-0.123497	0	
0	0	-0.123497	-0.123497	0	
0	0	-0.123497	-0.123497	0	
0	0	-0.123497	-0.123497	0	
0	0	-0.123497	-0.123497	0	
0	0	-0.123497	-0.123497	0	
0	0	-0.123497	-0.123497	0	
0	0	-0.123497	-0.123497	0	
0	0	-0.123497	-0.123497	0	
0	0	-0.123497	-0.123497	0	
0	0	-0.123497	-0.123497	0	
0	0	-0.123497	-0.123497	0	
0	0	-0.123497	-0.123497	0	
0	0	-0.123497	-0.123497	0	
0	0	-0.123497	-0.123497	0	
0	0	-0.123497	-0.123497	0	
0	0	-0.123497	-0.123497	0	
0	0	-0.123497	-0.123497	0	
0	0	-0.123497	-0.123497	0	
0	0	-0.123497	-0.123497	0	
0	0	-0.123497	-0.123497	0	
0	0	-0.123497	-0.123497	0	
0	0	-0.123497	-0.123497	0	
0	0	-0.123497	-0.123497	0	
0	0	-0.123497	-0.123497	0	
0	0	-0.123497	-0.123497	0	
0	0	-0.123497	-0.123497	0	
0	0	-0.123497	-0.123497	0	
0	0	-0.123497	-0.123497	0	
0	0	-0.123497	-0.123497	0	
0	0	-0.123497	-0.123497	0	
0	0	-0.123497	-0.123497	0	
0	0	-0.123497	-0.123497	0	
0	0	-0.123497	-0.123497	0	
0	0	-0.123497	-0.123497	0	
0	0	-0.123497	-0.123497	0	
0	0	-0.123497	-0.123497	0	
0	0	-0.123497	-0.123497	0	
0	0	-0.123497	-0.123497	0	
0	0	-0.123497	-0.123497	0	
0	0	-0.123497	-0.123497	0	
0	0	-0.123497	-0.123497	0	
0	0	-0.123497	-0.123497	0	
0	0	-0.123497	-0.123497	0	
0	0	-0.123497	-0.123497	0	
0	0	-0.123497	-0.123497	0	
0	0	-0.123497	-0.123497	0	
0	0	-0.123497	-0.123497	0	
0	0	-0.123497	-0.123497	0	
0	0	-0.123497	-0.123497	0	
0	0	-0.123497	-0.123497	0	
0	0	-0.123497	-0.123497	0	
0	0	-0.123497	-0.123497	0	
0	0	-0.123497	-0.123497	0	
0	0	-0.123497	-0.123497	0	
0	0	-0.123497	-0.123497	0	
0	0	-0.123497	-0.123497	0	
0	0	-0.123497	-0.123497	0	
0	0	-0.123497	-0.123497	0	
0	0	-0.123497	-0.123497	0	
0	0	-0.123497	-0.123497	0	
0	0	-0.123497	-0.123497	0	
0	0	-0.123497	-0.123497	0	
0	0	-0.123497	-0.123497	0	
0	0	-0.123497	-0.123497	0	
0	0	-0.123497	-0.123497	0	
0	0	-0.123497	-0.123497	0	
0	0	-0.123497	-0.123497	0	
0	0	-0.123497	-0.123497	0	
0	0	-0.123497	-0.123497	0	
0	0	-0.123497	-0.123497	0	
0	0	-0.123497	-0.123497	0	
0	0	-0.123497	-0.123497	0	
0	0	-0.123497	-0.123497	0	
0	0	-0.123497	-0.123497	0	
0	0	-0.123497	-0.123497	0	
0	0	-0.123497	-0.123497	0	
0	0	-0.123497	-0.123497	0	
0	0	-0.123497	-0.123497	0	
0	0	-0.123497	-0.123497	0	
0	0	-0.123497	-0.123497	0	
0	0	-0.123497	-0.123497	0	
0	0	-0.123497	-0.123497	0	
0	0	-0.123497	-0.123497	0	
0	0	-0.123497	-0.123497	0	
0	0	-0.123497	-0.123497	0	
0	0	-0.123497	-0.123497	0	
0	0	-0.123497	-0.123497	0	
0	0	-0.123497	-0.123497	0	
0	0	-0.123497	-0.123497	0	
0	0	-0.123497	-0.123497	0	
0	0	-0.123497	-0.123497	0	
0	0	-0.123497	-0.123497	0	
0	0	-0.123497	-0.123497	0	
0	0	-0.123497	-0.123497	0	
0	0	-0.123497	-0.123497	0	
0	0	-0.123497	-0.123497	0	
0	0	-0.123497	-0.123497	0	
0	0	-0.123497	-0.123497	0	
0	0	-0.123497	-0.123497	0	
0	0	-0.123497	-0.123497	0	
0	0	-0.123497	-0.123497	0	
0	0	-0.123497	-0.123497	0	
0	0	-0.123497	-0.123497	0	
0	0	-0.123497	-0.123497	0	
0	0	-0.123497	-0.123497	0	
0	0	-0.123497	-0.123497	0	
0	0	-0.123497	-0.123497	0	
0	0	-0.123497	-0.123497	0	
0	0	-0.123497	-0.123497	0	
0	0	-0.123497	-0.123497	0	
0	0	-0.123497	-0.123497	0	
0	0	-0.123497	-0.123497	0	
0	0	-0.123497	-0.123497	0	
0	0	-0.123497	-0.123497	0	
0	0	-0.123497	-0.123497	0	
0	0	-0.123497	-0.123497	0	
0	0	-0.123497	-0.123497	0	
0	0	-0.123497	-0.123497	0	
0	0	-0.123497	-0.123497	0	
0	0	-0.123497	-0.123497	0	
0	0	-0.123497	-0.123497	0	
0	0	-0.123497	-0.123497	0	
0	0	-0.123497	-0.123497	0	
0	0	-0.123497	-0.123497	0	
0	0	-0.123497	-0.123497	0	
0	0	-0.123497	-0.123497	0	
0	0	-0.123497	-0.123497	0	
0	0	-0.123497	-0.123497	0	
0	0	-0.123497	-0.123497	0	
0	0	-0.123497	-0.123497	0	
0	0	-0.123497	-0.123497	0	
0	0	-0.123497	-0.123497	0	
0	0	-0.123497	-0.123497	0	
0	0	-0.123497	-0.123497	0	
0	0	-0.123497	-0.123497	0	
0	0	-0.123497	-0.123497	0	
0	0	-0.123497	-0.123497	0	
0	0	-0.123497	-0.123497	0	
0	0	-0.123497	-0.123497	0	
0	0	-0.123497	-0.123497	0	
0	0	-0.123497	-0.123497	0	
0	0	-0.123497	-0.123497	0	
0	0	-0.123497	-0.123497	0	
0	0	-0.123497	-0.123497	0	
0	0	-0.123497	-0.123497	0	
0	0	-0.123497	-0.123497	0	
0	0	-0.123497	-0.123497	0	
0	0	-0.123497	-0.123497	0	
0	0	-0.123497	-0.123497	0	
0	0	-0.123497	-0.123497	0	
0	0	-0.123497	-0.123497	0	
0	0	-0.123497	-0.123497	0	
0	0	-0.123497	-0.123497	0	
0	0	-0.123497	-0.123497	0	
0	0	-0.123497	-0.123497	0	
0	0	-0.123497	-0.123497	0	
0	0	-0.123497	-0.123497	0	
0	0	-0.123497	-0.123497	0	
0	0	-0.123497	-0.123497	0	
0	0	-0.123497	-0.123497	0	
0	0	-0.123497	-0.123497	0	
0	0	-0.123497	-0.123497	0	
0	0	-0.123497	-0.123497	0	
0	0	-0.123497	-0.123497	0	
0	0	-0.123497	-0.123497	0	
0	0	-0.123497	-0.123497	0	
0	0	-0.123497	-0.123497	0	
0	0	-0.123497	-0.123497	0	
0	0	-0.123497	-0.123497	0	
0	0	-0.123497	-0.123497	0	
0	0	-0.123497	-0.123497	0	
0	0	-0.123497	-0.123497	0	
0	0	-0.123497	-0.123497	0	
0	0	-0.123497	-0.123497	0	
0	0	-0.123497	-0.123497	0	
0	0	-0.123497	-0.123497	0	
0	0	-0.123497	-0.123497	0	
0	0	-0.123497	-0.123497	0	
0	0	-0.123497	-0.123497	0	
0	0	-0.123497	-0.123497	0	
0	0	-0.123497	-0.123497	0	
0	0	-0.123497	-0.123497	0	
0	0	-0.123497	-0.123497	0	
0	0	-0.123497	-0.123497	0	
0	0	-0.123497	-0.123497	0	
0	0	-0.123497	-0.123497	0	
0	0	-0.123497	-0.123497	0	
0	0	-0.123497	-0.123497	0	
0	0	-0.123497	-0.123497	0	
0	0	-0.123497	-0.123497	0	
0	0	-0.123497	-0.123497	0	
0	0	-0.123497	-0.123497	0	
0	0	-0.123497	-0.123497	0	
0	0	-0.123497	-0.123497	0	
0	0	-0.123497	-0.123497	0	
0	0	-0.123497	-0.123497	0	
0	0	-0.123497	-0.123497	0	
0	0	-0.123497	-0.123497	0	
0	0	-0.123497	-0.123497	0	
0	0	-0.123497	-0.123497	0	
0	0	-0.123497	-0.123497	0	
0	0	-0.123497	-0.123497	0	
0	0	-0.123497	-0.123497	0	
0	0	-0.123497	-0.123497	0	
0	0	-0.123497	-0.123497	0	
0	0	-0.123497	-0.123497	0	
0	0	-0.123497	-0.123497	0	
0	0	-0.123497	-0.123497	0	
0	0	-0.123497	-0.123497	0	
0	0	-0.123497	-0.123497	0	
0	0	-0.123497	-0.123497	0	
0	0	-0.123497	-0.123497	0	
0	0	-0.123497	-0.123497	0	
0	0	-0.123497	-0.123497	0	
0	0	-0.123497	-0.123497	0	
0	0	-0.123497	-0.123497	0	
0	0	-0.123497	-0.123497	0	
0	0	-0.123497	-0.123497	0	
0	0	-0.123497	-0.123497	0	
0	0	-0.123497	-0.123497	0	
0	0	-0.123497	-0.123497	0	
0	0	-0.123497	-0.123497	0	
0	0	-0.123497	-0.123497	0	
0	0	-0.123497	-0.123497	0	
0	0	-0.123497	-0.123497	0	
0	0	-0.123497	-0.123497	0	
0	0	-0.123497	-0.123497	0	
0	0	-0.123497	-0.123497	0	
0	0	-0.123497	-0.123497	0	
0	0	-0.123497	-0.123497	0	
0	0	-0.123497	-0.123497	0	
0	0	-0.123497	-0.123497	0	
0	0	-0.123497	-0.123497	0	
0	0	-0.123497	-0.123497	0	
0	0	-0.123497	-0.123497	0	
0	0	-0.123497	-0.123497	0	
0	0	-0.123497	-0.123497	0	
0	0	-0.123497	-0.123497	0	
0	0	-0.123497	-0.123497	0	
0	0	-0.123497	-0.123497	0	
0	0	-0.123497	-0.123497	0	
0	0	-0.123497	-0.123497	0	
0	0	-0.123497	-0.123497	0	
0	0	-0.123497	-0.123497	0	
0	0	-0.123497	-0.123497	0	
0	0	-0.123497	-0.123497	0	
0	0	-0.123497	-0.123497	0	
0	0	-0.123497	-0.123497	0	
0	0	-0.123497	-0.123497	0	
0	0	-0.123497	-0.123497	0	
0	0	-0.123497	-0.123497	0	
0	0	-0.123497	-0.123497	0	
0	0	-0.123497	-0.123497	0	
0	0	-0.123497	-0.123497	0	
0	0	-0.123497	-0.123497	0	
0	0	-0.123497	-0.123497	0	
0	0	-0.123497	-0.123497	0	
0	0	-0.123497	-0.123497	0	
0	0	-0.123497	-0.123497	0	
0	0	-0.123497	-0.123497	0	
0	0	-0.123497	-0.123497	0	
0	0	-0.123497	-0.123497	0	
0	0	-0.123497	-0.123497	0	
0	0	-0.123497	-0.123497	0	
0	0	-0.123497	-0.123497	0	
0	0	-0.123497	-0.123497	0	
0	0	-0.123497	-0.123497	0	
0	0	-0.123497	-0.123497	0	
0	0	-0.123497	-0.123497	0	
0	0	-0.123497	-0.123497	0	
0	0	-0.123497	-0.123497	0	
0	0	-0.123497	-0.123497	0	
0	0	-0.123497	-0.123497	0	
0	0	-0.123497	-0.123497	0	
0	0	-0.123497	-0.123497	0	
0	0	-0.123497	-0.123497	0	
0	0	-0.123497	-0.123497	0	
0	0	-0.123497	-0.123497	0	
0	0	-0.123497	-0.123497	0	
0	0	-0.123497	-0.123497	0	
0	0	-0.123497	-0.123497	0	
0	0	-0.123497	-0.123497	0	
0	0	-0.123497	-0.123497	0	
0	0	-0.123497	-0.123497	0	
0	0	-0.123497	-0.123497	0	
0	0	-0.123497	-0.123497	0	
0	0	-0.123497	-0.123497	0	
0	0	-0.123497	-0.123497	0	
0	0	-0.123497	-0.123497	0	
0	0	-0.123497	-0.123497	0	
0	0	-0.123497	-0.123497	0	
0	0	-0.123497	-0.123497	0	
0	0	-0.123497	-0.123497	0	
0	0	-0.123497	-0.123497	0	
0	0	-0.123497	-0.123497	0	
0	0	-0.123497	-0.123497	0	
0	0	-0.123497	-0.123497	0	
0	0	-0.123497	-0.123497	0	
0	0	-0.123497	-0.123497	0	
0	0	-0.123497	-0.123497	0	
0	0	-0.123497	-0.123497	0	
0	0	-0.123497	-0.123497	0	
0	0	-0.123497	-0.123497	0	
0	0	-0.123497	-0.123497	0	
0	0	-0.123497	-0.123497	0	
0	0	-0.123497	-0.123497	0	
0	0	-0.123497	-0.123497	0	
0	0	-0.123497	-0.123497	0	
0	0	-0.123497	-0.123497	0	
0	0	-0.123497	-0.123497	0	
0	0	-0.123497	-0.123497	0	
0	0	-0.123497	-0.123497	0	
0	0	-0.123497	-0.123497	0	
0	0	-0.123497	-0.123497	0	
0	0	-0.123497	-0.123497	0	
0	0	-0.123497	-0.123497	0	
0	0	-0.123497	-0.123497	0	
0	0	-0.123497	-0.123497	0	
0	0	-0.123497	-0.123497	0	
0	0	-0.123497	-0.123497	0	
0	0	-0.123497	-0.123497	0	
0	0	-0.123497	-0.123497	0	
0	0	-0.123497	-0.123497	0	
0	0	-0.123497	-0.123497	0	
0	0	-0.123497	-0.123497	0	
0	0	-0.123497	-0.123497	0	
0	0	-0.123497	-0.123497	0	
0	0	-0.123497	-0.123497	0	
0	0	-0.123497	-0.123497	0	
0	0	-0.123497	-0.123497	0	
0	0	-0.123497	-0.123497	0	
0	0	-0.123497	-0.123497	0	
0	0	-0.123497	-0.123497	0	
0	0	-0.123497	-0.123497	0	
0	0	-0.123497	-0.123497	0	
0	0	-0.123497	-0.123497	0	
0	0	-0.123497	-0.123497	0	
0	0	-0.123497	-0.123497	0	
0	0	-0.123497	-0.123497	0	
0	0	-0.123497	-0.123497	0	
0	0	-0.123497	-0.123497	0	
0	0	-0.123497	-0.123497	0	
0	0	-0.123497	-0.123497	0	
0	0	-0.123497	-0.123497	0	
0	0	-0.123497	-0.123497	0	
0	0	-0.123497	-0.123497	0	
0	0	-0.123497	-0.123497	0	
0	0	-0.123497	-0.123497	0	
0	0	-0.123497	-0.123497	0	
0	0	-0.123497	-0.123497	0	
0	0	-0.123497	-0.123497	0	
0	0	-0.123497	-0.123497	0	
0	0	-0.123497	-0.123497	0	
0	0	-0.123497	-0.123497	0	
0	0	-0.123497	-0.123497	0	
0	0	-0.123497	-0.123497	0	
0	0	-0.123497	-0.123497	0	
0	0	-0.123497	-0.123497	0	
0	0	-0.123497	-0.123497	0	
0	0	-0.123497	-0.123497	0	
0	0	-0.123497	-0.123497	0	
0	0	-0.123497	-0.123497	0	
0	0	-0.123497	-0.123497	0	
0	0	-0.123497	-0.123497	0	
0	0	-0.123497	-0.123497	0	
0	0	-0.123497	-0.123497	0	
0	0	-0.123497	-0.123497	0	
0	0	-0.123497	-0.123497	0	
0	0	-0.123497	-0.123497	0	
0	0	-0.123497	-0.123497	0	
0	0	-0.123497	-0.123497	0	
0	0	-0.123497	-0.123497	0	
0	0	-0.123497	-0.123497	0	
0	0	-0.123497	-0.123497	0	
0	0	-0.123497	-0.123497	0	
0	0	-0.123497	-0.123497	0	
0	0	-0.123497	-0.123497	0	
0	0	-0.123497	-0.123497	0	
0	0	-0.123497	-0.123497	0	
0	0	-0.123497	-0.123497	0	
0	0	-0.123497	-0.123497	0	
0	0	-0.123497	-0.123497	0	
0	0	-0.123497	-0.123497	0	
0	0	-0.123497	-0.123497	0	
0	0	-0.123497	-0.123497	0	
0	0	-0.123497	-0.123497	0	
0	0	-0.123497	-0.123497	0	
0	0	-0.123497	-0.123497	0	
0	0	-0.123497	-0.123497	0	
0	0	-0.123497	-0.123497	0	
0	0	-0.123497	-0.123497	0	
0	0	-0.123497	-0.123497	0	
0	0	-0.123497	-0.123497	0	
0	0	-0.123497	-0.123497	0	
0	0	-0.123497	-0.123497	0	
0	0	-0.123497	-0.123497	0	
0	0	-0.123497	-0.123497	0	
0	0	-0.123497	-0.123497	0	
0	0	-0.123497	-0.123497	0	
0	0	-0.123497	-0.123497	0	
0	0	-0.123497	-0.123497	0	
0	0	-0.123497	-0.123497	0	
0	0	-0.123497	-0.123497	0	
0	0	-0.123497	-0.123497	0	
0	0	-0.123497	-0.123497	0	
0	0	-0.123497	-0.123497	0	
0	0	-0.123497	-0.123497	0	
0	0	-0.123497	-0.123497	0	
0	0	-0.123497	-0.123497	0	
0	0	-0.123497	-0.123497	0	
0	0	-0.123497	-0.123497	0	
0	0	-0.123497	-0.123497	0	
0	0	-0.123497	-0.123497	0	
0	0	-0.123497	-0.123497	0	
0	0	-0.123497	-0.123497	0	
0	0	-0.123497	-0.123497	0	
0	0	-0.123497	-0.123497	0	
0	0	-0.123497	-0.123497	0	
0	0	-0.123497	-0.123497	0	
0	0	-0.123497	-0.123497	0	
0	0	-0.123497	-0.123497	0	
0	0	-0.123497	-0.123497	0	
0	0	-0.123497	-0.123497	0	
0	0	-0.123497	-0.123497	0	
0	0	-0.123497	-0.123497	0	
0	0	-0.123497	-0.123497	0	
0	0	-0.123497	-0.123497	0	
0	0	-0.123497	-0.123497	0	
0	0	-0.123497	-0.123497	0	
0	0	-0.123497	-0.123497	0	
0	0	-0.123497	-0.123497	0	
0	0	-0.123497	-0.123497	0	
0	0	-0.123497	-0.123497	0	
0	0	-0.123497	-0.123497	0	
0	0	-0.123497	-0.123497	0	
0	0	-0.123497	-0.123497	0	
0	0	-0.123497	-0.123497	0	
0	0	-0.123497	-0.123497	0	
0	0	-0.123497	-0.123497	0	
0	0	-0.123497	-0.123497	0	
0	0	-0.123497	-0.123497	0	
0	0	-0.123497	-0.123497	0	
0	0	-0.123497	-0.123497	0	
0	0	-0.123497	-0.123497	0	
0	0	-0.123497	-0.123497	0	
0	0	-0.123497	-0.123497	0	
0	0	-0.123497	-0.123497	0	
0	0	-0.123497	-0.123497	0	
0	0	-0.123497	-0.123497	0	
0	0	-0.123497	-0.123497	0	
0	0	-0.123497	-0.123497	0	
0	0	-0.123497	-0.123497	0	
0	0	-0.123497	-0.123497	0	
0	0	-0.123497	-0.123497	0	
0	0	-0.123497	-0.123497	0	
0	0	-0.123497	-0.123497	0	
0	0	-0.123497	-0.123497	0	
0	0	-0.123497	-0.123497	0	
0	0	-0.123497	-0.123497	0	
0	0	-0.123497	-0.123497	0	
0	0	-0.123497	-0.123497	0	
0	0	-0.123497	-0.123497	0	
0	0	-0.123497	-0.123497	0	
0	0	-0.123497	-0.123497	0	
0	0	-0.123497	-0.123497	0	
0	0	-0.123497	-0.123497	0	
0	0	-0.123497	-0.123497	0	
0	0	-0.123497	-0.123497	0	
0	0	-0.123497	-0.123497	0	
0	0	-0.123497	-0.123497	0	
0	0	-0.123497	-0.123497	0	
0	0	-0.123497	-0.123497	0	
0	0	-0.123497	-0.123497	0	
0	0	-0.123497	-0.123497	0	
0	0	-0.123497	-0.123497	0	
0	0	-0.123497	-0.123497	0	
0	0	-0.123497	-0.123497	0	
0	0	-0.123497	-0.123497	0	
0	0	-0.123497	-0.123497	0	
0	0	-0.123497	-0.123497	0	
0	0	-0.123497	-0.123497	0	
0	0	-0.123497	-0.123497	0	
0	0	-0.123497	-0.123497	0	
0	0	-0.123497	-0.123497	0	
0	0	-0.123497	-0.123497	0	
0	0	-0.123497	-0.123497	0	
0	0	-0.123497	-0.123497	0	
0	0	-0.123497	-0.123497	0	
0	0	-0.123497	-0.123497	0	
0	0	-0.123497	-0.123497	0	
0	0	-0.123497	-0.123497	0	
0	0	-0.123497	-0.123497	0	
0	0	-0.123497	-0.123497	0	
0	0	-0.123497	-0.123497	0	
0	0	-0.123497	-0.123497	0	
0	0	-0.123497	-0.123497	0	
0	0	-0.123497	-0.123497	0	
0	0	-0.123497	-0.123497	0	
0	0	-0.123497	-0.123497	0	
0	0	-0.123497	-0.123497	0	
0	0	-0.123497	-0.123497	0	
0	0	-0.123497	-0.123497	0	
0	0	-0.123497	-0.123497	0	
0	0	-0.123497	-0.123497	0	
0	0	-0.123497	-0.123497	0	
0	0	-0.123497	-0.123497	0	
0	0	-0.123497	-0.123497	0	
0	0	-0.123497	-0.123497	0	
0	0	-0.123497	-0.123497	0	
0	0	-0.123497	-0.123497	0	
0	0	-0.123497	-0.123497	0	
0	0	-0.123497	-0.123497	0	
0	0	-0.123497	-0.123497	0	
0	0	-0.123497	-0.123497	0	
0	0	-0.123497	-0.123497	0	
0	0	-0.123497	-0.123497	0	
0	0	-0.123497	-0.123497	0	
0	0	-0.123497	-0.123497	0	
0	0	-0.123497	-0.123497	0	
0	0	-0.123497	-0.123497	0	
0	0	-0.123497	-0.123497	0	
0	0	-0.123497	-0.123497	0	
0	0	-0.123497	-0.123497	0	
0	0	-0.123497	-0.123497	0	
0	0	-0.123497	-0.123497	0	
0	0	-0.123497	-0.123497	0	
0	0	-0.123497	-0.123497	0	
0	0	-0.123497	-0.123497	0	
0	0	-0.123497	-0.123497	0	
0	0	-0.123497	-0.123497	0	
0	0	-0.123497	-0.123497	0	
0	0	-0.123497	-0.123497	0	
0	0	-0.123497	-0.123497	0	
0	0	-0.123497	-0.123497	0	
0	0	-0.123497	-0.123497	0	
0	0	-0.123497	-0.123497	0	
0	0	-0.123497	-0.123497	0	
0	0	-0.123497	-0.123497	0	
0	0	-0.123497	-0.123497	0	
0	0	-0.123497	-0.123497	0	
0	0	-0.123497	-0.123497	0	
0	0	-0.123497	-0.123497	0	
0	0	-0.123497	-0.123497	0	
0	0	-0.123497	-0.123497	0	
0	0	-0.123497	-0.123497	0	
0	0	-0.123497	-0.123497	0	
0	0	-0.123497	-0.123497	0	
0	0	-0.123497	-0.123497	0	
0	0	-0.123497	-0.123497	0	
0	0	-0.123497	-0.123497	0	
0	0	-0.123497	-0.123497	0	
0	0	-0.123497	-0.123497	0	
0	0	-0.123497	-0.123497	0	
0	0	-0.123497	-0.123497	0	
0	0	-0.123497	-0.123497	0	
0	0	-0.123497	-0.123497	0	
0	0	-0.123497	-0.123497	0	
0	0	-0.123497	-0.123497	0	
0	0	-0.123497	-0.123497	0	
0	0	-0.123497	-0.123497	0	
0	0	-0.123497	-0.123497	0	
0	0	-0.123497	-0.123497	0	
0	0	-0.123497	-0.123497	0	
0	0	-0.123497	-0.123497	0	
0	0	-0.123497	-0.123497	0	
0	0	-0.123497	-0.123497	0	
0	0	-0.123497	-0.123497	0	
0	0	-0.123497	-0.123497	0	
0	0	-0.123497	-0.123497	0	
0	0	-0.123497	-0.123497	0	
0	0	-0.123497	-0.123497	0	
0	0	-0.123497	-0.123497	0	
0	0	-0.123497	-0.123497	0	
0	0	-0.123497	-0.123497	0	
0	0	-0.123497	-0.123497	0	
0	0	-0.123497	-0.123497	0	
0	0	-0.123497	-0.123497	0	
0	0	-0.123497	-0.123497	0	
0	0	-0.123497	-0.123497	0	
0	0	-0.123497	-0.123497	0	
0	0	-0.123497	-0.123497	0	
0	0	-0.123497	-0.123497	0	
0	0	-0.123497	-0.123497	0	
0	0	-0.123497	-0.123497	0	
0	0	-0.123497	-0.123497	0	
0	0	-0.123497	-0.123497	0	
0	0	-0.123497	-0.123497	0	
0	0	-0.123497	-0.123497	0	
0	0	-0.123497	-0.123497	0	
0	0	-0.123497	-0.123497	0	
0	0	-0.123497	-0.123497	0	
0	0	-0.123497	-0.123497	0	
0	0	-0.123497	-0.123497	0	
0	0	-0.123497	-0.123497	0	
0	0	-0.123497	-0.123497	0	
0	0	-0.123497	-0.123497	0	
0	0	-0.123497	-0.123497	0	
0	0	-0.123497	-0.123497	0	
0	0	-0.123497	-0.123497	0	
0	0	-0.123497	-0.123497	0	
0	0	-0.123497	-0.123497	0	
0	0	-0.123497	-0.123497	0	
0	0	-0.123497	-0.123497	0	
0	0	-0.123497	-0.123497	0	
0	0	-0.123497	-0.123497	0	
0	0	-0.123497	-0.123497	0	
0	0	-0.123497	-0.123497	0	
0	0	-0.123497	-0.123497	0	
0	0	-0.123497	-0.123497	0	
0	0	-0.123497	-0.123497	0	
0	0	-0.123497	-0.123497	0	
0	0	-0.123497	-0.123497	0	
0	0	-0.123497	-0.123497	0	
0	0	-0.123497	-0.123497	0	
0	0	-0.123497	-0.123497	0	
0	0	-0.123497	-0.123497	0	
0	0	-0.123497	-0.123497	0	
0	0	-0.123497	-0.123497	0	
0	0	-0.123497	-0.123497	0	
0	0	-0.123497	-0.123497	0	
0	0	-0.123497	-0.123497	0	
0	0	-0.123497	-0.123497	0	
0	0	-0.123497	-0.123497	0	
0	0	-0.123497	-0.123497	0	
0	0	-0.123497	-0.123497	0	
0	0	-0.123497	-0.123497	0	
0	0	-0.123497	-0.123497	0	
0	0	-0.123497	-0.123497	0	
0	0	-0.123497	-0.123497	0	
0	0	-0.123497	-0.123497	0	
0	0	-0.123497	-0.123497	0	
0	0	-0.123497	-0.123497	0	
0	0	-0.123497	-0.123497	0	
0	0	-0.123497	-0.123497	0	
0	0	-0.123497	-0.123497	0	
0	0	-0.123497	-0.123497	0	
0	0	-0.123497	-0.123497	0	
0	0	-0.123497	-0.123497	0	
0	0	-0.123497	-0.123497	0	
0	0	-0.123497	-0.123497	0	
0	0	-0.123497	-0.123497	0	
0	0	-0.123497	-0.123497	0	
0	0	-0.123497	-0.123497	0	
0	0	-0.123497	-0.123497	0	
0	0	-0.123497	-0.123497	0	
0	0	-0.123497	-0.123497	0	
0	0	-0.123497	-0.123497	0	
0	0	-0.123497	-0.123497	0	
0	0	-0.123497	-0.123497	0	
0	0	-0.123497	-0.123497	0	
0	0	-0.123497	-0.123497	0	
0	0	-0.123497	-0.123497	0	
0	0	-0.123497	-0.123497	0	
0	0	-0.123497	-0.123497	0	
0	0	-0.123497	-0.123497	0	
0	0	-0.123497	-0.123497	0	
0	0	-0.123497	-0.123497	0	
0	0	-0.123497	-0.123497	0	
0	0	-0.123497	-0.123497	0	
0	0	-0.123497	-0.123497	0	
0	0	-0.123497	-0.123497	0	
0	0	-0.123497	-0.123497	0	
0	0	-0.123497	-0.123497	0	
0	0	-0.123497	-0.123497	0	
0	0	-0.123497	-0.123497	0	
0	0	-0.123497	-0.123497	0	
0	0	-0.123497	-0.123497	0	
0	0	-0.123497	-0.123497	0	
0	0	-0.123497	-0.123497	0	
0	0	-0.123497	-0.123497	0	
0	0	-0.123497	-0.123497	0	
0	0	-0.123497	-0.123497	0	
0	0	-0.123497	-0.123497	0	
0	0	-0.123497	-0.123497	0	
0	0	-0.123497	-0.123497	0	
0	0	-0.123497	-0.123497	0	
0	0	-0.123497	-0.123497	0	
0	0	-0.123497	-0.123497	0	
0	0	-0.123497	-0.123497	0	
0	0	-0.123497	-0.123497	0	
0	0	-0.123497	-0.123497	0	
0	0	-0.123497	-0.123497	0	
0	0	-0.123497	-0.123497	0	
0	0	-0.123497	-0.123497	0	
0	0	-0.123497	-0.123497	0	
0	0	-0.123497	-0.123497	0	
0	0	-0.123497	-0.123497	0	
0	0	-0.123497	-0.123497	0	
0	0	-0.123497	-0.123497	0	
0	0	-0.123497	-0.123497	0	
0	0	-0.123497	-0.123497	0	
0	0	-0.123497	-0.123497	0	
0	0	-0.123497	-0.123497	0	
0	0	-0.123497	-0.123497	0	
0	0	-0.123497	-0.123497	0	
0	0	-0.123497	-0.123497	0	
0	0	-0.123497	-0.123497	0	
0	0	-0.123497	-0.123497	0	
0	0	-0.123497	-0.123497	0	
0	0	-0.123497	-0.123497	0	
0	0	-0.123497	-0.123497	0	
0	0	-0.123497	-0.123497	0	
0	0	-0.123497	-0.123497	0	
0	0	-0.123497	-0.123497	0	
0	0	-0.123497	-0.123497	0	
0	0	-0.123497	-0.123497	0	
0	0	-0.123497	-0.123497	0	
0	0	-0.123497	-0.123497	0	
0	0	-0.123497	-0.123497	0	
0	0	-0.123497	-0.123497	0	
0	0	-0.123497	-0.123497	0	
0	0	-0.123497	-0.123497	0	
0	0	-0.123497	-0.123497	0	
0	0	-0.123497	-0.123497	0	
0	0	-0.123497	-0.123497	0	
0	0	-0.123497	-0.123497	0	
0	0	-0.123497	-0.123497	0	
0	0	-0.123497	-0.123497	0	
0	0	-0.123497	-0.123497	0	
0	0	-0.123497	-0.123497	0	
0	0	-0.123497	-0.123497	0	
0	0	-0.123497	-0.123497	0	
0	0	-0.123497	-0.123497	0	
0	0	-0.123497	-0.123497	0	
0	0	-0.123497	-0.123497	0	
0	0	-0.123497	-0.123497	0	
0	0	-0.123497	-0.123497	0	
0	0	-0.123497	-0.123497	0	
0	0	-0.123497	-0.123497	0	
0	0	-0.123497	-0.123497	0	
0	0	-0.123497	-0.123497	0	
0	0	-0.123497	-0.123497	0	
0	0	-0.123497	-0.123497	0	
0	0	-0.123497	-0.123497	0	
0	0	-0.123497	-0.123497	0	
0	0	-0.123497	-0.123497	0	
0	0	-0.123497	-0.123497	0	
0	0	-0.123497	-0.123497	0	
0	0	-0.123497	-0.123497	0	
0	0	-0.123497	-0.123497	0	
0	0	-0.123497	-0.123497	0	
0	0	-0.123497	-0.123497	0	
0	0	-0.123497	-0.123497	0	
0	0	-0.123497	-0.123497	0	
0	0	-0.123497	-0.123497	0	
0	0	-0.123497	-0.123497	0	
0	0	-0.123497	-0.123497	0	
0	0	-0.123497	-0.123497	0	
0	0	-0.123497	-0.123497	0	
0	0	-0.123497	-0.123497	0	
0	0	-0.123497	-0.123497	0	
0	0	-0.123497	-0.123497	0	
0	0	-0.123497	-0.123497	0	
0	0	-0.123497	-0.123497	0	
0	0	-0.123497	-0.123497	0	
0	0	-0.123497	-0.123497	0	
0	0	-0.123497	-0.123497	0	
0	0	-0.123497	-0.123497	0	
0	0	-0.123497	-0.123497	0	
0	0	-0.123497	-0.123497	0	
0	0	-0.123497	-0.123497	0	
0	0	-0.123497	-0.123497	0	
0	0	-0.123497	-0.123497	0	
0	0	-0.123497	-0.123497	0	
0	0	-0.123497	-0.123497	0	
0	0	-0.123497	-0.123497	0	
0	0	-0.123497	-0.123497	0	
0	0	-0.123497	-0.123497	0	
0	0	-0.123497	-0.123497	0	
0	0	-0.123497	-0.123497	0	
0	0	-0.123497	-0.123497	0	
0	0	-0.123497	-0.123497	0	
0	0	-0.123497	-0.123497	0	
0	0	-0.123497	-0.123497	0	
0	0	-0.123497	-0.123497	0	
