10	0	1	
10	0	1	
10	0	1	
10	0	1	
10	0	1	
10	0	1	
10	0	1	
10	0	1	
10	0	1	
10	0	1	
10	0	1	
10	0	1	
10	0	1	
10	0	1	
10	0	1	
10	0	1	
10	0	1	
10	0	1	
10	0	1	
10	0	1	
10	0	1	
10	0	1	
10	0	1	
10	0	1	
10	0	1	
10	0	1	
10	0	1	
10	0	1	
10	0	1	
10	0	1	
10	0	1	
10	0	1	
10	0	1	
10	0	1	
10	0	1	
10	0	1	
10	0	1	
10	0	1	
10	0	1	
10	0	1	
10	0	1	
10	0	1	
10	0	1	
10	0	1	
10	0	1	
10	0	1	
10	0	1	
10	0	1	
10	0	1	
10	0	1	
10	0	1	
10	0	1	
10	0	1	
10	0	1	
10	0	1	
10	0	1	
10	0	1	
10	0	1	
10	0	1	
10	0	1	
10	0	1	
10	0	1	
10	0	1	
10	0	1	
10	0	1	
10	0	1	
10	0	1	
10	0	1	
10	0	1	
10	0	1	
10	0	1	
10	0	1	
10	0	1	
10	0	1	
10	0	1	
10	0	1	
10	0	1	
10	0	1	
10	0	1	
10	0	1	
10	0	1	
10	0	1	
10	0	1	
10	0	1	
10	0	1	
10	0	1	
10	0	1	
10	0	1	
10	0	1	
10	0	1	
10	0	1	
10	0	1	
10	0	1	
10	0	1	
10	0	1	
10	0	1	
10	0	1	
10	0	1	
10	0	1	
10	0	1	
10	0	1	
10	0	1	
10	0	1	
10	0	1	
10	0	1	
10	0	1	
10	0	1	
10	0	1	
10	0	1	
10	0	1	
10	0	1	
10	0	1	
10	0	1	
10	0	1	
10	0	1	
10	0	1	
10	0	1	
10	0	1	
10	0	1	
10	0	1	
10	0	1	
10	0	1	
10	0	1	
10	0	1	
10	0	1	
10	0	1	
10	0	1	
10	0	1	
10	0	1	
9.99999	-0.00373977	1	
9.99998	-0.00630252	1	
9.99996	-0.00811626	1	
9.99994	-0.00944959	1	
9.99992	-0.0104919	1	
9.9999	-0.0113687	1	
9.99988	-0.0121481	1	
9.99985	-0.0128616	1	
9.99982	-0.0135372	1	
9.9998	-0.0142262	1	
9.99977	-0.0149114	1	
9.99973	-0.0156068	1	
9.9997	-0.0162739	1	
9.99967	-0.0169505	1	
9.99963	-0.0176772	1	
9.9996	-0.0184446	1	
9.99956	-0.0192213	1	
9.99952	-0.0200202	1	
9.99948	-0.0208508	1	
9.99943	-0.0217333	1	
9.99939	-0.0226078	1	
9.99934	-0.02348	1	
9.99929	-0.024382	1	
9.99924	-0.0253083	1	
9.99919	-0.0262516	1	
9.99913	-0.0272355	1	
9.99908	-0.0282552	1	
9.99902	-0.0292466	1	
9.99896	-0.0302447	1	
9.9989	-0.0313264	1	
9.99883	-0.0324122	1	
9.99876	-0.0335313	1	
9.99869	-0.0346191	1	
9.99862	-0.035657	1	
9.99855	-0.0367415	1	
9.99847	-0.0378421	1	
9.9984	-0.0389322	1	
9.99832	-0.0400668	1	
9.99823	-0.0412163	1	
9.99815	-0.0424043	1	
9.99806	-0.0436315	1	
9.99797	-0.0447999	1	
9.99788	-0.0460291	1	
9.99779	-0.0472863	1	
9.99769	-0.0485135	1	
9.99759	-0.049804	1	
9.99749	-0.0511492	1	
9.99738	-0.0525694	1	
9.99727	-0.0539922	1	
9.99716	-0.0553495	1	
9.99705	-0.0567505	1	
9.99693	-0.0581872	1	
9.99681	-0.0596939	1	
9.99669	-0.0611588	1	
9.99657	-0.0626673	1	
9.99644	-0.0641308	1	
9.99631	-0.0656083	1	
9.99617	-0.0670487	1	
9.99603	-0.0685013	1	
9.99589	-0.0700052	1	
9.99575	-0.0715413	1	
9.99561	-0.0731912	1	
9.99546	-0.0747336	1	
9.9953	-0.076364	1	
9.99515	-0.0780177	1	
9.99499	-0.0797064	1	
9.99483	-0.0813571	1	
9.99466	-0.0830444	1	
9.99449	-0.08476	1	
9.99432	-0.0865959	1	
9.99414	-0.0883781	1	
9.99396	-0.0901653	1	
9.99378	-0.0919272	1	
9.99359	-0.0936047	1	
9.9934	-0.0951942	1	
9.9932	-0.0967957	1	
9.99301	-0.0983555	1	
9.99281	-0.0999748	1	
9.9926	-0.10167	1	
9.9924	-0.103377	1	
9.99219	-0.105157	1	
9.99197	-0.106996	1	
9.99176	-0.108875	1	
9.99153	-0.110773	1	
9.99131	-0.112659	1	
9.99108	-0.114689	1	
9.99085	-0.116593	1	
9.99061	-0.118549	1	
9.99037	-0.120573	1	
9.99012	-0.122508	1	
9.98987	-0.124456	1	
9.98962	-0.12642	1	
9.98936	-0.128278	1	
9.9891	-0.13015	1	
9.98884	-0.132049	1	
9.98857	-0.133946	1	
9.9883	-0.13582	1	
9.98802	-0.137757	1	
9.98775	-0.139737	1	
9.98746	-0.141729	1	
9.98717	-0.143846	1	
9.98688	-0.14614	1	
9.98658	-0.148412	1	
9.98628	-0.150795	1	
9.98598	-0.153278	1	
9.98567	-0.155802	1	
9.98535	-0.158414	1	
9.98503	-0.161045	1	
9.9847	-0.163763	1	
9.98437	-0.166508	1	
9.98403	-0.169299	1	
9.98368	-0.172243	1	
9.98333	-0.175294	1	
9.98298	-0.178316	1	
9.98261	-0.181361	1	
9.98224	-0.184438	1	
9.98187	-0.187588	1	
9.98149	-0.190878	1	
9.9811	-0.194096	1	
9.9807	-0.197417	1	
9.9803	-0.200761	1	
9.97989	-0.20426	1	
9.97948	-0.207851	1	
9.97906	-0.211525	1	
9.97862	-0.215272	1	
9.97819	-0.218955	1	
9.97774	-0.222761	1	
9.97729	-0.226492	1	
9.97683	-0.230212	1	
9.97636	-0.233881	1	
9.97588	-0.237679	1	
9.9754	-0.241519	1	
9.97491	-0.245343	1	
9.97441	-0.249178	1	
9.97391	-0.253115	1	
9.97339	-0.257034	1	
9.97287	-0.260945	1	
9.97234	-0.264899	1	
9.9718	-0.269009	1	
9.97126	-0.273228	1	
9.9707	-0.277512	1	
9.97014	-0.281908	1	
9.96956	-0.286536	1	
9.96898	-0.291126	1	
9.96839	-0.295743	1	
9.96779	-0.300419	1	
9.96718	-0.305229	1	
9.96656	-0.310023	1	
9.96593	-0.315004	1	
9.96529	-0.320055	1	
9.96464	-0.325015	1	
9.96398	-0.330034	1	
9.96331	-0.334981	1	
9.96263	-0.339882	1	
9.96194	-0.344996	1	
9.96124	-0.350269	1	
9.96053	-0.35558	1	
9.95981	-0.361105	1	
9.95907	-0.366663	1	
9.95833	-0.372106	1	
9.95757	-0.377836	1	
9.95681	-0.383604	1	
9.95603	-0.389559	1	
9.95524	-0.395417	1	
9.95443	-0.401357	1	
9.95362	-0.407321	1	
9.95279	-0.413464	1	
9.95195	-0.419569	1	
9.9511	-0.425767	1	
9.95024	-0.431909	1	
9.94936	-0.438042	1	
9.94847	-0.444147	1	
9.94757	-0.450438	1	
9.94666	-0.456842	1	
9.94573	-0.463131	1	
9.94479	-0.469531	1	
9.94384	-0.475983	1	
9.94287	-0.482607	1	
9.9419	-0.489292	1	
9.9409	-0.496081	1	
9.9399	-0.502912	1	
9.93888	-0.509811	1	
9.93784	-0.516981	1	
9.9368	-0.524411	1	
9.93573	-0.531986	1	
9.93465	-0.539742	1	
9.93356	-0.547761	1	
9.93244	-0.556083	1	
9.93132	-0.564612	1	
9.93017	-0.573343	1	
9.929	-0.582087	1	
9.92782	-0.590892	1	
9.92662	-0.59955	1	
9.92541	-0.608199	1	
9.92417	-0.616973	1	
9.92292	-0.626128	1	
9.92165	-0.635635	1	
9.92036	-0.645513	1	
9.91905	-0.655574	1	
9.91772	-0.665925	1	
9.91636	-0.676315	1	
9.91499	-0.686844	1	
9.9136	-0.697251	1	
9.91218	-0.7077	1	
9.91074	-0.718219	1	
9.90929	-0.72861	1	
9.90781	-0.73889	1	
9.90631	-0.74926	1	
9.90479	-0.759607	1	
9.90325	-0.769787	1	
9.90169	-0.779995	1	
9.90011	-0.790053	1	
9.89851	-0.799922	1	
9.89689	-0.80962	1	
9.89525	-0.819084	1	
9.8936	-0.828585	1	
9.89192	-0.837685	1	
9.89023	-0.846914	1	
9.88851	-0.856317	1	
9.88678	-0.86612	1	
9.88503	-0.876531	1	
9.88325	-0.887544	1	
9.88146	-0.899234	1	
9.87963	-0.911053	1	
9.87779	-0.922929	1	
9.87592	-0.93481	1	
9.87402	-0.946795	1	
9.87211	-0.959234	1	
9.87016	-0.971998	1	
9.86819	-0.98513	1	
9.86619	-0.998937	1	
9.86417	-1.01331	1	
9.86211	-1.02808	1	
9.86003	-1.04286	1	
9.85791	-1.05759	1	
9.85577	-1.07237	1	
9.85359	-1.08745	1	
9.85139	-1.10282	1	
9.84915	-1.11833	1	
9.84688	-1.13411	1	
9.84458	-1.14974	1	
9.84225	-1.16548	1	
9.83989	-1.18144	1	
9.83749	-1.19778	1	
9.83506	-1.21485	1	
9.8326	-1.23241	1	
9.8301	-1.25024	1	
9.82756	-1.26801	1	
9.82499	-1.28525	1	
9.82239	-1.3019	1	
9.81975	-1.31786	1	
9.81708	-1.33323	1	
9.81439	-1.34833	1	
9.81166	-1.36336	1	
9.8089	-1.37859	1	
9.80612	-1.39379	1	
9.8033	-1.40901	1	
9.80045	-1.42415	1	
9.79757	-1.43938	1	
9.79466	-1.45473	1	
9.79172	-1.47023	1	
9.78875	-1.48577	1	
9.78575	-1.5011	1	
9.78271	-1.51657	1	
9.77965	-1.53244	1	
9.77655	-1.54871	1	
9.77342	-1.56482	1	
9.77026	-1.58041	1	
9.76707	-1.59528	1	
9.76385	-1.6097	1	
9.7606	-1.62416	1	
9.75733	-1.63871	1	
9.75402	-1.65323	1	
9.75068	-1.66746	1	
9.74732	-1.68132	1	
9.74393	-1.69529	1	
9.74051	-1.70952	1	
9.73706	-1.72427	1	
9.73358	-1.73923	1	
9.73008	-1.75407	1	
9.72654	-1.76833	1	
9.72298	-1.782	1	
9.71939	-1.79545	1	
9.71577	-1.80911	1	
9.71212	-1.82318	1	
9.70844	-1.83804	1	
9.70474	-1.85334	1	
9.701	-1.86878	1	
9.69723	-1.88401	1	
9.69343	-1.89886	1	
9.68961	-1.91313	1	
9.68575	-1.92668	1	
9.68188	-1.93927	1	
9.67797	-1.95165	1	
9.67404	-1.96418	1	
9.67009	-1.97721	1	
9.66611	-1.99052	1	
9.6621	-2.00379	1	
9.65807	-2.0168	1	
9.65401	-2.02964	1	
9.64992	-2.04297	1	
9.64581	-2.05704	1	
9.64166	-2.07213	1	
9.63749	-2.08808	1	
9.63328	-2.10477	1	
9.62903	-2.1219	1	
9.62475	-2.13987	1	
9.62044	-2.15891	1	
9.61608	-2.17856	1	
9.61168	-2.19793	1	
9.60725	-2.21741	1	
9.60277	-2.23769	1	
9.59826	-2.25897	1	
9.59369	-2.28094	1	
9.58909	-2.30275	1	
9.58444	-2.32405	1	
9.57975	-2.34505	1	
9.57502	-2.36565	1	
9.57025	-2.38623	1	
9.56543	-2.40717	1	
9.56058	-2.42847	1	
9.55568	-2.45011	1	
9.55073	-2.47134	1	
9.54575	-2.49214	1	
9.54072	-2.51216	1	
9.53566	-2.53151	1	
9.53056	-2.55069	1	
9.52542	-2.56988	1	
9.52024	-2.58958	1	
9.51502	-2.60951	1	
9.50976	-2.62923	1	
9.50447	-2.64834	1	
9.49913	-2.66637	1	
9.49377	-2.68275	1	
9.48837	-2.69764	1	
9.48295	-2.71183	1	
9.4775	-2.72584	1	
9.47202	-2.7405	1	
9.46651	-2.75545	1	
9.46097	-2.77012	1	
9.4554	-2.78426	1	
9.4498	-2.79798	1	
9.44418	-2.81151	1	
9.43853	-2.82518	1	
9.43285	-2.83914	1	
9.42714	-2.85407	1	
9.4214	-2.86956	1	
9.41563	-2.88536	1	
9.40983	-2.90115	1	
9.404	-2.91654	1	
9.39813	-2.93218	1	
9.39223	-2.94844	1	
9.38631	-2.9646	1	
9.38034	-2.98037	1	
9.37435	-2.99602	1	
9.36833	-3.0119	1	
9.36227	-3.02801	1	
9.35618	-3.04444	1	
9.35006	-3.06119	1	
9.3439	-3.07926	1	
9.3377	-3.09905	1	
9.33147	-3.11944	1	
9.32519	-3.13994	1	
9.31887	-3.1599	1	
9.31251	-3.18008	1	
9.3061	-3.2015	1	
9.29965	-3.22423	1	
9.29316	-3.24811	1	
9.28661	-3.27222	1	
9.28002	-3.2953	1	
9.27339	-3.31677	1	
9.26672	-3.33689	1	
9.26	-3.35652	1	
9.25325	-3.37613	1	
9.24646	-3.3956	1	
9.23963	-3.41446	1	
9.23276	-3.43331	1	
9.22586	-3.45253	1	
9.21891	-3.47196	1	
9.21193	-3.49118	1	
9.20491	-3.51004	1	
9.19785	-3.52915	1	
9.19076	-3.54765	1	
9.18363	-3.56547	1	
9.17646	-3.58232	1	
9.16927	-3.59857	1	
9.16204	-3.61423	1	
9.15478	-3.62925	1	
9.14749	-3.64373	1	
9.14018	-3.65816	1	
9.13283	-3.6729	1	
9.12545	-3.68839	1	
9.11804	-3.70507	1	
9.1106	-3.72225	1	
9.10312	-3.73921	1	
9.09561	-3.75521	1	
9.08807	-3.77086	1	
9.08049	-3.78727	1	
9.07288	-3.80501	1	
9.06524	-3.82391	1	
9.05755	-3.84333	1	
9.04982	-3.86292	1	
9.04206	-3.88251	1	
9.03425	-3.90182	1	
9.02641	-3.92228	1	
9.01852	-3.9438	1	
9.01059	-3.96659	1	
9.00261	-3.99027	1	
8.99458	-4.01442	1	
8.9865	-4.03844	1	
8.97838	-4.06101	1	
8.97022	-4.08195	1	
8.96201	-4.10181	1	
8.95377	-4.12109	1	
8.94549	-4.1393	1	
8.93718	-4.15759	1	
8.92883	-4.17568	1	
8.92044	-4.19325	1	
8.91202	-4.20972	1	
8.90357	-4.22536	1	
8.89509	-4.24013	1	
8.88658	-4.25354	1	
8.87805	-4.26643	1	
8.86949	-4.27907	1	
8.86091	-4.29167	1	
8.8523	-4.30428	1	
8.84366	-4.31777	1	
8.835	-4.33247	1	
8.8263	-4.34834	1	
8.81757	-4.36549	1	
8.8088	-4.38391	1	
8.8	-4.40317	1	
8.79115	-4.42188	1	
8.78227	-4.43989	1	
8.77336	-4.45767	1	
8.76441	-4.47577	1	
8.75542	-4.49471	1	
8.74639	-4.51396	1	
8.73732	-4.53325	1	
8.72822	-4.55207	1	
8.71907	-4.57185	1	
8.70989	-4.59297	1	
8.70066	-4.61508	1	
8.69138	-4.63739	1	
8.68207	-4.65908	1	
8.67271	-4.67988	1	
8.66331	-4.69964	1	
8.65387	-4.71826	1	
8.6444	-4.73515	1	
8.6349	-4.74936	1	
8.62538	-4.76119	1	
8.61584	-4.77179	1	
8.60627	-4.78236	1	
8.59668	-4.79349	1	
8.58707	-4.80501	1	
8.57744	-4.81646	1	
8.56779	-4.82726	1	
8.55811	-4.83771	1	
8.54841	-4.8482	1	
8.5387	-4.85871	1	
8.52896	-4.86876	1	
8.5192	-4.87795	1	
8.50943	-4.88673	1	
8.49964	-4.89632	1	
8.48982	-4.90803	1	
8.47998	-4.92175	1	
8.4701	-4.93685	1	
8.4602	-4.95373	1	
8.45025	-4.97282	1	
8.44026	-4.99478	1	
8.43022	-5.01863	1	
8.42014	-5.04373	1	
8.41	-5.0686	1	
8.39981	-5.09286	1	
8.38958	-5.1176	1	
8.37929	-5.14349	1	
8.36895	-5.17067	1	
8.35855	-5.19818	1	
8.34811	-5.224	1	
8.33761	-5.24754	1	
8.32707	-5.26893	1	
8.31649	-5.28884	1	
8.30588	-5.30749	1	
8.29523	-5.32461	1	
8.28455	-5.33903	1	
8.27385	-5.3509	1	
8.26313	-5.36117	1	
8.25239	-5.37049	1	
8.24163	-5.37936	1	
8.23085	-5.38724	1	
8.22007	-5.39416	1	
8.20927	-5.39939	1	
8.19846	-5.40379	1	
8.18764	-5.40875	1	
8.17681	-5.41461	1	
8.16597	-5.42164	1	
8.15511	-5.42975	1	
8.14423	-5.4384	1	
8.13334	-5.44854	1	
8.12241	-5.46083	1	
8.11146	-5.47527	1	
8.10048	-5.49123	1	
8.08947	-5.5079	1	
8.07842	-5.52519	1	
8.06733	-5.54363	1	
8.0562	-5.56331	1	
8.04503	-5.58374	1	
8.03382	-5.60453	1	
8.02258	-5.62438	1	
8.01129	-5.64277	1	
7.99997	-5.66018	1	
7.98862	-5.67669	1	
7.97723	-5.69236	1	
7.96582	-5.70641	1	
7.95438	-5.71836	1	
7.94292	-5.72884	1	
7.93145	-5.73919	1	
7.91995	-5.74964	1	
7.90843	-5.75977	1	
7.89689	-5.76884	1	
7.88534	-5.776	1	
7.87378	-5.78146	1	
7.8622	-5.78644	1	
7.85062	-5.79132	1	
7.83903	-5.79656	1	
7.82742	-5.80297	1	
7.8158	-5.81035	1	
7.80416	-5.81944	1	
7.7925	-5.83097	1	
7.78081	-5.8448	1	
7.76909	-5.86031	1	
7.75734	-5.87616	1	
7.74555	-5.89151	1	
7.73374	-5.90761	1	
7.72189	-5.92457	1	
7.71001	-5.94159	1	
7.69809	-5.95873	1	
7.68614	-5.97518	1	
7.67416	-5.99108	1	
7.66214	-6.00618	1	
7.65011	-6.01918	1	
7.63805	-6.02993	1	
7.62597	-6.03825	1	
7.61388	-6.04479	1	
7.60178	-6.0505	1	
7.58967	-6.05608	1	
7.57755	-6.06041	1	
7.56542	-6.06363	1	
7.55329	-6.06527	1	
7.54116	-6.06562	1	
7.52903	-6.0653	1	
7.51689	-6.06542	1	
7.50476	-6.0665	1	
7.49262	-6.06978	1	
7.48047	-6.07504	1	
7.46831	-6.0827	1	
7.45612	-6.09298	1	
7.44391	-6.10567	1	
7.43167	-6.11978	1	
7.4194	-6.13452	1	
7.4071	-6.15005	1	
7.39477	-6.16726	1	
7.38239	-6.18588	1	
7.36998	-6.20548	1	
7.35753	-6.22432	1	
7.34505	-6.2408	1	
7.33254	-6.25445	1	
7.32001	-6.26576	1	
7.30746	-6.27524	1	
7.2949	-6.28269	1	
7.28232	-6.28734	1	
7.26974	-6.28906	1	
7.25717	-6.28952	1	
7.24459	-6.28865	1	
7.23201	-6.28723	1	
7.21945	-6.28431	1	
7.20689	-6.27946	1	
7.19434	-6.27292	1	
7.18181	-6.2654	1	
7.16929	-6.25798	1	
7.15679	-6.25194	1	
7.14429	-6.24836	1	
7.1318	-6.24774	1	
7.1193	-6.25068	1	
7.10678	-6.25687	1	
7.09425	-6.2665	1	
7.08169	-6.2789	1	
7.0691	-6.2936	1	
7.05649	-6.30903	1	
7.04384	-6.32477	1	
7.03116	-6.34087	1	
7.01844	-6.35654	1	
7.0057	-6.37118	1	
6.99293	-6.38464	1	
6.98014	-6.39625	1	
6.96733	-6.40574	1	
6.9545	-6.41222	1	
6.94167	-6.41622	1	
6.92883	-6.41855	1	
6.91599	-6.41933	1	
6.90316	-6.4187	1	
6.89032	-6.4158	1	
6.8775	-6.41076	1	
6.86469	-6.40498	1	
6.85189	-6.4001	1	
6.8391	-6.3966	1	
6.82631	-6.395	1	
6.81352	-6.39497	1	
6.80073	-6.39636	1	
6.78793	-6.40014	1	
6.77511	-6.40641	1	
6.76229	-6.4144	1	
6.74944	-6.42327	1	
6.73657	-6.4326	1	
6.72369	-6.44277	1	
6.71078	-6.45405	1	
6.69785	-6.4661	1	
6.68489	-6.47767	1	
6.67192	-6.48787	1	
6.65893	-6.49549	1	
6.64593	-6.50032	1	
6.63292	-6.50202	1	
6.61992	-6.50083	1	
6.60692	-6.49785	1	
6.59394	-6.49349	1	
6.58096	-6.48743	1	
6.568	-6.47975	1	
6.55506	-6.4693	1	
6.54215	-6.45685	1	
6.52926	-6.44454	1	
6.51639	-6.43304	1	
6.50355	-6.42283	1	
6.49072	-6.4149	1	
6.4779	-6.4096	1	
6.46509	-6.40763	1	
6.45227	-6.40851	1	
6.43944	-6.41208	1	
6.42661	-6.41803	1	
6.41375	-6.42655	1	
6.40088	-6.43693	1	
6.38798	-6.44909	1	
6.37506	-6.46105	1	
6.36212	-6.4717	1	
6.34916	-6.48041	1	
6.33618	-6.48749	1	
6.32319	-6.49313	1	
6.3102	-6.49692	1	
6.2972	-6.49833	1	
6.28421	-6.49773	1	
6.27122	-6.49463	1	
6.25824	-6.48911	1	
6.24528	-6.48141	1	
6.23234	-6.4719	1	
6.21941	-6.46175	1	
6.20651	-6.45116	1	
6.19363	-6.44042	1	
6.18077	-6.43022	1	
6.16792	-6.42179	1	
6.15509	-6.41612	1	
6.14227	-6.4134	1	
6.12944	-6.41266	1	
6.11661	-6.4136	1	
6.10378	-6.4162	1	
6.09094	-6.42116	1	
6.07808	-6.42801	1	
6.06521	-6.43546	1	
6.05233	-6.44226	1	
6.03943	-6.44742	1	
6.02653	-6.45014	1	
6.01363	-6.45072	1	
6.00073	-6.44816	1	
5.98785	-6.4428	1	
5.97498	-6.43521	1	
5.96212	-6.42641	1	
5.94929	-6.41672	1	
5.93648	-6.40612	1	
5.92369	-6.39384	1	
5.91093	-6.38103	1	
5.89819	-6.36736	1	
5.88549	-6.35428	1	
5.8728	-6.34213	1	
5.86013	-6.33353	1	
5.84748	-6.32943	1	
5.83482	-6.32987	1	
5.82215	-6.33423	1	
5.80947	-6.34076	1	
5.79677	-6.35015	1	
5.78404	-6.36119	1	
5.7713	-6.37298	1	
5.75853	-6.3846	1	
5.74574	-6.39439	1	
5.73294	-6.40194	1	
5.72012	-6.40731	1	
5.7073	-6.40891	1	
5.69449	-6.40659	1	
5.68169	-6.40147	1	
5.6689	-6.39306	1	
5.65614	-6.38233	1	
5.6434	-6.36921	1	
5.63069	-6.3533	1	
5.61802	-6.33594	1	
5.60538	-6.31787	1	
5.59278	-6.3	1	
5.58022	-6.28269	1	
5.56768	-6.26726	1	
5.55517	-6.25561	1	
5.54268	-6.24799	1	
5.53019	-6.24404	1	
5.5177	-6.24269	1	
5.50522	-6.2433	1	
5.49273	-6.2456	1	
5.48023	-6.24919	1	
5.46772	-6.25208	1	
5.45522	-6.25363	1	
5.44271	-6.25329	1	
5.43021	-6.25126	1	
5.41771	-6.2468	1	
5.40523	-6.2397	1	
5.39277	-6.22964	1	
5.38034	-6.21719	1	
5.36794	-6.20221	1	
5.35557	-6.18422	1	
5.34324	-6.16417	1	
5.33095	-6.14339	1	
5.31871	-6.12271	1	
5.3065	-6.10324	1	
5.29433	-6.08548	1	
5.28219	-6.07051	1	
5.27007	-6.05994	1	
5.25796	-6.05364	1	
5.24586	-6.05131	1	
5.23375	-6.05235	1	
5.22164	-6.05606	1	
5.20952	-6.06235	1	
5.19738	-6.07012	1	
5.18522	-6.07811	1	
5.17305	-6.08414	1	
5.16088	-6.08744	1	
5.1487	-6.08798	1	
5.13653	-6.08508	1	
5.12437	-6.07867	1	
5.11223	-6.06942	1	
5.10012	-6.05712	1	
5.08804	-6.04201	1	
5.07599	-6.0234	1	
5.06398	-6.00224	1	
5.05203	-5.97984	1	
5.04011	-5.95686	1	
5.02824	-5.93446	1	
5.01642	-5.91304	1	
5.00463	-5.89401	1	
4.99287	-5.87808	1	
4.98114	-5.86665	1	
4.96942	-5.85864	1	
4.95771	-5.8538	1	
4.94601	-5.8524	1	
4.9343	-5.85439	1	
4.92259	-5.8577	1	
4.91086	-5.86077	1	
4.89914	-5.86176	1	
4.88742	-5.86009	1	
4.87571	-5.85561	1	
4.86401	-5.84744	1	
4.85234	-5.83574	1	
4.8407	-5.82109	1	
4.82909	-5.80423	1	
4.81752	-5.78446	1	
4.806	-5.76158	1	
4.79453	-5.73639	1	
4.78311	-5.71049	1	
4.77174	-5.6847	1	
4.76042	-5.65973	1	
4.74915	-5.63602	1	
4.73792	-5.61495	1	
4.72672	-5.5979	1	
4.71555	-5.58542	1	
4.70439	-5.57732	1	
4.69325	-5.57337	1	
4.6821	-5.57289	1	
4.67095	-5.57544	1	
4.65979	-5.57928	1	
4.64863	-5.58291	1	
4.63746	-5.58465	1	
4.62629	-5.58367	1	
4.61513	-5.57927	1	
4.60399	-5.57045	1	
4.59288	-5.55722	1	
4.58179	-5.54059	1	
4.57075	-5.5213	1	
4.55975	-5.49934	1	
4.5488	-5.475	1	
4.5379	-5.44915	1	
4.52706	-5.42264	1	
4.51627	-5.39626	1	
4.50553	-5.37082	1	
4.49483	-5.34682	1	
4.48418	-5.3251	1	
4.47357	-5.30704	1	
4.46298	-5.29308	1	
4.45241	-5.28337	1	
4.44186	-5.27774	1	
4.43131	-5.27557	1	
4.42076	-5.27616	1	
4.4102	-5.27833	1	
4.39964	-5.28024	1	
4.38908	-5.28045	1	
4.37852	-5.27764	1	
4.36798	-5.27175	1	
4.35746	-5.26182	1	
4.34696	-5.24791	1	
4.3365	-5.23076	1	
4.32608	-5.21138	1	
4.3157	-5.18996	1	
4.30536	-5.16673	1	
4.29508	-5.14167	1	
4.28485	-5.11599	1	
4.27467	-5.09041	1	
4.26454	-5.06504	1	
4.25445	-5.04062	1	
4.24442	-5.01771	1	
4.23442	-4.99781	1	
4.22446	-4.98151	1	
4.21452	-4.96941	1	
4.2046	-4.96145	1	
4.19468	-4.95682	1	
4.18477	-4.95517	1	
4.17486	-4.95583	1	
4.16495	-4.95652	1	
4.15504	-4.95578	1	
4.14513	-4.95227	1	
4.13524	-4.94613	1	
4.12537	-4.93652	1	
4.11552	-4.92347	1	
4.10571	-4.90727	1	
4.09593	-4.88864	1	
4.08619	-4.86757	1	
4.07651	-4.8445	1	
4.06687	-4.81907	1	
4.05728	-4.79232	1	
4.04775	-4.76502	1	
4.03828	-4.73782	1	
4.02885	-4.71198	1	
4.01948	-4.68723	1	
4.01015	-4.66402	1	
4.00086	-4.6437	1	
3.99161	-4.6265	1	
3.98238	-4.61313	1	
3.97318	-4.60296	1	
3.96399	-4.59626	1	
3.9548	-4.59212	1	
3.94562	-4.58958	1	
3.93645	-4.58748	1	
3.92728	-4.58343	1	
3.91813	-4.57694	1	
3.90899	-4.5673	1	
3.89988	-4.55514	1	
3.8908	-4.54026	1	
3.88176	-4.52234	1	
3.87275	-4.50209	1	
3.86379	-4.47995	1	
3.85488	-4.4565	1	
3.84602	-4.43172	1	
3.83721	-4.4053	1	
3.82845	-4.37826	1	
3.81975	-4.35158	1	
3.81109	-4.32591	1	
3.80249	-4.3018	1	
3.79393	-4.27945	1	
3.78541	-4.25955	1	
3.77693	-4.2427	1	
3.76847	-4.22935	1	
3.76003	-4.21888	1	
3.75161	-4.21095	1	
3.7432	-4.20477	1	
3.7348	-4.20002	1	
3.72641	-4.19581	1	
3.71802	-4.19114	1	
3.70966	-4.18434	1	
3.70131	-4.17503	1	
3.69298	-4.16339	1	
3.68468	-4.14917	1	
3.67642	-4.1324	1	
3.66819	-4.11319	1	
3.66001	-4.09182	1	
3.65187	-4.06937	1	
3.64378	-4.04559	1	
3.63573	-4.02089	1	
3.62774	-3.9952	1	
3.61981	-3.9694	1	
3.61192	-3.94455	1	
3.60407	-3.92124	1	
3.59627	-3.9003	1	
3.58851	-3.88137	1	
3.58078	-3.86427	1	
3.57308	-3.84943	1	
3.56541	-3.83672	1	
3.55776	-3.82637	1	
3.55012	-3.81762	1	
3.5425	-3.81011	1	
3.53489	-3.8036	1	
3.5273	-3.79755	1	
3.51972	-3.79111	1	
3.51215	-3.78345	1	
3.5046	-3.7738	1	
3.49708	-3.76216	1	
3.48958	-3.74852	1	
3.48212	-3.73299	1	
3.47468	-3.71552	1	
3.46729	-3.69597	1	
3.45994	-3.67476	1	
3.45264	-3.65247	1	
3.44538	-3.62957	1	
3.43817	-3.60623	1	
3.431	-3.58286	1	
3.42388	-3.55945	1	
3.41681	-3.53649	1	
3.40978	-3.51471	1	
3.40279	-3.49468	1	
3.39584	-3.47638	1	
3.38892	-3.4598	1	
3.38203	-3.44486	1	
3.37516	-3.43151	1	
3.36832	-3.4201	1	
3.3615	-3.41024	1	
3.3547	-3.40112	1	
3.34792	-3.39227	1	
3.34115	-3.3837	1	
3.3344	-3.37526	1	
3.32767	-3.36674	1	
3.32095	-3.35749	1	
3.31426	-3.34704	1	
3.30759	-3.33514	1	
3.30094	-3.32151	1	
3.29433	-3.30611	1	
3.28775	-3.28915	1	
3.28121	-3.27017	1	
3.27471	-3.2495	1	
3.26826	-3.22769	1	
3.26185	-3.20532	1	
3.25548	-3.18263	1	
3.24916	-3.15992	1	
3.24289	-3.13724	1	
3.23666	-3.1147	1	
3.23047	-3.09311	1	
3.22433	-3.07305	1	
3.21822	-3.05469	1	
3.21214	-3.03812	1	
3.2061	-3.02259	1	
3.20008	-3.00799	1	
3.19409	-2.99444	1	
3.18813	-2.98185	1	
3.18219	-2.97043	1	
3.17627	-2.9597	1	
3.17037	-2.94913	1	
3.16449	-2.93869	1	
3.15863	-2.92839	1	
3.1528	-2.91781	1	
3.14698	-2.90689	1	
3.14119	-2.89538	1	
3.13543	-2.88261	1	
3.12969	-2.86853	1	
3.12399	-2.85296	1	
3.11831	-2.83572	1	
3.11268	-2.81704	1	
3.10709	-2.79716	1	
3.10153	-2.77598	1	
3.09603	-2.75407	1	
3.09056	-2.73223	1	
3.08514	-2.71115	1	
3.07976	-2.6904	1	
3.07442	-2.67044	1	
3.06912	-2.65048	1	
3.06386	-2.63005	1	
3.05864	-2.60949	1	
3.05346	-2.58926	1	
3.04832	-2.56936	1	
3.04322	-2.55013	1	
3.03816	-2.53201	1	
3.03313	-2.51498	1	
3.02813	-2.49917	1	
3.02316	-2.48498	1	
3.01821	-2.47212	1	
3.01329	-2.46026	1	
3.00839	-2.44905	1	
3.00352	-2.43822	1	
2.99866	-2.42735	1	
2.99383	-2.41662	1	
2.98902	-2.40602	1	
2.98423	-2.39572	1	
2.97946	-2.38583	1	
2.9747	-2.3758	1	
2.96997	-2.36481	1	
2.96527	-2.35287	1	
2.96059	-2.34001	1	
2.95594	-2.32627	1	
2.95131	-2.3116	1	
2.94672	-2.29592	1	
2.94216	-2.27902	1	
2.93764	-2.26078	1	
2.93316	-2.24183	1	
2.92871	-2.22246	1	
2.92431	-2.20282	1	
2.91994	-2.18301	1	
2.91561	-2.16343	1	
2.91133	-2.14379	1	
2.90708	-2.1244	1	
2.90287	-2.10523	1	
2.89869	-2.08698	1	
2.89455	-2.06984	1	
2.89045	-2.05369	1	
2.88637	-2.03862	1	
2.88232	-2.02411	1	
2.8783	-2.00961	1	
2.87431	-1.99521	1	
2.87035	-1.98105	1	
2.86641	-1.96732	1	
2.86251	-1.95383	1	
2.85863	-1.9406	1	
2.85477	-1.92723	1	
2.85094	-1.9137	1	
2.84714	-1.89989	1	
2.84337	-1.88614	1	
2.83963	-1.87248	1	
2.83591	-1.85873	1	
2.83222	-1.84469	1	
2.82856	-1.83041	1	
2.82493	-1.81564	1	
2.82133	-1.80027	1	
2.81776	-1.78446	1	
2.81422	-1.76863	1	
2.81071	-1.75294	1	
2.80724	-1.73717	1	
2.8038	-1.72145	1	
2.80039	-1.70571	1	
2.79701	-1.68974	1	
2.79366	-1.67313	1	
2.79035	-1.65613	1	
2.78707	-1.63903	1	
2.78383	-1.62221	1	
2.78061	-1.60558	1	
2.77744	-1.58891	1	
2.77429	-1.57235	1	
2.77118	-1.55578	1	
2.7681	-1.5389	1	
2.76506	-1.52179	1	
2.76205	-1.50463	1	
2.75907	-1.4879	1	
2.75613	-1.47158	1	
2.75322	-1.45605	1	
2.75034	-1.44099	1	
2.74748	-1.42671	1	
2.74466	-1.41304	1	
2.74186	-1.3996	1	
2.73909	-1.38643	1	
2.73634	-1.37382	1	
2.73361	-1.36169	1	
2.73091	-1.34998	1	
2.72824	-1.33864	1	
2.72558	-1.32731	1	
2.72295	-1.31594	1	
2.72034	-1.30463	1	
2.71775	-1.29339	1	
2.71519	-1.28226	1	
2.71265	-1.2713	1	
2.71013	-1.2606	1	
2.70763	-1.24986	1	
2.70515	-1.23902	1	
2.70269	-1.22802	1	
2.70026	-1.21703	1	
2.69785	-1.20563	1	
2.69546	-1.19376	1	
2.6931	-1.18127	1	
2.69076	-1.16831	1	
2.68845	-1.15543	1	
2.68616	-1.14261	1	
2.6839	-1.12995	1	
2.68167	-1.11738	1	
2.67946	-1.10461	1	
2.67728	-1.09194	1	
2.67512	-1.07918	1	
2.67299	-1.06603	1	
2.67088	-1.05261	1	
2.6688	-1.0391	1	
2.66675	-1.02571	1	
2.66473	-1.01273	1	
2.66273	-1.00018	1	
2.66075	-0.987804	1	
2.6588	-0.975538	1	
2.65687	-0.963387	1	
2.65497	-0.951429	1	
2.65309	-0.939604	1	
2.65123	-0.927822	1	
2.6494	-0.916005	1	
2.64759	-0.904313	1	
2.64581	-0.892905	1	
2.64404	-0.882015	1	
2.6423	-0.871701	1	
2.64058	-0.861905	1	
2.63887	-0.852388	1	
2.63719	-0.842881	1	
2.63552	-0.833399	1	
2.63387	-0.823891	1	
2.63224	-0.814177	1	
2.63063	-0.804435	1	
2.62905	-0.794647	1	
2.62748	-0.785062	1	
2.62592	-0.775785	1	
2.62439	-0.766959	1	
2.62287	-0.758478	1	
2.62137	-0.750201	1	
2.61989	-0.741883	1	
2.61842	-0.733425	1	
2.61697	-0.724969	1	
2.61554	-0.716391	1	
2.61412	-0.707744	1	
2.61273	-0.699123	1	
2.61134	-0.690444	1	
2.60998	-0.681869	1	
2.60863	-0.673407	1	
2.6073	-0.66501	1	
2.60599	-0.656778	1	
2.60469	-0.648617	1	
2.60341	-0.64045	1	
2.60215	-0.632111	1	
2.6009	-0.623525	1	
2.59967	-0.6149	1	
2.59846	-0.60634	1	
2.59726	-0.597921	1	
2.59608	-0.58946	1	
2.59492	-0.580871	1	
2.59378	-0.571978	1	
2.59265	-0.563003	1	
2.59154	-0.553908	1	
2.59045	-0.544873	1	
2.58938	-0.535975	1	
2.58833	-0.527304	1	
2.58729	-0.518748	1	
2.58627	-0.510213	1	
2.58527	-0.501546	1	
2.58428	-0.492776	1	
2.58331	-0.483992	1	
2.58236	-0.475171	1	
2.58143	-0.466532	1	
2.58051	-0.45811	1	
2.57961	-0.449891	1	
2.57873	-0.441858	1	
2.57786	-0.433736	1	
2.57701	-0.425605	1	
2.57618	-0.417443	1	
2.57536	-0.409364	1	
2.57455	-0.401404	1	
2.57377	-0.393582	1	
2.573	-0.385902	1	
2.57224	-0.378527	1	
2.5715	-0.371355	1	
2.57077	-0.364375	1	
2.57005	-0.357588	1	
2.56935	-0.35094	1	
2.56866	-0.344456	1	
2.56799	-0.338133	1	
2.56732	-0.331902	1	
2.56667	-0.325909	1	
2.56603	-0.320015	1	
2.5654	-0.314298	1	
2.56478	-0.308621	1	
2.56418	-0.303027	1	
2.56358	-0.297389	1	
2.563	-0.291708	1	
2.56243	-0.285907	1	
2.56187	-0.280052	1	
2.56132	-0.274242	1	
2.56078	-0.268512	1	
2.56026	-0.262875	1	
2.55974	-0.257523	1	
2.55924	-0.252294	1	
2.55874	-0.247247	1	
2.55826	-0.242317	1	
2.55778	-0.237565	1	
2.55732	-0.232935	1	
2.55686	-0.228421	1	
2.55641	-0.224052	1	
2.55597	-0.219714	1	
2.55554	-0.215401	1	
2.55512	-0.211152	1	
2.5547	-0.207015	1	
2.5543	-0.202885	1	
2.5539	-0.198788	1	
2.55351	-0.19478	1	
2.55313	-0.190835	1	
2.55276	-0.186907	1	
2.55239	-0.183009	1	
2.55203	-0.179067	1	
2.55168	-0.175142	1	
2.55134	-0.171118	1	
2.55101	-0.167102	1	
2.55068	-0.163186	1	
2.55036	-0.15932	1	
2.55005	-0.155512	1	
2.54975	-0.151806	1	
2.54945	-0.148128	1	
2.54916	-0.144438	1	
2.54888	-0.140752	1	
2.5486	-0.137176	1	
2.54834	-0.133665	1	
2.54808	-0.130165	1	
2.54782	-0.126744	1	
2.54758	-0.123371	1	
2.54734	-0.120047	1	
2.5471	-0.11672	1	
2.54688	-0.113476	1	
2.54666	-0.110298	1	
2.54644	-0.107166	1	
2.54623	-0.104002	1	
2.54603	-0.100848	1	
2.54584	-0.0977297	1	
2.54565	-0.0945643	1	
2.54546	-0.0914149	1	
2.54529	-0.0882883	1	
2.54512	-0.0852223	1	
2.54495	-0.0822513	1	
2.54479	-0.0793822	1	
2.54464	-0.0765486	1	
2.54449	-0.0737769	1	
2.54435	-0.0710878	1	
2.54421	-0.0684475	1	
2.54408	-0.0658946	1	
2.54396	-0.0634289	1	
2.54383	-0.0609645	1	
2.54372	-0.0585883	1	
2.5436	-0.0562634	1	
2.5435	-0.0540084	1	
2.54339	-0.0517893	1	
2.54329	-0.0496665	1	
2.5432	-0.0475856	1	
2.54311	-0.0455522	1	
2.54302	-0.0435449	1	
2.54294	-0.0415726	1	
2.54286	-0.0396423	1	
2.54278	-0.0377762	1	
2.54271	-0.0359883	1	
2.54264	-0.0342632	1	
2.54258	-0.0325994	1	
2.54251	-0.0309859	1	
2.54246	-0.0294351	1	
2.5424	-0.0279247	1	
2.54235	-0.0264665	1	
2.5423	-0.0250332	1	
2.54225	-0.0236443	1	
2.5422	-0.0222954	1	
2.54216	-0.0209873	1	
2.54212	-0.0197171	1	
2.54209	-0.0184768	1	
2.54205	-0.0172603	1	
2.54202	-0.0160821	1	
2.54199	-0.0149442	1	
2.54196	-0.0138437	1	
2.54194	-0.0127952	1	
2.54194	-0.0127952	1	
2.54194	-0.0127952	1	
2.54194	-0.0127952	1	
2.54194	-0.0127952	1	
2.54194	-0.0127952	1	
2.54194	-0.0127952	1	
2.54194	-0.0127952	1	
2.54194	-0.0127952	1	
2.54194	-0.0127952	1	
2.54194	-0.0127952	1	
2.54194	-0.0127952	1	
2.54194	-0.0127952	1	
2.54194	-0.0127952	1	
2.54194	-0.0127952	1	
2.54194	-0.0127952	1	
2.54194	-0.0127952	1	
2.54194	-0.0127952	1	
2.54194	-0.0127952	1	
2.54194	-0.0127952	1	
2.54194	-0.0127952	1	
2.54194	-0.0127952	1	
2.54194	-0.0127952	1	
2.54194	-0.0127952	1	
2.54194	-0.0127952	1	
2.54194	-0.0127952	1	
2.54194	-0.0127952	1	
2.54194	-0.0127952	1	
2.54194	-0.0127952	1	
2.54194	-0.0127952	1	
2.54194	-0.0127952	1	
2.54194	-0.0127952	1	
2.54194	-0.0127952	1	
2.54194	-0.0127952	1	
2.54194	-0.0127952	1	
2.54194	-0.0127952	1	
2.54194	-0.0127952	1	
2.54194	-0.0127952	1	
2.54194	-0.0127952	1	
2.54194	-0.0127952	1	
2.54194	-0.0127952	1	
2.54194	-0.0127952	1	
2.54194	-0.0127952	1	
2.54194	-0.0127952	1	
2.54194	-0.0127952	1	
2.54194	-0.0127952	1	
2.54194	-0.0127952	1	
2.54194	-0.0127952	1	
2.54194	-0.0127952	1	
2.54194	-0.0127952	1	
2.54194	-0.0127952	1	
2.54194	-0.0127952	1	
2.54194	-0.0127952	1	
2.54194	-0.0127952	1	
2.54194	-0.0127952	1	
2.54194	-0.0127952	1	
2.54194	-0.0127952	1	
2.54194	-0.0127952	1	
2.54194	-0.0127952	1	
2.54194	-0.0127952	1	
2.54194	-0.0127952	1	
2.54194	-0.0127952	1	
2.54194	-0.0127952	1	
2.54194	-0.0127952	1	
2.54194	-0.0127952	1	
2.54194	-0.0127952	1	
2.54194	-0.0127952	1	
2.54194	-0.0127952	1	
2.54194	-0.0127952	1	
2.54194	-0.0127952	1	
2.54194	-0.0127952	1	
2.54194	-0.0127952	1	
2.54194	-0.0127952	1	
2.54194	-0.0127952	1	
2.54194	-0.0127952	1	
2.54194	-0.0127952	1	
2.54194	-0.0127952	1	
2.54194	-0.0127952	1	
2.54194	-0.0127952	1	
2.54194	-0.0127952	1	
2.54194	-0.0127952	1	
2.54194	-0.0127952	1	
2.54194	-0.0127952	1	
2.54194	-0.0127952	1	
2.54194	-0.0127952	1	
2.54194	-0.0127952	1	
2.54194	-0.0127952	1	
2.54194	-0.0127952	1	
2.54194	-0.0127952	1	
2.54194	-0.0127952	1	
2.54194	-0.0127952	1	
2.54194	-0.0127952	1	
2.54194	-0.0127952	1	
2.54194	-0.0127952	1	
2.54194	-0.0127952	1	
2.54194	-0.0127952	1	
2.54194	-0.0127952	1	
2.54194	-0.0127952	1	
2.54194	-0.0127952	1	
2.54194	-0.0127952	1	
2.54194	-0.0127952	1	
2.54194	-0.0127952	1	
2.54194	-0.0127952	1	
2.54194	-0.0127952	1	
2.54194	-0.0127952	1	
2.54194	-0.0127952	1	
2.54194	-0.0127952	1	
2.54194	-0.0127952	1	
2.54194	-0.0127952	1	
2.54194	-0.0127952	1	
2.54194	-0.0127952	1	
2.54194	-0.0127952	1	
2.54194	-0.0127952	1	
2.54194	-0.0127952	1	
2.54194	-0.0127952	1	
2.54194	-0.0127952	1	
2.54194	-0.0127952	1	
2.54194	-0.0127952	1	
2.54194	-0.0127952	1	
2.54194	-0.0127952	1	
2.54194	-0.0127952	1	
2.54194	-0.0127952	1	
2.54194	-0.0127952	1	
2.54194	-0.0127952	1	
2.54194	-0.0127952	1	
2.54194	-0.0127952	1	
2.54194	-0.0127952	1	
2.54194	-0.0127952	1	
2.54194	-0.0127952	1	
2.54194	-0.0127952	1	
2.54194	-0.0127952	1	
2.54194	-0.0127952	1	
2.54194	-0.0127952	1	
2.54194	-0.0127952	1	
2.54194	-0.0127952	1	
2.54194	-0.0127952	1	
2.54194	-0.0127952	1	
2.54194	-0.0127952	1	
2.54194	-0.0127952	1	
2.54194	-0.0127952	1	
2.54194	-0.0127952	1	
2.54194	-0.0127952	1	
2.54194	-0.0127952	1	
2.54194	-0.0127952	1	
2.54194	-0.0127952	1	
2.54194	-0.0127952	1	
2.54194	-0.0127952	1	
2.54194	-0.0127952	1	
2.54194	-0.0127952	1	
2.54194	-0.0127952	1	
2.54194	-0.0127952	1	
2.54194	-0.0127952	1	
2.54194	-0.0127952	1	
2.54194	-0.0127952	1	
2.54194	-0.0127952	1	
2.54194	-0.0127952	1	
2.54194	-0.0127952	1	
2.54194	-0.0127952	1	
2.54194	-0.0127952	1	
2.54194	-0.0127952	1	
2.54194	-0.0127952	1	
2.54194	-0.0127952	1	
2.54194	-0.0127952	1	
2.54194	-0.0127952	1	
2.54194	-0.0127952	1	
2.54194	-0.0127952	1	
2.54194	-0.0127952	1	
2.54194	-0.0127952	1	
2.54194	-0.0127952	1	
2.54194	-0.0127952	1	
2.54194	-0.0127952	1	
2.54194	-0.0127952	1	
2.54194	-0.0127952	1	
2.54194	-0.0127952	1	
2.54194	-0.0127952	1	
2.54194	-0.0127952	1	
2.54194	-0.0127952	1	
2.54194	-0.0127952	1	
2.54194	-0.0127952	1	
2.54194	-0.0127952	1	
2.54194	-0.0127952	1	
2.54194	-0.0127952	1	
2.54194	-0.0127952	1	
2.54194	-0.0127952	1	
2.54194	-0.0127952	1	
2.54194	-0.0127952	1	
2.54194	-0.0127952	1	
2.54194	-0.0127952	1	
2.54194	-0.0127952	1	
2.54194	-0.0127952	1	
2.54194	-0.0127952	1	
2.54194	-0.0127952	1	
2.54194	-0.0127952	1	
2.54194	-0.0127952	1	
2.54194	-0.0127952	1	
2.54194	-0.0127952	1	
2.54194	-0.0127952	1	
2.54194	-0.0127952	1	
2.54194	-0.0127952	1	
2.54194	-0.0127952	1	
2.54194	-0.0127952	1	
2.54194	-0.0127952	1	
2.54194	-0.0127952	1	
2.54194	-0.0127952	1	
2.54194	-0.0127952	1	
2.54194	-0.0127952	1	
2.54194	-0.0127952	1	
2.54194	-0.0127952	1	
2.54194	-0.0127952	1	
2.54194	-0.0127952	1	
2.54194	-0.0127952	1	
2.54194	-0.0127952	1	
2.54194	-0.0127952	1	
2.54194	-0.0127952	1	
2.54194	-0.0127952	1	
2.54194	-0.0127952	1	
2.54194	-0.0127952	1	
2.54194	-0.0127952	1	
2.54194	-0.0127952	1	
2.54194	-0.0127952	1	
2.54194	-0.0127952	1	
2.54194	-0.0127952	1	
2.54194	-0.0127952	1	
2.54194	-0.0127952	1	
2.54194	-0.0127952	1	
2.54194	-0.0127952	1	
2.54194	-0.0127952	1	
2.54194	-0.0127952	1	
2.54194	-0.0127952	1	
2.54194	-0.0127952	1	
2.54194	-0.0127952	1	
2.54194	-0.0127952	1	
2.54194	-0.0127952	1	
2.54194	-0.0127952	1	
2.54194	-0.0127952	1	
2.54194	-0.0127952	1	
2.54194	-0.0127952	1	
2.54194	-0.0127952	1	
2.54194	-0.0127952	1	
2.54194	-0.0127952	1	
2.54194	-0.0127952	1	
2.54194	-0.0127952	1	
2.54194	-0.0127952	1	
2.54194	-0.0127952	1	
2.54194	-0.0127952	1	
2.54194	-0.0127952	1	
2.54194	-0.0127952	1	
2.54194	-0.0127952	1	
2.54194	-0.0127952	1	
2.54194	-0.0127952	1	
2.54194	-0.0127952	1	
2.54194	-0.0127952	1	
2.54194	-0.0127952	1	
2.54194	-0.0127952	1	
2.54194	-0.0127952	1	
2.54194	-0.0127952	1	
2.54194	-0.0127952	1	
2.54194	-0.0127952	1	
2.54194	-0.0127952	1	
2.54194	-0.0127952	1	
2.54194	-0.0127952	1	
2.54194	-0.0127952	1	
2.54194	-0.0127952	1	
2.54194	-0.0127952	1	
2.54194	-0.0127952	1	
2.54194	-0.0127952	1	
2.54194	-0.0127952	1	
2.54194	-0.0127952	1	
2.54194	-0.0127952	1	
2.54194	-0.0127952	1	
2.54194	-0.0127952	1	
2.54194	-0.0127952	1	
2.54194	-0.0127952	1	
2.54194	-0.0127952	1	
2.54194	-0.0127952	1	
2.54194	-0.0127952	1	
2.54194	-0.0127952	1	
2.54194	-0.0127952	1	
2.54194	-0.0127952	1	
2.54194	-0.0127952	1	
2.54194	-0.0127952	1	
2.54194	-0.0127952	1	
2.54194	-0.0127952	1	
2.54194	-0.0127952	1	
2.54194	-0.0127952	1	
2.54194	-0.0127952	1	
2.54194	-0.0127952	1	
2.54194	-0.0127952	1	
2.54194	-0.0127952	1	
2.54194	-0.0127952	1	
2.54194	-0.0127952	1	
2.54194	-0.0127952	1	
2.54194	-0.0127952	1	
2.54194	-0.0127952	1	
2.54194	-0.0127952	1	
2.54194	-0.0127952	1	
2.54194	-0.0127952	1	
2.54194	-0.0127952	1	
2.54194	-0.0127952	1	
2.54194	-0.0127952	1	
2.54194	-0.0127952	1	
2.54194	-0.0127952	1	
2.54194	-0.0127952	1	
2.54194	-0.0127952	1	
2.54194	-0.0127952	1	
2.54194	-0.0127952	1	
2.54194	-0.0127952	1	
2.54194	-0.0127952	1	
2.54194	-0.0127952	1	
2.54194	-0.0127952	1	
2.54194	-0.0127952	1	
2.54194	-0.0127952	1	
2.54194	-0.0127952	1	
2.54194	-0.0127952	1	
2.54194	-0.0127952	1	
2.54194	-0.0127952	1	
2.54194	-0.0127952	1	
2.54194	-0.0127952	1	
2.54194	-0.0127952	1	
2.54194	-0.0127952	1	
2.54194	-0.0127952	1	
2.54194	-0.0127952	1	
2.54194	-0.0127952	1	
2.54194	-0.0127952	1	
2.54194	-0.0127952	1	
2.54194	-0.0127952	1	
2.54194	-0.0127952	1	
2.54194	-0.0127952	1	
2.54194	-0.0127952	1	
2.54194	-0.0127952	1	
2.54194	-0.0127952	1	
2.54194	-0.0127952	1	
2.54194	-0.0127952	1	
2.54194	-0.0127952	1	
2.54194	-0.0127952	1	
2.54194	-0.0127952	1	
2.54194	-0.0127952	1	
2.54194	-0.0127952	1	
2.54194	-0.0127952	1	
2.54194	-0.0127952	1	
2.54194	-0.0127952	1	
2.54194	-0.0127952	1	
2.54194	-0.0127952	1	
2.54194	-0.0127952	1	
2.54194	-0.0127952	1	
2.54194	-0.0127952	1	
2.54194	-0.0127952	1	
2.54194	-0.0127952	1	
2.54194	-0.0127952	1	
2.54194	-0.0127952	1	
2.54194	-0.0127952	1	
2.54194	-0.0127952	1	
2.54194	-0.0127952	1	
2.54194	-0.0127952	1	
2.54194	-0.0127952	1	
2.54194	-0.0127952	1	
2.54194	-0.0127952	1	
2.54194	-0.0127952	1	
2.54194	-0.0127952	1	
2.54194	-0.0127952	1	
2.54194	-0.0127952	1	
2.54194	-0.0127952	1	
2.54194	-0.0127952	1	
2.54194	-0.0127952	1	
2.54194	-0.0127952	1	
2.54194	-0.0127952	1	
2.54194	-0.0127952	1	
2.54194	-0.0127952	1	
2.54194	-0.0127952	1	
2.54194	-0.0127952	1	
2.54194	-0.0127952	1	
2.54194	-0.0127952	1	
2.54194	-0.0127952	1	
2.54194	-0.0127952	1	
2.54194	-0.0127952	1	
2.54194	-0.0127952	1	
2.54194	-0.0127952	1	
2.54194	-0.0127952	1	
2.54194	-0.0127952	1	
2.54194	-0.0127952	1	
2.54194	-0.0127952	1	
2.54194	-0.0127952	1	
2.54194	-0.0127952	1	
2.54194	-0.0127952	1	
2.54194	-0.0127952	1	
2.54194	-0.0127952	1	
2.54194	-0.0127952	1	
2.54194	-0.0127952	1	
2.54194	-0.0127952	1	
2.54194	-0.0127952	1	
2.54194	-0.0127952	1	
2.54194	-0.0127952	1	
2.54194	-0.0127952	1	
2.54194	-0.0127952	1	
2.54194	-0.0127952	1	
2.54194	-0.0127952	1	
2.54194	-0.0127952	1	
2.54194	-0.0127952	1	
2.54194	-0.0127952	1	
2.54194	-0.0127952	1	
2.54194	-0.0127952	1	
2.54194	-0.0127952	1	
2.54194	-0.0127952	1	
2.54194	-0.0127952	1	
2.54194	-0.0127952	1	
2.54194	-0.0127952	1	
2.54194	-0.0127952	1	
2.54194	-0.0127952	1	
2.54194	-0.0127952	1	
2.54194	-0.0127952	1	
2.54194	-0.0127952	1	
2.54194	-0.0127952	1	
2.54194	-0.0127952	1	
2.54194	-0.0127952	1	
2.54194	-0.0127952	1	
2.54194	-0.0127952	1	
2.54194	-0.0127952	1	
2.54194	-0.0127952	1	
2.54194	-0.0127952	1	
2.54194	-0.0127952	1	
2.54194	-0.0127952	1	
2.54194	-0.0127952	1	
2.54194	-0.0127952	1	
2.54194	-0.0127952	1	
2.54194	-0.0127952	1	
2.54194	-0.0127952	1	
2.54194	-0.0127952	1	
2.54194	-0.0127952	1	
2.54194	-0.0127952	1	
2.54194	-0.0127952	1	
2.54194	-0.0127952	1	
2.54194	-0.0127952	1	
2.54194	-0.0127952	1	
2.54194	-0.0127952	1	
2.54194	-0.0127952	1	
2.54194	-0.0127952	1	
2.54194	-0.0127952	1	
2.54194	-0.0127952	1	
2.54194	-0.0127952	1	
2.54194	-0.0127952	1	
2.54194	-0.0127952	1	
2.54194	-0.0127952	1	
2.54194	-0.0127952	1	
2.54194	-0.0127952	1	
2.54194	-0.0127952	1	
2.54194	-0.0127952	1	
2.54194	-0.0127952	1	
2.54194	-0.0127952	1	
2.54194	-0.0127952	1	
2.54194	-0.0127952	1	
2.54194	-0.0127952	1	
2.54194	-0.0127952	1	
2.54194	-0.0127952	1	
2.54194	-0.0127952	1	
2.54194	-0.0127952	1	
2.54194	-0.0127952	1	
2.54194	-0.0127952	1	
2.54194	-0.0127952	1	
2.54194	-0.0127952	1	
2.54194	-0.0127952	1	
2.54194	-0.0127952	1	
2.54194	-0.0127952	1	
2.54194	-0.0127952	1	
2.54194	-0.0127952	1	
2.54194	-0.0127952	1	
2.54194	-0.0127952	1	
2.54194	-0.0127952	1	
2.54194	-0.0127952	1	
2.54194	-0.0127952	1	
2.54194	-0.0127952	1	
2.54194	-0.0127952	1	
2.54194	-0.0127952	1	
2.54194	-0.0127952	1	
2.54194	-0.0127952	1	
2.54194	-0.0127952	1	
2.54194	-0.0127952	1	
2.54194	-0.0127952	1	
2.54194	-0.0127952	1	
2.54194	-0.0127952	1	
2.54194	-0.0127952	1	
2.54194	-0.0127952	1	
2.54194	-0.0127952	1	
2.54194	-0.0127952	1	
2.54194	-0.0127952	1	
2.54194	-0.0127952	1	
2.54194	-0.0127952	1	
2.54194	-0.0127952	1	
2.54194	-0.0127952	1	
2.54194	-0.0127952	1	
2.54194	-0.0127952	1	
2.54194	-0.0127952	1	
2.54194	-0.0127952	1	
2.54194	-0.0127952	1	
2.54194	-0.0127952	1	
2.54194	-0.0127952	1	
2.54194	-0.0127952	1	
2.54194	-0.0127952	1	
2.54194	-0.0127952	1	
2.54194	-0.0127952	1	
2.54194	-0.0127952	1	
2.54194	-0.0127952	1	
2.54194	-0.0127952	1	
2.54194	-0.0127952	1	
2.54194	-0.0127952	1	
2.54194	-0.0127952	1	
2.54194	-0.0127952	1	
2.54194	-0.0127952	1	
2.54194	-0.0127952	1	
2.54194	-0.0127952	1	
2.54194	-0.0127952	1	
2.54194	-0.0127952	1	
2.54194	-0.0127952	1	
2.54194	-0.0127952	1	
2.54194	-0.0127952	1	
2.54194	-0.0127952	1	
2.54194	-0.0127952	1	
2.54194	-0.0127952	1	
2.54194	-0.0127952	1	
2.54194	-0.0127952	1	
2.54194	-0.0127952	1	
2.54194	-0.0127952	1	
2.54194	-0.0127952	1	
2.54194	-0.0127952	1	
2.54194	-0.0127952	1	
2.54194	-0.0127952	1	
2.54194	-0.0127952	1	
2.54194	-0.0127952	1	
2.54194	-0.0127952	1	
2.54194	-0.0127952	1	
2.54194	-0.0127952	1	
2.54194	-0.0127952	1	
2.54194	-0.0127952	1	
2.54194	-0.0127952	1	
2.54194	-0.0127952	1	
2.54194	-0.0127952	1	
2.54194	-0.0127952	1	
2.54194	-0.0127952	1	
2.54194	-0.0127952	1	
2.54194	-0.0127952	1	
2.54194	-0.0127952	1	
2.54194	-0.0127952	1	
2.54194	-0.0127952	1	
2.54194	-0.0127952	1	
2.54194	-0.0127952	1	
2.54194	-0.0127952	1	
2.54194	-0.0127952	1	
2.54194	-0.0127952	1	
2.54194	-0.0127952	1	
2.54194	-0.0127952	1	
2.54194	-0.0127952	1	
2.54194	-0.0127952	1	
2.54194	-0.0127952	1	
2.54194	-0.0127952	1	
2.54194	-0.0127952	1	
2.54194	-0.0127952	1	
2.54194	-0.0127952	1	
2.54194	-0.0127952	1	
2.54194	-0.0127952	1	
2.54194	-0.0127952	1	
2.54194	-0.0127952	1	
2.54194	-0.0127952	1	
2.54194	-0.0127952	1	
2.54194	-0.0127952	1	
2.54194	-0.0127952	1	
2.54194	-0.0127952	1	
2.54194	-0.0127952	1	
2.54194	-0.0127952	1	
2.54194	-0.0127952	1	
2.54194	-0.0127952	1	
2.54194	-0.0127952	1	
2.54194	-0.0127952	1	
2.54194	-0.0127952	1	
2.54194	-0.0127952	1	
2.54194	-0.0127952	1	
2.54194	-0.0127952	1	
2.54194	-0.0127952	1	
2.54194	-0.0127952	1	
2.54194	-0.0127952	1	
2.54194	-0.0127952	1	
2.54194	-0.0127952	1	
2.54194	-0.0127952	1	
2.54194	-0.0127952	1	
2.54194	-0.0127952	1	
2.54194	-0.0127952	1	
2.54194	-0.0127952	1	
2.54194	-0.0127952	1	
2.54194	-0.0127952	1	
2.54194	-0.0127952	1	
2.54194	-0.0127952	1	
2.54194	-0.0127952	1	
2.54194	-0.0127952	1	
2.54194	-0.0127952	1	
2.54194	-0.0127952	1	
2.54194	-0.0127952	1	
2.54194	-0.0127952	1	
2.54194	-0.0127952	1	
2.54194	-0.0127952	1	
2.54194	-0.0127952	1	
2.54194	-0.0127952	1	
2.54194	-0.0127952	1	
2.54194	-0.0127952	1	
2.54194	-0.0127952	1	
2.54194	-0.0127952	1	
2.54194	-0.0127952	1	
2.54194	-0.0127952	1	
2.54194	-0.0127952	1	
2.54194	-0.0127952	1	
2.54194	-0.0127952	1	
2.54194	-0.0127952	1	
2.54194	-0.0127952	1	
2.54194	-0.0127952	1	
2.54194	-0.0127952	1	
2.54194	-0.0127952	1	
2.54194	-0.0127952	1	
2.54194	-0.0127952	1	
2.54194	-0.0127952	1	
2.54194	-0.0127952	1	
2.54194	-0.0127952	1	
2.54194	-0.0127952	1	
2.54194	-0.0127952	1	
2.54194	-0.0127952	1	
2.54194	-0.0127952	1	
2.54194	-0.0127952	1	
2.54194	-0.0127952	1	
2.54194	-0.0127952	1	
2.54194	-0.0127952	1	
2.54194	-0.0127952	1	
2.54194	-0.0127952	1	
2.54194	-0.0127952	1	
2.54194	-0.0127952	1	
2.54194	-0.0127952	1	
2.54194	-0.0127952	1	
2.54194	-0.0127952	1	
2.54194	-0.0127952	1	
2.54194	-0.0127952	1	
2.54194	-0.0127952	1	
2.54194	-0.0127952	1	
2.54194	-0.0127952	1	
2.54194	-0.0127952	1	
2.54194	-0.0127952	1	
2.54194	-0.0127952	1	
2.54194	-0.0127952	1	
2.54194	-0.0127952	1	
2.54194	-0.0127952	1	
2.54194	-0.0127952	1	
2.54194	-0.0127952	1	
2.54194	-0.0127952	1	
2.54194	-0.0127952	1	
2.54194	-0.0127952	1	
2.54194	-0.0127952	1	
2.54194	-0.0127952	1	
2.54194	-0.0127952	1	
2.54194	-0.0127952	1	
2.54194	-0.0127952	1	
2.54194	-0.0127952	1	
2.54194	-0.0127952	1	
2.54194	-0.0127952	1	
2.54194	-0.0127952	1	
2.54194	-0.0127952	1	
2.54194	-0.0127952	1	
2.54194	-0.0127952	1	
2.54194	-0.0127952	1	
2.54194	-0.0127952	1	
2.54194	-0.0127952	1	
2.54194	-0.0127952	1	
2.54194	-0.0127952	1	
2.54194	-0.0127952	1	
2.54194	-0.0127952	1	
2.54194	-0.0127952	1	
2.54194	-0.0127952	1	
2.54194	-0.0127952	1	
2.54194	-0.0127952	1	
2.54194	-0.0127952	1	
2.54194	-0.0127952	1	
2.54194	-0.0127952	1	
2.54194	-0.0127952	1	
2.54194	-0.0127952	1	
2.54194	-0.0127952	1	
2.54194	-0.0127952	1	
2.54194	-0.0127952	1	
2.54194	-0.0127952	1	
2.54194	-0.0127952	1	
2.54194	-0.0127952	1	
2.54194	-0.0127952	1	
2.54194	-0.0127952	1	
2.54194	-0.0127952	1	
2.54194	-0.0127952	1	
2.54194	-0.0127952	1	
2.54194	-0.0127952	1	
2.54194	-0.0127952	1	
2.54194	-0.0127952	1	
2.54194	-0.0127952	1	
2.54194	-0.0127952	1	
2.54194	-0.0127952	1	
2.54194	-0.0127952	1	
2.54194	-0.0127952	1	
2.54194	-0.0127952	1	
2.54194	-0.0127952	1	
2.54194	-0.0127952	1	
2.54194	-0.0127952	1	
2.54194	-0.0127952	1	
2.54194	-0.0127952	1	
2.54194	-0.0127952	1	
2.54194	-0.0127952	1	
2.54194	-0.0127952	1	
2.54194	-0.0127952	1	
2.54194	-0.0127952	1	
2.54194	-0.0127952	1	
2.54194	-0.0127952	1	
2.54194	-0.0127952	1	
2.54194	-0.0127952	1	
2.54194	-0.0127952	1	
2.54194	-0.0127952	1	
2.54194	-0.0127952	1	
2.54194	-0.0127952	1	
2.54194	-0.0127952	1	
2.54194	-0.0127952	1	
2.54194	-0.0127952	1	
2.54194	-0.0127952	1	
2.54194	-0.0127952	1	
2.54194	-0.0127952	1	
2.54194	-0.0127952	1	
2.54194	-0.0127952	1	
2.54194	-0.0127952	1	
2.54194	-0.0127952	1	
2.54194	-0.0127952	1	
2.54194	-0.0127952	1	
2.54194	-0.0127952	1	
2.54194	-0.0127952	1	
2.54194	-0.0127952	1	
2.54194	-0.0127952	1	
2.54194	-0.0127952	1	
2.54194	-0.0127952	1	
2.54194	-0.0127952	1	
2.54194	-0.0127952	1	
2.54194	-0.0127952	1	
2.54194	-0.0127952	1	
2.54194	-0.0127952	1	
2.54194	-0.0127952	1	
2.54194	-0.0127952	1	
2.54194	-0.0127952	1	
2.54194	-0.0127952	1	
2.54194	-0.0127952	1	
2.54194	-0.0127952	1	
2.54194	-0.0127952	1	
2.54194	-0.0127952	1	
2.54194	-0.0127952	1	
2.54194	-0.0127952	1	
2.54194	-0.0127952	1	
2.54194	-0.0127952	1	
2.54194	-0.0127952	1	
2.54194	-0.0127952	1	
2.54194	-0.0127952	1	
2.54194	-0.0127952	1	
2.54194	-0.0127952	1	
2.54194	-0.0127952	1	
2.54194	-0.0127952	1	
2.54194	-0.0127952	1	
2.54194	-0.0127952	1	
2.54194	-0.0127952	1	
2.54194	-0.0127952	1	
2.54194	-0.0127952	1	
2.54194	-0.0127952	1	
2.54194	-0.0127952	1	
2.54194	-0.0127952	1	
2.54194	-0.0127952	1	
2.54194	-0.0127952	1	
2.54194	-0.0127952	1	
2.54194	-0.0127952	1	
2.54194	-0.0127952	1	
2.54194	-0.0127952	1	
2.54194	-0.0127952	1	
2.54194	-0.0127952	1	
2.54194	-0.0127952	1	
2.54194	-0.0127952	1	
2.54194	-0.0127952	1	
2.54194	-0.0127952	1	
2.54194	-0.0127952	1	
2.54194	-0.0127952	1	
2.54194	-0.0127952	1	
2.54194	-0.0127952	1	
2.54194	-0.0127952	1	
2.54194	-0.0127952	1	
2.54194	-0.0127952	1	
2.54194	-0.0127952	1	
2.54194	-0.0127952	1	
2.54194	-0.0127952	1	
2.54194	-0.0127952	1	
2.54194	-0.0127952	1	
2.54194	-0.0127952	1	
2.54194	-0.0127952	1	
2.54194	-0.0127952	1	
2.54194	-0.0127952	1	
2.54194	-0.0127952	1	
2.54194	-0.0127952	1	
2.54194	-0.0127952	1	
2.54194	-0.0127952	1	
2.54194	-0.0127952	1	
2.54194	-0.0127952	1	
2.54194	-0.0127952	1	
2.54194	-0.0127952	1	
2.54194	-0.0127952	1	
2.54194	-0.0127952	1	
2.54194	-0.0127952	1	
2.54194	-0.0127952	1	
2.54194	-0.0127952	1	
2.54194	-0.0127952	1	
2.54194	-0.0127952	1	
2.54194	-0.0127952	1	
2.54194	-0.0127952	1	
2.54194	-0.0127952	1	
2.54194	-0.0127952	1	
2.54194	-0.0127952	1	
2.54194	-0.0127952	1	
2.54194	-0.0127952	1	
2.54194	-0.0127952	1	
2.54194	-0.0127952	1	
2.54194	-0.0127952	1	
2.54194	-0.0127952	1	
2.54194	-0.0127952	1	
2.54194	-0.0127952	1	
2.54194	-0.0127952	1	
2.54194	-0.0127952	1	
2.54194	-0.0127952	1	
2.54194	-0.0127952	1	
2.54194	-0.0127952	1	
2.54194	-0.0127952	1	
2.54194	-0.0127952	1	
2.54194	-0.0127952	1	
2.54194	-0.0127952	1	
2.54194	-0.0127952	1	
2.54194	-0.0127952	1	
2.54194	-0.0127952	1	
2.54194	-0.0127952	1	
2.54194	-0.0127952	1	
2.54194	-0.0127952	1	
2.54194	-0.0127952	1	
2.54194	-0.0127952	1	
2.54194	-0.0127952	1	
2.54194	-0.0127952	1	
2.54194	-0.0127952	1	
2.54194	-0.0127952	1	
2.54194	-0.0127952	1	
2.54194	-0.0127952	1	
2.54194	-0.0127952	1	
2.54194	-0.0127952	1	
2.54194	-0.0127952	1	
2.54194	-0.0127952	1	
2.54194	-0.0127952	1	
2.54194	-0.0127952	1	
2.54194	-0.0127952	1	
2.54194	-0.0127952	1	
2.54194	-0.0127952	1	
2.54194	-0.0127952	1	
2.54194	-0.0127952	1	
2.54194	-0.0127952	1	
2.54194	-0.0127952	1	
2.54194	-0.0127952	1	
2.54194	-0.0127952	1	
2.54194	-0.0127952	1	
2.54194	-0.0127952	1	
2.54194	-0.0127952	1	
2.54194	-0.0127952	1	
2.54194	-0.0127952	1	
2.54194	-0.0127952	1	
2.54194	-0.0127952	1	
2.54194	-0.0127952	1	
2.54194	-0.0127952	1	
2.54194	-0.0127952	1	
2.54194	-0.0127952	1	
2.54194	-0.0127952	1	
2.54194	-0.0127952	1	
2.54194	-0.0127952	1	
2.54194	-0.0127952	1	
2.54194	-0.0127952	1	
2.54194	-0.0127952	1	
2.54194	-0.0127952	1	
2.54194	-0.0127952	1	
2.54194	-0.0127952	1	
2.54194	-0.0127952	1	
2.54194	-0.0127952	1	
2.54194	-0.0127952	1	
2.54194	-0.0127952	1	
2.54194	-0.0127952	1	
2.54194	-0.0127952	1	
2.54194	-0.0127952	1	
2.54194	-0.0127952	1	
2.54194	-0.0127952	1	
2.54194	-0.0127952	1	
2.54194	-0.0127952	1	
2.54194	-0.0127952	1	
2.54194	-0.0127952	1	
2.54194	-0.0127952	1	
2.54194	-0.0127952	1	
2.54194	-0.0127952	1	
2.54194	-0.0127952	1	
2.54194	-0.0127952	1	
2.54194	-0.0127952	1	
2.54194	-0.0127952	1	
2.54194	-0.0127952	1	
2.54194	-0.0127952	1	
2.54194	-0.0127952	1	
2.54194	-0.0127952	1	
2.54194	-0.0127952	1	
2.54194	-0.0127952	1	
2.54194	-0.0127952	1	
2.54194	-0.0127952	1	
2.54194	-0.0127952	1	
2.54194	-0.0127952	1	
2.54194	-0.0127952	1	
2.54194	-0.0127952	1	
2.54194	-0.0127952	1	
2.54194	-0.0127952	1	
2.54194	-0.0127952	1	
2.54194	-0.0127952	1	
2.54194	-0.0127952	1	
2.54194	-0.0127952	1	
2.54194	-0.0127952	1	
2.54194	-0.0127952	1	
2.54194	-0.0127952	1	
2.54194	-0.0127952	1	
2.54194	-0.0127952	1	
2.54194	-0.0127952	1	
2.54194	-0.0127952	1	
2.54194	-0.0127952	1	
2.54194	-0.0127952	1	
2.54194	-0.0127952	1	
2.54194	-0.0127952	1	
2.54194	-0.0127952	1	
2.54194	-0.0127952	1	
2.54194	-0.0127952	1	
2.54194	-0.0127952	1	
2.54194	-0.0127952	1	
2.54194	-0.0127952	1	
2.54194	-0.0127952	1	
2.54194	-0.0127952	1	
2.54194	-0.0127952	1	
2.54194	-0.0127952	1	
2.54194	-0.0127952	1	
2.54194	-0.0127952	1	
2.54194	-0.0127952	1	
2.54194	-0.0127952	1	
2.54194	-0.0127952	1	
2.54194	-0.0127952	1	
2.54194	-0.0127952	1	
2.54194	-0.0127952	1	
2.54194	-0.0127952	1	
2.54194	-0.0127952	1	
2.54194	-0.0127952	1	
2.54194	-0.0127952	1	
2.54194	-0.0127952	1	
2.54194	-0.0127952	1	
2.54194	-0.0127952	1	
2.54194	-0.0127952	1	
2.54194	-0.0127952	1	
2.54194	-0.0127952	1	
2.54194	-0.0127952	1	
2.54194	-0.0127952	1	
2.54194	-0.0127952	1	
2.54194	-0.0127952	1	
2.54194	-0.0127952	1	
2.54194	-0.0127952	1	
2.54194	-0.0127952	1	
2.54194	-0.0127952	1	
2.54194	-0.0127952	1	
2.54194	-0.0127952	1	
2.54194	-0.0127952	1	
2.54194	-0.0127952	1	
2.54194	-0.0127952	1	
2.54194	-0.0127952	1	
2.54194	-0.0127952	1	
2.54194	-0.0127952	1	
2.54194	-0.0127952	1	
2.54194	-0.0127952	1	
2.54194	-0.0127952	1	
2.54194	-0.0127952	1	
2.54194	-0.0127952	1	
2.54194	-0.0127952	1	
2.54194	-0.0127952	1	
2.54194	-0.0127952	1	
2.54194	-0.0127952	1	
2.54194	-0.0127952	1	
2.54194	-0.0127952	1	
2.54194	-0.0127952	1	
2.54194	-0.0127952	1	
2.54194	-0.0127952	1	
2.54194	-0.0127952	1	
2.54194	-0.0127952	1	
2.54194	-0.0127952	1	
2.54194	-0.0127952	1	
2.54194	-0.0127952	1	
2.54194	-0.0127952	1	
2.54194	-0.0127952	1	
2.54194	-0.0127952	1	
2.54194	-0.0127952	1	
2.54194	-0.0127952	1	
2.54194	-0.0127952	1	
2.54194	-0.0127952	1	
2.54194	-0.0127952	1	
2.54194	-0.0127952	1	
2.54194	-0.0127952	1	
2.54194	-0.0127952	1	
2.54194	-0.0127952	1	
2.54194	-0.0127952	1	
2.54194	-0.0127952	1	
2.54194	-0.0127952	1	
2.54194	-0.0127952	1	
2.54194	-0.0127952	1	
2.54194	-0.0127952	1	
2.54194	-0.0127952	1	
2.54194	-0.0127952	1	
2.54194	-0.0127952	1	
2.54194	-0.0127952	1	
2.54194	-0.0127952	1	
2.54194	-0.0127952	1	
2.54194	-0.0127952	1	
2.54194	-0.0127952	1	
2.54194	-0.0127952	1	
2.54194	-0.0127952	1	
2.54194	-0.0127952	1	
2.54194	-0.0127952	1	
2.54194	-0.0127952	1	
2.54194	-0.0127952	1	
2.54194	-0.0127952	1	
2.54194	-0.0127952	1	
2.54194	-0.0127952	1	
2.54194	-0.0127952	1	
2.54194	-0.0127952	1	
2.54194	-0.0127952	1	
2.54194	-0.0127952	1	
2.54194	-0.0127952	1	
2.54194	-0.0127952	1	
2.54194	-0.0127952	1	
2.54194	-0.0127952	1	
2.54194	-0.0127952	1	
2.54194	-0.0127952	1	
2.54194	-0.0127952	1	
2.54194	-0.0127952	1	
2.54194	-0.0127952	1	
2.54194	-0.0127952	1	
2.54194	-0.0127952	1	
2.54194	-0.0127952	1	
2.54194	-0.0127952	1	
2.54194	-0.0127952	1	
2.54194	-0.0127952	1	
2.54194	-0.0127952	1	
2.54194	-0.0127952	1	
2.54194	-0.0127952	1	
2.54194	-0.0127952	1	
2.54194	-0.0127952	1	
2.54194	-0.0127952	1	
2.54194	-0.0127952	1	
2.54194	-0.0127952	1	
2.54194	-0.0127952	1	
2.54194	-0.0127952	1	
2.54194	-0.0127952	1	
2.54194	-0.0127952	1	
2.54194	-0.0127952	1	
2.54194	-0.0127952	1	
2.54194	-0.0127952	1	
2.54194	-0.0127952	1	
2.54194	-0.0127952	1	
2.54194	-0.0127952	1	
2.54194	-0.0127952	1	
2.54194	-0.0127952	1	
2.54194	-0.0127952	1	
2.54194	-0.0127952	1	
2.54194	-0.0127952	1	
2.54194	-0.0127952	1	
2.54194	-0.0127952	1	
2.54194	-0.0127952	1	
2.54194	-0.0127952	1	
2.54194	-0.0127952	1	
2.54194	-0.0127952	1	
2.54194	-0.0127952	1	
2.54194	-0.0127952	1	
2.54194	-0.0127952	1	
2.54194	-0.0127952	1	
2.54194	-0.0127952	1	
2.54194	-0.0127952	1	
2.54194	-0.0127952	1	
2.54194	-0.0127952	1	
2.54194	-0.0127952	1	
2.54194	-0.0127952	1	
2.54194	-0.0127952	1	
2.54194	-0.0127952	1	
2.54194	-0.0127952	1	
2.54194	-0.0127952	1	
2.54194	-0.0127952	1	
2.54194	-0.0127952	1	
2.54194	-0.0127952	1	
2.54194	-0.0127952	1	
2.54194	-0.0127952	1	
2.54194	-0.0127952	1	
2.54194	-0.0127952	1	
2.54194	-0.0127952	1	
2.54194	-0.0127952	1	
2.54194	-0.0127952	1	
2.54194	-0.0127952	1	
2.54194	-0.0127952	1	
2.54194	-0.0127952	1	
2.54194	-0.0127952	1	
2.54194	-0.0127952	1	
2.54194	-0.0127952	1	
2.54194	-0.0127952	1	
2.54194	-0.0127952	1	
2.54194	-0.0127952	1	
2.54194	-0.0127952	1	
2.54194	-0.0127952	1	
2.54194	-0.0127952	1	
2.54194	-0.0127952	1	
2.54194	-0.0127952	1	
2.54194	-0.0127952	1	
2.54194	-0.0127952	1	
2.54194	-0.0127952	1	
2.54194	-0.0127952	1	
2.54194	-0.0127952	1	
2.54194	-0.0127952	1	
2.54194	-0.0127952	1	
2.54194	-0.0127952	1	
2.54194	-0.0127952	1	
2.54194	-0.0127952	1	
2.54194	-0.0127952	1	
2.54194	-0.0127952	1	
2.54194	-0.0127952	1	
2.54194	-0.0127952	1	
2.54194	-0.0127952	1	
2.54194	-0.0127952	1	
2.54194	-0.0127952	1	
2.54194	-0.0127952	1	
2.54194	-0.0127952	1	
2.54194	-0.0127952	1	
2.54194	-0.0127952	1	
2.54194	-0.0127952	1	
2.54194	-0.0127952	1	
2.54194	-0.0127952	1	
2.54194	-0.0127952	1	
2.54194	-0.0127952	1	
2.54194	-0.0127952	1	
2.54194	-0.0127952	1	
2.54194	-0.0127952	1	
2.54194	-0.0127952	1	
2.54194	-0.0127952	1	
2.54194	-0.0127952	1	
2.54194	-0.0127952	1	
2.54194	-0.0127952	1	
2.54194	-0.0127952	1	
2.54194	-0.0127952	1	
2.54194	-0.0127952	1	
2.54194	-0.0127952	1	
2.54194	-0.0127952	1	
2.54194	-0.0127952	1	
2.54194	-0.0127952	1	
2.54194	-0.0127952	1	
2.54194	-0.0127952	1	
2.54194	-0.0127952	1	
2.54194	-0.0127952	1	
2.54194	-0.0127952	1	
2.54194	-0.0127952	1	
2.54194	-0.0127952	1	
2.54194	-0.0127952	1	
2.54194	-0.0127952	1	
2.54194	-0.0127952	1	
2.54194	-0.0127952	1	
2.54194	-0.0127952	1	
2.54194	-0.0127952	1	
2.54194	-0.0127952	1	
2.54194	-0.0127952	1	
2.54194	-0.0127952	1	
2.54194	-0.0127952	1	
2.54194	-0.0127952	1	
2.54194	-0.0127952	1	
2.54194	-0.0127952	1	
2.54194	-0.0127952	1	
2.54194	-0.0127952	1	
2.54194	-0.0127952	1	
2.54194	-0.0127952	1	
2.54194	-0.0127952	1	
2.54194	-0.0127952	1	
2.54194	-0.0127952	1	
2.54194	-0.0127952	1	
2.54194	-0.0127952	1	
2.54194	-0.0127952	1	
2.54194	-0.0127952	1	
2.54194	-0.0127952	1	
2.54194	-0.0127952	1	
2.54194	-0.0127952	1	
2.54194	-0.0127952	1	
2.54194	-0.0127952	1	
2.54194	-0.0127952	1	
2.54194	-0.0127952	1	
2.54194	-0.0127952	1	
2.54194	-0.0127952	1	
2.54194	-0.0127952	1	
2.54194	-0.0127952	1	
2.54194	-0.0127952	1	
2.54194	-0.0127952	1	
2.54194	-0.0127952	1	
2.54194	-0.0127952	1	
2.54194	-0.0127952	1	
2.54194	-0.0127952	1	
2.54194	-0.0127952	1	
2.54194	-0.0127952	1	
2.54194	-0.0127952	1	
2.54194	-0.0127952	1	
2.54194	-0.0127952	1	
2.54194	-0.0127952	1	
2.54194	-0.0127952	1	
2.54194	-0.0127952	1	
2.54194	-0.0127952	1	
2.54194	-0.0127952	1	
2.54194	-0.0127952	1	
2.54194	-0.0127952	1	
2.54194	-0.0127952	1	
2.54194	-0.0127952	1	
2.54194	-0.0127952	1	
2.54194	-0.0127952	1	
2.54194	-0.0127952	1	
2.54194	-0.0127952	1	
2.54194	-0.0127952	1	
2.54194	-0.0127952	1	
2.54194	-0.0127952	1	
2.54194	-0.0127952	1	
2.54194	-0.0127952	1	
2.54194	-0.0127952	1	
2.54194	-0.0127952	1	
2.54194	-0.0127952	1	
2.54194	-0.0127952	1	
2.54194	-0.0127952	1	
2.54194	-0.0127952	1	
2.54194	-0.0127952	1	
2.54194	-0.0127952	1	
2.54194	-0.0127952	1	
