10	0	1	
10	0	1	
10	0	1	
10	0	1	
10	0	1	
10	0	1	
10	0	1	
10	0	1	
10	0	1	
10	0	1	
10	0	1	
10	0	1	
10	0	1	
10	0	1	
10	0	1	
10	0	1	
10	0	1	
10	0	1	
10	0	1	
10	0	1	
10	0	1	
10	0	1	
10	0	1	
10	0	1	
10	0	1	
10	0	1	
10	0	1	
10	0	1	
10	0	1	
10	0	1	
10	0	1	
10	0	1	
10	0	1	
10	0	1	
10	0	1	
10	0	1	
10	0	1	
10	0	1	
10	0	1	
10	0	1	
10	0	1	
10	0	1	
10	0	1	
10	0	1	
10	0	1	
10	0	1	
10	0	1	
10	0	1	
10	0	1	
10	0	1	
10	0	1	
10	0	1	
10	0	1	
10	0	1	
10	0	1	
10	0	1	
10	0	1	
10	0	1	
10	0	1	
10	0	1	
10	0	1	
10	0	1	
10	0	1	
10	0	1	
10	0	1	
10	0	1	
10	0	1	
10	0	1	
10	0	1	
10	0	1	
10	0	1	
10	0	1	
10	0	1	
10	0	1	
10	0	1	
10	0	1	
10	0	1	
10	0	1	
10	0	1	
10	0	1	
10	0	1	
10	0	1	
10	0	1	
10	0	1	
10	0	1	
10	0	1	
10	0	1	
10	0	1	
10	0	1	
10	0	1	
10	0	1	
10	0	1	
10	0	1	
10	0	1	
10	0	1	
10	0	1	
10	0	1	
10	0	1	
10	0	1	
10	0	1	
10	0	1	
10	0	1	
10	0	1	
10	0	1	
10	0	1	
10	0	1	
10	0	1	
10	0	1	
10	0	1	
10	0	1	
10	0	1	
10	0	1	
10	0	1	
10	0	1	
10	0	1	
10	0	1	
10	0	1	
10	0	1	
10	0	1	
10	0	1	
10	0	1	
9.99999	-0.00365169	1	
9.99998	-0.00615685	1	
9.99996	-0.00791919	1	
9.99995	-0.00919335	1	
9.99993	-0.0101686	1	
9.9999	-0.0109808	1	
9.99988	-0.011669	1	
9.99986	-0.012263	1	
9.99983	-0.0128333	1	
9.9998	-0.0133886	1	
9.99978	-0.0139293	1	
9.99975	-0.0144865	1	
9.99972	-0.0150772	1	
9.99969	-0.0156665	1	
9.99965	-0.0162457	1	
9.99962	-0.0168501	1	
9.99958	-0.0174703	1	
9.99955	-0.0181058	1	
9.99951	-0.0187743	1	
9.99947	-0.0194489	1	
9.99943	-0.0201219	1	
9.99939	-0.0208133	1	
9.99935	-0.0215492	1	
9.9993	-0.0222959	1	
9.99926	-0.0230492	1	
9.99921	-0.023826	1	
9.99916	-0.0245913	1	
9.99911	-0.0253832	1	
9.99906	-0.0262525	1	
9.999	-0.0271482	1	
9.99895	-0.0280163	1	
9.99889	-0.0288792	1	
9.99883	-0.0297233	1	
9.99877	-0.0305988	1	
9.9987	-0.0315401	1	
9.99864	-0.032529	1	
9.99857	-0.0335228	1	
9.9985	-0.0345333	1	
9.99843	-0.0355396	1	
9.99836	-0.0365134	1	
9.99828	-0.0375149	1	
9.99821	-0.0385162	1	
9.99813	-0.0395934	1	
9.99805	-0.0407219	1	
9.99796	-0.0418126	1	
9.99788	-0.04293	1	
9.99779	-0.0440297	1	
9.9977	-0.0451672	1	
9.99761	-0.0463209	1	
9.99751	-0.0474403	1	
9.99741	-0.0486024	1	
9.99731	-0.0498105	1	
9.99721	-0.0511023	1	
9.99711	-0.0524061	1	
9.997	-0.0536698	1	
9.99689	-0.0549497	1	
9.99678	-0.0562475	1	
9.99666	-0.0576147	1	
9.99654	-0.0589768	1	
9.99642	-0.0602732	1	
9.9963	-0.0616012	1	
9.99617	-0.0629853	1	
9.99605	-0.0644127	1	
9.99591	-0.0657582	1	
9.99578	-0.0671678	1	
9.99564	-0.068592	1	
9.9955	-0.0700368	1	
9.99536	-0.0714173	1	
9.99521	-0.0728057	1	
9.99506	-0.0742632	1	
9.99491	-0.0757214	1	
9.99476	-0.0771934	1	
9.9946	-0.0786724	1	
9.99444	-0.0801929	1	
9.99428	-0.0817575	1	
9.99411	-0.0834098	1	
9.99394	-0.0850323	1	
9.99377	-0.0867249	1	
9.99359	-0.088478	1	
9.99341	-0.0902596	1	
9.99323	-0.0920481	1	
9.99304	-0.0938099	1	
9.99285	-0.0956051	1	
9.99265	-0.097423	1	
9.99245	-0.0992454	1	
9.99225	-0.101041	1	
9.99205	-0.102864	1	
9.99184	-0.10463	1	
9.99162	-0.106406	1	
9.99141	-0.108231	1	
9.99119	-0.110074	1	
9.99096	-0.111906	1	
9.99074	-0.113871	1	
9.9905	-0.115933	1	
9.99027	-0.118022	1	
9.99003	-0.120197	1	
9.98978	-0.122389	1	
9.98953	-0.124525	1	
9.98928	-0.126709	1	
9.98902	-0.128917	1	
9.98876	-0.131128	1	
9.98849	-0.133472	1	
9.98822	-0.135852	1	
9.98795	-0.13826	1	
9.98766	-0.140675	1	
9.98738	-0.143026	1	
9.98709	-0.145484	1	
9.98679	-0.148023	1	
9.98649	-0.150636	1	
9.98618	-0.153308	1	
9.98587	-0.156042	1	
9.98555	-0.158824	1	
9.98523	-0.161581	1	
9.9849	-0.164372	1	
9.98457	-0.167233	1	
9.98423	-0.170119	1	
9.98388	-0.173056	1	
9.98353	-0.17599	1	
9.98317	-0.179056	1	
9.98281	-0.182145	1	
9.98244	-0.185214	1	
9.98206	-0.188366	1	
9.98168	-0.19147	1	
9.98129	-0.194595	1	
9.98089	-0.197643	1	
9.98049	-0.200591	1	
9.98008	-0.203558	1	
9.97967	-0.206547	1	
9.97925	-0.209574	1	
9.97883	-0.212665	1	
9.97839	-0.215835	1	
9.97796	-0.219033	1	
9.97751	-0.2224	1	
9.97706	-0.225795	1	
9.9766	-0.229265	1	
9.97614	-0.23278	1	
9.97566	-0.23642	1	
9.97518	-0.240178	1	
9.97469	-0.243985	1	
9.9742	-0.247852	1	
9.97369	-0.251826	1	
9.97318	-0.255762	1	
9.97266	-0.259812	1	
9.97214	-0.263881	1	
9.9716	-0.268093	1	
9.97106	-0.272298	1	
9.9705	-0.27655	1	
9.96994	-0.280946	1	
9.96937	-0.285323	1	
9.96879	-0.289829	1	
9.9682	-0.294367	1	
9.9676	-0.298862	1	
9.967	-0.303378	1	
9.96638	-0.308059	1	
9.96575	-0.312909	1	
9.96512	-0.317876	1	
9.96447	-0.322948	1	
9.96382	-0.328183	1	
9.96315	-0.333414	1	
9.96247	-0.338676	1	
9.96178	-0.343982	1	
9.96109	-0.349228	1	
9.96038	-0.354786	1	
9.95966	-0.360311	1	
9.95892	-0.365787	1	
9.95818	-0.371309	1	
9.95743	-0.37682	1	
9.95666	-0.382291	1	
9.95589	-0.387831	1	
9.9551	-0.393217	1	
9.9543	-0.398501	1	
9.9535	-0.403786	1	
9.95268	-0.409129	1	
9.95185	-0.414749	1	
9.95101	-0.420435	1	
9.95016	-0.426009	1	
9.94929	-0.431648	1	
9.94842	-0.437191	1	
9.94753	-0.442857	1	
9.94664	-0.448607	1	
9.94573	-0.454315	1	
9.94481	-0.459935	1	
9.94388	-0.465584	1	
9.94293	-0.471411	1	
9.94198	-0.477257	1	
9.94101	-0.483268	1	
9.94003	-0.48938	1	
9.93904	-0.495558	1	
9.93804	-0.501806	1	
9.93702	-0.508254	1	
9.93599	-0.514816	1	
9.93495	-0.52165	1	
9.93389	-0.528615	1	
9.93282	-0.535761	1	
9.93173	-0.54301	1	
9.93063	-0.5502	1	
9.92952	-0.55745	1	
9.92839	-0.564486	1	
9.92725	-0.57169	1	
9.92609	-0.579026	1	
9.92492	-0.586479	1	
9.92373	-0.594148	1	
9.92252	-0.601931	1	
9.9213	-0.609807	1	
9.92007	-0.617735	1	
9.91882	-0.625501	1	
9.91755	-0.633277	1	
9.91627	-0.64105	1	
9.91497	-0.648822	1	
9.91366	-0.656483	1	
9.91233	-0.664118	1	
9.91099	-0.671905	1	
9.90963	-0.680099	1	
9.90825	-0.688569	1	
9.90685	-0.697542	1	
9.90544	-0.706847	1	
9.90401	-0.716199	1	
9.90256	-0.725381	1	
9.90109	-0.73442	1	
9.8996	-0.743319	1	
9.8981	-0.752213	1	
9.89657	-0.760956	1	
9.89503	-0.769933	1	
9.89348	-0.779228	1	
9.8919	-0.78887	1	
9.8903	-0.798889	1	
9.88868	-0.80917	1	
9.88704	-0.819316	1	
9.88539	-0.829427	1	
9.88371	-0.839199	1	
9.88201	-0.849155	1	
9.88029	-0.859259	1	
9.87855	-0.869619	1	
9.87679	-0.880675	1	
9.87501	-0.892032	1	
9.8732	-0.903759	1	
9.87137	-0.915494	1	
9.86951	-0.927463	1	
9.86763	-0.939472	1	
9.86573	-0.951423	1	
9.8638	-0.963453	1	
9.86185	-0.975466	1	
9.85988	-0.988211	1	
9.85787	-1.00139	1	
9.85584	-1.01507	1	
9.85379	-1.02884	1	
9.8517	-1.04259	1	
9.84959	-1.05622	1	
9.84745	-1.07031	1	
9.84528	-1.08492	1	
9.84308	-1.1001	1	
9.84085	-1.11598	1	
9.83858	-1.13203	1	
9.83628	-1.14802	1	
9.83396	-1.16398	1	
9.8316	-1.17975	1	
9.82921	-1.19555	1	
9.82678	-1.2112	1	
9.82433	-1.22702	1	
9.82184	-1.24283	1	
9.81933	-1.25895	1	
9.81678	-1.27517	1	
9.81419	-1.29136	1	
9.81158	-1.30768	1	
9.80893	-1.32404	1	
9.80625	-1.34075	1	
9.80353	-1.35784	1	
9.80078	-1.37565	1	
9.79799	-1.39374	1	
9.79517	-1.41161	1	
9.79231	-1.42931	1	
9.78942	-1.44691	1	
9.78649	-1.46457	1	
9.78352	-1.48245	1	
9.78052	-1.50035	1	
9.77749	-1.51757	1	
9.77442	-1.53392	1	
9.77132	-1.54977	1	
9.76819	-1.56518	1	
9.76503	-1.58059	1	
9.76184	-1.59572	1	
9.75862	-1.61055	1	
9.75537	-1.62524	1	
9.75209	-1.64005	1	
9.74878	-1.65512	1	
9.74544	-1.67007	1	
9.74207	-1.6848	1	
9.73867	-1.69879	1	
9.73524	-1.7124	1	
9.73179	-1.7261	1	
9.72831	-1.74056	1	
9.7248	-1.75553	1	
9.72126	-1.77078	1	
9.71769	-1.78598	1	
9.71408	-1.80091	1	
9.71045	-1.81563	1	
9.70679	-1.83026	1	
9.7031	-1.84506	1	
9.69938	-1.85958	1	
9.69564	-1.8739	1	
9.69186	-1.88795	1	
9.68806	-1.90213	1	
9.68422	-1.91632	1	
9.68036	-1.93074	1	
9.67647	-1.94532	1	
9.67255	-1.9602	1	
9.6686	-1.97497	1	
9.66462	-1.98987	1	
9.66061	-2.00511	1	
9.65657	-2.02069	1	
9.6525	-2.03607	1	
9.64839	-2.05174	1	
9.64426	-2.06733	0.999697	
9.64009	-2.08279	0.998505	
9.6359	-2.09813	0.996511	
9.63167	-2.11334	0.994345	
9.62741	-2.12844	0.992987	
9.62313	-2.14341	0.991355	
9.61881	-2.15826	0.989745	
9.61446	-2.173	0.98845	
9.61009	-2.18761	0.986679	
9.60568	-2.20211	0.984804	
9.60125	-2.21649	0.983392	
9.59679	-2.23076	0.98199	
9.5923	-2.24492	0.97997	
9.58778	-2.25896	0.977979	
9.58324	-2.27288	0.975381	
9.57866	-2.2867	0.9728	
9.57406	-2.30041	0.970286	
9.56943	-2.314	0.967911	
9.56478	-2.32749	0.966213	
9.5601	-2.34087	0.964536	
9.55539	-2.35415	0.963375	
9.55065	-2.36731	0.962354	
9.54589	-2.38037	0.96145	
9.54111	-2.39333	0.960442	
9.53629	-2.40618	0.959092	
9.53146	-2.41894	0.957445	
9.52659	-2.43158	0.955745	
9.52171	-2.44413	0.954555	
9.51679	-2.45658	0.954119	
9.51185	-2.46893	0.954594	
9.50689	-2.48117	0.954871	
9.50191	-2.49332	0.954346	
9.49689	-2.50538	0.953318	
9.49186	-2.51733	0.951916	
9.4868	-2.5292	0.951271	
9.48172	-2.54096	0.950718	
9.47661	-2.55263	0.950067	
9.47149	-2.56421	0.949015	
9.46633	-2.5757	0.948153	
9.46116	-2.58709	0.947507	
9.45596	-2.5984	0.946877	
9.45074	-2.60961	0.945855	
9.4455	-2.62073	0.94487	
9.44024	-2.63177	0.943917	
9.43495	-2.64271	0.943149	
9.42965	-2.65357	0.94265	
9.42432	-2.66434	0.941841	
9.41897	-2.67503	0.940453	
9.4136	-2.68563	0.939149	
9.4082	-2.69614	0.937607	
9.40279	-2.70657	0.936487	
9.39736	-2.71692	0.935105	
9.3919	-2.72719	0.933674	
9.38643	-2.73737	0.932404	
9.38093	-2.74747	0.930904	
9.37542	-2.75749	0.9296	
9.36988	-2.76743	0.92802	
9.36433	-2.77729	0.926078	
9.35876	-2.78707	0.924795	
9.35316	-2.79678	0.923871	
9.34755	-2.8064	0.922823	
9.34192	-2.81595	0.921793	
9.33627	-2.82542	0.920332	
9.3306	-2.83482	0.918283	
9.32491	-2.84414	0.91633	
9.3192	-2.85339	0.914834	
9.31348	-2.86256	0.913945	
9.30773	-2.87166	0.913417	
9.30197	-2.88069	0.913332	
9.29619	-2.88964	0.912669	
9.29039	-2.89852	0.911573	
9.28458	-2.90734	0.911005	
9.27875	-2.91608	0.910215	
9.2729	-2.92475	0.909531	
9.26703	-2.93335	0.908965	
9.26115	-2.94188	0.908618	
9.25525	-2.95035	0.908807	
9.24933	-2.95875	0.908811	
9.2434	-2.96708	0.908582	
9.23744	-2.97534	0.908081	
9.23148	-2.98354	0.90786	
9.22549	-2.99167	0.907391	
9.21949	-2.99974	0.906656	
9.21348	-3.00774	0.905735	
9.20745	-3.01568	0.904578	
9.2014	-3.02355	0.903842	
9.19534	-3.03136	0.90263	
9.18926	-3.03911	0.901656	
9.18317	-3.0468	0.900478	
9.17706	-3.05442	0.899464	
9.17093	-3.06199	0.898571	
9.16479	-3.06949	0.897278	
9.15864	-3.07694	0.895885	
9.15247	-3.08432	0.894359	
9.14629	-3.09165	0.893325	
9.14009	-3.09891	0.892084	
9.13388	-3.10612	0.890526	
9.12765	-3.11327	0.888314	
9.12141	-3.12037	0.885936	
9.11516	-3.1274	0.883753	
9.10889	-3.13438	0.881556	
9.10261	-3.14131	0.879657	
9.09631	-3.14818	0.878083	
9.09	-3.15499	0.876332	
9.08368	-3.16175	0.873969	
9.07734	-3.16846	0.871413	
9.07099	-3.17511	0.869007	
9.06462	-3.18171	0.86699	
9.05825	-3.18826	0.86516	
9.05186	-3.19475	0.863784	
9.04546	-3.20119	0.863001	
9.03904	-3.20758	0.86268	
9.03261	-3.21392	0.862556	
9.02617	-3.22021	0.862379	
9.01972	-3.22645	0.8624	
9.01326	-3.23264	0.862546	
9.00678	-3.23878	0.862397	
9.00029	-3.24487	0.862263	
8.99379	-3.25091	0.862352	
8.98727	-3.2569	0.862636	
8.98075	-3.26285	0.86313	
8.97421	-3.26874	0.862867	
8.96766	-3.27459	0.862788	
8.9611	-3.2804	0.863043	
8.95453	-3.28615	0.863814	
8.94794	-3.29186	0.864761	
8.94135	-3.29753	0.865104	
8.93474	-3.30315	0.865594	
8.92812	-3.30872	0.865993	
8.9215	-3.31425	0.866036	
8.91486	-3.31974	0.866346	
8.90821	-3.32518	0.866191	
8.90154	-3.33058	0.866532	
8.89487	-3.33594	0.866597	
8.88819	-3.34125	0.865937	
8.8815	-3.34652	0.865249	
8.87479	-3.35175	0.864223	
8.86808	-3.35693	0.863125	
8.86136	-3.36208	0.861944	
8.85462	-3.36718	0.860518	
8.84788	-3.37224	0.858819	
8.84112	-3.37726	0.856781	
8.83436	-3.38225	0.854427	
8.82758	-3.38719	0.85228	
8.8208	-3.39209	0.850693	
8.81401	-3.39695	0.849317	
8.8072	-3.40178	0.84768	
8.80039	-3.40656	0.845771	
8.79357	-3.41131	0.843472	
8.78673	-3.41602	0.841433	
8.77989	-3.42069	0.839396	
8.77304	-3.42533	0.837986	
8.76618	-3.42992	0.836816	
8.75931	-3.43449	0.835829	
8.75244	-3.43901	0.834748	
8.74555	-3.4435	0.833864	
8.73865	-3.44795	0.833333	
8.73175	-3.45237	0.832902	
8.72483	-3.45675	0.832483	
8.71791	-3.46109	0.832451	
8.71098	-3.4654	0.832821	
8.70404	-3.46968	0.833268	
8.69709	-3.47392	0.834003	
8.69014	-3.47813	0.834205	
8.68317	-3.48231	0.83413	
8.6762	-3.48645	0.834272	
8.66922	-3.49056	0.834827	
8.66223	-3.49463	0.835532	
8.65523	-3.49868	0.836456	
8.64823	-3.50269	0.837128	
8.64121	-3.50666	0.837387	
8.63419	-3.51061	0.837371	
8.62716	-3.51453	0.837417	
8.62013	-3.51841	0.83751	
8.61308	-3.52226	0.837504	
8.60603	-3.52608	0.836831	
8.59897	-3.52988	0.835825	
8.5919	-3.53364	0.834798	
8.58483	-3.53737	0.833717	
8.57775	-3.54107	0.832603	
8.57066	-3.54474	0.831551	
8.56356	-3.54838	0.830462	
8.55646	-3.552	0.829443	
8.54935	-3.55558	0.828145	
8.54223	-3.55913	0.826711	
8.5351	-3.56266	0.825059	
8.52797	-3.56616	0.823221	
8.52083	-3.56963	0.821154	
8.51368	-3.57307	0.818857	
8.50653	-3.57649	0.816572	
8.49937	-3.57988	0.814558	
8.4922	-3.58324	0.81275	
8.48503	-3.58657	0.811649	
8.47785	-3.58988	0.810883	
8.47066	-3.59316	0.810523	
8.46347	-3.59642	0.81055	
8.45627	-3.59964	0.811063	
8.44907	-3.60285	0.811425	
8.44186	-3.60602	0.811463	
8.43464	-3.60918	0.811277	
8.42741	-3.6123	0.811315	
8.42018	-3.6154	0.811647	
8.41294	-3.61848	0.812397	
8.4057	-3.62153	0.813235	
8.39845	-3.62456	0.814124	
8.3912	-3.62756	0.8148	
8.38394	-3.63054	0.815158	
8.37667	-3.6335	0.815859	
8.3694	-3.63643	0.816468	
8.36212	-3.63934	0.817226	
8.35483	-3.64223	0.817446	
8.34754	-3.64509	0.817408	
8.34025	-3.64793	0.817141	
8.33294	-3.65074	0.816612	
8.32564	-3.65354	0.816064	
8.31833	-3.65631	0.815619	
8.31101	-3.65906	0.815122	
8.30368	-3.66179	0.814461	
8.29636	-3.66449	0.813773	
8.28902	-3.66718	0.81298	
8.28168	-3.66984	0.811811	
8.27434	-3.67248	0.810625	
8.26699	-3.6751	0.809261	
8.25963	-3.6777	0.807933	
8.25227	-3.68028	0.806326	
8.2449	-3.68284	0.804694	
8.23753	-3.68537	0.802926	
8.23016	-3.68789	0.801354	
8.22278	-3.69039	0.799572	
8.21539	-3.69286	0.798168	
8.208	-3.69532	0.797261	
8.20061	-3.69776	0.796881	
8.1932	-3.70018	0.79655	
8.1858	-3.70257	0.796498	
8.17839	-3.70495	0.796602	
8.17097	-3.70731	0.796716	
8.16356	-3.70966	0.796659	
8.15613	-3.71198	0.797024	
8.1487	-3.71428	0.797586	
8.14127	-3.71657	0.798521	
8.13383	-3.71884	0.799333	
8.12639	-3.72109	0.800139	
8.11894	-3.72332	0.801015	
8.11149	-3.72553	0.801588	
8.10404	-3.72773	0.802296	
8.09658	-3.7299	0.803182	
8.08911	-3.73207	0.80405	
8.08165	-3.73421	0.804669	
8.07417	-3.73634	0.804821	
8.0667	-3.73844	0.804582	
8.05921	-3.74054	0.80439	
8.05173	-3.74261	0.803917	
8.04424	-3.74467	0.80343	
8.03675	-3.74671	0.802575	
8.02925	-3.74874	0.801514	
8.02175	-3.75075	0.80022	
8.01424	-3.75274	0.798911	
8.00673	-3.75472	0.797584	
7.99922	-3.75668	0.79589	
7.9917	-3.75863	0.794231	
7.98418	-3.76056	0.79289	
7.97666	-3.76248	0.791555	
7.96913	-3.76438	0.790058	
7.96159	-3.76626	0.788321	
7.95406	-3.76813	0.786557	
7.94652	-3.76999	0.784774	
7.93897	-3.77183	0.783347	
7.93143	-3.77365	0.782802	
7.92388	-3.77546	0.782716	
7.91632	-3.77726	0.782787	
7.90876	-3.77904	0.783177	
7.9012	-3.78081	0.783682	
7.89364	-3.78256	0.78402	
7.88607	-3.7843	0.784421	
7.8785	-3.78603	0.785246	
7.87092	-3.78774	0.786382	
7.86334	-3.78944	0.788121	
7.85576	-3.79112	0.789829	
7.84817	-3.79279	0.791573	
7.84058	-3.79445	0.793064	
7.83299	-3.7961	0.794497	
7.8254	-3.79773	0.79613	
7.8178	-3.79935	0.798067	
7.8102	-3.80095	0.799936	
7.80259	-3.80254	0.80122	
7.79498	-3.80412	0.801905	
7.78737	-3.80569	0.802258	
7.77976	-3.80724	0.80241	
7.77214	-3.80879	0.802366	
7.76452	-3.81032	0.802407	
7.7569	-3.81183	0.802365	
7.74927	-3.81334	0.802081	
7.74164	-3.81483	0.801828	
7.73401	-3.81631	0.801366	
7.72637	-3.81778	0.80065	
7.71873	-3.81924	0.79993	
7.71109	-3.82069	0.79901	
7.70345	-3.82212	0.797909	
7.6958	-3.82354	0.796632	
7.68815	-3.82496	0.795354	
7.6805	-3.82636	0.793798	
7.67284	-3.82775	0.79222	
7.66518	-3.82912	0.790628	
7.65752	-3.83049	0.789689	
7.64986	-3.83185	0.789069	
7.64219	-3.83319	0.788652	
7.63452	-3.83453	0.788628	
7.62685	-3.83585	0.788816	
7.61918	-3.83716	0.788923	
7.6115	-3.83847	0.788885	
7.60382	-3.83976	0.78919	
7.59614	-3.84104	0.789652	
7.58845	-3.84231	0.790105	
7.58077	-3.84357	0.790856	
7.57308	-3.84482	0.792018	
7.56539	-3.84607	0.793217	
7.55769	-3.8473	0.794325	
7.54999	-3.84852	0.79573	
7.54229	-3.84973	0.797204	
7.53459	-3.85093	0.798325	
7.52689	-3.85213	0.798832	
7.51918	-3.85331	0.799348	
7.51147	-3.85448	0.799667	
7.50376	-3.85565	0.799942	
7.49605	-3.8568	0.800224	
7.48833	-3.85795	0.800205	
7.48061	-3.85908	0.79947	
7.47289	-3.86021	0.79851	
7.46517	-3.86133	0.797844	
7.45745	-3.86244	0.797428	
7.44972	-3.86354	0.796929	
7.44199	-3.86463	0.796539	
7.43426	-3.86571	0.79579	
7.42652	-3.86679	0.794862	
7.41879	-3.86785	0.793629	
7.41105	-3.86891	0.792524	
7.40331	-3.86996	0.791799	
7.39557	-3.871	0.791722	
7.38782	-3.87203	0.792222	
7.38008	-3.87306	0.792851	
7.37233	-3.87407	0.79369	
7.36458	-3.87508	0.79467	
7.35683	-3.87608	0.795411	
7.34907	-3.87707	0.796041	
7.34132	-3.87805	0.796861	
7.33356	-3.87903	0.797928	
7.3258	-3.88	0.799111	
7.31804	-3.88096	0.800421	
7.31027	-3.88191	0.802187	
7.30251	-3.88285	0.804056	
7.29474	-3.88379	0.805649	
7.28697	-3.88472	0.807067	
7.2792	-3.88564	0.808557	
7.27143	-3.88656	0.810107	
7.26365	-3.88746	0.811341	
7.25588	-3.88836	0.812402	
7.2481	-3.88926	0.813219	
7.24032	-3.89014	0.813401	
7.23253	-3.89102	0.813719	
7.22475	-3.89189	0.813918	
7.21697	-3.89276	0.813917	
7.20918	-3.89362	0.813753	
7.20139	-3.89447	0.81319	
7.1936	-3.89531	0.812502	
7.18581	-3.89615	0.811672	
7.17801	-3.89698	0.81089	
7.17022	-3.8978	0.809977	
7.16242	-3.89862	0.808776	
7.15462	-3.89943	0.807643	
7.14682	-3.90024	0.806509	
7.13902	-3.90104	0.805444	
7.13121	-3.90183	0.805113	
7.12341	-3.90261	0.805075	
7.1156	-3.90339	0.805045	
7.10779	-3.90417	0.805523	
7.09998	-3.90493	0.806237	
7.09217	-3.90569	0.806876	
7.08436	-3.90645	0.807545	
7.07655	-3.9072	0.808688	
7.06873	-3.90794	0.80978	
7.06091	-3.90867	0.810612	
7.05309	-3.9094	0.811675	
7.04527	-3.91013	0.812902	
7.03745	-3.91085	0.814127	
7.02963	-3.91156	0.815854	
7.0218	-3.91227	0.817837	
7.01398	-3.91297	0.819736	
7.00615	-3.91367	0.821168	
6.99832	-3.91436	0.822226	
6.99049	-3.91504	0.822702	
6.98266	-3.91572	0.822964	
6.97483	-3.9164	0.822996	
6.96699	-3.91693	0.822814	
6.95916	-3.9172	0.822319	
6.95132	-3.91722	0.821898	
6.94349	-3.91699	0.82153	
6.93566	-3.91651	0.821332	
6.92783	-3.91578	0.820699	
6.92	-3.91482	0.819706	
6.91217	-3.91362	0.818495	
6.90434	-3.9122	0.817443	
6.89652	-3.91054	0.816355	
6.88871	-3.90866	0.81512	
6.88089	-3.90656	0.814077	
6.87308	-3.90424	0.813568	
6.86528	-3.90171	0.813553	
6.85748	-3.89898	0.814017	
6.84969	-3.89603	0.814695	
6.84191	-3.89289	0.815262	
6.83413	-3.88954	0.815785	
6.82635	-3.886	0.816468	
6.81859	-3.88227	0.817441	
6.81083	-3.87835	0.818283	
6.80308	-3.87424	0.819122	
6.79534	-3.86995	0.820211	
6.78761	-3.86548	0.821213	
6.77989	-3.86084	0.822082	
6.77218	-3.85602	0.823008	
6.76448	-3.85103	0.823824	
6.75679	-3.84588	0.824214	
6.74911	-3.84056	0.824184	
6.74144	-3.83509	0.823879	
6.73378	-3.82945	0.823154	
6.72613	-3.82366	0.822145	
6.71849	-3.81772	0.821431	
6.71087	-3.81163	0.820583	
6.70326	-3.80539	0.819514	
6.69566	-3.79901	0.818196	
6.68808	-3.79248	0.816631	
6.6805	-3.78582	0.814928	
6.67295	-3.77902	0.81318	
6.6654	-3.77209	0.811383	
6.65787	-3.76503	0.809256	
6.65036	-3.75785	0.80712	
6.64286	-3.75053	0.804861	
6.63537	-3.74309	0.802982	
6.6279	-3.73554	0.801918	
6.62044	-3.72786	0.801269	
6.613	-3.72007	0.800555	
6.60558	-3.71216	0.80048	
6.59817	-3.70415	0.800324	
6.59078	-3.69602	0.80039	
6.5834	-3.68779	0.800775	
6.57604	-3.67946	0.801502	
6.5687	-3.67102	0.801826	
6.56138	-3.66248	0.802029	
6.55407	-3.65384	0.802674	
6.54678	-3.64511	0.803581	
6.53951	-3.63629	0.804752	
6.53225	-3.62737	0.806205	
6.52501	-3.61837	0.807264	
6.5178	-3.60927	0.807719	
6.5106	-3.60009	0.808059	
6.50341	-3.59083	0.808278	
6.49625	-3.58149	0.808102	
6.48911	-3.57206	0.807671	
6.48198	-3.56256	0.806998	
6.47488	-3.55298	0.805928	
6.46779	-3.54333	0.804456	
6.46072	-3.53361	0.803236	
6.45367	-3.52381	0.801952	
6.44665	-3.51395	0.80092	
6.43964	-3.50402	0.799662	
6.43265	-3.49402	0.798126	
6.42568	-3.48396	0.796399	
6.41873	-3.47384	0.794829	
6.41181	-3.46366	0.793269	
6.4049	-3.45342	0.792075	
6.39801	-3.44312	0.791203	
6.39115	-3.43277	0.79075	
6.3843	-3.42236	0.790638	
6.37748	-3.4119	0.790973	
6.37068	-3.40139	0.791373	
6.3639	-3.39083	0.791692	
6.35714	-3.38022	0.792437	
6.3504	-3.36957	0.793274	
6.34368	-3.35887	0.794021	
6.33698	-3.34812	0.794965	
6.33031	-3.33733	0.79612	
6.32365	-3.32651	0.797103	
6.31702	-3.31564	0.798064	
6.31041	-3.30473	0.799087	
6.30383	-3.29379	0.800033	
6.29726	-3.28281	0.800595	
6.29072	-3.2718	0.800864	
6.2842	-3.26076	0.800826	
6.2777	-3.24968	0.800031	
6.27122	-3.23857	0.799163	
6.26476	-3.22743	0.798493	
6.25833	-3.21626	0.797601	
6.25192	-3.20507	0.796552	
6.24553	-3.19385	0.795569	
6.23917	-3.18261	0.794212	
6.23283	-3.17134	0.792999	
6.22651	-3.16005	0.791666	
6.22021	-3.14873	0.790128	
6.21393	-3.1374	0.788548	
6.20768	-3.12605	0.786574	
6.20145	-3.11468	0.784501	
6.19525	-3.10329	0.782348	
6.18906	-3.09188	0.780868	
6.1829	-3.08046	0.779963	
6.17676	-3.06903	0.779703	
6.17065	-3.05758	0.779757	
6.16456	-3.04612	0.779805	
6.15849	-3.03465	0.779713	
6.15244	-3.02317	0.779537	
6.14642	-3.01167	0.779763	
6.14042	-3.00017	0.78022	
6.13444	-2.98866	0.780591	
6.12848	-2.97715	0.780857	
6.12255	-2.96562	0.781398	
6.11664	-2.9541	0.781906	
6.11076	-2.94256	0.782674	
6.1049	-2.93103	0.783318	
6.09906	-2.91949	0.784022	
6.09324	-2.90794	0.784367	
6.08745	-2.8964	0.784543	
6.08168	-2.88486	0.784481	
6.07593	-2.87331	0.783961	
6.07021	-2.86177	0.783017	
6.06451	-2.85023	0.7821	
6.05883	-2.83869	0.781009	
6.05318	-2.82715	0.779705	
6.04755	-2.81562	0.778255	
6.04194	-2.80409	0.776884	
6.03635	-2.79257	0.775424	
6.03079	-2.78105	0.774001	
6.02525	-2.76954	0.772658	
6.01974	-2.75803	0.771429	
6.01424	-2.74654	0.769785	
6.00877	-2.73505	0.768087	
6.00333	-2.72357	0.766374	
5.9979	-2.7121	0.764871	
5.9925	-2.70064	0.76386	
5.98712	-2.68919	0.76359	
5.98177	-2.67775	0.76355	
5.97643	-2.66632	0.76392	
5.97112	-2.6549	0.764394	
5.96584	-2.6435	0.764975	
5.96057	-2.63211	0.765508	
5.95533	-2.62074	0.766128	
5.95011	-2.60938	0.766908	
5.94492	-2.59803	0.767941	
5.93974	-2.5867	0.768742	
5.93459	-2.57538	0.769775	
5.92946	-2.56408	0.770744	
5.92436	-2.5528	0.771688	
5.91928	-2.54154	0.772425	
5.91422	-2.53029	0.773376	
5.90918	-2.51906	0.774362	
5.90416	-2.50785	0.775214	
5.89917	-2.49666	0.775667	
5.8942	-2.48548	0.775646	
5.88925	-2.47433	0.775271	
5.88432	-2.4632	0.774378	
5.87942	-2.45208	0.773643	
5.87454	-2.44099	0.773067	
5.86968	-2.42992	0.772627	
5.86484	-2.41887	0.772009	
5.86002	-2.40784	0.771691	
5.85523	-2.39684	0.771156	
5.85046	-2.38586	0.770536	
5.84571	-2.3749	0.76945	
5.84098	-2.36396	0.768584	
5.83627	-2.35305	0.767387	
5.83159	-2.34216	0.766086	
5.82693	-2.3313	0.764465	
5.82229	-2.32046	0.763181	
5.81767	-2.30964	0.762044	
5.81307	-2.29886	0.76104	
5.80849	-2.28809	0.760579	
5.80394	-2.27735	0.760796	
5.7994	-2.26664	0.761092	
5.79489	-2.25596	0.761577	
5.7904	-2.2453	0.762213	
5.78593	-2.23467	0.762861	
5.78148	-2.22406	0.763214	
5.77706	-2.21348	0.7639	
5.77265	-2.20293	0.765128	
5.76827	-2.19241	0.766415	
5.7639	-2.18192	0.767634	
5.75956	-2.17145	0.768942	
5.75524	-2.16102	0.770318	
5.75094	-2.15061	0.771819	
5.74666	-2.14023	0.773008	
5.7424	-2.12988	0.774339	
5.73816	-2.11956	0.775742	
5.73394	-2.10926	0.777178	
5.72974	-2.099	0.77818	
5.72556	-2.08877	0.779089	
5.72141	-2.07857	0.779535	
5.71727	-2.06839	0.779837	
5.71315	-2.05825	0.77959	
5.70906	-2.04814	0.779133	
5.70498	-2.03806	0.778965	
5.70092	-2.02801	0.778783	
5.69689	-2.01799	0.778436	
5.69287	-2.00801	0.777837	
5.68888	-1.99805	0.77725	
5.6849	-1.98812	0.776531	
5.68094	-1.97823	0.775394	
5.67701	-1.96837	0.774163	
5.67309	-1.95854	0.772696	
5.66919	-1.94874	0.771393	
5.66531	-1.93898	0.769901	
5.66146	-1.92924	0.76849	
5.65762	-1.91954	0.767076	
5.6538	-1.90987	0.765814	
5.65	-1.90024	0.764643	
5.64622	-1.89063	0.764029	
5.64245	-1.88106	0.763992	
5.63871	-1.87152	0.764492	
5.63499	-1.86202	0.765119	
5.63128	-1.85254	0.765666	
5.62759	-1.8431	0.766327	
5.62393	-1.8337	0.767141	
5.62028	-1.82432	0.767811	
5.61665	-1.81498	0.76849	
5.61304	-1.80568	0.769981	
5.60944	-1.7964	0.771507	
5.60587	-1.78716	0.77317	
5.60231	-1.77796	0.774712	
5.59878	-1.76878	0.776446	
5.59526	-1.75964	0.778251	
5.59176	-1.75054	0.779738	
5.58827	-1.74147	0.781302	
5.58481	-1.73243	0.782407	
5.58136	-1.72342	0.783642	
5.57793	-1.71445	0.785435	
5.57452	-1.70551	0.78669	
5.57113	-1.69661	0.787535	
5.56775	-1.68774	0.788197	
5.5644	-1.6789	0.788777	
5.56106	-1.6701	0.789324	
5.55773	-1.66133	0.789662	
5.55443	-1.6526	0.789561	
5.55114	-1.6439	0.789654	
5.54787	-1.63523	0.790117	
5.54462	-1.6266	0.790145	
5.54138	-1.618	0.789745	
5.53816	-1.60944	0.789435	
5.53496	-1.60091	0.788687	
5.53177	-1.59242	0.788103	
5.52861	-1.58395	0.787169	
5.52546	-1.57553	0.786233	
5.52232	-1.56713	0.785553	
5.5192	-1.55877	0.784788	
5.5161	-1.55045	0.784136	
5.51302	-1.54215	0.783142	
5.50995	-1.5339	0.782003	
5.5069	-1.52567	0.781262	
5.50386	-1.51748	0.780679	
5.50085	-1.50933	0.779836	
5.49784	-1.5012	0.779631	
5.49486	-1.49312	0.779587	
5.49189	-1.48506	0.779912	
5.48893	-1.47704	0.780393	
5.48599	-1.46905	0.780853	
5.48307	-1.4611	0.781798	
5.48017	-1.45318	0.782718	
5.47728	-1.4453	0.783968	
5.4744	-1.43744	0.784932	
5.47154	-1.42963	0.786234	
5.4687	-1.42184	0.787701	
5.46587	-1.41409	0.789814	
5.46306	-1.40637	0.791937	
5.46026	-1.39869	0.793735	
5.45748	-1.39104	0.79543	
5.45471	-1.38342	0.7969	
5.45196	-1.37584	0.798666	
5.44922	-1.36829	0.800216	
5.4465	-1.36077	0.801367	
5.44379	-1.35328	0.802497	
5.4411	-1.34583	0.803648	
5.43843	-1.33841	0.804921	
5.43576	-1.33103	0.806343	
5.43312	-1.32368	0.807558	
5.43048	-1.31636	0.808489	
5.42787	-1.30907	0.809161	
5.42526	-1.30182	0.809764	
5.42267	-1.2946	0.810266	
5.4201	-1.28741	0.810637	
5.41754	-1.28025	0.810686	
5.41499	-1.27313	0.810837	
5.41246	-1.26604	0.810977	
5.40994	-1.25898	0.811174	
5.40744	-1.25196	0.811095	
5.40495	-1.24496	0.810529	
5.40247	-1.238	0.80986	
5.40001	-1.23107	0.809313	
5.39756	-1.22418	0.808549	
5.39513	-1.21731	0.807729	
5.3927	-1.21048	0.807032	
5.3903	-1.20368	0.806213	
5.3879	-1.19691	0.805742	
5.38552	-1.19017	0.805694	
5.38316	-1.18347	0.805552	
5.3808	-1.17679	0.805234	
5.37846	-1.17015	0.805335	
5.37614	-1.16354	0.805546	
5.37382	-1.15696	0.805712	
5.37152	-1.15041	0.806298	
5.36923	-1.14389	0.806556	
5.36696	-1.1374	0.807173	
5.3647	-1.13095	0.808116	
5.36245	-1.12452	0.809656	
5.36021	-1.11813	0.811345	
5.35799	-1.11176	0.813061	
5.35578	-1.10543	0.814817	
5.35358	-1.09913	0.816375	
5.35139	-1.09286	0.818275	
5.34922	-1.08662	0.820127	
5.34706	-1.08041	0.821938	
5.34491	-1.07423	0.823732	
5.34277	-1.06808	0.825498	
5.34065	-1.06195	0.827794	
5.33854	-1.05586	0.830633	
5.33644	-1.0498	0.833438	
5.33435	-1.04377	0.836155	
5.33228	-1.03777	0.838563	
5.33021	-1.0318	0.840783	
5.32816	-1.02586	0.843045	
5.32612	-1.01995	0.845474	
5.32409	-1.01406	0.847647	
5.32208	-1.00821	0.849613	
5.32007	-1.00238	0.851453	
5.31808	-0.996588	0.853075	
5.3161	-0.990821	0.854736	
5.31413	-0.985083	0.856927	
5.31217	-0.979373	0.85918	
5.31022	-0.973693	0.861332	
5.30828	-0.968041	0.863116	
5.30636	-0.962417	0.864607	
5.30445	-0.956822	0.865916	
5.30254	-0.951255	0.867238	
5.30065	-0.945716	0.868726	
5.29877	-0.940206	0.870335	
5.2969	-0.934723	0.871449	
5.29504	-0.929268	0.872576	
5.2932	-0.923841	0.874016	
5.29136	-0.918442	0.875667	
5.28953	-0.913071	0.877414	
5.28772	-0.907727	0.879328	
5.28591	-0.90241	0.880929	
5.28412	-0.89712	0.882064	
5.28233	-0.891858	0.883168	
5.28056	-0.886623	0.884381	
5.2788	-0.881415	0.885976	
5.27705	-0.876234	0.887268	
5.2753	-0.87108	0.888517	
5.27357	-0.865952	0.889846	
5.27185	-0.860851	0.891184	
5.27014	-0.855777	0.892708	
5.26844	-0.850729	0.894482	
5.26675	-0.845707	0.896115	
5.26506	-0.840712	0.897878	
5.26339	-0.835742	0.899322	
5.26173	-0.830799	0.90052	
5.26008	-0.825882	0.901509	
5.25844	-0.82099	0.90265	
5.2568	-0.816124	0.903897	
5.25518	-0.811284	0.904809	
5.25357	-0.806469	0.905931	
5.25197	-0.80168	0.907284	
5.25037	-0.796916	0.908884	
5.24879	-0.792177	0.910931	
5.24721	-0.787464	0.913433	
5.24565	-0.782775	0.916055	
5.24409	-0.778111	0.918548	
5.24254	-0.773473	0.920811	
5.24101	-0.768858	0.923077	
5.23948	-0.764269	0.925379	
5.23796	-0.759704	0.928057	
5.23645	-0.755163	0.93094	
5.23495	-0.750647	0.933894	
5.23345	-0.746155	0.937101	
5.23197	-0.741687	0.940258	
5.2305	-0.737243	0.943054	
5.22903	-0.732823	0.946788	
5.22757	-0.728427	0.950759	
5.22613	-0.724055	0.955292	
5.22469	-0.719706	0.959496	
5.22326	-0.71538	0.963677	
5.22183	-0.711079	0.967888	
5.22042	-0.7068	0.971639	
5.21902	-0.702545	0.975479	
5.21762	-0.698312	0.97919	
5.21623	-0.694103	0.983297	
5.21485	-0.689917	0.988032	
5.21348	-0.685753	0.992809	
5.21212	-0.681613	0.997468	
5.21076	-0.676935	1	
5.20942	-0.671365	1	
5.20809	-0.665268	1	
5.20677	-0.658727	1	
5.20547	-0.65185	1	
5.20418	-0.644774	1	
5.2029	-0.637577	1	
5.20164	-0.630341	1	
5.2004	-0.62309	1	
5.19916	-0.615983	1	
5.19795	-0.608973	1	
5.19674	-0.602126	1	
5.19555	-0.595517	1	
5.19437	-0.58893	1	
5.19321	-0.582494	1	
5.19206	-0.576193	1	
5.19092	-0.570065	1	
5.18979	-0.564206	1	
5.18867	-0.558486	1	
5.18756	-0.553018	1	
5.18647	-0.547584	1	
5.18538	-0.542107	1	
5.18431	-0.536577	1	
5.18325	-0.531002	1	
5.1822	-0.525501	1	
5.18116	-0.520024	1	
5.18013	-0.514696	1	
5.17911	-0.509559	1	
5.1781	-0.504485	1	
5.1771	-0.499432	1	
5.17611	-0.494365	1	
5.17513	-0.489221	1	
5.17417	-0.484155	1	
5.17321	-0.479021	1	
5.17226	-0.473874	1	
5.17132	-0.468773	1	
5.1704	-0.463685	1	
5.16948	-0.458582	1	
5.16857	-0.453397	1	
5.16768	-0.448165	1	
5.16679	-0.442848	1	
5.16592	-0.43754	1	
5.16505	-0.432193	1	
5.1642	-0.426945	1	
5.16335	-0.421756	1	
5.16252	-0.416496	1	
5.1617	-0.411293	1	
5.16089	-0.406053	1	
5.16008	-0.400783	1	
5.15929	-0.395466	1	
5.15851	-0.39006	1	
5.15774	-0.384711	1	
5.15698	-0.379353	1	
5.15624	-0.374012	1	
5.1555	-0.368674	1	
5.15477	-0.363367	1	
5.15406	-0.358016	1	
5.15335	-0.352632	1	
5.15266	-0.347146	1	
5.15197	-0.341599	1	
5.1513	-0.336024	1	
5.15064	-0.330443	1	
5.14999	-0.324789	1	
5.14935	-0.319171	1	
5.14873	-0.313638	1	
5.14811	-0.30827	1	
5.1475	-0.303049	1	
5.14691	-0.29788	1	
5.14632	-0.292801	1	
5.14575	-0.287789	1	
5.14518	-0.28281	1	
5.14462	-0.277833	1	
5.14408	-0.272865	1	
5.14354	-0.267847	1	
5.14302	-0.262752	1	
5.1425	-0.257763	1	
5.142	-0.252728	1	
5.1415	-0.247677	1	
5.14102	-0.242568	1	
5.14054	-0.237501	1	
5.14008	-0.232525	1	
5.13962	-0.22761	1	
5.13918	-0.22277	1	
5.13874	-0.218033	1	
5.13831	-0.213294	1	
5.1379	-0.208592	1	
5.13749	-0.203989	1	
5.13709	-0.199424	1	
5.1367	-0.194916	1	
5.13632	-0.190453	1	
5.13595	-0.186041	1	
5.13558	-0.181609	1	
5.13523	-0.17718	1	
5.13488	-0.172768	1	
5.13455	-0.168429	1	
5.13422	-0.164136	1	
5.1339	-0.15994	1	
5.13359	-0.155829	1	
5.13328	-0.15184	1	
5.13299	-0.147893	1	
5.1327	-0.143976	1	
5.13242	-0.140067	1	
5.13215	-0.136218	1	
5.13188	-0.132442	1	
5.13162	-0.128701	1	
5.13137	-0.12503	1	
5.13113	-0.121472	1	
5.1309	-0.117951	1	
5.13067	-0.114495	1	
5.13044	-0.111099	1	
5.13023	-0.107661	1	
5.13002	-0.104189	1	
5.12982	-0.100733	1	
5.12962	-0.0972269	1	
5.12944	-0.0937799	1	
5.12926	-0.0904192	1	
5.12908	-0.0871806	1	
5.12891	-0.0840208	1	
5.12875	-0.0809154	1	
5.1286	-0.0779226	1	
5.12845	-0.0750148	1	
5.1283	-0.0721966	1	
5.12816	-0.0694786	1	
5.12803	-0.0668324	1	
5.1279	-0.0642537	1	
5.12778	-0.061777	1	
5.12766	-0.0594051	1	
5.12754	-0.0570888	1	
5.12743	-0.0548318	1	
5.12733	-0.0526213	1	
5.12723	-0.0504322	1	
5.12713	-0.0482701	1	
5.12704	-0.0461056	1	
5.12695	-0.0439531	1	
5.12687	-0.0418462	1	
5.12679	-0.0397586	1	
5.12671	-0.0377299	1	
5.12664	-0.0357591	1	
5.12657	-0.0338445	1	
5.12651	-0.0320022	1	
5.12645	-0.0302092	1	
5.12639	-0.028487	1	
5.12634	-0.0268263	1	
5.12629	-0.0252525	1	
5.12624	-0.023736	1	
5.1262	-0.0222733	1	
5.12615	-0.0208643	1	
5.12611	-0.019527	1	
5.12608	-0.0182341	1	
5.12604	-0.0170052	1	
5.12601	-0.0158209	1	
5.12598	-0.0146621	1	
5.12596	-0.013524	1	
5.12593	-0.0124226	1	
5.12593	-0.0124226	1	
5.12593	-0.0124226	1	
5.12593	-0.0124226	1	
5.12593	-0.0124226	1	
5.12593	-0.0124226	1	
5.12593	-0.0124226	1	
5.12593	-0.0124226	1	
5.12593	-0.0124226	1	
5.12593	-0.0124226	1	
5.12593	-0.0124226	1	
5.12593	-0.0124226	1	
5.12593	-0.0124226	1	
5.12593	-0.0124226	1	
5.12593	-0.0124226	1	
5.12593	-0.0124226	1	
5.12593	-0.0124226	1	
5.12593	-0.0124226	1	
5.12593	-0.0124226	1	
5.12593	-0.0124226	1	
5.12593	-0.0124226	1	
5.12593	-0.0124226	1	
5.12593	-0.0124226	1	
5.12593	-0.0124226	1	
5.12593	-0.0124226	1	
5.12593	-0.0124226	1	
5.12593	-0.0124226	1	
5.12593	-0.0124226	1	
5.12593	-0.0124226	1	
5.12593	-0.0124226	1	
5.12593	-0.0124226	1	
5.12593	-0.0124226	1	
5.12593	-0.0124226	1	
5.12593	-0.0124226	1	
5.12593	-0.0124226	1	
5.12593	-0.0124226	1	
5.12593	-0.0124226	1	
5.12593	-0.0124226	1	
5.12593	-0.0124226	1	
5.12593	-0.0124226	1	
5.12593	-0.0124226	1	
5.12593	-0.0124226	1	
5.12593	-0.0124226	1	
5.12593	-0.0124226	1	
5.12593	-0.0124226	1	
5.12593	-0.0124226	1	
5.12593	-0.0124226	1	
5.12593	-0.0124226	1	
5.12593	-0.0124226	1	
5.12593	-0.0124226	1	
5.12593	-0.0124226	1	
5.12593	-0.0124226	1	
5.12593	-0.0124226	1	
5.12593	-0.0124226	1	
5.12593	-0.0124226	1	
5.12593	-0.0124226	1	
5.12593	-0.0124226	1	
5.12593	-0.0124226	1	
5.12593	-0.0124226	1	
5.12593	-0.0124226	1	
5.12593	-0.0124226	1	
5.12593	-0.0124226	1	
5.12593	-0.0124226	1	
5.12593	-0.0124226	1	
5.12593	-0.0124226	1	
5.12593	-0.0124226	1	
5.12593	-0.0124226	1	
5.12593	-0.0124226	1	
5.12593	-0.0124226	1	
5.12593	-0.0124226	1	
5.12593	-0.0124226	1	
5.12593	-0.0124226	1	
5.12593	-0.0124226	1	
5.12593	-0.0124226	1	
5.12593	-0.0124226	1	
5.12593	-0.0124226	1	
5.12593	-0.0124226	1	
5.12593	-0.0124226	1	
5.12593	-0.0124226	1	
5.12593	-0.0124226	1	
5.12593	-0.0124226	1	
5.12593	-0.0124226	1	
5.12593	-0.0124226	1	
5.12593	-0.0124226	1	
5.12593	-0.0124226	1	
5.12593	-0.0124226	1	
5.12593	-0.0124226	1	
5.12593	-0.0124226	1	
5.12593	-0.0124226	1	
5.12593	-0.0124226	1	
5.12593	-0.0124226	1	
5.12593	-0.0124226	1	
5.12593	-0.0124226	1	
5.12593	-0.0124226	1	
5.12593	-0.0124226	1	
5.12593	-0.0124226	1	
5.12593	-0.0124226	1	
5.12593	-0.0124226	1	
5.12593	-0.0124226	1	
5.12593	-0.0124226	1	
5.12593	-0.0124226	1	
5.12593	-0.0124226	1	
5.12593	-0.0124226	1	
5.12593	-0.0124226	1	
5.12593	-0.0124226	1	
5.12593	-0.0124226	1	
5.12593	-0.0124226	1	
5.12593	-0.0124226	1	
5.12593	-0.0124226	1	
5.12593	-0.0124226	1	
5.12593	-0.0124226	1	
5.12593	-0.0124226	1	
5.12593	-0.0124226	1	
5.12593	-0.0124226	1	
5.12593	-0.0124226	1	
5.12593	-0.0124226	1	
5.12593	-0.0124226	1	
5.12593	-0.0124226	1	
5.12593	-0.0124226	1	
5.12593	-0.0124226	1	
5.12593	-0.0124226	1	
5.12593	-0.0124226	1	
5.12593	-0.0124226	1	
5.12593	-0.0124226	1	
5.12593	-0.0124226	1	
5.12593	-0.0124226	1	
5.12593	-0.0124226	1	
5.12593	-0.0124226	1	
5.12593	-0.0124226	1	
5.12593	-0.0124226	1	
5.12593	-0.0124226	1	
5.12593	-0.0124226	1	
5.12593	-0.0124226	1	
5.12593	-0.0124226	1	
5.12593	-0.0124226	1	
5.12593	-0.0124226	1	
5.12593	-0.0124226	1	
5.12593	-0.0124226	1	
5.12593	-0.0124226	1	
5.12593	-0.0124226	1	
5.12593	-0.0124226	1	
5.12593	-0.0124226	1	
5.12593	-0.0124226	1	
5.12593	-0.0124226	1	
5.12593	-0.0124226	1	
5.12593	-0.0124226	1	
5.12593	-0.0124226	1	
5.12593	-0.0124226	1	
5.12593	-0.0124226	1	
5.12593	-0.0124226	1	
5.12593	-0.0124226	1	
5.12593	-0.0124226	1	
5.12593	-0.0124226	1	
5.12593	-0.0124226	1	
5.12593	-0.0124226	1	
5.12593	-0.0124226	1	
5.12593	-0.0124226	1	
5.12593	-0.0124226	1	
5.12593	-0.0124226	1	
5.12593	-0.0124226	1	
5.12593	-0.0124226	1	
5.12593	-0.0124226	1	
5.12593	-0.0124226	1	
5.12593	-0.0124226	1	
5.12593	-0.0124226	1	
5.12593	-0.0124226	1	
5.12593	-0.0124226	1	
5.12593	-0.0124226	1	
5.12593	-0.0124226	1	
5.12593	-0.0124226	1	
5.12593	-0.0124226	1	
5.12593	-0.0124226	1	
5.12593	-0.0124226	1	
5.12593	-0.0124226	1	
5.12593	-0.0124226	1	
5.12593	-0.0124226	1	
5.12593	-0.0124226	1	
5.12593	-0.0124226	1	
5.12593	-0.0124226	1	
5.12593	-0.0124226	1	
5.12593	-0.0124226	1	
5.12593	-0.0124226	1	
5.12593	-0.0124226	1	
5.12593	-0.0124226	1	
5.12593	-0.0124226	1	
5.12593	-0.0124226	1	
5.12593	-0.0124226	1	
5.12593	-0.0124226	1	
5.12593	-0.0124226	1	
5.12593	-0.0124226	1	
5.12593	-0.0124226	1	
5.12593	-0.0124226	1	
5.12593	-0.0124226	1	
5.12593	-0.0124226	1	
5.12593	-0.0124226	1	
5.12593	-0.0124226	1	
5.12593	-0.0124226	1	
5.12593	-0.0124226	1	
5.12593	-0.0124226	1	
5.12593	-0.0124226	1	
5.12593	-0.0124226	1	
5.12593	-0.0124226	1	
5.12593	-0.0124226	1	
5.12593	-0.0124226	1	
5.12593	-0.0124226	1	
5.12593	-0.0124226	1	
5.12593	-0.0124226	1	
5.12593	-0.0124226	1	
5.12593	-0.0124226	1	
5.12593	-0.0124226	1	
5.12593	-0.0124226	1	
5.12593	-0.0124226	1	
5.12593	-0.0124226	1	
5.12593	-0.0124226	1	
5.12593	-0.0124226	1	
5.12593	-0.0124226	1	
5.12593	-0.0124226	1	
5.12593	-0.0124226	1	
5.12593	-0.0124226	1	
5.12593	-0.0124226	1	
5.12593	-0.0124226	1	
5.12593	-0.0124226	1	
5.12593	-0.0124226	1	
5.12593	-0.0124226	1	
5.12593	-0.0124226	1	
5.12593	-0.0124226	1	
5.12593	-0.0124226	1	
5.12593	-0.0124226	1	
5.12593	-0.0124226	1	
5.12593	-0.0124226	1	
5.12593	-0.0124226	1	
5.12593	-0.0124226	1	
5.12593	-0.0124226	1	
5.12593	-0.0124226	1	
5.12593	-0.0124226	1	
5.12593	-0.0124226	1	
5.12593	-0.0124226	1	
5.12593	-0.0124226	1	
5.12593	-0.0124226	1	
5.12593	-0.0124226	1	
5.12593	-0.0124226	1	
5.12593	-0.0124226	1	
5.12593	-0.0124226	1	
5.12593	-0.0124226	1	
5.12593	-0.0124226	1	
5.12593	-0.0124226	1	
5.12593	-0.0124226	1	
5.12593	-0.0124226	1	
5.12593	-0.0124226	1	
5.12593	-0.0124226	1	
5.12593	-0.0124226	1	
5.12593	-0.0124226	1	
5.12593	-0.0124226	1	
5.12593	-0.0124226	1	
5.12593	-0.0124226	1	
5.12593	-0.0124226	1	
5.12593	-0.0124226	1	
5.12593	-0.0124226	1	
5.12593	-0.0124226	1	
5.12593	-0.0124226	1	
5.12593	-0.0124226	1	
5.12593	-0.0124226	1	
5.12593	-0.0124226	1	
5.12593	-0.0124226	1	
5.12593	-0.0124226	1	
5.12593	-0.0124226	1	
5.12593	-0.0124226	1	
5.12593	-0.0124226	1	
5.12593	-0.0124226	1	
5.12593	-0.0124226	1	
5.12593	-0.0124226	1	
5.12593	-0.0124226	1	
5.12593	-0.0124226	1	
5.12593	-0.0124226	1	
5.12593	-0.0124226	1	
5.12593	-0.0124226	1	
5.12593	-0.0124226	1	
5.12593	-0.0124226	1	
5.12593	-0.0124226	1	
5.12593	-0.0124226	1	
5.12593	-0.0124226	1	
5.12593	-0.0124226	1	
5.12593	-0.0124226	1	
5.12593	-0.0124226	1	
5.12593	-0.0124226	1	
5.12593	-0.0124226	1	
5.12593	-0.0124226	1	
5.12593	-0.0124226	1	
5.12593	-0.0124226	1	
5.12593	-0.0124226	1	
5.12593	-0.0124226	1	
5.12593	-0.0124226	1	
5.12593	-0.0124226	1	
5.12593	-0.0124226	1	
5.12593	-0.0124226	1	
5.12593	-0.0124226	1	
5.12593	-0.0124226	1	
5.12593	-0.0124226	1	
5.12593	-0.0124226	1	
5.12593	-0.0124226	1	
5.12593	-0.0124226	1	
5.12593	-0.0124226	1	
5.12593	-0.0124226	1	
5.12593	-0.0124226	1	
5.12593	-0.0124226	1	
5.12593	-0.0124226	1	
5.12593	-0.0124226	1	
5.12593	-0.0124226	1	
5.12593	-0.0124226	1	
5.12593	-0.0124226	1	
5.12593	-0.0124226	1	
5.12593	-0.0124226	1	
5.12593	-0.0124226	1	
5.12593	-0.0124226	1	
5.12593	-0.0124226	1	
5.12593	-0.0124226	1	
5.12593	-0.0124226	1	
5.12593	-0.0124226	1	
5.12593	-0.0124226	1	
5.12593	-0.0124226	1	
5.12593	-0.0124226	1	
5.12593	-0.0124226	1	
5.12593	-0.0124226	1	
5.12593	-0.0124226	1	
5.12593	-0.0124226	1	
5.12593	-0.0124226	1	
5.12593	-0.0124226	1	
5.12593	-0.0124226	1	
5.12593	-0.0124226	1	
5.12593	-0.0124226	1	
5.12593	-0.0124226	1	
5.12593	-0.0124226	1	
5.12593	-0.0124226	1	
5.12593	-0.0124226	1	
5.12593	-0.0124226	1	
5.12593	-0.0124226	1	
5.12593	-0.0124226	1	
5.12593	-0.0124226	1	
5.12593	-0.0124226	1	
5.12593	-0.0124226	1	
5.12593	-0.0124226	1	
5.12593	-0.0124226	1	
5.12593	-0.0124226	1	
5.12593	-0.0124226	1	
5.12593	-0.0124226	1	
5.12593	-0.0124226	1	
5.12593	-0.0124226	1	
5.12593	-0.0124226	1	
5.12593	-0.0124226	1	
5.12593	-0.0124226	1	
5.12593	-0.0124226	1	
5.12593	-0.0124226	1	
5.12593	-0.0124226	1	
5.12593	-0.0124226	1	
5.12593	-0.0124226	1	
5.12593	-0.0124226	1	
5.12593	-0.0124226	1	
5.12593	-0.0124226	1	
5.12593	-0.0124226	1	
5.12593	-0.0124226	1	
5.12593	-0.0124226	1	
5.12593	-0.0124226	1	
5.12593	-0.0124226	1	
5.12593	-0.0124226	1	
5.12593	-0.0124226	1	
5.12593	-0.0124226	1	
5.12593	-0.0124226	1	
5.12593	-0.0124226	1	
5.12593	-0.0124226	1	
5.12593	-0.0124226	1	
5.12593	-0.0124226	1	
5.12593	-0.0124226	1	
5.12593	-0.0124226	1	
5.12593	-0.0124226	1	
5.12593	-0.0124226	1	
5.12593	-0.0124226	1	
5.12593	-0.0124226	1	
5.12593	-0.0124226	1	
5.12593	-0.0124226	1	
5.12593	-0.0124226	1	
5.12593	-0.0124226	1	
5.12593	-0.0124226	1	
5.12593	-0.0124226	1	
5.12593	-0.0124226	1	
5.12593	-0.0124226	1	
5.12593	-0.0124226	1	
5.12593	-0.0124226	1	
5.12593	-0.0124226	1	
5.12593	-0.0124226	1	
5.12593	-0.0124226	1	
5.12593	-0.0124226	1	
5.12593	-0.0124226	1	
5.12593	-0.0124226	1	
5.12593	-0.0124226	1	
5.12593	-0.0124226	1	
5.12593	-0.0124226	1	
5.12593	-0.0124226	1	
5.12593	-0.0124226	1	
5.12593	-0.0124226	1	
5.12593	-0.0124226	1	
5.12593	-0.0124226	1	
5.12593	-0.0124226	1	
5.12593	-0.0124226	1	
5.12593	-0.0124226	1	
5.12593	-0.0124226	1	
5.12593	-0.0124226	1	
5.12593	-0.0124226	1	
5.12593	-0.0124226	1	
5.12593	-0.0124226	1	
5.12593	-0.0124226	1	
5.12593	-0.0124226	1	
5.12593	-0.0124226	1	
5.12593	-0.0124226	1	
5.12593	-0.0124226	1	
5.12593	-0.0124226	1	
5.12593	-0.0124226	1	
5.12593	-0.0124226	1	
5.12593	-0.0124226	1	
5.12593	-0.0124226	1	
5.12593	-0.0124226	1	
5.12593	-0.0124226	1	
5.12593	-0.0124226	1	
5.12593	-0.0124226	1	
5.12593	-0.0124226	1	
5.12593	-0.0124226	1	
5.12593	-0.0124226	1	
5.12593	-0.0124226	1	
5.12593	-0.0124226	1	
5.12593	-0.0124226	1	
5.12593	-0.0124226	1	
5.12593	-0.0124226	1	
5.12593	-0.0124226	1	
5.12593	-0.0124226	1	
5.12593	-0.0124226	1	
5.12593	-0.0124226	1	
5.12593	-0.0124226	1	
5.12593	-0.0124226	1	
5.12593	-0.0124226	1	
5.12593	-0.0124226	1	
5.12593	-0.0124226	1	
5.12593	-0.0124226	1	
5.12593	-0.0124226	1	
5.12593	-0.0124226	1	
5.12593	-0.0124226	1	
5.12593	-0.0124226	1	
5.12593	-0.0124226	1	
5.12593	-0.0124226	1	
5.12593	-0.0124226	1	
5.12593	-0.0124226	1	
5.12593	-0.0124226	1	
5.12593	-0.0124226	1	
5.12593	-0.0124226	1	
5.12593	-0.0124226	1	
5.12593	-0.0124226	1	
5.12593	-0.0124226	1	
5.12593	-0.0124226	1	
5.12593	-0.0124226	1	
5.12593	-0.0124226	1	
5.12593	-0.0124226	1	
5.12593	-0.0124226	1	
5.12593	-0.0124226	1	
5.12593	-0.0124226	1	
5.12593	-0.0124226	1	
5.12593	-0.0124226	1	
5.12593	-0.0124226	1	
5.12593	-0.0124226	1	
5.12593	-0.0124226	1	
5.12593	-0.0124226	1	
5.12593	-0.0124226	1	
5.12593	-0.0124226	1	
5.12593	-0.0124226	1	
5.12593	-0.0124226	1	
5.12593	-0.0124226	1	
5.12593	-0.0124226	1	
5.12593	-0.0124226	1	
5.12593	-0.0124226	1	
5.12593	-0.0124226	1	
5.12593	-0.0124226	1	
5.12593	-0.0124226	1	
5.12593	-0.0124226	1	
5.12593	-0.0124226	1	
5.12593	-0.0124226	1	
5.12593	-0.0124226	1	
5.12593	-0.0124226	1	
5.12593	-0.0124226	1	
5.12593	-0.0124226	1	
5.12593	-0.0124226	1	
5.12593	-0.0124226	1	
5.12593	-0.0124226	1	
5.12593	-0.0124226	1	
5.12593	-0.0124226	1	
5.12593	-0.0124226	1	
5.12593	-0.0124226	1	
5.12593	-0.0124226	1	
5.12593	-0.0124226	1	
5.12593	-0.0124226	1	
5.12593	-0.0124226	1	
5.12593	-0.0124226	1	
5.12593	-0.0124226	1	
5.12593	-0.0124226	1	
5.12593	-0.0124226	1	
5.12593	-0.0124226	1	
5.12593	-0.0124226	1	
5.12593	-0.0124226	1	
5.12593	-0.0124226	1	
5.12593	-0.0124226	1	
5.12593	-0.0124226	1	
5.12593	-0.0124226	1	
5.12593	-0.0124226	1	
5.12593	-0.0124226	1	
5.12593	-0.0124226	1	
5.12593	-0.0124226	1	
5.12593	-0.0124226	1	
5.12593	-0.0124226	1	
5.12593	-0.0124226	1	
5.12593	-0.0124226	1	
5.12593	-0.0124226	1	
5.12593	-0.0124226	1	
5.12593	-0.0124226	1	
5.12593	-0.0124226	1	
5.12593	-0.0124226	1	
5.12593	-0.0124226	1	
5.12593	-0.0124226	1	
5.12593	-0.0124226	1	
5.12593	-0.0124226	1	
5.12593	-0.0124226	1	
5.12593	-0.0124226	1	
5.12593	-0.0124226	1	
5.12593	-0.0124226	1	
5.12593	-0.0124226	1	
5.12593	-0.0124226	1	
5.12593	-0.0124226	1	
5.12593	-0.0124226	1	
5.12593	-0.0124226	1	
5.12593	-0.0124226	1	
5.12593	-0.0124226	1	
5.12593	-0.0124226	1	
5.12593	-0.0124226	1	
5.12593	-0.0124226	1	
5.12593	-0.0124226	1	
5.12593	-0.0124226	1	
5.12593	-0.0124226	1	
5.12593	-0.0124226	1	
5.12593	-0.0124226	1	
5.12593	-0.0124226	1	
5.12593	-0.0124226	1	
5.12593	-0.0124226	1	
5.12593	-0.0124226	1	
5.12593	-0.0124226	1	
5.12593	-0.0124226	1	
5.12593	-0.0124226	1	
5.12593	-0.0124226	1	
5.12593	-0.0124226	1	
5.12593	-0.0124226	1	
5.12593	-0.0124226	1	
5.12593	-0.0124226	1	
5.12593	-0.0124226	1	
5.12593	-0.0124226	1	
5.12593	-0.0124226	1	
5.12593	-0.0124226	1	
5.12593	-0.0124226	1	
5.12593	-0.0124226	1	
5.12593	-0.0124226	1	
5.12593	-0.0124226	1	
5.12593	-0.0124226	1	
5.12593	-0.0124226	1	
5.12593	-0.0124226	1	
5.12593	-0.0124226	1	
5.12593	-0.0124226	1	
5.12593	-0.0124226	1	
5.12593	-0.0124226	1	
5.12593	-0.0124226	1	
5.12593	-0.0124226	1	
5.12593	-0.0124226	1	
5.12593	-0.0124226	1	
5.12593	-0.0124226	1	
5.12593	-0.0124226	1	
5.12593	-0.0124226	1	
5.12593	-0.0124226	1	
5.12593	-0.0124226	1	
5.12593	-0.0124226	1	
5.12593	-0.0124226	1	
5.12593	-0.0124226	1	
5.12593	-0.0124226	1	
5.12593	-0.0124226	1	
5.12593	-0.0124226	1	
5.12593	-0.0124226	1	
5.12593	-0.0124226	1	
5.12593	-0.0124226	1	
5.12593	-0.0124226	1	
5.12593	-0.0124226	1	
5.12593	-0.0124226	1	
5.12593	-0.0124226	1	
5.12593	-0.0124226	1	
5.12593	-0.0124226	1	
5.12593	-0.0124226	1	
5.12593	-0.0124226	1	
5.12593	-0.0124226	1	
5.12593	-0.0124226	1	
5.12593	-0.0124226	1	
5.12593	-0.0124226	1	
5.12593	-0.0124226	1	
5.12593	-0.0124226	1	
5.12593	-0.0124226	1	
5.12593	-0.0124226	1	
5.12593	-0.0124226	1	
5.12593	-0.0124226	1	
5.12593	-0.0124226	1	
5.12593	-0.0124226	1	
5.12593	-0.0124226	1	
5.12593	-0.0124226	1	
5.12593	-0.0124226	1	
5.12593	-0.0124226	1	
5.12593	-0.0124226	1	
5.12593	-0.0124226	1	
5.12593	-0.0124226	1	
5.12593	-0.0124226	1	
5.12593	-0.0124226	1	
5.12593	-0.0124226	1	
5.12593	-0.0124226	1	
5.12593	-0.0124226	1	
5.12593	-0.0124226	1	
5.12593	-0.0124226	1	
5.12593	-0.0124226	1	
5.12593	-0.0124226	1	
5.12593	-0.0124226	1	
5.12593	-0.0124226	1	
5.12593	-0.0124226	1	
5.12593	-0.0124226	1	
5.12593	-0.0124226	1	
5.12593	-0.0124226	1	
5.12593	-0.0124226	1	
5.12593	-0.0124226	1	
5.12593	-0.0124226	1	
5.12593	-0.0124226	1	
5.12593	-0.0124226	1	
5.12593	-0.0124226	1	
5.12593	-0.0124226	1	
5.12593	-0.0124226	1	
5.12593	-0.0124226	1	
5.12593	-0.0124226	1	
5.12593	-0.0124226	1	
5.12593	-0.0124226	1	
5.12593	-0.0124226	1	
5.12593	-0.0124226	1	
5.12593	-0.0124226	1	
5.12593	-0.0124226	1	
5.12593	-0.0124226	1	
5.12593	-0.0124226	1	
5.12593	-0.0124226	1	
5.12593	-0.0124226	1	
5.12593	-0.0124226	1	
5.12593	-0.0124226	1	
5.12593	-0.0124226	1	
5.12593	-0.0124226	1	
5.12593	-0.0124226	1	
5.12593	-0.0124226	1	
5.12593	-0.0124226	1	
5.12593	-0.0124226	1	
5.12593	-0.0124226	1	
5.12593	-0.0124226	1	
5.12593	-0.0124226	1	
5.12593	-0.0124226	1	
5.12593	-0.0124226	1	
5.12593	-0.0124226	1	
5.12593	-0.0124226	1	
5.12593	-0.0124226	1	
5.12593	-0.0124226	1	
5.12593	-0.0124226	1	
5.12593	-0.0124226	1	
5.12593	-0.0124226	1	
5.12593	-0.0124226	1	
5.12593	-0.0124226	1	
5.12593	-0.0124226	1	
5.12593	-0.0124226	1	
5.12593	-0.0124226	1	
5.12593	-0.0124226	1	
5.12593	-0.0124226	1	
5.12593	-0.0124226	1	
5.12593	-0.0124226	1	
5.12593	-0.0124226	1	
5.12593	-0.0124226	1	
5.12593	-0.0124226	1	
5.12593	-0.0124226	1	
5.12593	-0.0124226	1	
5.12593	-0.0124226	1	
5.12593	-0.0124226	1	
5.12593	-0.0124226	1	
5.12593	-0.0124226	1	
5.12593	-0.0124226	1	
5.12593	-0.0124226	1	
5.12593	-0.0124226	1	
5.12593	-0.0124226	1	
5.12593	-0.0124226	1	
5.12593	-0.0124226	1	
5.12593	-0.0124226	1	
5.12593	-0.0124226	1	
5.12593	-0.0124226	1	
5.12593	-0.0124226	1	
5.12593	-0.0124226	1	
5.12593	-0.0124226	1	
5.12593	-0.0124226	1	
5.12593	-0.0124226	1	
5.12593	-0.0124226	1	
5.12593	-0.0124226	1	
5.12593	-0.0124226	1	
5.12593	-0.0124226	1	
5.12593	-0.0124226	1	
5.12593	-0.0124226	1	
5.12593	-0.0124226	1	
5.12593	-0.0124226	1	
5.12593	-0.0124226	1	
5.12593	-0.0124226	1	
5.12593	-0.0124226	1	
5.12593	-0.0124226	1	
5.12593	-0.0124226	1	
5.12593	-0.0124226	1	
5.12593	-0.0124226	1	
5.12593	-0.0124226	1	
5.12593	-0.0124226	1	
5.12593	-0.0124226	1	
5.12593	-0.0124226	1	
5.12593	-0.0124226	1	
5.12593	-0.0124226	1	
5.12593	-0.0124226	1	
5.12593	-0.0124226	1	
5.12593	-0.0124226	1	
5.12593	-0.0124226	1	
5.12593	-0.0124226	1	
5.12593	-0.0124226	1	
5.12593	-0.0124226	1	
5.12593	-0.0124226	1	
5.12593	-0.0124226	1	
5.12593	-0.0124226	1	
5.12593	-0.0124226	1	
5.12593	-0.0124226	1	
5.12593	-0.0124226	1	
5.12593	-0.0124226	1	
5.12593	-0.0124226	1	
5.12593	-0.0124226	1	
5.12593	-0.0124226	1	
5.12593	-0.0124226	1	
5.12593	-0.0124226	1	
5.12593	-0.0124226	1	
5.12593	-0.0124226	1	
5.12593	-0.0124226	1	
5.12593	-0.0124226	1	
5.12593	-0.0124226	1	
5.12593	-0.0124226	1	
5.12593	-0.0124226	1	
5.12593	-0.0124226	1	
5.12593	-0.0124226	1	
5.12593	-0.0124226	1	
5.12593	-0.0124226	1	
5.12593	-0.0124226	1	
5.12593	-0.0124226	1	
5.12593	-0.0124226	1	
5.12593	-0.0124226	1	
5.12593	-0.0124226	1	
5.12593	-0.0124226	1	
5.12593	-0.0124226	1	
5.12593	-0.0124226	1	
5.12593	-0.0124226	1	
5.12593	-0.0124226	1	
5.12593	-0.0124226	1	
5.12593	-0.0124226	1	
5.12593	-0.0124226	1	
5.12593	-0.0124226	1	
5.12593	-0.0124226	1	
5.12593	-0.0124226	1	
5.12593	-0.0124226	1	
5.12593	-0.0124226	1	
5.12593	-0.0124226	1	
5.12593	-0.0124226	1	
5.12593	-0.0124226	1	
5.12593	-0.0124226	1	
5.12593	-0.0124226	1	
5.12593	-0.0124226	1	
5.12593	-0.0124226	1	
5.12593	-0.0124226	1	
5.12593	-0.0124226	1	
5.12593	-0.0124226	1	
5.12593	-0.0124226	1	
5.12593	-0.0124226	1	
5.12593	-0.0124226	1	
5.12593	-0.0124226	1	
5.12593	-0.0124226	1	
5.12593	-0.0124226	1	
5.12593	-0.0124226	1	
5.12593	-0.0124226	1	
5.12593	-0.0124226	1	
5.12593	-0.0124226	1	
5.12593	-0.0124226	1	
5.12593	-0.0124226	1	
5.12593	-0.0124226	1	
5.12593	-0.0124226	1	
5.12593	-0.0124226	1	
5.12593	-0.0124226	1	
5.12593	-0.0124226	1	
5.12593	-0.0124226	1	
5.12593	-0.0124226	1	
5.12593	-0.0124226	1	
5.12593	-0.0124226	1	
5.12593	-0.0124226	1	
5.12593	-0.0124226	1	
5.12593	-0.0124226	1	
5.12593	-0.0124226	1	
5.12593	-0.0124226	1	
5.12593	-0.0124226	1	
5.12593	-0.0124226	1	
5.12593	-0.0124226	1	
5.12593	-0.0124226	1	
5.12593	-0.0124226	1	
5.12593	-0.0124226	1	
5.12593	-0.0124226	1	
5.12593	-0.0124226	1	
5.12593	-0.0124226	1	
5.12593	-0.0124226	1	
5.12593	-0.0124226	1	
5.12593	-0.0124226	1	
5.12593	-0.0124226	1	
5.12593	-0.0124226	1	
5.12593	-0.0124226	1	
5.12593	-0.0124226	1	
5.12593	-0.0124226	1	
5.12593	-0.0124226	1	
5.12593	-0.0124226	1	
5.12593	-0.0124226	1	
5.12593	-0.0124226	1	
5.12593	-0.0124226	1	
5.12593	-0.0124226	1	
5.12593	-0.0124226	1	
5.12593	-0.0124226	1	
5.12593	-0.0124226	1	
5.12593	-0.0124226	1	
5.12593	-0.0124226	1	
5.12593	-0.0124226	1	
5.12593	-0.0124226	1	
5.12593	-0.0124226	1	
5.12593	-0.0124226	1	
5.12593	-0.0124226	1	
5.12593	-0.0124226	1	
5.12593	-0.0124226	1	
5.12593	-0.0124226	1	
5.12593	-0.0124226	1	
5.12593	-0.0124226	1	
5.12593	-0.0124226	1	
5.12593	-0.0124226	1	
5.12593	-0.0124226	1	
5.12593	-0.0124226	1	
5.12593	-0.0124226	1	
5.12593	-0.0124226	1	
5.12593	-0.0124226	1	
5.12593	-0.0124226	1	
5.12593	-0.0124226	1	
5.12593	-0.0124226	1	
5.12593	-0.0124226	1	
5.12593	-0.0124226	1	
5.12593	-0.0124226	1	
5.12593	-0.0124226	1	
5.12593	-0.0124226	1	
5.12593	-0.0124226	1	
5.12593	-0.0124226	1	
5.12593	-0.0124226	1	
5.12593	-0.0124226	1	
5.12593	-0.0124226	1	
5.12593	-0.0124226	1	
5.12593	-0.0124226	1	
5.12593	-0.0124226	1	
5.12593	-0.0124226	1	
5.12593	-0.0124226	1	
5.12593	-0.0124226	1	
5.12593	-0.0124226	1	
5.12593	-0.0124226	1	
5.12593	-0.0124226	1	
5.12593	-0.0124226	1	
5.12593	-0.0124226	1	
5.12593	-0.0124226	1	
5.12593	-0.0124226	1	
5.12593	-0.0124226	1	
5.12593	-0.0124226	1	
5.12593	-0.0124226	1	
5.12593	-0.0124226	1	
5.12593	-0.0124226	1	
5.12593	-0.0124226	1	
5.12593	-0.0124226	1	
5.12593	-0.0124226	1	
5.12593	-0.0124226	1	
5.12593	-0.0124226	1	
5.12593	-0.0124226	1	
5.12593	-0.0124226	1	
5.12593	-0.0124226	1	
5.12593	-0.0124226	1	
5.12593	-0.0124226	1	
5.12593	-0.0124226	1	
5.12593	-0.0124226	1	
5.12593	-0.0124226	1	
5.12593	-0.0124226	1	
5.12593	-0.0124226	1	
5.12593	-0.0124226	1	
5.12593	-0.0124226	1	
5.12593	-0.0124226	1	
5.12593	-0.0124226	1	
5.12593	-0.0124226	1	
5.12593	-0.0124226	1	
5.12593	-0.0124226	1	
5.12593	-0.0124226	1	
5.12593	-0.0124226	1	
5.12593	-0.0124226	1	
5.12593	-0.0124226	1	
5.12593	-0.0124226	1	
5.12593	-0.0124226	1	
5.12593	-0.0124226	1	
5.12593	-0.0124226	1	
5.12593	-0.0124226	1	
5.12593	-0.0124226	1	
5.12593	-0.0124226	1	
5.12593	-0.0124226	1	
5.12593	-0.0124226	1	
5.12593	-0.0124226	1	
5.12593	-0.0124226	1	
5.12593	-0.0124226	1	
5.12593	-0.0124226	1	
5.12593	-0.0124226	1	
5.12593	-0.0124226	1	
5.12593	-0.0124226	1	
5.12593	-0.0124226	1	
5.12593	-0.0124226	1	
5.12593	-0.0124226	1	
5.12593	-0.0124226	1	
5.12593	-0.0124226	1	
5.12593	-0.0124226	1	
5.12593	-0.0124226	1	
5.12593	-0.0124226	1	
5.12593	-0.0124226	1	
5.12593	-0.0124226	1	
5.12593	-0.0124226	1	
5.12593	-0.0124226	1	
5.12593	-0.0124226	1	
5.12593	-0.0124226	1	
5.12593	-0.0124226	1	
5.12593	-0.0124226	1	
5.12593	-0.0124226	1	
5.12593	-0.0124226	1	
5.12593	-0.0124226	1	
5.12593	-0.0124226	1	
5.12593	-0.0124226	1	
5.12593	-0.0124226	1	
5.12593	-0.0124226	1	
5.12593	-0.0124226	1	
5.12593	-0.0124226	1	
5.12593	-0.0124226	1	
5.12593	-0.0124226	1	
5.12593	-0.0124226	1	
5.12593	-0.0124226	1	
5.12593	-0.0124226	1	
5.12593	-0.0124226	1	
5.12593	-0.0124226	1	
5.12593	-0.0124226	1	
5.12593	-0.0124226	1	
5.12593	-0.0124226	1	
5.12593	-0.0124226	1	
5.12593	-0.0124226	1	
5.12593	-0.0124226	1	
5.12593	-0.0124226	1	
5.12593	-0.0124226	1	
5.12593	-0.0124226	1	
5.12593	-0.0124226	1	
5.12593	-0.0124226	1	
5.12593	-0.0124226	1	
5.12593	-0.0124226	1	
5.12593	-0.0124226	1	
5.12593	-0.0124226	1	
5.12593	-0.0124226	1	
5.12593	-0.0124226	1	
5.12593	-0.0124226	1	
5.12593	-0.0124226	1	
5.12593	-0.0124226	1	
5.12593	-0.0124226	1	
5.12593	-0.0124226	1	
5.12593	-0.0124226	1	
5.12593	-0.0124226	1	
5.12593	-0.0124226	1	
5.12593	-0.0124226	1	
5.12593	-0.0124226	1	
5.12593	-0.0124226	1	
5.12593	-0.0124226	1	
5.12593	-0.0124226	1	
5.12593	-0.0124226	1	
5.12593	-0.0124226	1	
5.12593	-0.0124226	1	
5.12593	-0.0124226	1	
5.12593	-0.0124226	1	
5.12593	-0.0124226	1	
5.12593	-0.0124226	1	
5.12593	-0.0124226	1	
5.12593	-0.0124226	1	
5.12593	-0.0124226	1	
5.12593	-0.0124226	1	
5.12593	-0.0124226	1	
5.12593	-0.0124226	1	
5.12593	-0.0124226	1	
5.12593	-0.0124226	1	
5.12593	-0.0124226	1	
5.12593	-0.0124226	1	
5.12593	-0.0124226	1	
5.12593	-0.0124226	1	
5.12593	-0.0124226	1	
5.12593	-0.0124226	1	
5.12593	-0.0124226	1	
5.12593	-0.0124226	1	
5.12593	-0.0124226	1	
5.12593	-0.0124226	1	
5.12593	-0.0124226	1	
5.12593	-0.0124226	1	
5.12593	-0.0124226	1	
5.12593	-0.0124226	1	
5.12593	-0.0124226	1	
5.12593	-0.0124226	1	
5.12593	-0.0124226	1	
5.12593	-0.0124226	1	
5.12593	-0.0124226	1	
5.12593	-0.0124226	1	
5.12593	-0.0124226	1	
5.12593	-0.0124226	1	
5.12593	-0.0124226	1	
5.12593	-0.0124226	1	
5.12593	-0.0124226	1	
5.12593	-0.0124226	1	
5.12593	-0.0124226	1	
5.12593	-0.0124226	1	
5.12593	-0.0124226	1	
5.12593	-0.0124226	1	
5.12593	-0.0124226	1	
5.12593	-0.0124226	1	
5.12593	-0.0124226	1	
5.12593	-0.0124226	1	
5.12593	-0.0124226	1	
5.12593	-0.0124226	1	
5.12593	-0.0124226	1	
5.12593	-0.0124226	1	
5.12593	-0.0124226	1	
5.12593	-0.0124226	1	
5.12593	-0.0124226	1	
5.12593	-0.0124226	1	
5.12593	-0.0124226	1	
5.12593	-0.0124226	1	
5.12593	-0.0124226	1	
5.12593	-0.0124226	1	
5.12593	-0.0124226	1	
5.12593	-0.0124226	1	
5.12593	-0.0124226	1	
5.12593	-0.0124226	1	
5.12593	-0.0124226	1	
5.12593	-0.0124226	1	
5.12593	-0.0124226	1	
5.12593	-0.0124226	1	
5.12593	-0.0124226	1	
5.12593	-0.0124226	1	
5.12593	-0.0124226	1	
5.12593	-0.0124226	1	
5.12593	-0.0124226	1	
5.12593	-0.0124226	1	
5.12593	-0.0124226	1	
5.12593	-0.0124226	1	
5.12593	-0.0124226	1	
5.12593	-0.0124226	1	
5.12593	-0.0124226	1	
5.12593	-0.0124226	1	
5.12593	-0.0124226	1	
5.12593	-0.0124226	1	
5.12593	-0.0124226	1	
5.12593	-0.0124226	1	
5.12593	-0.0124226	1	
5.12593	-0.0124226	1	
5.12593	-0.0124226	1	
5.12593	-0.0124226	1	
5.12593	-0.0124226	1	
5.12593	-0.0124226	1	
5.12593	-0.0124226	1	
5.12593	-0.0124226	1	
5.12593	-0.0124226	1	
5.12593	-0.0124226	1	
5.12593	-0.0124226	1	
5.12593	-0.0124226	1	
5.12593	-0.0124226	1	
5.12593	-0.0124226	1	
5.12593	-0.0124226	1	
5.12593	-0.0124226	1	
5.12593	-0.0124226	1	
5.12593	-0.0124226	1	
5.12593	-0.0124226	1	
5.12593	-0.0124226	1	
5.12593	-0.0124226	1	
5.12593	-0.0124226	1	
5.12593	-0.0124226	1	
5.12593	-0.0124226	1	
5.12593	-0.0124226	1	
5.12593	-0.0124226	1	
5.12593	-0.0124226	1	
5.12593	-0.0124226	1	
5.12593	-0.0124226	1	
5.12593	-0.0124226	1	
5.12593	-0.0124226	1	
5.12593	-0.0124226	1	
5.12593	-0.0124226	1	
5.12593	-0.0124226	1	
5.12593	-0.0124226	1	
5.12593	-0.0124226	1	
5.12593	-0.0124226	1	
5.12593	-0.0124226	1	
5.12593	-0.0124226	1	
5.12593	-0.0124226	1	
5.12593	-0.0124226	1	
5.12593	-0.0124226	1	
5.12593	-0.0124226	1	
5.12593	-0.0124226	1	
5.12593	-0.0124226	1	
5.12593	-0.0124226	1	
5.12593	-0.0124226	1	
5.12593	-0.0124226	1	
5.12593	-0.0124226	1	
5.12593	-0.0124226	1	
5.12593	-0.0124226	1	
5.12593	-0.0124226	1	
5.12593	-0.0124226	1	
5.12593	-0.0124226	1	
5.12593	-0.0124226	1	
5.12593	-0.0124226	1	
5.12593	-0.0124226	1	
5.12593	-0.0124226	1	
5.12593	-0.0124226	1	
5.12593	-0.0124226	1	
5.12593	-0.0124226	1	
5.12593	-0.0124226	1	
5.12593	-0.0124226	1	
5.12593	-0.0124226	1	
5.12593	-0.0124226	1	
5.12593	-0.0124226	1	
5.12593	-0.0124226	1	
5.12593	-0.0124226	1	
5.12593	-0.0124226	1	
5.12593	-0.0124226	1	
5.12593	-0.0124226	1	
5.12593	-0.0124226	1	
5.12593	-0.0124226	1	
5.12593	-0.0124226	1	
5.12593	-0.0124226	1	
5.12593	-0.0124226	1	
5.12593	-0.0124226	1	
5.12593	-0.0124226	1	
5.12593	-0.0124226	1	
5.12593	-0.0124226	1	
5.12593	-0.0124226	1	
5.12593	-0.0124226	1	
5.12593	-0.0124226	1	
5.12593	-0.0124226	1	
5.12593	-0.0124226	1	
5.12593	-0.0124226	1	
5.12593	-0.0124226	1	
5.12593	-0.0124226	1	
5.12593	-0.0124226	1	
5.12593	-0.0124226	1	
5.12593	-0.0124226	1	
5.12593	-0.0124226	1	
5.12593	-0.0124226	1	
5.12593	-0.0124226	1	
5.12593	-0.0124226	1	
5.12593	-0.0124226	1	
5.12593	-0.0124226	1	
5.12593	-0.0124226	1	
5.12593	-0.0124226	1	
5.12593	-0.0124226	1	
5.12593	-0.0124226	1	
5.12593	-0.0124226	1	
5.12593	-0.0124226	1	
5.12593	-0.0124226	1	
5.12593	-0.0124226	1	
5.12593	-0.0124226	1	
5.12593	-0.0124226	1	
5.12593	-0.0124226	1	
5.12593	-0.0124226	1	
5.12593	-0.0124226	1	
5.12593	-0.0124226	1	
5.12593	-0.0124226	1	
5.12593	-0.0124226	1	
5.12593	-0.0124226	1	
5.12593	-0.0124226	1	
5.12593	-0.0124226	1	
5.12593	-0.0124226	1	
5.12593	-0.0124226	1	
5.12593	-0.0124226	1	
5.12593	-0.0124226	1	
5.12593	-0.0124226	1	
5.12593	-0.0124226	1	
5.12593	-0.0124226	1	
5.12593	-0.0124226	1	
5.12593	-0.0124226	1	
5.12593	-0.0124226	1	
5.12593	-0.0124226	1	
5.12593	-0.0124226	1	
5.12593	-0.0124226	1	
5.12593	-0.0124226	1	
5.12593	-0.0124226	1	
5.12593	-0.0124226	1	
5.12593	-0.0124226	1	
5.12593	-0.0124226	1	
5.12593	-0.0124226	1	
5.12593	-0.0124226	1	
5.12593	-0.0124226	1	
5.12593	-0.0124226	1	
5.12593	-0.0124226	1	
5.12593	-0.0124226	1	
5.12593	-0.0124226	1	
5.12593	-0.0124226	1	
5.12593	-0.0124226	1	
5.12593	-0.0124226	1	
5.12593	-0.0124226	1	
5.12593	-0.0124226	1	
5.12593	-0.0124226	1	
5.12593	-0.0124226	1	
5.12593	-0.0124226	1	
5.12593	-0.0124226	1	
5.12593	-0.0124226	1	
5.12593	-0.0124226	1	
5.12593	-0.0124226	1	
5.12593	-0.0124226	1	
5.12593	-0.0124226	1	
5.12593	-0.0124226	1	
5.12593	-0.0124226	1	
5.12593	-0.0124226	1	
5.12593	-0.0124226	1	
5.12593	-0.0124226	1	
5.12593	-0.0124226	1	
5.12593	-0.0124226	1	
5.12593	-0.0124226	1	
5.12593	-0.0124226	1	
5.12593	-0.0124226	1	
5.12593	-0.0124226	1	
5.12593	-0.0124226	1	
5.12593	-0.0124226	1	
5.12593	-0.0124226	1	
5.12593	-0.0124226	1	
5.12593	-0.0124226	1	
5.12593	-0.0124226	1	
5.12593	-0.0124226	1	
5.12593	-0.0124226	1	
5.12593	-0.0124226	1	
5.12593	-0.0124226	1	
5.12593	-0.0124226	1	
5.12593	-0.0124226	1	
5.12593	-0.0124226	1	
5.12593	-0.0124226	1	
5.12593	-0.0124226	1	
5.12593	-0.0124226	1	
5.12593	-0.0124226	1	
5.12593	-0.0124226	1	
5.12593	-0.0124226	1	
5.12593	-0.0124226	1	
5.12593	-0.0124226	1	
5.12593	-0.0124226	1	
5.12593	-0.0124226	1	
5.12593	-0.0124226	1	
5.12593	-0.0124226	1	
5.12593	-0.0124226	1	
5.12593	-0.0124226	1	
5.12593	-0.0124226	1	
5.12593	-0.0124226	1	
5.12593	-0.0124226	1	
5.12593	-0.0124226	1	
5.12593	-0.0124226	1	
5.12593	-0.0124226	1	
5.12593	-0.0124226	1	
5.12593	-0.0124226	1	
5.12593	-0.0124226	1	
5.12593	-0.0124226	1	
5.12593	-0.0124226	1	
5.12593	-0.0124226	1	
5.12593	-0.0124226	1	
5.12593	-0.0124226	1	
5.12593	-0.0124226	1	
5.12593	-0.0124226	1	
5.12593	-0.0124226	1	
5.12593	-0.0124226	1	
5.12593	-0.0124226	1	
5.12593	-0.0124226	1	
5.12593	-0.0124226	1	
5.12593	-0.0124226	1	
5.12593	-0.0124226	1	
5.12593	-0.0124226	1	
5.12593	-0.0124226	1	
5.12593	-0.0124226	1	
5.12593	-0.0124226	1	
5.12593	-0.0124226	1	
5.12593	-0.0124226	1	
5.12593	-0.0124226	1	
5.12593	-0.0124226	1	
5.12593	-0.0124226	1	
5.12593	-0.0124226	1	
5.12593	-0.0124226	1	
5.12593	-0.0124226	1	
5.12593	-0.0124226	1	
5.12593	-0.0124226	1	
5.12593	-0.0124226	1	
5.12593	-0.0124226	1	
5.12593	-0.0124226	1	
5.12593	-0.0124226	1	
5.12593	-0.0124226	1	
5.12593	-0.0124226	1	
5.12593	-0.0124226	1	
5.12593	-0.0124226	1	
5.12593	-0.0124226	1	
5.12593	-0.0124226	1	
5.12593	-0.0124226	1	
5.12593	-0.0124226	1	
5.12593	-0.0124226	1	
5.12593	-0.0124226	1	
5.12593	-0.0124226	1	
5.12593	-0.0124226	1	
5.12593	-0.0124226	1	
5.12593	-0.0124226	1	
5.12593	-0.0124226	1	
5.12593	-0.0124226	1	
5.12593	-0.0124226	1	
5.12593	-0.0124226	1	
5.12593	-0.0124226	1	
5.12593	-0.0124226	1	
5.12593	-0.0124226	1	
5.12593	-0.0124226	1	
5.12593	-0.0124226	1	
5.12593	-0.0124226	1	
5.12593	-0.0124226	1	
5.12593	-0.0124226	1	
5.12593	-0.0124226	1	
5.12593	-0.0124226	1	
5.12593	-0.0124226	1	
5.12593	-0.0124226	1	
5.12593	-0.0124226	1	
5.12593	-0.0124226	1	
5.12593	-0.0124226	1	
5.12593	-0.0124226	1	
5.12593	-0.0124226	1	
5.12593	-0.0124226	1	
5.12593	-0.0124226	1	
5.12593	-0.0124226	1	
5.12593	-0.0124226	1	
5.12593	-0.0124226	1	
5.12593	-0.0124226	1	
5.12593	-0.0124226	1	
5.12593	-0.0124226	1	
5.12593	-0.0124226	1	
5.12593	-0.0124226	1	
5.12593	-0.0124226	1	
5.12593	-0.0124226	1	
5.12593	-0.0124226	1	
5.12593	-0.0124226	1	
5.12593	-0.0124226	1	
5.12593	-0.0124226	1	
5.12593	-0.0124226	1	
5.12593	-0.0124226	1	
5.12593	-0.0124226	1	
5.12593	-0.0124226	1	
5.12593	-0.0124226	1	
5.12593	-0.0124226	1	
5.12593	-0.0124226	1	
5.12593	-0.0124226	1	
5.12593	-0.0124226	1	
5.12593	-0.0124226	1	
5.12593	-0.0124226	1	
5.12593	-0.0124226	1	
5.12593	-0.0124226	1	
5.12593	-0.0124226	1	
5.12593	-0.0124226	1	
5.12593	-0.0124226	1	
5.12593	-0.0124226	1	
5.12593	-0.0124226	1	
5.12593	-0.0124226	1	
5.12593	-0.0124226	1	
5.12593	-0.0124226	1	
5.12593	-0.0124226	1	
5.12593	-0.0124226	1	
5.12593	-0.0124226	1	
5.12593	-0.0124226	1	
5.12593	-0.0124226	1	
5.12593	-0.0124226	1	
5.12593	-0.0124226	1	
5.12593	-0.0124226	1	
5.12593	-0.0124226	1	
5.12593	-0.0124226	1	
5.12593	-0.0124226	1	
5.12593	-0.0124226	1	
5.12593	-0.0124226	1	
5.12593	-0.0124226	1	
5.12593	-0.0124226	1	
5.12593	-0.0124226	1	
5.12593	-0.0124226	1	
5.12593	-0.0124226	1	
5.12593	-0.0124226	1	
5.12593	-0.0124226	1	
5.12593	-0.0124226	1	
5.12593	-0.0124226	1	
5.12593	-0.0124226	1	
5.12593	-0.0124226	1	
5.12593	-0.0124226	1	
5.12593	-0.0124226	1	
5.12593	-0.0124226	1	
5.12593	-0.0124226	1	
5.12593	-0.0124226	1	
5.12593	-0.0124226	1	
5.12593	-0.0124226	1	
5.12593	-0.0124226	1	
5.12593	-0.0124226	1	
5.12593	-0.0124226	1	
5.12593	-0.0124226	1	
5.12593	-0.0124226	1	
5.12593	-0.0124226	1	
5.12593	-0.0124226	1	
5.12593	-0.0124226	1	
5.12593	-0.0124226	1	
5.12593	-0.0124226	1	
5.12593	-0.0124226	1	
5.12593	-0.0124226	1	
5.12593	-0.0124226	1	
5.12593	-0.0124226	1	
5.12593	-0.0124226	1	
5.12593	-0.0124226	1	
5.12593	-0.0124226	1	
5.12593	-0.0124226	1	
5.12593	-0.0124226	1	
5.12593	-0.0124226	1	
5.12593	-0.0124226	1	
5.12593	-0.0124226	1	
5.12593	-0.0124226	1	
5.12593	-0.0124226	1	
5.12593	-0.0124226	1	
5.12593	-0.0124226	1	
5.12593	-0.0124226	1	
5.12593	-0.0124226	1	
5.12593	-0.0124226	1	
5.12593	-0.0124226	1	
5.12593	-0.0124226	1	
5.12593	-0.0124226	1	
5.12593	-0.0124226	1	
5.12593	-0.0124226	1	
5.12593	-0.0124226	1	
5.12593	-0.0124226	1	
5.12593	-0.0124226	1	
5.12593	-0.0124226	1	
5.12593	-0.0124226	1	
5.12593	-0.0124226	1	
5.12593	-0.0124226	1	
5.12593	-0.0124226	1	
5.12593	-0.0124226	1	
5.12593	-0.0124226	1	
5.12593	-0.0124226	1	
5.12593	-0.0124226	1	
5.12593	-0.0124226	1	
5.12593	-0.0124226	1	
5.12593	-0.0124226	1	
5.12593	-0.0124226	1	
5.12593	-0.0124226	1	
5.12593	-0.0124226	1	
5.12593	-0.0124226	1	
5.12593	-0.0124226	1	
5.12593	-0.0124226	1	
5.12593	-0.0124226	1	
5.12593	-0.0124226	1	
5.12593	-0.0124226	1	
5.12593	-0.0124226	1	
5.12593	-0.0124226	1	
5.12593	-0.0124226	1	
5.12593	-0.0124226	1	
5.12593	-0.0124226	1	
5.12593	-0.0124226	1	
5.12593	-0.0124226	1	
5.12593	-0.0124226	1	
5.12593	-0.0124226	1	
5.12593	-0.0124226	1	
5.12593	-0.0124226	1	
5.12593	-0.0124226	1	
5.12593	-0.0124226	1	
5.12593	-0.0124226	1	
5.12593	-0.0124226	1	
5.12593	-0.0124226	1	
5.12593	-0.0124226	1	
5.12593	-0.0124226	1	
5.12593	-0.0124226	1	
5.12593	-0.0124226	1	
5.12593	-0.0124226	1	
5.12593	-0.0124226	1	
5.12593	-0.0124226	1	
5.12593	-0.0124226	1	
5.12593	-0.0124226	1	
5.12593	-0.0124226	1	
5.12593	-0.0124226	1	
5.12593	-0.0124226	1	
5.12593	-0.0124226	1	
5.12593	-0.0124226	1	
5.12593	-0.0124226	1	
5.12593	-0.0124226	1	
5.12593	-0.0124226	1	
5.12593	-0.0124226	1	
5.12593	-0.0124226	1	
5.12593	-0.0124226	1	
5.12593	-0.0124226	1	
5.12593	-0.0124226	1	
5.12593	-0.0124226	1	
5.12593	-0.0124226	1	
5.12593	-0.0124226	1	
5.12593	-0.0124226	1	
5.12593	-0.0124226	1	
5.12593	-0.0124226	1	
5.12593	-0.0124226	1	
5.12593	-0.0124226	1	
5.12593	-0.0124226	1	
5.12593	-0.0124226	1	
5.12593	-0.0124226	1	
5.12593	-0.0124226	1	
5.12593	-0.0124226	1	
5.12593	-0.0124226	1	
5.12593	-0.0124226	1	
5.12593	-0.0124226	1	
5.12593	-0.0124226	1	
5.12593	-0.0124226	1	
5.12593	-0.0124226	1	
5.12593	-0.0124226	1	
5.12593	-0.0124226	1	
5.12593	-0.0124226	1	
5.12593	-0.0124226	1	
5.12593	-0.0124226	1	
5.12593	-0.0124226	1	
5.12593	-0.0124226	1	
5.12593	-0.0124226	1	
5.12593	-0.0124226	1	
5.12593	-0.0124226	1	
5.12593	-0.0124226	1	
5.12593	-0.0124226	1	
5.12593	-0.0124226	1	
5.12593	-0.0124226	1	
5.12593	-0.0124226	1	
5.12593	-0.0124226	1	
5.12593	-0.0124226	1	
5.12593	-0.0124226	1	
5.12593	-0.0124226	1	
5.12593	-0.0124226	1	
5.12593	-0.0124226	1	
5.12593	-0.0124226	1	
5.12593	-0.0124226	1	
5.12593	-0.0124226	1	
5.12593	-0.0124226	1	
5.12593	-0.0124226	1	
5.12593	-0.0124226	1	
5.12593	-0.0124226	1	
5.12593	-0.0124226	1	
5.12593	-0.0124226	1	
5.12593	-0.0124226	1	
5.12593	-0.0124226	1	
5.12593	-0.0124226	1	
5.12593	-0.0124226	1	
5.12593	-0.0124226	1	
5.12593	-0.0124226	1	
5.12593	-0.0124226	1	
5.12593	-0.0124226	1	
5.12593	-0.0124226	1	
5.12593	-0.0124226	1	
5.12593	-0.0124226	1	
5.12593	-0.0124226	1	
5.12593	-0.0124226	1	
5.12593	-0.0124226	1	
5.12593	-0.0124226	1	
5.12593	-0.0124226	1	
5.12593	-0.0124226	1	
5.12593	-0.0124226	1	
5.12593	-0.0124226	1	
5.12593	-0.0124226	1	
5.12593	-0.0124226	1	
5.12593	-0.0124226	1	
5.12593	-0.0124226	1	
5.12593	-0.0124226	1	
5.12593	-0.0124226	1	
5.12593	-0.0124226	1	
5.12593	-0.0124226	1	
5.12593	-0.0124226	1	
5.12593	-0.0124226	1	
5.12593	-0.0124226	1	
5.12593	-0.0124226	1	
5.12593	-0.0124226	1	
5.12593	-0.0124226	1	
5.12593	-0.0124226	1	
5.12593	-0.0124226	1	
5.12593	-0.0124226	1	
5.12593	-0.0124226	1	
5.12593	-0.0124226	1	
5.12593	-0.0124226	1	
5.12593	-0.0124226	1	
5.12593	-0.0124226	1	
5.12593	-0.0124226	1	
5.12593	-0.0124226	1	
5.12593	-0.0124226	1	
5.12593	-0.0124226	1	
5.12593	-0.0124226	1	
5.12593	-0.0124226	1	
5.12593	-0.0124226	1	
5.12593	-0.0124226	1	
5.12593	-0.0124226	1	
5.12593	-0.0124226	1	
5.12593	-0.0124226	1	
5.12593	-0.0124226	1	
5.12593	-0.0124226	1	
5.12593	-0.0124226	1	
5.12593	-0.0124226	1	
5.12593	-0.0124226	1	
5.12593	-0.0124226	1	
5.12593	-0.0124226	1	
5.12593	-0.0124226	1	
5.12593	-0.0124226	1	
5.12593	-0.0124226	1	
5.12593	-0.0124226	1	
5.12593	-0.0124226	1	
5.12593	-0.0124226	1	
5.12593	-0.0124226	1	
5.12593	-0.0124226	1	
5.12593	-0.0124226	1	
5.12593	-0.0124226	1	
5.12593	-0.0124226	1	
5.12593	-0.0124226	1	
5.12593	-0.0124226	1	
5.12593	-0.0124226	1	
5.12593	-0.0124226	1	
5.12593	-0.0124226	1	
5.12593	-0.0124226	1	
5.12593	-0.0124226	1	
5.12593	-0.0124226	1	
5.12593	-0.0124226	1	
5.12593	-0.0124226	1	
5.12593	-0.0124226	1	
5.12593	-0.0124226	1	
5.12593	-0.0124226	1	
5.12593	-0.0124226	1	
5.12593	-0.0124226	1	
5.12593	-0.0124226	1	
5.12593	-0.0124226	1	
5.12593	-0.0124226	1	
5.12593	-0.0124226	1	
5.12593	-0.0124226	1	
5.12593	-0.0124226	1	
5.12593	-0.0124226	1	
5.12593	-0.0124226	1	
5.12593	-0.0124226	1	
5.12593	-0.0124226	1	
5.12593	-0.0124226	1	
5.12593	-0.0124226	1	
5.12593	-0.0124226	1	
5.12593	-0.0124226	1	
5.12593	-0.0124226	1	
5.12593	-0.0124226	1	
5.12593	-0.0124226	1	
5.12593	-0.0124226	1	
5.12593	-0.0124226	1	
5.12593	-0.0124226	1	
5.12593	-0.0124226	1	
5.12593	-0.0124226	1	
5.12593	-0.0124226	1	
5.12593	-0.0124226	1	
5.12593	-0.0124226	1	
5.12593	-0.0124226	1	
5.12593	-0.0124226	1	
5.12593	-0.0124226	1	
5.12593	-0.0124226	1	
5.12593	-0.0124226	1	
5.12593	-0.0124226	1	
5.12593	-0.0124226	1	
5.12593	-0.0124226	1	
5.12593	-0.0124226	1	
5.12593	-0.0124226	1	
5.12593	-0.0124226	1	
5.12593	-0.0124226	1	
5.12593	-0.0124226	1	
5.12593	-0.0124226	1	
5.12593	-0.0124226	1	
5.12593	-0.0124226	1	
5.12593	-0.0124226	1	
5.12593	-0.0124226	1	
5.12593	-0.0124226	1	
5.12593	-0.0124226	1	
5.12593	-0.0124226	1	
5.12593	-0.0124226	1	
5.12593	-0.0124226	1	
5.12593	-0.0124226	1	
5.12593	-0.0124226	1	
5.12593	-0.0124226	1	
5.12593	-0.0124226	1	
5.12593	-0.0124226	1	
5.12593	-0.0124226	1	
5.12593	-0.0124226	1	
5.12593	-0.0124226	1	
5.12593	-0.0124226	1	
5.12593	-0.0124226	1	
5.12593	-0.0124226	1	
5.12593	-0.0124226	1	
5.12593	-0.0124226	1	
5.12593	-0.0124226	1	
5.12593	-0.0124226	1	
5.12593	-0.0124226	1	
5.12593	-0.0124226	1	
5.12593	-0.0124226	1	
5.12593	-0.0124226	1	
5.12593	-0.0124226	1	
5.12593	-0.0124226	1	
5.12593	-0.0124226	1	
5.12593	-0.0124226	1	
5.12593	-0.0124226	1	
5.12593	-0.0124226	1	
5.12593	-0.0124226	1	
5.12593	-0.0124226	1	
5.12593	-0.0124226	1	
5.12593	-0.0124226	1	
5.12593	-0.0124226	1	
5.12593	-0.0124226	1	
5.12593	-0.0124226	1	
5.12593	-0.0124226	1	
5.12593	-0.0124226	1	
5.12593	-0.0124226	1	
5.12593	-0.0124226	1	
5.12593	-0.0124226	1	
5.12593	-0.0124226	1	
5.12593	-0.0124226	1	
5.12593	-0.0124226	1	
5.12593	-0.0124226	1	
5.12593	-0.0124226	1	
5.12593	-0.0124226	1	
5.12593	-0.0124226	1	
5.12593	-0.0124226	1	
5.12593	-0.0124226	1	
5.12593	-0.0124226	1	
5.12593	-0.0124226	1	
5.12593	-0.0124226	1	
5.12593	-0.0124226	1	
5.12593	-0.0124226	1	
5.12593	-0.0124226	1	
5.12593	-0.0124226	1	
5.12593	-0.0124226	1	
5.12593	-0.0124226	1	
5.12593	-0.0124226	1	
5.12593	-0.0124226	1	
5.12593	-0.0124226	1	
5.12593	-0.0124226	1	
5.12593	-0.0124226	1	
5.12593	-0.0124226	1	
5.12593	-0.0124226	1	
5.12593	-0.0124226	1	
5.12593	-0.0124226	1	
5.12593	-0.0124226	1	
5.12593	-0.0124226	1	
5.12593	-0.0124226	1	
5.12593	-0.0124226	1	
5.12593	-0.0124226	1	
5.12593	-0.0124226	1	
5.12593	-0.0124226	1	
5.12593	-0.0124226	1	
5.12593	-0.0124226	1	
5.12593	-0.0124226	1	
5.12593	-0.0124226	1	
5.12593	-0.0124226	1	
5.12593	-0.0124226	1	
5.12593	-0.0124226	1	
5.12593	-0.0124226	1	
5.12593	-0.0124226	1	
5.12593	-0.0124226	1	
5.12593	-0.0124226	1	
5.12593	-0.0124226	1	
5.12593	-0.0124226	1	
5.12593	-0.0124226	1	
5.12593	-0.0124226	1	
5.12593	-0.0124226	1	
5.12593	-0.0124226	1	
5.12593	-0.0124226	1	
5.12593	-0.0124226	1	
5.12593	-0.0124226	1	
5.12593	-0.0124226	1	
5.12593	-0.0124226	1	
5.12593	-0.0124226	1	
5.12593	-0.0124226	1	
5.12593	-0.0124226	1	
5.12593	-0.0124226	1	
5.12593	-0.0124226	1	
5.12593	-0.0124226	1	
5.12593	-0.0124226	1	
5.12593	-0.0124226	1	
5.12593	-0.0124226	1	
5.12593	-0.0124226	1	
5.12593	-0.0124226	1	
5.12593	-0.0124226	1	
5.12593	-0.0124226	1	
5.12593	-0.0124226	1	
5.12593	-0.0124226	1	
5.12593	-0.0124226	1	
5.12593	-0.0124226	1	
5.12593	-0.0124226	1	
5.12593	-0.0124226	1	
5.12593	-0.0124226	1	
5.12593	-0.0124226	1	
5.12593	-0.0124226	1	
5.12593	-0.0124226	1	
5.12593	-0.0124226	1	
5.12593	-0.0124226	1	
5.12593	-0.0124226	1	
5.12593	-0.0124226	1	
5.12593	-0.0124226	1	
5.12593	-0.0124226	1	
5.12593	-0.0124226	1	
5.12593	-0.0124226	1	
5.12593	-0.0124226	1	
5.12593	-0.0124226	1	
5.12593	-0.0124226	1	
5.12593	-0.0124226	1	
5.12593	-0.0124226	1	
5.12593	-0.0124226	1	
5.12593	-0.0124226	1	
5.12593	-0.0124226	1	
5.12593	-0.0124226	1	
5.12593	-0.0124226	1	
5.12593	-0.0124226	1	
5.12593	-0.0124226	1	
5.12593	-0.0124226	1	
5.12593	-0.0124226	1	
5.12593	-0.0124226	1	
5.12593	-0.0124226	1	
5.12593	-0.0124226	1	
5.12593	-0.0124226	1	
5.12593	-0.0124226	1	
5.12593	-0.0124226	1	
5.12593	-0.0124226	1	
5.12593	-0.0124226	1	
5.12593	-0.0124226	1	
5.12593	-0.0124226	1	
5.12593	-0.0124226	1	
5.12593	-0.0124226	1	
5.12593	-0.0124226	1	
5.12593	-0.0124226	1	
5.12593	-0.0124226	1	
5.12593	-0.0124226	1	
5.12593	-0.0124226	1	
5.12593	-0.0124226	1	
5.12593	-0.0124226	1	
5.12593	-0.0124226	1	
5.12593	-0.0124226	1	
5.12593	-0.0124226	1	
5.12593	-0.0124226	1	
5.12593	-0.0124226	1	
5.12593	-0.0124226	1	
5.12593	-0.0124226	1	
5.12593	-0.0124226	1	
5.12593	-0.0124226	1	
5.12593	-0.0124226	1	
5.12593	-0.0124226	1	
5.12593	-0.0124226	1	
5.12593	-0.0124226	1	
5.12593	-0.0124226	1	
5.12593	-0.0124226	1	
5.12593	-0.0124226	1	
5.12593	-0.0124226	1	
5.12593	-0.0124226	1	
5.12593	-0.0124226	1	
5.12593	-0.0124226	1	
5.12593	-0.0124226	1	
5.12593	-0.0124226	1	
5.12593	-0.0124226	1	
5.12593	-0.0124226	1	
5.12593	-0.0124226	1	
5.12593	-0.0124226	1	
5.12593	-0.0124226	1	
5.12593	-0.0124226	1	
5.12593	-0.0124226	1	
5.12593	-0.0124226	1	
5.12593	-0.0124226	1	
5.12593	-0.0124226	1	
5.12593	-0.0124226	1	
5.12593	-0.0124226	1	
5.12593	-0.0124226	1	
5.12593	-0.0124226	1	
5.12593	-0.0124226	1	
5.12593	-0.0124226	1	
5.12593	-0.0124226	1	
5.12593	-0.0124226	1	
5.12593	-0.0124226	1	
5.12593	-0.0124226	1	
5.12593	-0.0124226	1	
5.12593	-0.0124226	1	
5.12593	-0.0124226	1	
5.12593	-0.0124226	1	
5.12593	-0.0124226	1	
5.12593	-0.0124226	1	
5.12593	-0.0124226	1	
5.12593	-0.0124226	1	
5.12593	-0.0124226	1	
5.12593	-0.0124226	1	
5.12593	-0.0124226	1	
5.12593	-0.0124226	1	
5.12593	-0.0124226	1	
5.12593	-0.0124226	1	
5.12593	-0.0124226	1	
5.12593	-0.0124226	1	
5.12593	-0.0124226	1	
5.12593	-0.0124226	1	
5.12593	-0.0124226	1	
5.12593	-0.0124226	1	
5.12593	-0.0124226	1	
5.12593	-0.0124226	1	
5.12593	-0.0124226	1	
5.12593	-0.0124226	1	
5.12593	-0.0124226	1	
5.12593	-0.0124226	1	
5.12593	-0.0124226	1	
5.12593	-0.0124226	1	
5.12593	-0.0124226	1	
5.12593	-0.0124226	1	
5.12593	-0.0124226	1	
5.12593	-0.0124226	1	
5.12593	-0.0124226	1	
5.12593	-0.0124226	1	
5.12593	-0.0124226	1	
5.12593	-0.0124226	1	
5.12593	-0.0124226	1	
5.12593	-0.0124226	1	
5.12593	-0.0124226	1	
5.12593	-0.0124226	1	
5.12593	-0.0124226	1	
5.12593	-0.0124226	1	
5.12593	-0.0124226	1	
5.12593	-0.0124226	1	
5.12593	-0.0124226	1	
5.12593	-0.0124226	1	
5.12593	-0.0124226	1	
5.12593	-0.0124226	1	
5.12593	-0.0124226	1	
5.12593	-0.0124226	1	
5.12593	-0.0124226	1	
5.12593	-0.0124226	1	
5.12593	-0.0124226	1	
5.12593	-0.0124226	1	
5.12593	-0.0124226	1	
5.12593	-0.0124226	1	
5.12593	-0.0124226	1	
5.12593	-0.0124226	1	
5.12593	-0.0124226	1	
5.12593	-0.0124226	1	
5.12593	-0.0124226	1	
5.12593	-0.0124226	1	
5.12593	-0.0124226	1	
5.12593	-0.0124226	1	
5.12593	-0.0124226	1	
5.12593	-0.0124226	1	
5.12593	-0.0124226	1	
5.12593	-0.0124226	1	
5.12593	-0.0124226	1	
5.12593	-0.0124226	1	
5.12593	-0.0124226	1	
5.12593	-0.0124226	1	
5.12593	-0.0124226	1	
5.12593	-0.0124226	1	
5.12593	-0.0124226	1	
5.12593	-0.0124226	1	
5.12593	-0.0124226	1	
5.12593	-0.0124226	1	
5.12593	-0.0124226	1	
5.12593	-0.0124226	1	
5.12593	-0.0124226	1	
5.12593	-0.0124226	1	
5.12593	-0.0124226	1	
5.12593	-0.0124226	1	
5.12593	-0.0124226	1	
5.12593	-0.0124226	1	
5.12593	-0.0124226	1	
5.12593	-0.0124226	1	
5.12593	-0.0124226	1	
5.12593	-0.0124226	1	
5.12593	-0.0124226	1	
5.12593	-0.0124226	1	
5.12593	-0.0124226	1	
5.12593	-0.0124226	1	
5.12593	-0.0124226	1	
5.12593	-0.0124226	1	
5.12593	-0.0124226	1	
5.12593	-0.0124226	1	
5.12593	-0.0124226	1	
5.12593	-0.0124226	1	
5.12593	-0.0124226	1	
5.12593	-0.0124226	1	
5.12593	-0.0124226	1	
5.12593	-0.0124226	1	
5.12593	-0.0124226	1	
5.12593	-0.0124226	1	
5.12593	-0.0124226	1	
5.12593	-0.0124226	1	
5.12593	-0.0124226	1	
5.12593	-0.0124226	1	
5.12593	-0.0124226	1	
5.12593	-0.0124226	1	
5.12593	-0.0124226	1	
5.12593	-0.0124226	1	
5.12593	-0.0124226	1	
5.12593	-0.0124226	1	
5.12593	-0.0124226	1	
5.12593	-0.0124226	1	
5.12593	-0.0124226	1	
5.12593	-0.0124226	1	
5.12593	-0.0124226	1	
5.12593	-0.0124226	1	
5.12593	-0.0124226	1	
5.12593	-0.0124226	1	
5.12593	-0.0124226	1	
5.12593	-0.0124226	1	
5.12593	-0.0124226	1	
5.12593	-0.0124226	1	
5.12593	-0.0124226	1	
5.12593	-0.0124226	1	
5.12593	-0.0124226	1	
5.12593	-0.0124226	1	
5.12593	-0.0124226	1	
5.12593	-0.0124226	1	
5.12593	-0.0124226	1	
5.12593	-0.0124226	1	
5.12593	-0.0124226	1	
5.12593	-0.0124226	1	
5.12593	-0.0124226	1	
5.12593	-0.0124226	1	
5.12593	-0.0124226	1	
5.12593	-0.0124226	1	
5.12593	-0.0124226	1	
5.12593	-0.0124226	1	
5.12593	-0.0124226	1	
5.12593	-0.0124226	1	
5.12593	-0.0124226	1	
5.12593	-0.0124226	1	
5.12593	-0.0124226	1	
5.12593	-0.0124226	1	
5.12593	-0.0124226	1	
5.12593	-0.0124226	1	
5.12593	-0.0124226	1	
5.12593	-0.0124226	1	
5.12593	-0.0124226	1	
5.12593	-0.0124226	1	
5.12593	-0.0124226	1	
5.12593	-0.0124226	1	
5.12593	-0.0124226	1	
5.12593	-0.0124226	1	
5.12593	-0.0124226	1	
5.12593	-0.0124226	1	
5.12593	-0.0124226	1	
5.12593	-0.0124226	1	
5.12593	-0.0124226	1	
5.12593	-0.0124226	1	
5.12593	-0.0124226	1	
5.12593	-0.0124226	1	
5.12593	-0.0124226	1	
5.12593	-0.0124226	1	
5.12593	-0.0124226	1	
5.12593	-0.0124226	1	
5.12593	-0.0124226	1	
5.12593	-0.0124226	1	
5.12593	-0.0124226	1	
5.12593	-0.0124226	1	
5.12593	-0.0124226	1	
5.12593	-0.0124226	1	
5.12593	-0.0124226	1	
5.12593	-0.0124226	1	
5.12593	-0.0124226	1	
5.12593	-0.0124226	1	
5.12593	-0.0124226	1	
5.12593	-0.0124226	1	
5.12593	-0.0124226	1	
5.12593	-0.0124226	1	
5.12593	-0.0124226	1	
5.12593	-0.0124226	1	
5.12593	-0.0124226	1	
5.12593	-0.0124226	1	
5.12593	-0.0124226	1	
5.12593	-0.0124226	1	
5.12593	-0.0124226	1	
5.12593	-0.0124226	1	
5.12593	-0.0124226	1	
5.12593	-0.0124226	1	
5.12593	-0.0124226	1	
5.12593	-0.0124226	1	
5.12593	-0.0124226	1	
5.12593	-0.0124226	1	
5.12593	-0.0124226	1	
5.12593	-0.0124226	1	
5.12593	-0.0124226	1	
5.12593	-0.0124226	1	
5.12593	-0.0124226	1	
5.12593	-0.0124226	1	
5.12593	-0.0124226	1	
5.12593	-0.0124226	1	
5.12593	-0.0124226	1	
5.12593	-0.0124226	1	
5.12593	-0.0124226	1	
5.12593	-0.0124226	1	
5.12593	-0.0124226	1	
5.12593	-0.0124226	1	
5.12593	-0.0124226	1	
5.12593	-0.0124226	1	
5.12593	-0.0124226	1	
5.12593	-0.0124226	1	
5.12593	-0.0124226	1	
5.12593	-0.0124226	1	
5.12593	-0.0124226	1	
5.12593	-0.0124226	1	
5.12593	-0.0124226	1	
5.12593	-0.0124226	1	
5.12593	-0.0124226	1	
5.12593	-0.0124226	1	
5.12593	-0.0124226	1	
5.12593	-0.0124226	1	
5.12593	-0.0124226	1	
5.12593	-0.0124226	1	
5.12593	-0.0124226	1	
5.12593	-0.0124226	1	
5.12593	-0.0124226	1	
5.12593	-0.0124226	1	
5.12593	-0.0124226	1	
5.12593	-0.0124226	1	
5.12593	-0.0124226	1	
5.12593	-0.0124226	1	
5.12593	-0.0124226	1	
5.12593	-0.0124226	1	
5.12593	-0.0124226	1	
5.12593	-0.0124226	1	
5.12593	-0.0124226	1	
5.12593	-0.0124226	1	
5.12593	-0.0124226	1	
5.12593	-0.0124226	1	
5.12593	-0.0124226	1	
5.12593	-0.0124226	1	
5.12593	-0.0124226	1	
5.12593	-0.0124226	1	
5.12593	-0.0124226	1	
5.12593	-0.0124226	1	
5.12593	-0.0124226	1	
5.12593	-0.0124226	1	
5.12593	-0.0124226	1	
5.12593	-0.0124226	1	
5.12593	-0.0124226	1	
5.12593	-0.0124226	1	
5.12593	-0.0124226	1	
5.12593	-0.0124226	1	
5.12593	-0.0124226	1	
5.12593	-0.0124226	1	
5.12593	-0.0124226	1	
5.12593	-0.0124226	1	
5.12593	-0.0124226	1	
5.12593	-0.0124226	1	
5.12593	-0.0124226	1	
5.12593	-0.0124226	1	
5.12593	-0.0124226	1	
5.12593	-0.0124226	1	
5.12593	-0.0124226	1	
5.12593	-0.0124226	1	
5.12593	-0.0124226	1	
5.12593	-0.0124226	1	
5.12593	-0.0124226	1	
5.12593	-0.0124226	1	
5.12593	-0.0124226	1	
5.12593	-0.0124226	1	
5.12593	-0.0124226	1	
5.12593	-0.0124226	1	
5.12593	-0.0124226	1	
5.12593	-0.0124226	1	
5.12593	-0.0124226	1	
5.12593	-0.0124226	1	
5.12593	-0.0124226	1	
5.12593	-0.0124226	1	
5.12593	-0.0124226	1	
5.12593	-0.0124226	1	
5.12593	-0.0124226	1	
5.12593	-0.0124226	1	
5.12593	-0.0124226	1	
5.12593	-0.0124226	1	
5.12593	-0.0124226	1	
5.12593	-0.0124226	1	
5.12593	-0.0124226	1	
5.12593	-0.0124226	1	
5.12593	-0.0124226	1	
5.12593	-0.0124226	1	
5.12593	-0.0124226	1	
5.12593	-0.0124226	1	
5.12593	-0.0124226	1	
5.12593	-0.0124226	1	
5.12593	-0.0124226	1	
5.12593	-0.0124226	1	
5.12593	-0.0124226	1	
5.12593	-0.0124226	1	
5.12593	-0.0124226	1	
5.12593	-0.0124226	1	
5.12593	-0.0124226	1	
5.12593	-0.0124226	1	
5.12593	-0.0124226	1	
5.12593	-0.0124226	1	
5.12593	-0.0124226	1	
5.12593	-0.0124226	1	
5.12593	-0.0124226	1	
5.12593	-0.0124226	1	
5.12593	-0.0124226	1	
5.12593	-0.0124226	1	
5.12593	-0.0124226	1	
5.12593	-0.0124226	1	
5.12593	-0.0124226	1	
5.12593	-0.0124226	1	
5.12593	-0.0124226	1	
5.12593	-0.0124226	1	
5.12593	-0.0124226	1	
5.12593	-0.0124226	1	
5.12593	-0.0124226	1	
5.12593	-0.0124226	1	
5.12593	-0.0124226	1	
5.12593	-0.0124226	1	
5.12593	-0.0124226	1	
5.12593	-0.0124226	1	
5.12593	-0.0124226	1	
5.12593	-0.0124226	1	
5.12593	-0.0124226	1	
5.12593	-0.0124226	1	
5.12593	-0.0124226	1	
5.12593	-0.0124226	1	
5.12593	-0.0124226	1	
5.12593	-0.0124226	1	
5.12593	-0.0124226	1	
5.12593	-0.0124226	1	
5.12593	-0.0124226	1	
5.12593	-0.0124226	1	
5.12593	-0.0124226	1	
5.12593	-0.0124226	1	
5.12593	-0.0124226	1	
5.12593	-0.0124226	1	
5.12593	-0.0124226	1	
5.12593	-0.0124226	1	
5.12593	-0.0124226	1	
5.12593	-0.0124226	1	
5.12593	-0.0124226	1	
5.12593	-0.0124226	1	
5.12593	-0.0124226	1	
5.12593	-0.0124226	1	
5.12593	-0.0124226	1	
5.12593	-0.0124226	1	
5.12593	-0.0124226	1	
5.12593	-0.0124226	1	
5.12593	-0.0124226	1	
5.12593	-0.0124226	1	
5.12593	-0.0124226	1	
5.12593	-0.0124226	1	
5.12593	-0.0124226	1	
5.12593	-0.0124226	1	
5.12593	-0.0124226	1	
5.12593	-0.0124226	1	
5.12593	-0.0124226	1	
5.12593	-0.0124226	1	
5.12593	-0.0124226	1	
5.12593	-0.0124226	1	
5.12593	-0.0124226	1	
5.12593	-0.0124226	1	
5.12593	-0.0124226	1	
5.12593	-0.0124226	1	
5.12593	-0.0124226	1	
5.12593	-0.0124226	1	
5.12593	-0.0124226	1	
5.12593	-0.0124226	1	
5.12593	-0.0124226	1	
5.12593	-0.0124226	1	
5.12593	-0.0124226	1	
5.12593	-0.0124226	1	
5.12593	-0.0124226	1	
5.12593	-0.0124226	1	
5.12593	-0.0124226	1	
5.12593	-0.0124226	1	
5.12593	-0.0124226	1	
5.12593	-0.0124226	1	
5.12593	-0.0124226	1	
5.12593	-0.0124226	1	
5.12593	-0.0124226	1	
5.12593	-0.0124226	1	
5.12593	-0.0124226	1	
5.12593	-0.0124226	1	
5.12593	-0.0124226	1	
5.12593	-0.0124226	1	
5.12593	-0.0124226	1	
5.12593	-0.0124226	1	
5.12593	-0.0124226	1	
5.12593	-0.0124226	1	
5.12593	-0.0124226	1	
5.12593	-0.0124226	1	
5.12593	-0.0124226	1	
5.12593	-0.0124226	1	
5.12593	-0.0124226	1	
5.12593	-0.0124226	1	
5.12593	-0.0124226	1	
5.12593	-0.0124226	1	
5.12593	-0.0124226	1	
5.12593	-0.0124226	1	
5.12593	-0.0124226	1	
5.12593	-0.0124226	1	
5.12593	-0.0124226	1	
5.12593	-0.0124226	1	
5.12593	-0.0124226	1	
5.12593	-0.0124226	1	
5.12593	-0.0124226	1	
5.12593	-0.0124226	1	
5.12593	-0.0124226	1	
5.12593	-0.0124226	1	
5.12593	-0.0124226	1	
5.12593	-0.0124226	1	
5.12593	-0.0124226	1	
5.12593	-0.0124226	1	
5.12593	-0.0124226	1	
5.12593	-0.0124226	1	
5.12593	-0.0124226	1	
5.12593	-0.0124226	1	
5.12593	-0.0124226	1	
5.12593	-0.0124226	1	
5.12593	-0.0124226	1	
5.12593	-0.0124226	1	
5.12593	-0.0124226	1	
5.12593	-0.0124226	1	
5.12593	-0.0124226	1	
5.12593	-0.0124226	1	
5.12593	-0.0124226	1	
5.12593	-0.0124226	1	
5.12593	-0.0124226	1	
5.12593	-0.0124226	1	
5.12593	-0.0124226	1	
