10	0	1	
10	0	1	
10	0	1	
10	0	1	
10	0	1	
10	0	1	
10	0	1	
10	0	1	
10	0	1	
10	0	1	
10	0	1	
10	0	1	
10	0	1	
10	0	1	
10	0	1	
10	0	1	
10	0	1	
10	0	1	
10	0	1	
10	0	1	
10	0	1	
10	0	1	
10	0	1	
10	0	1	
10	0	1	
10	0	1	
10	0	1	
10	0	1	
10	0	1	
10	0	1	
10	0	1	
10	0	1	
10	0	1	
10	0	1	
10	0	1	
10	0	1	
10	0	1	
10	0	1	
10	0	1	
10	0	1	
10	0	1	
10	0	1	
10	0	1	
10	0	1	
10	0	1	
10	0	1	
10	0	1	
10	0	1	
10	0	1	
10	0	1	
10	0	1	
10	0	1	
10	0	1	
10	0	1	
10	0	1	
10	0	1	
10	0	1	
10	0	1	
10	0	1	
10	0	1	
10	0	1	
10	0	1	
10	0	1	
10	0	1	
10	0	1	
10	0	1	
10	0	1	
10	0	1	
10	0	1	
10	0	1	
10	0	1	
10	0	1	
10	0	1	
10	0	1	
10	0	1	
10	0	1	
10	0	1	
10	0	1	
10	0	1	
10	0	1	
10	0	1	
10	0	1	
10	0	1	
10	0	1	
10	0	1	
10	0	1	
10	0	1	
10	0	1	
10	0	1	
10	0	1	
10	0	1	
10	0	1	
10	0	1	
10	0	1	
10	0	1	
10	0	1	
10	0	1	
10	0	1	
10	0	1	
10	0	1	
10	0	1	
10	0	1	
10	0	1	
10	0	1	
10	0	1	
10	0	1	
10	0	1	
10	0	1	
10	0	1	
10	0	1	
10	0	1	
10	0	1	
10	0	1	
10	0	1	
10	0	1	
10	0	1	
10	0	1	
10	0	1	
10	0	1	
10	0	1	
10	0	1	
10	0	1	
10	0	1	
10	0	1	
10	0	1	
10	0	1	
10	0	1	
10	0	1	
10	0	1	
9.99999	-0.00371428	1	
9.99998	-0.00624228	1	
9.99996	-0.00802082	1	
9.99995	-0.00931405	1	
9.99992	-0.0103211	1	
9.9999	-0.0111836	1	
9.99988	-0.0119199	1	
9.99985	-0.0125979	1	
9.99983	-0.0132437	1	
9.9998	-0.0138963	1	
9.99977	-0.014552	1	
9.99974	-0.0152192	1	
9.99971	-0.0159011	1	
9.99967	-0.0165972	1	
9.99964	-0.0173374	1	
9.9996	-0.0180844	1	
9.99957	-0.0188174	1	
9.99953	-0.0195872	1	
9.99949	-0.0203959	1	
9.99944	-0.0212333	1	
9.9994	-0.0220559	1	
9.99935	-0.0228771	1	
9.99931	-0.023763	1	
9.99926	-0.0246983	1	
9.99921	-0.0256292	1	
9.99915	-0.026581	1	
9.9991	-0.0275672	1	
9.99904	-0.0285599	1	
9.99898	-0.0295412	1	
9.99892	-0.0305949	1	
9.99886	-0.0316349	1	
9.99879	-0.0326955	1	
9.99872	-0.0337918	1	
9.99865	-0.0348483	1	
9.99858	-0.0359119	1	
9.99851	-0.0369938	1	
9.99843	-0.0380845	1	
9.99835	-0.0391922	1	
9.99827	-0.0403412	1	
9.99819	-0.0414673	1	
9.99811	-0.0426252	1	
9.99802	-0.0438278	1	
9.99793	-0.0450402	1	
9.99783	-0.0462925	1	
9.99774	-0.0475519	1	
9.99764	-0.0487965	1	
9.99754	-0.050108	1	
9.99744	-0.0514546	1	
9.99733	-0.0528213	1	
9.99722	-0.0542175	1	
9.99711	-0.0556496	1	
9.997	-0.0570903	1	
9.99688	-0.0585153	1	
9.99676	-0.0600206	1	
9.99664	-0.0615004	1	
9.99651	-0.0629511	1	
9.99638	-0.0644103	1	
9.99625	-0.0659023	1	
9.99612	-0.0673925	1	
9.99598	-0.0688483	1	
9.99584	-0.070359	1	
9.9957	-0.0719198	1	
9.99555	-0.0735038	1	
9.9954	-0.0751215	1	
9.99524	-0.0767817	1	
9.99509	-0.0784609	1	
9.99493	-0.080222	1	
9.99476	-0.0819233	1	
9.9946	-0.083661	1	
9.99442	-0.085378	1	
9.99425	-0.0872466	1	
9.99407	-0.0890355	1	
9.99389	-0.0908519	1	
9.99371	-0.0926855	1	
9.99352	-0.094473	1	
9.99332	-0.0961888	1	
9.99313	-0.0979252	1	
9.99293	-0.0996419	1	
9.99273	-0.101399	1	
9.99252	-0.103158	1	
9.99231	-0.104986	1	
9.9921	-0.106961	1	
9.99188	-0.108836	1	
9.99166	-0.110801	1	
9.99143	-0.112783	1	
9.9912	-0.114751	1	
9.99097	-0.116811	1	
9.99073	-0.118873	1	
9.99049	-0.120965	1	
9.99024	-0.123156	1	
9.98999	-0.125291	1	
9.98974	-0.127344	1	
9.98948	-0.129372	1	
9.98922	-0.131369	1	
9.98895	-0.133353	1	
9.98868	-0.135416	1	
9.9884	-0.137502	1	
9.98812	-0.13961	1	
9.98784	-0.141723	1	
9.98755	-0.14386	1	
9.98726	-0.146093	1	
9.98696	-0.148383	1	
9.98666	-0.150674	1	
9.98636	-0.153053	1	
9.98604	-0.155496	1	
9.98573	-0.158077	1	
9.98541	-0.160665	1	
9.98508	-0.163372	1	
9.98475	-0.166142	1	
9.98441	-0.168933	1	
9.98407	-0.171863	1	
9.98372	-0.174894	1	
9.98336	-0.177968	1	
9.983	-0.181072	1	
9.98263	-0.184171	1	
9.98226	-0.187226	1	
9.98188	-0.190307	1	
9.98149	-0.193354	1	
9.9811	-0.1965	1	
9.9807	-0.199702	1	
9.98029	-0.203024	1	
9.97988	-0.206434	1	
9.97946	-0.209812	1	
9.97903	-0.213225	1	
9.9786	-0.216657	1	
9.97816	-0.220218	1	
9.97771	-0.223732	1	
9.97726	-0.227316	1	
9.97679	-0.230822	1	
9.97633	-0.234539	1	
9.97585	-0.238329	1	
9.97536	-0.242236	1	
9.97487	-0.246168	1	
9.97437	-0.250239	1	
9.97386	-0.254305	1	
9.97335	-0.25838	1	
9.97282	-0.262458	1	
9.97229	-0.266613	1	
9.97175	-0.270864	1	
9.9712	-0.275056	1	
9.97064	-0.279482	1	
9.97007	-0.283909	1	
9.96949	-0.288372	1	
9.96891	-0.292864	1	
9.96831	-0.297466	1	
9.96771	-0.302128	1	
9.96709	-0.306759	1	
9.96647	-0.311603	1	
9.96584	-0.316598	1	
9.96519	-0.321451	1	
9.96454	-0.326284	1	
9.96388	-0.331075	1	
9.96321	-0.33576	1	
9.96253	-0.34064	1	
9.96184	-0.345673	1	
9.96113	-0.350744	1	
9.96042	-0.355957	1	
9.9597	-0.361378	1	
9.95897	-0.366697	1	
9.95822	-0.372393	1	
9.95747	-0.37809	1	
9.9567	-0.383922	1	
9.95592	-0.38969	1	
9.95513	-0.39543	1	
9.95432	-0.401212	1	
9.95351	-0.407103	1	
9.95268	-0.413032	1	
9.95185	-0.41899	1	
9.951	-0.42494	1	
9.95013	-0.430948	1	
9.94926	-0.437067	1	
9.94837	-0.443201	1	
9.94748	-0.449466	1	
9.94656	-0.455739	1	
9.94564	-0.462172	1	
9.9447	-0.468613	1	
9.94375	-0.475159	1	
9.94279	-0.481722	1	
9.94181	-0.488343	1	
9.94082	-0.494885	1	
9.93982	-0.501318	1	
9.9388	-0.507982	1	
9.93777	-0.514744	1	
9.93673	-0.521818	1	
9.93567	-0.529003	1	
9.9346	-0.536503	1	
9.93351	-0.544194	1	
9.93241	-0.552248	1	
9.93128	-0.560552	1	
9.93015	-0.569046	1	
9.92899	-0.577671	1	
9.92782	-0.5865	1	
9.92663	-0.595403	1	
9.92542	-0.604136	1	
9.92419	-0.612813	1	
9.92295	-0.621764	1	
9.92169	-0.630987	1	
9.92041	-0.64043	1	
9.91911	-0.650173	1	
9.91779	-0.660144	1	
9.91645	-0.670308	1	
9.91509	-0.680434	1	
9.9137	-0.690525	1	
9.9123	-0.700431	1	
9.91088	-0.710213	1	
9.90944	-0.719989	1	
9.90798	-0.729948	1	
9.9065	-0.740177	1	
9.905	-0.750674	1	
9.90348	-0.761062	1	
9.90194	-0.771379	1	
9.90037	-0.78141	1	
9.89879	-0.791329	1	
9.89719	-0.800891	1	
9.89557	-0.809979	1	
9.89393	-0.818849	1	
9.89228	-0.827604	1	
9.8906	-0.836439	1	
9.88891	-0.845806	1	
9.8872	-0.855555	1	
9.88547	-0.865627	1	
9.88372	-0.876033	1	
9.88194	-0.886815	1	
9.88015	-0.897811	1	
9.87833	-0.909237	1	
9.87649	-0.920838	1	
9.87462	-0.932715	1	
9.87273	-0.945175	1	
9.87082	-0.958037	1	
9.86887	-0.9714	1	
9.8669	-0.985034	1	
9.86491	-0.999183	1	
9.86288	-1.01357	1	
9.86082	-1.02828	1	
9.85874	-1.04312	1	
9.85662	-1.05836	1	
9.85447	-1.07391	1	
9.85229	-1.08962	1	
9.85008	-1.10526	1	
9.84784	-1.1209	1	
9.84557	-1.13655	1	
9.84326	-1.15229	1	
9.84093	-1.16821	1	
9.83856	-1.18458	1	
9.83615	-1.20164	1	
9.83371	-1.21928	1	
9.83124	-1.23718	1	
9.82873	-1.25492	1	
9.82619	-1.27227	1	
9.82361	-1.28924	1	
9.821	-1.30587	1	
9.81835	-1.32218	1	
9.81567	-1.33795	1	
9.81297	-1.35313	1	
9.81023	-1.36792	1	
9.80747	-1.3825	1	
9.80467	-1.39731	1	
9.80185	-1.41224	1	
9.79899	-1.42762	1	
9.79611	-1.44296	1	
9.79319	-1.45845	1	
9.79024	-1.47396	1	
9.78726	-1.48925	1	
9.78426	-1.50446	1	
9.78122	-1.51952	1	
9.77815	-1.53475	1	
9.77505	-1.55032	1	
9.77191	-1.56614	1	
9.76875	-1.58193	1	
9.76556	-1.59719	1	
9.76233	-1.6119	1	
9.75908	-1.62644	1	
9.7558	-1.64125	1	
9.75248	-1.65613	1	
9.74914	-1.67078	1	
9.74577	-1.68482	1	
9.74238	-1.69849	1	
9.73895	-1.71252	1	
9.7355	-1.727	1	
9.73201	-1.74167	1	
9.7285	-1.75614	1	
9.72496	-1.77027	1	
9.72139	-1.78429	1	
9.7178	-1.79833	1	
9.71417	-1.81249	1	
9.71052	-1.82682	1	
9.70683	-1.84126	1	
9.70312	-1.85575	1	
9.69938	-1.87058	1	
9.69561	-1.88577	1	
9.69181	-1.90087	1	
9.68798	-1.91545	1	
9.68412	-1.92905	1	
9.68024	-1.94175	1	
9.67633	-1.95399	1	
9.67239	-1.96674	1	
9.66843	-1.98019	1	
9.66445	-1.99427	1	
9.66043	-2.00817	1	
9.65639	-2.02183	1	
9.65232	-2.03537	1	
9.64822	-2.04907	1	
9.64409	-2.06293	1	
9.63994	-2.07715	1	
9.63575	-2.09168	1	
9.63154	-2.10695	0.999261	
9.6273	-2.12209	0.997177	
9.62302	-2.13712	0.994304	
9.61872	-2.15202	0.991587	
9.61438	-2.1668	0.988891	
9.61002	-2.18147	0.986638	
9.60563	-2.19602	0.984781	
9.60121	-2.21045	0.982709	
9.59676	-2.22477	0.980049	
9.59228	-2.23897	0.97683	
9.58777	-2.25306	0.973709	
9.58324	-2.26703	0.970522	
9.57868	-2.28089	0.967674	
9.57409	-2.29465	0.965272	
9.56947	-2.30829	0.962999	
9.56483	-2.32182	0.960627	
9.56016	-2.33525	0.958275	
9.55546	-2.34857	0.956044	
9.55074	-2.36178	0.954534	
9.54599	-2.37488	0.95342	
9.54121	-2.38789	0.952276	
9.53641	-2.40078	0.951109	
9.53158	-2.41358	0.949977	
9.52673	-2.42627	0.94919	
9.52185	-2.43886	0.948519	
9.51695	-2.45135	0.947691	
9.51202	-2.46374	0.946549	
9.50707	-2.47603	0.945632	
9.50209	-2.48822	0.945513	
9.49709	-2.50031	0.94634	
9.49207	-2.51231	0.947605	
9.48702	-2.52421	0.948786	
9.48195	-2.53602	0.949092	
9.47685	-2.54773	0.949205	
9.47173	-2.55935	0.949274	
9.46659	-2.57087	0.949549	
9.46143	-2.58231	0.949793	
9.45624	-2.59365	0.950113	
9.45103	-2.6049	0.950877	
9.4458	-2.61606	0.951773	
9.44054	-2.62713	0.952878	
9.43527	-2.63811	0.953238	
9.42997	-2.64901	0.952822	
9.42465	-2.65982	0.951558	
9.41931	-2.67054	0.950299	
9.41395	-2.68117	0.949049	
9.40856	-2.69172	0.948042	
9.40316	-2.70219	0.947264	
9.39773	-2.71257	0.946712	
9.39229	-2.72287	0.945867	
9.38682	-2.73309	0.944446	
9.38134	-2.74322	0.94301	
9.37583	-2.75328	0.941417	
9.3703	-2.76325	0.939951	
9.36476	-2.77315	0.939107	
9.35919	-2.78296	0.938239	
9.35361	-2.7927	0.93719	
9.348	-2.80236	0.935559	
9.34238	-2.81194	0.933443	
9.33673	-2.82144	0.930777	
9.33107	-2.83087	0.927782	
9.32539	-2.84022	0.925044	
9.31969	-2.8495	0.922291	
9.31398	-2.85871	0.920115	
9.30824	-2.86784	0.917462	
9.30249	-2.87689	0.914537	
9.29671	-2.88588	0.911615	
9.29092	-2.89479	0.909478	
9.28512	-2.90363	0.907756	
9.27929	-2.9124	0.906752	
9.27345	-2.9211	0.906222	
9.26759	-2.92974	0.905885	
9.26171	-2.9383	0.905089	
9.25582	-2.94679	0.903753	
9.24991	-2.95522	0.90258	
9.24398	-2.96357	0.901875	
9.23804	-2.97187	0.901677	
9.23208	-2.98009	0.90144	
9.2261	-2.98825	0.900821	
9.22011	-2.99634	0.899815	
9.2141	-3.00437	0.898529	
9.20808	-3.01234	0.897283	
9.20204	-3.02024	0.89592	
9.19598	-3.02808	0.895337	
9.18991	-3.03585	0.895386	
9.18382	-3.04357	0.89594	
9.17772	-3.05122	0.896274	
9.1716	-3.05881	0.89592	
9.16547	-3.06634	0.895102	
9.15932	-3.07381	0.894006	
9.15316	-3.08122	0.892924	
9.14698	-3.08857	0.892179	
9.14079	-3.09586	0.891595	
9.13458	-3.10309	0.891231	
9.12836	-3.11027	0.89063	
9.12213	-3.11738	0.889712	
9.11588	-3.12445	0.888402	
9.10962	-3.13145	0.887067	
9.10334	-3.1384	0.886087	
9.09705	-3.14529	0.88481	
9.09074	-3.15213	0.883067	
9.08443	-3.15891	0.88133	
9.07809	-3.16564	0.879384	
9.07175	-3.17232	0.877353	
9.06539	-3.17894	0.875109	
9.05902	-3.18551	0.873336	
9.05264	-3.19202	0.87182	
9.04624	-3.19849	0.870179	
9.03983	-3.2049	0.868388	
9.03341	-3.21126	0.866715	
9.02697	-3.21757	0.86527	
9.02052	-3.22383	0.863994	
9.01406	-3.23004	0.863338	
9.00759	-3.2362	0.862761	
9.00111	-3.24231	0.862074	
8.99461	-3.24837	0.861501	
8.9881	-3.25438	0.860808	
8.98158	-3.26035	0.860243	
8.97505	-3.26626	0.85994	
8.9685	-3.27213	0.860192	
8.96195	-3.27796	0.860255	
8.95538	-3.28373	0.860396	
8.9488	-3.28946	0.860514	
8.94221	-3.29515	0.86053	
8.93561	-3.30079	0.86054	
8.929	-3.30638	0.860128	
8.92237	-3.31193	0.859994	
8.91574	-3.31743	0.860482	
8.90909	-3.32289	0.860903	
8.90244	-3.32831	0.860862	
8.89577	-3.33368	0.860424	
8.88909	-3.33902	0.859849	
8.8824	-3.3443	0.859009	
8.8757	-3.34955	0.857875	
8.86899	-3.35475	0.857369	
8.86228	-3.35991	0.857018	
8.85555	-3.36503	0.856322	
8.8488	-3.37011	0.855024	
8.84205	-3.37515	0.853362	
8.83529	-3.38015	0.851847	
8.82852	-3.38511	0.851103	
8.82174	-3.39003	0.850636	
8.81495	-3.39491	0.850341	
8.80815	-3.39975	0.849994	
8.80134	-3.40455	0.849181	
8.79453	-3.40932	0.847827	
8.7877	-3.41404	0.846106	
8.78086	-3.41873	0.844281	
8.77401	-3.42338	0.842513	
8.76716	-3.42799	0.84051	
8.76029	-3.43257	0.838959	
8.75342	-3.43711	0.837852	
8.74654	-3.44161	0.837296	
8.73964	-3.44608	0.836734	
8.73274	-3.45051	0.836286	
8.72583	-3.45491	0.836158	
8.71891	-3.45927	0.836184	
8.71199	-3.46359	0.836253	
8.70505	-3.46788	0.836469	
8.69811	-3.47214	0.836876	
8.69115	-3.47636	0.837187	
8.68419	-3.48055	0.837353	
8.67722	-3.48471	0.837791	
8.67025	-3.48883	0.838167	
8.66326	-3.49292	0.838583	
8.65627	-3.49698	0.838544	
8.64926	-3.501	0.838408	
8.64225	-3.50499	0.838406	
8.63524	-3.50895	0.838607	
8.62821	-3.51288	0.838785	
8.62118	-3.51678	0.838898	
8.61414	-3.52064	0.838329	
8.60709	-3.52448	0.837256	
8.60003	-3.52828	0.835566	
8.59297	-3.53206	0.833867	
8.58589	-3.5358	0.832502	
8.57882	-3.53951	0.831689	
8.57173	-3.5432	0.830552	
8.56464	-3.54685	0.829116	
8.55753	-3.55048	0.827197	
8.55043	-3.55407	0.824993	
8.54331	-3.55764	0.822863	
8.53619	-3.56118	0.82099	
8.52906	-3.56469	0.819357	
8.52192	-3.56817	0.817453	
8.51478	-3.57163	0.815246	
8.50763	-3.57505	0.812636	
8.50047	-3.57845	0.809978	
8.49331	-3.58183	0.807787	
8.48614	-3.58517	0.805801	
8.47896	-3.58849	0.804669	
8.47178	-3.59178	0.804058	
8.46459	-3.59505	0.80372	
8.45739	-3.59829	0.803418	
8.45019	-3.6015	0.803418	
8.44298	-3.60469	0.80358	
8.43576	-3.60785	0.803728	
8.42854	-3.61099	0.804578	
8.42131	-3.6141	0.80598	
8.41408	-3.61719	0.807531	
8.40684	-3.62025	0.808808	
8.39959	-3.62329	0.810004	
8.39234	-3.6263	0.811165	
8.38508	-3.62929	0.812538	
8.37782	-3.63226	0.813575	
8.37055	-3.6352	0.814705	
8.36327	-3.63812	0.81577	
8.35599	-3.64101	0.816489	
8.3487	-3.64388	0.816699	
8.34141	-3.64673	0.816338	
8.33411	-3.64956	0.815944	
8.3268	-3.65236	0.815735	
8.31949	-3.65514	0.815607	
8.31218	-3.6579	0.815812	
8.30485	-3.66064	0.816105	
8.29753	-3.66336	0.815911	
8.2902	-3.66605	0.814791	
8.28286	-3.66872	0.813367	
8.27552	-3.67137	0.811501	
8.26817	-3.674	0.809924	
8.26081	-3.67661	0.808531	
8.25346	-3.67919	0.80721	
8.24609	-3.68176	0.805679	
8.23872	-3.68431	0.803682	
8.23135	-3.68683	0.801428	
8.22397	-3.68934	0.799348	
8.21659	-3.69182	0.797405	
8.2092	-3.69429	0.795872	
8.20181	-3.69673	0.794717	
8.19441	-3.69916	0.793832	
8.18701	-3.70157	0.79308	
8.1796	-3.70395	0.79262	
8.17218	-3.70632	0.792206	
8.16477	-3.70867	0.792144	
8.15734	-3.711	0.792216	
8.14992	-3.71331	0.792812	
8.14249	-3.71561	0.793504	
8.13505	-3.71788	0.794382	
8.12761	-3.72014	0.794868	
8.12017	-3.72238	0.795101	
8.11272	-3.7246	0.795595	
8.10526	-3.7268	0.796483	
8.09781	-3.72899	0.797599	
8.09034	-3.73116	0.798892	
8.08288	-3.73331	0.800341	
8.07541	-3.73544	0.801433	
8.06793	-3.73756	0.802221	
8.06045	-3.73966	0.802717	
8.05297	-3.74174	0.803311	
8.04548	-3.74381	0.803721	
8.03799	-3.74586	0.803914	
8.03049	-3.74789	0.80382	
8.02299	-3.74991	0.803259	
8.01549	-3.75191	0.802487	
8.00798	-3.75389	0.801474	
8.00047	-3.75586	0.800568	
7.99295	-3.75781	0.799926	
7.98543	-3.75975	0.799407	
7.97791	-3.76167	0.798627	
7.97038	-3.76358	0.797527	
7.96285	-3.76547	0.796009	
7.95532	-3.76735	0.794103	
7.94778	-3.76921	0.792184	
7.94024	-3.77105	0.790572	
7.93269	-3.77289	0.789454	
7.92514	-3.7747	0.788852	
7.91759	-3.77651	0.788647	
7.91003	-3.77829	0.788645	
7.90247	-3.78007	0.788803	
7.89491	-3.78183	0.788774	
7.88734	-3.78357	0.788754	
7.87977	-3.7853	0.789413	
7.8722	-3.78702	0.790642	
7.86462	-3.78872	0.791947	
7.85704	-3.79041	0.792946	
7.84945	-3.79209	0.793296	
7.84187	-3.79375	0.793711	
7.83428	-3.7954	0.794421	
7.82668	-3.79704	0.795281	
7.81909	-3.79867	0.796593	
7.81148	-3.80028	0.798018	
7.80388	-3.80187	0.79891	
7.79627	-3.80346	0.799216	
7.78866	-3.80503	0.798972	
7.78105	-3.80659	0.798394	
7.77343	-3.80814	0.797499	
7.76581	-3.80967	0.796773	
7.75819	-3.8112	0.796407	
7.75057	-3.81271	0.79619	
7.74294	-3.8142	0.795877	
7.73531	-3.81569	0.795153	
7.72767	-3.81717	0.794239	
7.72004	-3.81863	0.793057	
7.7124	-3.82008	0.791913	
7.70475	-3.82152	0.790579	
7.69711	-3.82295	0.789315	
7.68946	-3.82436	0.787778	
7.68181	-3.82577	0.786083	
7.67415	-3.82716	0.784205	
7.66649	-3.82854	0.782415	
7.65883	-3.82992	0.781166	
7.65117	-3.83128	0.780611	
7.64351	-3.83263	0.780678	
7.63584	-3.83397	0.781509	
7.62817	-3.83529	0.782618	
7.6205	-3.83661	0.783499	
7.61282	-3.83792	0.784061	
7.60514	-3.83921	0.78471	
7.59746	-3.8405	0.785853	
7.58978	-3.84178	0.787142	
7.58209	-3.84304	0.788312	
7.5744	-3.8443	0.789768	
7.56671	-3.84554	0.791454	
7.55902	-3.84678	0.793059	
7.55132	-3.84801	0.795072	
7.54362	-3.84922	0.797244	
7.53592	-3.85043	0.798982	
7.52822	-3.85162	0.800492	
7.52051	-3.85281	0.801634	
7.51281	-3.85399	0.802992	
7.5051	-3.85516	0.803896	
7.49738	-3.85632	0.804587	
7.48967	-3.85747	0.804816	
7.48195	-3.85861	0.804505	
7.47423	-3.85974	0.803656	
7.46651	-3.86086	0.803002	
7.45879	-3.86197	0.802441	
7.45106	-3.86308	0.801962	
7.44333	-3.86417	0.801534	
7.4356	-3.86526	0.800677	
7.42787	-3.86634	0.799373	
7.42013	-3.86741	0.797594	
7.4124	-3.86847	0.795621	
7.40466	-3.86952	0.793727	
7.39692	-3.87056	0.792327	
7.38917	-3.8716	0.791528	
7.38143	-3.87262	0.791086	
7.37368	-3.87364	0.791039	
7.36593	-3.87465	0.791176	
7.35818	-3.87566	0.791332	
7.35043	-3.87665	0.791456	
7.34267	-3.87764	0.791856	
7.33491	-3.87862	0.792472	
7.32715	-3.87959	0.793064	
7.31939	-3.88055	0.793852	
7.31163	-3.88151	0.794846	
7.30386	-3.88246	0.796005	
7.2961	-3.8834	0.79706	
7.28833	-3.88433	0.798027	
7.28056	-3.88525	0.798958	
7.27279	-3.88617	0.799949	
7.26501	-3.88708	0.800579	
7.25724	-3.88799	0.801389	
7.24946	-3.88888	0.801579	
7.24168	-3.88977	0.801363	
7.2339	-3.89065	0.801402	
7.22611	-3.89153	0.801577	
7.21833	-3.8924	0.801482	
7.21054	-3.89326	0.801161	
7.20276	-3.89411	0.800643	
7.19497	-3.89496	0.799863	
7.18717	-3.8958	0.79947	
7.17938	-3.89663	0.79896	
7.17159	-3.89746	0.798349	
7.16379	-3.89828	0.797763	
7.15599	-3.89909	0.796967	
7.14819	-3.8999	0.796226	
7.14039	-3.9007	0.795719	
7.13259	-3.9015	0.795852	
7.12478	-3.90228	0.796406	
7.11698	-3.90306	0.797112	
7.10917	-3.90384	0.79827	
7.10136	-3.90461	0.799575	
7.09355	-3.90537	0.800699	
7.08574	-3.90613	0.802344	
7.07792	-3.90688	0.803904	
7.07011	-3.90763	0.80499	
7.06229	-3.90836	0.805953	
7.05447	-3.9091	0.807028	
7.04665	-3.90983	0.808333	
7.03883	-3.91055	0.810071	
7.03101	-3.91126	0.812335	
7.02319	-3.91197	0.814792	
7.01536	-3.91268	0.816748	
7.00753	-3.91337	0.818214	
6.9997	-3.91407	0.819206	
6.99188	-3.91476	0.820016	
6.98404	-3.91544	0.820524	
6.97621	-3.91611	0.82119	
6.96838	-3.91678	0.821612	
6.96054	-3.91745	0.821635	
6.95271	-3.91811	0.821485	
6.94487	-3.91877	0.821286	
6.93703	-3.91942	0.821133	
6.92919	-3.92006	0.820783	
6.92135	-3.9207	0.820085	
6.91351	-3.92133	0.819171	
6.90566	-3.92196	0.818014	
6.89782	-3.92259	0.816744	
6.88997	-3.92321	0.815631	
6.88212	-3.92382	0.814951	
6.87427	-3.92443	0.814987	
6.86643	-3.92504	0.815534	
6.85857	-3.92564	0.816335	
6.85072	-3.92623	0.817519	
6.84287	-3.92682	0.818454	
6.83501	-3.92741	0.819828	
6.82716	-3.92799	0.821344	
6.8193	-3.92856	0.82284	
6.81144	-3.92913	0.824541	
6.80358	-3.9297	0.826316	
6.79572	-3.93026	0.828284	
6.78786	-3.93082	0.829893	
6.78	-3.93137	0.831709	
6.77213	-3.93192	0.833538	
6.76427	-3.93247	0.834785	
6.7564	-3.93301	0.835653	
6.74854	-3.93354	0.836108	
6.74067	-3.93408	0.836077	
6.7328	-3.9346	0.835912	
6.72493	-3.93513	0.835954	
6.71706	-3.93565	0.83603	
6.70918	-3.93616	0.83597	
6.70131	-3.93667	0.835663	
6.69344	-3.93718	0.835215	
6.68556	-3.93768	0.834738	
6.67768	-3.93818	0.834284	
6.66981	-3.93867	0.833742	
6.66193	-3.93916	0.833105	
6.65405	-3.93965	0.832381	
6.64617	-3.94013	0.831641	
6.63829	-3.94061	0.831354	
6.63041	-3.94109	0.831755	
6.62252	-3.94156	0.832672	
6.61464	-3.94203	0.833924	
6.60675	-3.94249	0.835502	
6.59887	-3.94295	0.836892	
6.59098	-3.94341	0.838401	
6.58309	-3.94386	0.84033	
6.5752	-3.94431	0.842462	
6.56732	-3.94475	0.844466	
6.55942	-3.9452	0.846227	
6.55153	-3.94563	0.84816	
6.54364	-3.94607	0.850229	
6.53575	-3.9465	0.852986	
6.52785	-3.94693	0.856451	
6.51996	-3.94735	0.859621	
6.51206	-3.94777	0.862295	
6.50417	-3.94819	0.864345	
6.49627	-3.94861	0.865992	
6.48837	-3.94902	0.867583	
6.48047	-3.94943	0.869188	
6.47257	-3.94983	0.870138	
6.46467	-3.95023	0.870383	
6.45677	-3.95063	0.870169	
6.44887	-3.95103	0.869934	
6.44097	-3.95142	0.869893	
6.43306	-3.95181	0.869743	
6.42516	-3.95219	0.869381	
6.41725	-3.95257	0.868599	
6.40935	-3.95295	0.867731	
6.40144	-3.95333	0.866905	
6.39353	-3.9537	0.86657	
6.38563	-3.95407	0.866652	
6.37772	-3.95444	0.866924	
6.36981	-3.95481	0.867383	
6.3619	-3.95517	0.868134	
6.35399	-3.95553	0.869002	
6.34607	-3.95588	0.870622	
6.33816	-3.95623	0.872725	
6.33025	-3.95658	0.875097	
6.32234	-3.95693	0.877358	
6.31442	-3.95728	0.8796	
6.30651	-3.95762	0.881763	
6.29859	-3.95796	0.883962	
6.29067	-3.95829	0.886234	
6.28276	-3.95863	0.888608	
6.27484	-3.95896	0.890486	
6.26692	-3.95929	0.892054	
6.259	-3.95961	0.893086	
6.25108	-3.95993	0.893477	
6.24316	-3.96026	0.893865	
6.23524	-3.96057	0.894024	
6.22732	-3.96089	0.89377	
6.21939	-3.9612	0.893397	
6.21147	-3.96151	0.892975	
6.20355	-3.96182	0.892727	
6.19562	-3.96213	0.892476	
6.1877	-3.96243	0.891799	
6.17977	-3.96273	0.890879	
6.17185	-3.96303	0.88991	
6.16392	-3.96332	0.889178	
6.15599	-3.96362	0.889089	
6.14807	-3.96391	0.889772	
6.14014	-3.9642	0.890703	
6.13221	-3.96448	0.89187	
6.12428	-3.96477	0.893315	
6.11635	-3.96505	0.894803	
6.10842	-3.96533	0.897083	
6.10049	-3.96561	0.89969	
6.09255	-3.96588	0.901954	
6.08462	-3.96615	0.90426	
6.07669	-3.96642	0.906465	
6.06876	-3.96669	0.908817	
6.06082	-3.96696	0.911779	
6.05289	-3.96722	0.915176	
6.04495	-3.96749	0.918409	
6.03702	-3.96775	0.921478	
6.02908	-3.968	0.924202	
6.02114	-3.96826	0.926406	
6.01321	-3.96851	0.928067	
6.00527	-3.96877	0.929588	
5.99733	-3.96902	0.930347	
5.98939	-3.96926	0.930809	
5.98145	-3.96951	0.931165	
5.97352	-3.96975	0.931183	
5.96557	-3.97	0.931431	
5.95763	-3.97024	0.931622	
5.94969	-3.97047	0.931444	
5.94175	-3.97071	0.931455	
5.93381	-3.97094	0.93161	
5.92587	-3.97118	0.932133	
5.91792	-3.97141	0.933065	
5.90998	-3.97164	0.93431	
5.90204	-3.97186	0.935544	
5.89409	-3.97209	0.937267	
5.88615	-3.97231	0.939165	
5.8782	-3.97253	0.941815	
5.87026	-3.97275	0.944986	
5.86231	-3.97297	0.948325	
5.85437	-3.97319	0.95167	
5.84642	-3.9734	0.955032	
5.83847	-3.97361	0.958378	
5.83052	-3.97383	0.961885	
5.82258	-3.97403	0.965737	
5.81463	-3.97424	0.969294	
5.80668	-3.97445	0.972309	
5.79873	-3.97465	0.974819	
5.79078	-3.97486	0.97662	
5.78283	-3.97506	0.977985	
5.77488	-3.97526	0.978994	
5.76693	-3.97545	0.979419	
5.75898	-3.97565	0.979671	
5.75103	-3.97585	0.97962	
5.74307	-3.97604	0.979494	
5.73512	-3.97623	0.979463	
5.72717	-3.97642	0.978959	
5.71921	-3.97661	0.978236	
5.71126	-3.9768	0.977591	
5.70331	-3.97698	0.97706	
5.69535	-3.97717	0.977182	
5.6874	-3.97735	0.978525	
5.67944	-3.97753	0.980231	
5.67149	-3.97771	0.982545	
5.66353	-3.97789	0.985076	
5.65558	-3.97806	0.987916	
5.64762	-3.97824	0.991239	
5.63966	-3.97841	0.994749	
5.63171	-3.97859	0.997899	
5.62375	-3.97709	1	
5.61581	-3.97139	1	
5.60788	-3.96286	1	
5.59998	-3.95198	1	
5.5921	-3.93975	1	
5.58425	-3.92715	1	
5.57642	-3.91416	1	
5.56861	-3.90148	1	
5.56084	-3.88925	1	
5.55308	-3.87784	1	
5.54534	-3.86787	1	
5.53762	-3.86016	1	
5.52991	-3.85443	1	
5.52221	-3.85008	1	
5.51452	-3.84684	1	
5.50683	-3.8439	1	
5.49915	-3.84135	1	
5.49147	-3.8393	1	
5.4838	-3.83774	1	
5.47613	-3.83555	1	
5.46846	-3.8322	1	
5.46081	-3.82751	1	
5.45316	-3.82127	1	
5.44554	-3.81342	1	
5.43793	-3.80372	1	
5.43035	-3.79177	1	
5.42279	-3.77778	1	
5.41527	-3.76228	1	
5.40777	-3.74573	1	
5.40032	-3.72858	1	
5.3929	-3.71068	1	
5.38551	-3.692	1	
5.37817	-3.67305	1	
5.37086	-3.65492	1	
5.36358	-3.63775	1	
5.35634	-3.62163	1	
5.34912	-3.60672	1	
5.34194	-3.59266	1	
5.33478	-3.58015	1	
5.32764	-3.56912	1	
5.32052	-3.55968	1	
5.31342	-3.55169	1	
5.30633	-3.54433	1	
5.29925	-3.53764	1	
5.29219	-3.53157	1	
5.28514	-3.5256	1	
5.2781	-3.51923	1	
5.27108	-3.5114	1	
5.26407	-3.50208	1	
5.25709	-3.49125	1	
5.25013	-3.47917	1	
5.2432	-3.46598	1	
5.2363	-3.45192	1	
5.22942	-3.43649	1	
5.22258	-3.41992	1	
5.21578	-3.40262	1	
5.20901	-3.38509	1	
5.20227	-3.36721	1	
5.19558	-3.3492	1	
5.18891	-3.3308	1	
5.18229	-3.31234	1	
5.1757	-3.29415	1	
5.16915	-3.27659	1	
5.16263	-3.25965	1	
5.15614	-3.24354	1	
5.14968	-3.22808	1	
5.14326	-3.21327	1	
5.13686	-3.19994	1	
5.13048	-3.18802	1	
5.12413	-3.17718	1	
5.11779	-3.16687	1	
5.11148	-3.15681	1	
5.10519	-3.14651	1	
5.09892	-3.13592	1	
5.09267	-3.12541	1	
5.08643	-3.11521	1	
5.08023	-3.10472	1	
5.07404	-3.09345	1	
5.06788	-3.08124	1	
5.06174	-3.06825	1	
5.05563	-3.05446	1	
5.04955	-3.04	1	
5.0435	-3.02446	1	
5.03749	-3.00776	1	
5.03151	-2.98995	1	
5.02556	-2.97159	1	
5.01966	-2.95237	1	
5.01379	-2.93283	1	
5.00797	-2.91284	1	
5.00218	-2.89278	1	
4.99644	-2.8728	1	
4.99073	-2.85328	1	
4.98506	-2.83483	1	
4.97942	-2.81724	1	
4.97382	-2.8006	1	
4.96825	-2.78478	1	
4.96272	-2.76957	1	
4.9572	-2.75515	1	
4.95172	-2.74165	1	
4.94626	-2.72893	1	
4.94083	-2.71687	1	
4.93542	-2.70527	1	
4.93003	-2.69379	1	
4.92467	-2.68229	1	
4.91933	-2.67092	1	
4.91401	-2.65969	1	
4.90871	-2.64809	1	
4.90344	-2.63623	1	
4.89819	-2.62347	1	
4.89297	-2.60979	1	
4.88778	-2.59505	1	
4.88262	-2.5795	1	
4.8775	-2.56299	1	
4.8724	-2.54582	1	
4.86735	-2.52798	1	
4.86233	-2.50932	1	
4.85735	-2.48991	1	
4.85241	-2.47047	1	
4.84751	-2.45119	1	
4.84264	-2.43208	1	
4.83782	-2.41329	1	
4.83303	-2.39456	1	
4.82828	-2.3757	1	
4.82356	-2.35685	1	
4.81888	-2.33819	1	
4.81424	-2.32007	1	
4.80964	-2.30261	1	
4.80507	-2.28569	1	
4.80053	-2.26931	1	
4.79602	-2.25337	1	
4.79155	-2.23754	1	
4.7871	-2.22232	1	
4.78269	-2.20785	1	
4.7783	-2.19389	1	
4.77394	-2.18035	1	
4.7696	-2.16724	1	
4.7653	-2.15425	1	
4.76101	-2.14116	1	
4.75676	-2.12811	1	
4.75253	-2.11517	1	
4.74832	-2.10237	1	
4.74414	-2.08989	1	
4.73999	-2.07725	1	
4.73586	-2.0644	1	
4.73176	-2.05074	1	
4.72768	-2.03647	1	
4.72364	-2.02179	1	
4.71963	-2.00661	1	
4.71565	-1.99104	1	
4.7117	-1.97518	1	
4.70778	-1.95884	1	
4.70389	-1.94169	1	
4.70005	-1.92378	1	
4.69624	-1.90538	1	
4.69246	-1.88695	1	
4.68873	-1.86854	1	
4.68502	-1.85032	1	
4.68136	-1.83234	1	
4.67773	-1.81503	1	
4.67413	-1.79794	1	
4.67057	-1.78093	1	
4.66704	-1.76397	1	
4.66355	-1.7476	1	
4.66009	-1.73196	1	
4.65665	-1.71677	1	
4.65325	-1.70216	1	
4.64987	-1.68802	1	
4.64652	-1.674	1	
4.6432	-1.65994	1	
4.63991	-1.64571	1	
4.63665	-1.63161	1	
4.63341	-1.61781	1	
4.6302	-1.60408	1	
4.62702	-1.59046	1	
4.62387	-1.57696	1	
4.62074	-1.56366	1	
4.61764	-1.55034	1	
4.61457	-1.53685	1	
4.61152	-1.52349	1	
4.6085	-1.51023	1	
4.60551	-1.49726	1	
4.60254	-1.48466	1	
4.59959	-1.47216	1	
4.59667	-1.45988	1	
4.59378	-1.44783	1	
4.59091	-1.43561	1	
4.58806	-1.42283	1	
4.58524	-1.40955	1	
4.58245	-1.39613	1	
4.57968	-1.38274	1	
4.57694	-1.36933	1	
4.57423	-1.35578	1	
4.57155	-1.34219	1	
4.56889	-1.32854	1	
4.56626	-1.3147	1	
4.56366	-1.30015	1	
4.56109	-1.28523	1	
4.55855	-1.27024	1	
4.55604	-1.25535	1	
4.55356	-1.2409	1	
4.55111	-1.22681	1	
4.54868	-1.21276	1	
4.54628	-1.19894	1	
4.54391	-1.18551	1	
4.54157	-1.17243	1	
4.53925	-1.1593	1	
4.53695	-1.14614	1	
4.53469	-1.13311	1	
4.53245	-1.12032	1	
4.53023	-1.10773	1	
4.52804	-1.09534	1	
4.52588	-1.08313	1	
4.52373	-1.07103	1	
4.52162	-1.0589	1	
4.51952	-1.04689	1	
4.51745	-1.0351	1	
4.5154	-1.02352	1	
4.51338	-1.01201	1	
4.51138	-1.00054	1	
4.5094	-0.989137	1	
4.50745	-0.978066	1	
4.50551	-0.967458	1	
4.5036	-0.957087	1	
4.5017	-0.946993	1	
4.49983	-0.937163	1	
4.49797	-0.927436	1	
4.49614	-0.917791	1	
4.49432	-0.90817	1	
4.49252	-0.898397	1	
4.49075	-0.88845	1	
4.48899	-0.878472	1	
4.48725	-0.868533	1	
4.48554	-0.858748	1	
4.48384	-0.849176	1	
4.48216	-0.83972	1	
4.4805	-0.830122	1	
4.47886	-0.820379	1	
4.47724	-0.810424	1	
4.47564	-0.800444	1	
4.47405	-0.790505	1	
4.47249	-0.780335	1	
4.47095	-0.770052	1	
4.46943	-0.759801	1	
4.46794	-0.74957	1	
4.46646	-0.739453	1	
4.465	-0.729453	1	
4.46356	-0.719622	1	
4.46214	-0.710028	1	
4.46074	-0.700493	1	
4.45935	-0.690879	1	
4.45799	-0.681053	1	
4.45665	-0.671098	1	
4.45533	-0.661199	1	
4.45403	-0.65135	1	
4.45274	-0.641554	1	
4.45148	-0.631819	1	
4.45023	-0.621976	1	
4.44901	-0.612236	1	
4.4478	-0.602697	1	
4.44662	-0.593314	1	
4.44545	-0.584054	1	
4.4443	-0.575072	1	
4.44317	-0.566228	1	
4.44205	-0.557428	1	
4.44096	-0.548593	1	
4.43988	-0.53984	1	
4.43881	-0.531132	1	
4.43777	-0.522568	1	
4.43674	-0.514432	1	
4.43573	-0.506694	1	
4.43473	-0.499182	1	
4.43374	-0.491823	1	
4.43278	-0.48438	1	
4.43182	-0.476788	1	
4.43088	-0.469059	1	
4.42996	-0.461212	1	
4.42905	-0.453391	1	
4.42816	-0.445673	1	
4.42729	-0.438209	1	
4.42642	-0.431008	1	
4.42558	-0.424004	1	
4.42474	-0.417281	1	
4.42392	-0.410705	1	
4.42311	-0.404247	1	
4.42232	-0.397919	1	
4.42153	-0.391579	1	
4.42076	-0.385393	1	
4.42	-0.379247	1	
4.41926	-0.373149	1	
4.41852	-0.367051	1	
4.4178	-0.361048	1	
4.41709	-0.35507	1	
4.41639	-0.348978	1	
4.41571	-0.342836	1	
4.41503	-0.336622	1	
4.41437	-0.330416	1	
4.41373	-0.324162	1	
4.41309	-0.318015	1	
4.41247	-0.311983	1	
4.41185	-0.306077	1	
4.41125	-0.300259	1	
4.41066	-0.294498	1	
4.41009	-0.288888	1	
4.40952	-0.283435	1	
4.40896	-0.278102	1	
4.40842	-0.272759	1	
4.40788	-0.267469	1	
4.40736	-0.262235	1	
4.40684	-0.257123	1	
4.40634	-0.252052	1	
4.40585	-0.246963	1	
4.40536	-0.241908	1	
4.40489	-0.236829	1	
4.40442	-0.231747	1	
4.40397	-0.226715	1	
4.40353	-0.221614	1	
4.4031	-0.216532	1	
4.40267	-0.211387	1	
4.40226	-0.206284	1	
4.40186	-0.201305	1	
4.40146	-0.196395	1	
4.40108	-0.191606	1	
4.40071	-0.186955	1	
4.40034	-0.182297	1	
4.39999	-0.177691	1	
4.39964	-0.173265	1	
4.3993	-0.169002	1	
4.39897	-0.164836	1	
4.39865	-0.160693	1	
4.39834	-0.156681	1	
4.39803	-0.152688	1	
4.39774	-0.148675	1	
4.39745	-0.144688	1	
4.39716	-0.140772	1	
4.39689	-0.136907	1	
4.39662	-0.133074	1	
4.39637	-0.12924	1	
4.39612	-0.125425	1	
4.39587	-0.121621	1	
4.39564	-0.117802	1	
4.39541	-0.114001	1	
4.39519	-0.110193	1	
4.39498	-0.106505	1	
4.39477	-0.102948	1	
4.39457	-0.0994885	1	
4.39438	-0.0960987	1	
4.39419	-0.0928592	1	
4.39401	-0.0896713	1	
4.39384	-0.0865854	1	
4.39367	-0.0836067	1	
4.39351	-0.0806546	1	
4.39336	-0.0777808	1	
4.39321	-0.0749676	1	
4.39306	-0.0722361	1	
4.39292	-0.0695331	1	
4.39279	-0.0668945	1	
4.39266	-0.064338	1	
4.39254	-0.0618156	1	
4.39242	-0.0593439	1	
4.3923	-0.0568444	1	
4.3922	-0.0543663	1	
4.39209	-0.0519882	1	
4.39199	-0.0496816	1	
4.3919	-0.0474162	1	
4.39181	-0.0452146	1	
4.39172	-0.0431043	1	
4.39164	-0.0410695	1	
4.39156	-0.0390619	1	
4.39149	-0.0371043	1	
4.39142	-0.0352188	1	
4.39135	-0.0334123	1	
4.39129	-0.0316596	1	
4.39123	-0.0299484	1	
4.39117	-0.0282667	1	
4.39112	-0.026633	1	
4.39107	-0.0250568	1	
4.39102	-0.0235108	1	
4.39097	-0.02201	1	
4.39093	-0.0205565	1	
4.39089	-0.01917	1	
4.39086	-0.0178494	1	
4.39083	-0.0165667	1	
4.3908	-0.0153219	1	
4.39077	-0.0141138	1	
4.39074	-0.0129612	1	
4.39074	-0.0129612	1	
4.39074	-0.0129612	1	
4.39074	-0.0129612	1	
4.39074	-0.0129612	1	
4.39074	-0.0129612	1	
4.39074	-0.0129612	1	
4.39074	-0.0129612	1	
4.39074	-0.0129612	1	
4.39074	-0.0129612	1	
4.39074	-0.0129612	1	
4.39074	-0.0129612	1	
4.39074	-0.0129612	1	
4.39074	-0.0129612	1	
4.39074	-0.0129612	1	
4.39074	-0.0129612	1	
4.39074	-0.0129612	1	
4.39074	-0.0129612	1	
4.39074	-0.0129612	1	
4.39074	-0.0129612	1	
4.39074	-0.0129612	1	
4.39074	-0.0129612	1	
4.39074	-0.0129612	1	
4.39074	-0.0129612	1	
4.39074	-0.0129612	1	
4.39074	-0.0129612	1	
4.39074	-0.0129612	1	
4.39074	-0.0129612	1	
4.39074	-0.0129612	1	
4.39074	-0.0129612	1	
4.39074	-0.0129612	1	
4.39074	-0.0129612	1	
4.39074	-0.0129612	1	
4.39074	-0.0129612	1	
4.39074	-0.0129612	1	
4.39074	-0.0129612	1	
4.39074	-0.0129612	1	
4.39074	-0.0129612	1	
4.39074	-0.0129612	1	
4.39074	-0.0129612	1	
4.39074	-0.0129612	1	
4.39074	-0.0129612	1	
4.39074	-0.0129612	1	
4.39074	-0.0129612	1	
4.39074	-0.0129612	1	
4.39074	-0.0129612	1	
4.39074	-0.0129612	1	
4.39074	-0.0129612	1	
4.39074	-0.0129612	1	
4.39074	-0.0129612	1	
4.39074	-0.0129612	1	
4.39074	-0.0129612	1	
4.39074	-0.0129612	1	
4.39074	-0.0129612	1	
4.39074	-0.0129612	1	
4.39074	-0.0129612	1	
4.39074	-0.0129612	1	
4.39074	-0.0129612	1	
4.39074	-0.0129612	1	
4.39074	-0.0129612	1	
4.39074	-0.0129612	1	
4.39074	-0.0129612	1	
4.39074	-0.0129612	1	
4.39074	-0.0129612	1	
4.39074	-0.0129612	1	
4.39074	-0.0129612	1	
4.39074	-0.0129612	1	
4.39074	-0.0129612	1	
4.39074	-0.0129612	1	
4.39074	-0.0129612	1	
4.39074	-0.0129612	1	
4.39074	-0.0129612	1	
4.39074	-0.0129612	1	
4.39074	-0.0129612	1	
4.39074	-0.0129612	1	
4.39074	-0.0129612	1	
4.39074	-0.0129612	1	
4.39074	-0.0129612	1	
4.39074	-0.0129612	1	
4.39074	-0.0129612	1	
4.39074	-0.0129612	1	
4.39074	-0.0129612	1	
4.39074	-0.0129612	1	
4.39074	-0.0129612	1	
4.39074	-0.0129612	1	
4.39074	-0.0129612	1	
4.39074	-0.0129612	1	
4.39074	-0.0129612	1	
4.39074	-0.0129612	1	
4.39074	-0.0129612	1	
4.39074	-0.0129612	1	
4.39074	-0.0129612	1	
4.39074	-0.0129612	1	
4.39074	-0.0129612	1	
4.39074	-0.0129612	1	
4.39074	-0.0129612	1	
4.39074	-0.0129612	1	
4.39074	-0.0129612	1	
4.39074	-0.0129612	1	
4.39074	-0.0129612	1	
4.39074	-0.0129612	1	
4.39074	-0.0129612	1	
4.39074	-0.0129612	1	
4.39074	-0.0129612	1	
4.39074	-0.0129612	1	
4.39074	-0.0129612	1	
4.39074	-0.0129612	1	
4.39074	-0.0129612	1	
4.39074	-0.0129612	1	
4.39074	-0.0129612	1	
4.39074	-0.0129612	1	
4.39074	-0.0129612	1	
4.39074	-0.0129612	1	
4.39074	-0.0129612	1	
4.39074	-0.0129612	1	
4.39074	-0.0129612	1	
4.39074	-0.0129612	1	
4.39074	-0.0129612	1	
4.39074	-0.0129612	1	
4.39074	-0.0129612	1	
4.39074	-0.0129612	1	
4.39074	-0.0129612	1	
4.39074	-0.0129612	1	
4.39074	-0.0129612	1	
4.39074	-0.0129612	1	
4.39074	-0.0129612	1	
4.39074	-0.0129612	1	
4.39074	-0.0129612	1	
4.39074	-0.0129612	1	
4.39074	-0.0129612	1	
4.39074	-0.0129612	1	
4.39074	-0.0129612	1	
4.39074	-0.0129612	1	
4.39074	-0.0129612	1	
4.39074	-0.0129612	1	
4.39074	-0.0129612	1	
4.39074	-0.0129612	1	
4.39074	-0.0129612	1	
4.39074	-0.0129612	1	
4.39074	-0.0129612	1	
4.39074	-0.0129612	1	
4.39074	-0.0129612	1	
4.39074	-0.0129612	1	
4.39074	-0.0129612	1	
4.39074	-0.0129612	1	
4.39074	-0.0129612	1	
4.39074	-0.0129612	1	
4.39074	-0.0129612	1	
4.39074	-0.0129612	1	
4.39074	-0.0129612	1	
4.39074	-0.0129612	1	
4.39074	-0.0129612	1	
4.39074	-0.0129612	1	
4.39074	-0.0129612	1	
4.39074	-0.0129612	1	
4.39074	-0.0129612	1	
4.39074	-0.0129612	1	
4.39074	-0.0129612	1	
4.39074	-0.0129612	1	
4.39074	-0.0129612	1	
4.39074	-0.0129612	1	
4.39074	-0.0129612	1	
4.39074	-0.0129612	1	
4.39074	-0.0129612	1	
4.39074	-0.0129612	1	
4.39074	-0.0129612	1	
4.39074	-0.0129612	1	
4.39074	-0.0129612	1	
4.39074	-0.0129612	1	
4.39074	-0.0129612	1	
4.39074	-0.0129612	1	
4.39074	-0.0129612	1	
4.39074	-0.0129612	1	
4.39074	-0.0129612	1	
4.39074	-0.0129612	1	
4.39074	-0.0129612	1	
4.39074	-0.0129612	1	
4.39074	-0.0129612	1	
4.39074	-0.0129612	1	
4.39074	-0.0129612	1	
4.39074	-0.0129612	1	
4.39074	-0.0129612	1	
4.39074	-0.0129612	1	
4.39074	-0.0129612	1	
4.39074	-0.0129612	1	
4.39074	-0.0129612	1	
4.39074	-0.0129612	1	
4.39074	-0.0129612	1	
4.39074	-0.0129612	1	
4.39074	-0.0129612	1	
4.39074	-0.0129612	1	
4.39074	-0.0129612	1	
4.39074	-0.0129612	1	
4.39074	-0.0129612	1	
4.39074	-0.0129612	1	
4.39074	-0.0129612	1	
4.39074	-0.0129612	1	
4.39074	-0.0129612	1	
4.39074	-0.0129612	1	
4.39074	-0.0129612	1	
4.39074	-0.0129612	1	
4.39074	-0.0129612	1	
4.39074	-0.0129612	1	
4.39074	-0.0129612	1	
4.39074	-0.0129612	1	
4.39074	-0.0129612	1	
4.39074	-0.0129612	1	
4.39074	-0.0129612	1	
4.39074	-0.0129612	1	
4.39074	-0.0129612	1	
4.39074	-0.0129612	1	
4.39074	-0.0129612	1	
4.39074	-0.0129612	1	
4.39074	-0.0129612	1	
4.39074	-0.0129612	1	
4.39074	-0.0129612	1	
4.39074	-0.0129612	1	
4.39074	-0.0129612	1	
4.39074	-0.0129612	1	
4.39074	-0.0129612	1	
4.39074	-0.0129612	1	
4.39074	-0.0129612	1	
4.39074	-0.0129612	1	
4.39074	-0.0129612	1	
4.39074	-0.0129612	1	
4.39074	-0.0129612	1	
4.39074	-0.0129612	1	
4.39074	-0.0129612	1	
4.39074	-0.0129612	1	
4.39074	-0.0129612	1	
4.39074	-0.0129612	1	
4.39074	-0.0129612	1	
4.39074	-0.0129612	1	
4.39074	-0.0129612	1	
4.39074	-0.0129612	1	
4.39074	-0.0129612	1	
4.39074	-0.0129612	1	
4.39074	-0.0129612	1	
4.39074	-0.0129612	1	
4.39074	-0.0129612	1	
4.39074	-0.0129612	1	
4.39074	-0.0129612	1	
4.39074	-0.0129612	1	
4.39074	-0.0129612	1	
4.39074	-0.0129612	1	
4.39074	-0.0129612	1	
4.39074	-0.0129612	1	
4.39074	-0.0129612	1	
4.39074	-0.0129612	1	
4.39074	-0.0129612	1	
4.39074	-0.0129612	1	
4.39074	-0.0129612	1	
4.39074	-0.0129612	1	
4.39074	-0.0129612	1	
4.39074	-0.0129612	1	
4.39074	-0.0129612	1	
4.39074	-0.0129612	1	
4.39074	-0.0129612	1	
4.39074	-0.0129612	1	
4.39074	-0.0129612	1	
4.39074	-0.0129612	1	
4.39074	-0.0129612	1	
4.39074	-0.0129612	1	
4.39074	-0.0129612	1	
4.39074	-0.0129612	1	
4.39074	-0.0129612	1	
4.39074	-0.0129612	1	
4.39074	-0.0129612	1	
4.39074	-0.0129612	1	
4.39074	-0.0129612	1	
4.39074	-0.0129612	1	
4.39074	-0.0129612	1	
4.39074	-0.0129612	1	
4.39074	-0.0129612	1	
4.39074	-0.0129612	1	
4.39074	-0.0129612	1	
4.39074	-0.0129612	1	
4.39074	-0.0129612	1	
4.39074	-0.0129612	1	
4.39074	-0.0129612	1	
4.39074	-0.0129612	1	
4.39074	-0.0129612	1	
4.39074	-0.0129612	1	
4.39074	-0.0129612	1	
4.39074	-0.0129612	1	
4.39074	-0.0129612	1	
4.39074	-0.0129612	1	
4.39074	-0.0129612	1	
4.39074	-0.0129612	1	
4.39074	-0.0129612	1	
4.39074	-0.0129612	1	
4.39074	-0.0129612	1	
4.39074	-0.0129612	1	
4.39074	-0.0129612	1	
4.39074	-0.0129612	1	
4.39074	-0.0129612	1	
4.39074	-0.0129612	1	
4.39074	-0.0129612	1	
4.39074	-0.0129612	1	
4.39074	-0.0129612	1	
4.39074	-0.0129612	1	
4.39074	-0.0129612	1	
4.39074	-0.0129612	1	
4.39074	-0.0129612	1	
4.39074	-0.0129612	1	
4.39074	-0.0129612	1	
4.39074	-0.0129612	1	
4.39074	-0.0129612	1	
4.39074	-0.0129612	1	
4.39074	-0.0129612	1	
4.39074	-0.0129612	1	
4.39074	-0.0129612	1	
4.39074	-0.0129612	1	
4.39074	-0.0129612	1	
4.39074	-0.0129612	1	
4.39074	-0.0129612	1	
4.39074	-0.0129612	1	
4.39074	-0.0129612	1	
4.39074	-0.0129612	1	
4.39074	-0.0129612	1	
4.39074	-0.0129612	1	
4.39074	-0.0129612	1	
4.39074	-0.0129612	1	
4.39074	-0.0129612	1	
4.39074	-0.0129612	1	
4.39074	-0.0129612	1	
4.39074	-0.0129612	1	
4.39074	-0.0129612	1	
4.39074	-0.0129612	1	
4.39074	-0.0129612	1	
4.39074	-0.0129612	1	
4.39074	-0.0129612	1	
4.39074	-0.0129612	1	
4.39074	-0.0129612	1	
4.39074	-0.0129612	1	
4.39074	-0.0129612	1	
4.39074	-0.0129612	1	
4.39074	-0.0129612	1	
4.39074	-0.0129612	1	
4.39074	-0.0129612	1	
4.39074	-0.0129612	1	
4.39074	-0.0129612	1	
4.39074	-0.0129612	1	
4.39074	-0.0129612	1	
4.39074	-0.0129612	1	
4.39074	-0.0129612	1	
4.39074	-0.0129612	1	
4.39074	-0.0129612	1	
4.39074	-0.0129612	1	
4.39074	-0.0129612	1	
4.39074	-0.0129612	1	
4.39074	-0.0129612	1	
4.39074	-0.0129612	1	
4.39074	-0.0129612	1	
4.39074	-0.0129612	1	
4.39074	-0.0129612	1	
4.39074	-0.0129612	1	
4.39074	-0.0129612	1	
4.39074	-0.0129612	1	
4.39074	-0.0129612	1	
4.39074	-0.0129612	1	
4.39074	-0.0129612	1	
4.39074	-0.0129612	1	
4.39074	-0.0129612	1	
4.39074	-0.0129612	1	
4.39074	-0.0129612	1	
4.39074	-0.0129612	1	
4.39074	-0.0129612	1	
4.39074	-0.0129612	1	
4.39074	-0.0129612	1	
4.39074	-0.0129612	1	
4.39074	-0.0129612	1	
4.39074	-0.0129612	1	
4.39074	-0.0129612	1	
4.39074	-0.0129612	1	
4.39074	-0.0129612	1	
4.39074	-0.0129612	1	
4.39074	-0.0129612	1	
4.39074	-0.0129612	1	
4.39074	-0.0129612	1	
4.39074	-0.0129612	1	
4.39074	-0.0129612	1	
4.39074	-0.0129612	1	
4.39074	-0.0129612	1	
4.39074	-0.0129612	1	
4.39074	-0.0129612	1	
4.39074	-0.0129612	1	
4.39074	-0.0129612	1	
4.39074	-0.0129612	1	
4.39074	-0.0129612	1	
4.39074	-0.0129612	1	
4.39074	-0.0129612	1	
4.39074	-0.0129612	1	
4.39074	-0.0129612	1	
4.39074	-0.0129612	1	
4.39074	-0.0129612	1	
4.39074	-0.0129612	1	
4.39074	-0.0129612	1	
4.39074	-0.0129612	1	
4.39074	-0.0129612	1	
4.39074	-0.0129612	1	
4.39074	-0.0129612	1	
4.39074	-0.0129612	1	
4.39074	-0.0129612	1	
4.39074	-0.0129612	1	
4.39074	-0.0129612	1	
4.39074	-0.0129612	1	
4.39074	-0.0129612	1	
4.39074	-0.0129612	1	
4.39074	-0.0129612	1	
4.39074	-0.0129612	1	
4.39074	-0.0129612	1	
4.39074	-0.0129612	1	
4.39074	-0.0129612	1	
4.39074	-0.0129612	1	
4.39074	-0.0129612	1	
4.39074	-0.0129612	1	
4.39074	-0.0129612	1	
4.39074	-0.0129612	1	
4.39074	-0.0129612	1	
4.39074	-0.0129612	1	
4.39074	-0.0129612	1	
4.39074	-0.0129612	1	
4.39074	-0.0129612	1	
4.39074	-0.0129612	1	
4.39074	-0.0129612	1	
4.39074	-0.0129612	1	
4.39074	-0.0129612	1	
4.39074	-0.0129612	1	
4.39074	-0.0129612	1	
4.39074	-0.0129612	1	
4.39074	-0.0129612	1	
4.39074	-0.0129612	1	
4.39074	-0.0129612	1	
4.39074	-0.0129612	1	
4.39074	-0.0129612	1	
4.39074	-0.0129612	1	
4.39074	-0.0129612	1	
4.39074	-0.0129612	1	
4.39074	-0.0129612	1	
4.39074	-0.0129612	1	
4.39074	-0.0129612	1	
4.39074	-0.0129612	1	
4.39074	-0.0129612	1	
4.39074	-0.0129612	1	
4.39074	-0.0129612	1	
4.39074	-0.0129612	1	
4.39074	-0.0129612	1	
4.39074	-0.0129612	1	
4.39074	-0.0129612	1	
4.39074	-0.0129612	1	
4.39074	-0.0129612	1	
4.39074	-0.0129612	1	
4.39074	-0.0129612	1	
4.39074	-0.0129612	1	
4.39074	-0.0129612	1	
4.39074	-0.0129612	1	
4.39074	-0.0129612	1	
4.39074	-0.0129612	1	
4.39074	-0.0129612	1	
4.39074	-0.0129612	1	
4.39074	-0.0129612	1	
4.39074	-0.0129612	1	
4.39074	-0.0129612	1	
4.39074	-0.0129612	1	
4.39074	-0.0129612	1	
4.39074	-0.0129612	1	
4.39074	-0.0129612	1	
4.39074	-0.0129612	1	
4.39074	-0.0129612	1	
4.39074	-0.0129612	1	
4.39074	-0.0129612	1	
4.39074	-0.0129612	1	
4.39074	-0.0129612	1	
4.39074	-0.0129612	1	
4.39074	-0.0129612	1	
4.39074	-0.0129612	1	
4.39074	-0.0129612	1	
4.39074	-0.0129612	1	
4.39074	-0.0129612	1	
4.39074	-0.0129612	1	
4.39074	-0.0129612	1	
4.39074	-0.0129612	1	
4.39074	-0.0129612	1	
4.39074	-0.0129612	1	
4.39074	-0.0129612	1	
4.39074	-0.0129612	1	
4.39074	-0.0129612	1	
4.39074	-0.0129612	1	
4.39074	-0.0129612	1	
4.39074	-0.0129612	1	
4.39074	-0.0129612	1	
4.39074	-0.0129612	1	
4.39074	-0.0129612	1	
4.39074	-0.0129612	1	
4.39074	-0.0129612	1	
4.39074	-0.0129612	1	
4.39074	-0.0129612	1	
4.39074	-0.0129612	1	
4.39074	-0.0129612	1	
4.39074	-0.0129612	1	
4.39074	-0.0129612	1	
4.39074	-0.0129612	1	
4.39074	-0.0129612	1	
4.39074	-0.0129612	1	
4.39074	-0.0129612	1	
4.39074	-0.0129612	1	
4.39074	-0.0129612	1	
4.39074	-0.0129612	1	
4.39074	-0.0129612	1	
4.39074	-0.0129612	1	
4.39074	-0.0129612	1	
4.39074	-0.0129612	1	
4.39074	-0.0129612	1	
4.39074	-0.0129612	1	
4.39074	-0.0129612	1	
4.39074	-0.0129612	1	
4.39074	-0.0129612	1	
4.39074	-0.0129612	1	
4.39074	-0.0129612	1	
4.39074	-0.0129612	1	
4.39074	-0.0129612	1	
4.39074	-0.0129612	1	
4.39074	-0.0129612	1	
4.39074	-0.0129612	1	
4.39074	-0.0129612	1	
4.39074	-0.0129612	1	
4.39074	-0.0129612	1	
4.39074	-0.0129612	1	
4.39074	-0.0129612	1	
4.39074	-0.0129612	1	
4.39074	-0.0129612	1	
4.39074	-0.0129612	1	
4.39074	-0.0129612	1	
4.39074	-0.0129612	1	
4.39074	-0.0129612	1	
4.39074	-0.0129612	1	
4.39074	-0.0129612	1	
4.39074	-0.0129612	1	
4.39074	-0.0129612	1	
4.39074	-0.0129612	1	
4.39074	-0.0129612	1	
4.39074	-0.0129612	1	
4.39074	-0.0129612	1	
4.39074	-0.0129612	1	
4.39074	-0.0129612	1	
4.39074	-0.0129612	1	
4.39074	-0.0129612	1	
4.39074	-0.0129612	1	
4.39074	-0.0129612	1	
4.39074	-0.0129612	1	
4.39074	-0.0129612	1	
4.39074	-0.0129612	1	
4.39074	-0.0129612	1	
4.39074	-0.0129612	1	
4.39074	-0.0129612	1	
4.39074	-0.0129612	1	
4.39074	-0.0129612	1	
4.39074	-0.0129612	1	
4.39074	-0.0129612	1	
4.39074	-0.0129612	1	
4.39074	-0.0129612	1	
4.39074	-0.0129612	1	
4.39074	-0.0129612	1	
4.39074	-0.0129612	1	
4.39074	-0.0129612	1	
4.39074	-0.0129612	1	
4.39074	-0.0129612	1	
4.39074	-0.0129612	1	
4.39074	-0.0129612	1	
4.39074	-0.0129612	1	
4.39074	-0.0129612	1	
4.39074	-0.0129612	1	
4.39074	-0.0129612	1	
4.39074	-0.0129612	1	
4.39074	-0.0129612	1	
4.39074	-0.0129612	1	
4.39074	-0.0129612	1	
4.39074	-0.0129612	1	
4.39074	-0.0129612	1	
4.39074	-0.0129612	1	
4.39074	-0.0129612	1	
4.39074	-0.0129612	1	
4.39074	-0.0129612	1	
4.39074	-0.0129612	1	
4.39074	-0.0129612	1	
4.39074	-0.0129612	1	
4.39074	-0.0129612	1	
4.39074	-0.0129612	1	
4.39074	-0.0129612	1	
4.39074	-0.0129612	1	
4.39074	-0.0129612	1	
4.39074	-0.0129612	1	
4.39074	-0.0129612	1	
4.39074	-0.0129612	1	
4.39074	-0.0129612	1	
4.39074	-0.0129612	1	
4.39074	-0.0129612	1	
4.39074	-0.0129612	1	
4.39074	-0.0129612	1	
4.39074	-0.0129612	1	
4.39074	-0.0129612	1	
4.39074	-0.0129612	1	
4.39074	-0.0129612	1	
4.39074	-0.0129612	1	
4.39074	-0.0129612	1	
4.39074	-0.0129612	1	
4.39074	-0.0129612	1	
4.39074	-0.0129612	1	
4.39074	-0.0129612	1	
4.39074	-0.0129612	1	
4.39074	-0.0129612	1	
4.39074	-0.0129612	1	
4.39074	-0.0129612	1	
4.39074	-0.0129612	1	
4.39074	-0.0129612	1	
4.39074	-0.0129612	1	
4.39074	-0.0129612	1	
4.39074	-0.0129612	1	
4.39074	-0.0129612	1	
4.39074	-0.0129612	1	
4.39074	-0.0129612	1	
4.39074	-0.0129612	1	
4.39074	-0.0129612	1	
4.39074	-0.0129612	1	
4.39074	-0.0129612	1	
4.39074	-0.0129612	1	
4.39074	-0.0129612	1	
4.39074	-0.0129612	1	
4.39074	-0.0129612	1	
4.39074	-0.0129612	1	
4.39074	-0.0129612	1	
4.39074	-0.0129612	1	
4.39074	-0.0129612	1	
4.39074	-0.0129612	1	
4.39074	-0.0129612	1	
4.39074	-0.0129612	1	
4.39074	-0.0129612	1	
4.39074	-0.0129612	1	
4.39074	-0.0129612	1	
4.39074	-0.0129612	1	
4.39074	-0.0129612	1	
4.39074	-0.0129612	1	
4.39074	-0.0129612	1	
4.39074	-0.0129612	1	
4.39074	-0.0129612	1	
4.39074	-0.0129612	1	
4.39074	-0.0129612	1	
4.39074	-0.0129612	1	
4.39074	-0.0129612	1	
4.39074	-0.0129612	1	
4.39074	-0.0129612	1	
4.39074	-0.0129612	1	
4.39074	-0.0129612	1	
4.39074	-0.0129612	1	
4.39074	-0.0129612	1	
4.39074	-0.0129612	1	
4.39074	-0.0129612	1	
4.39074	-0.0129612	1	
4.39074	-0.0129612	1	
4.39074	-0.0129612	1	
4.39074	-0.0129612	1	
4.39074	-0.0129612	1	
4.39074	-0.0129612	1	
4.39074	-0.0129612	1	
4.39074	-0.0129612	1	
4.39074	-0.0129612	1	
4.39074	-0.0129612	1	
4.39074	-0.0129612	1	
4.39074	-0.0129612	1	
4.39074	-0.0129612	1	
4.39074	-0.0129612	1	
4.39074	-0.0129612	1	
4.39074	-0.0129612	1	
4.39074	-0.0129612	1	
4.39074	-0.0129612	1	
4.39074	-0.0129612	1	
4.39074	-0.0129612	1	
4.39074	-0.0129612	1	
4.39074	-0.0129612	1	
4.39074	-0.0129612	1	
4.39074	-0.0129612	1	
4.39074	-0.0129612	1	
4.39074	-0.0129612	1	
4.39074	-0.0129612	1	
4.39074	-0.0129612	1	
4.39074	-0.0129612	1	
4.39074	-0.0129612	1	
4.39074	-0.0129612	1	
4.39074	-0.0129612	1	
4.39074	-0.0129612	1	
4.39074	-0.0129612	1	
4.39074	-0.0129612	1	
4.39074	-0.0129612	1	
4.39074	-0.0129612	1	
4.39074	-0.0129612	1	
4.39074	-0.0129612	1	
4.39074	-0.0129612	1	
4.39074	-0.0129612	1	
4.39074	-0.0129612	1	
4.39074	-0.0129612	1	
4.39074	-0.0129612	1	
4.39074	-0.0129612	1	
4.39074	-0.0129612	1	
4.39074	-0.0129612	1	
4.39074	-0.0129612	1	
4.39074	-0.0129612	1	
4.39074	-0.0129612	1	
4.39074	-0.0129612	1	
4.39074	-0.0129612	1	
4.39074	-0.0129612	1	
4.39074	-0.0129612	1	
4.39074	-0.0129612	1	
4.39074	-0.0129612	1	
4.39074	-0.0129612	1	
4.39074	-0.0129612	1	
4.39074	-0.0129612	1	
4.39074	-0.0129612	1	
4.39074	-0.0129612	1	
4.39074	-0.0129612	1	
4.39074	-0.0129612	1	
4.39074	-0.0129612	1	
4.39074	-0.0129612	1	
4.39074	-0.0129612	1	
4.39074	-0.0129612	1	
4.39074	-0.0129612	1	
4.39074	-0.0129612	1	
4.39074	-0.0129612	1	
4.39074	-0.0129612	1	
4.39074	-0.0129612	1	
4.39074	-0.0129612	1	
4.39074	-0.0129612	1	
4.39074	-0.0129612	1	
4.39074	-0.0129612	1	
4.39074	-0.0129612	1	
4.39074	-0.0129612	1	
4.39074	-0.0129612	1	
4.39074	-0.0129612	1	
4.39074	-0.0129612	1	
4.39074	-0.0129612	1	
4.39074	-0.0129612	1	
4.39074	-0.0129612	1	
4.39074	-0.0129612	1	
4.39074	-0.0129612	1	
4.39074	-0.0129612	1	
4.39074	-0.0129612	1	
4.39074	-0.0129612	1	
4.39074	-0.0129612	1	
4.39074	-0.0129612	1	
4.39074	-0.0129612	1	
4.39074	-0.0129612	1	
4.39074	-0.0129612	1	
4.39074	-0.0129612	1	
4.39074	-0.0129612	1	
4.39074	-0.0129612	1	
4.39074	-0.0129612	1	
4.39074	-0.0129612	1	
4.39074	-0.0129612	1	
4.39074	-0.0129612	1	
4.39074	-0.0129612	1	
4.39074	-0.0129612	1	
4.39074	-0.0129612	1	
4.39074	-0.0129612	1	
4.39074	-0.0129612	1	
4.39074	-0.0129612	1	
4.39074	-0.0129612	1	
4.39074	-0.0129612	1	
4.39074	-0.0129612	1	
4.39074	-0.0129612	1	
4.39074	-0.0129612	1	
4.39074	-0.0129612	1	
4.39074	-0.0129612	1	
4.39074	-0.0129612	1	
4.39074	-0.0129612	1	
4.39074	-0.0129612	1	
4.39074	-0.0129612	1	
4.39074	-0.0129612	1	
4.39074	-0.0129612	1	
4.39074	-0.0129612	1	
4.39074	-0.0129612	1	
4.39074	-0.0129612	1	
4.39074	-0.0129612	1	
4.39074	-0.0129612	1	
4.39074	-0.0129612	1	
4.39074	-0.0129612	1	
4.39074	-0.0129612	1	
4.39074	-0.0129612	1	
4.39074	-0.0129612	1	
4.39074	-0.0129612	1	
4.39074	-0.0129612	1	
4.39074	-0.0129612	1	
4.39074	-0.0129612	1	
4.39074	-0.0129612	1	
4.39074	-0.0129612	1	
4.39074	-0.0129612	1	
4.39074	-0.0129612	1	
4.39074	-0.0129612	1	
4.39074	-0.0129612	1	
4.39074	-0.0129612	1	
4.39074	-0.0129612	1	
4.39074	-0.0129612	1	
4.39074	-0.0129612	1	
4.39074	-0.0129612	1	
4.39074	-0.0129612	1	
4.39074	-0.0129612	1	
4.39074	-0.0129612	1	
4.39074	-0.0129612	1	
4.39074	-0.0129612	1	
4.39074	-0.0129612	1	
4.39074	-0.0129612	1	
4.39074	-0.0129612	1	
4.39074	-0.0129612	1	
4.39074	-0.0129612	1	
4.39074	-0.0129612	1	
4.39074	-0.0129612	1	
4.39074	-0.0129612	1	
4.39074	-0.0129612	1	
4.39074	-0.0129612	1	
4.39074	-0.0129612	1	
4.39074	-0.0129612	1	
4.39074	-0.0129612	1	
4.39074	-0.0129612	1	
4.39074	-0.0129612	1	
4.39074	-0.0129612	1	
4.39074	-0.0129612	1	
4.39074	-0.0129612	1	
4.39074	-0.0129612	1	
4.39074	-0.0129612	1	
4.39074	-0.0129612	1	
4.39074	-0.0129612	1	
4.39074	-0.0129612	1	
4.39074	-0.0129612	1	
4.39074	-0.0129612	1	
4.39074	-0.0129612	1	
4.39074	-0.0129612	1	
4.39074	-0.0129612	1	
4.39074	-0.0129612	1	
4.39074	-0.0129612	1	
4.39074	-0.0129612	1	
4.39074	-0.0129612	1	
4.39074	-0.0129612	1	
4.39074	-0.0129612	1	
4.39074	-0.0129612	1	
4.39074	-0.0129612	1	
4.39074	-0.0129612	1	
4.39074	-0.0129612	1	
4.39074	-0.0129612	1	
4.39074	-0.0129612	1	
4.39074	-0.0129612	1	
4.39074	-0.0129612	1	
4.39074	-0.0129612	1	
4.39074	-0.0129612	1	
4.39074	-0.0129612	1	
4.39074	-0.0129612	1	
4.39074	-0.0129612	1	
4.39074	-0.0129612	1	
4.39074	-0.0129612	1	
4.39074	-0.0129612	1	
4.39074	-0.0129612	1	
4.39074	-0.0129612	1	
4.39074	-0.0129612	1	
4.39074	-0.0129612	1	
4.39074	-0.0129612	1	
4.39074	-0.0129612	1	
4.39074	-0.0129612	1	
4.39074	-0.0129612	1	
4.39074	-0.0129612	1	
4.39074	-0.0129612	1	
4.39074	-0.0129612	1	
4.39074	-0.0129612	1	
4.39074	-0.0129612	1	
4.39074	-0.0129612	1	
4.39074	-0.0129612	1	
4.39074	-0.0129612	1	
4.39074	-0.0129612	1	
4.39074	-0.0129612	1	
4.39074	-0.0129612	1	
4.39074	-0.0129612	1	
4.39074	-0.0129612	1	
4.39074	-0.0129612	1	
4.39074	-0.0129612	1	
4.39074	-0.0129612	1	
4.39074	-0.0129612	1	
4.39074	-0.0129612	1	
4.39074	-0.0129612	1	
4.39074	-0.0129612	1	
4.39074	-0.0129612	1	
4.39074	-0.0129612	1	
4.39074	-0.0129612	1	
4.39074	-0.0129612	1	
4.39074	-0.0129612	1	
4.39074	-0.0129612	1	
4.39074	-0.0129612	1	
4.39074	-0.0129612	1	
4.39074	-0.0129612	1	
4.39074	-0.0129612	1	
4.39074	-0.0129612	1	
4.39074	-0.0129612	1	
4.39074	-0.0129612	1	
4.39074	-0.0129612	1	
4.39074	-0.0129612	1	
4.39074	-0.0129612	1	
4.39074	-0.0129612	1	
4.39074	-0.0129612	1	
4.39074	-0.0129612	1	
4.39074	-0.0129612	1	
4.39074	-0.0129612	1	
4.39074	-0.0129612	1	
4.39074	-0.0129612	1	
4.39074	-0.0129612	1	
4.39074	-0.0129612	1	
4.39074	-0.0129612	1	
4.39074	-0.0129612	1	
4.39074	-0.0129612	1	
4.39074	-0.0129612	1	
4.39074	-0.0129612	1	
4.39074	-0.0129612	1	
4.39074	-0.0129612	1	
4.39074	-0.0129612	1	
4.39074	-0.0129612	1	
4.39074	-0.0129612	1	
4.39074	-0.0129612	1	
4.39074	-0.0129612	1	
4.39074	-0.0129612	1	
4.39074	-0.0129612	1	
4.39074	-0.0129612	1	
4.39074	-0.0129612	1	
4.39074	-0.0129612	1	
4.39074	-0.0129612	1	
4.39074	-0.0129612	1	
4.39074	-0.0129612	1	
4.39074	-0.0129612	1	
4.39074	-0.0129612	1	
4.39074	-0.0129612	1	
4.39074	-0.0129612	1	
4.39074	-0.0129612	1	
4.39074	-0.0129612	1	
4.39074	-0.0129612	1	
4.39074	-0.0129612	1	
4.39074	-0.0129612	1	
4.39074	-0.0129612	1	
4.39074	-0.0129612	1	
4.39074	-0.0129612	1	
4.39074	-0.0129612	1	
4.39074	-0.0129612	1	
4.39074	-0.0129612	1	
4.39074	-0.0129612	1	
4.39074	-0.0129612	1	
4.39074	-0.0129612	1	
4.39074	-0.0129612	1	
4.39074	-0.0129612	1	
4.39074	-0.0129612	1	
4.39074	-0.0129612	1	
4.39074	-0.0129612	1	
4.39074	-0.0129612	1	
4.39074	-0.0129612	1	
4.39074	-0.0129612	1	
4.39074	-0.0129612	1	
4.39074	-0.0129612	1	
4.39074	-0.0129612	1	
4.39074	-0.0129612	1	
4.39074	-0.0129612	1	
4.39074	-0.0129612	1	
4.39074	-0.0129612	1	
4.39074	-0.0129612	1	
4.39074	-0.0129612	1	
4.39074	-0.0129612	1	
4.39074	-0.0129612	1	
4.39074	-0.0129612	1	
4.39074	-0.0129612	1	
4.39074	-0.0129612	1	
4.39074	-0.0129612	1	
4.39074	-0.0129612	1	
4.39074	-0.0129612	1	
4.39074	-0.0129612	1	
4.39074	-0.0129612	1	
4.39074	-0.0129612	1	
4.39074	-0.0129612	1	
4.39074	-0.0129612	1	
4.39074	-0.0129612	1	
4.39074	-0.0129612	1	
4.39074	-0.0129612	1	
4.39074	-0.0129612	1	
4.39074	-0.0129612	1	
4.39074	-0.0129612	1	
4.39074	-0.0129612	1	
4.39074	-0.0129612	1	
4.39074	-0.0129612	1	
4.39074	-0.0129612	1	
4.39074	-0.0129612	1	
4.39074	-0.0129612	1	
4.39074	-0.0129612	1	
4.39074	-0.0129612	1	
4.39074	-0.0129612	1	
4.39074	-0.0129612	1	
4.39074	-0.0129612	1	
4.39074	-0.0129612	1	
4.39074	-0.0129612	1	
4.39074	-0.0129612	1	
4.39074	-0.0129612	1	
4.39074	-0.0129612	1	
4.39074	-0.0129612	1	
4.39074	-0.0129612	1	
4.39074	-0.0129612	1	
4.39074	-0.0129612	1	
4.39074	-0.0129612	1	
4.39074	-0.0129612	1	
4.39074	-0.0129612	1	
4.39074	-0.0129612	1	
4.39074	-0.0129612	1	
4.39074	-0.0129612	1	
4.39074	-0.0129612	1	
4.39074	-0.0129612	1	
4.39074	-0.0129612	1	
4.39074	-0.0129612	1	
4.39074	-0.0129612	1	
4.39074	-0.0129612	1	
4.39074	-0.0129612	1	
4.39074	-0.0129612	1	
4.39074	-0.0129612	1	
4.39074	-0.0129612	1	
4.39074	-0.0129612	1	
4.39074	-0.0129612	1	
4.39074	-0.0129612	1	
4.39074	-0.0129612	1	
4.39074	-0.0129612	1	
4.39074	-0.0129612	1	
4.39074	-0.0129612	1	
4.39074	-0.0129612	1	
4.39074	-0.0129612	1	
4.39074	-0.0129612	1	
4.39074	-0.0129612	1	
4.39074	-0.0129612	1	
4.39074	-0.0129612	1	
4.39074	-0.0129612	1	
4.39074	-0.0129612	1	
4.39074	-0.0129612	1	
4.39074	-0.0129612	1	
4.39074	-0.0129612	1	
4.39074	-0.0129612	1	
4.39074	-0.0129612	1	
4.39074	-0.0129612	1	
4.39074	-0.0129612	1	
4.39074	-0.0129612	1	
4.39074	-0.0129612	1	
4.39074	-0.0129612	1	
4.39074	-0.0129612	1	
4.39074	-0.0129612	1	
4.39074	-0.0129612	1	
4.39074	-0.0129612	1	
4.39074	-0.0129612	1	
4.39074	-0.0129612	1	
4.39074	-0.0129612	1	
4.39074	-0.0129612	1	
4.39074	-0.0129612	1	
4.39074	-0.0129612	1	
4.39074	-0.0129612	1	
4.39074	-0.0129612	1	
4.39074	-0.0129612	1	
4.39074	-0.0129612	1	
4.39074	-0.0129612	1	
4.39074	-0.0129612	1	
4.39074	-0.0129612	1	
4.39074	-0.0129612	1	
4.39074	-0.0129612	1	
4.39074	-0.0129612	1	
4.39074	-0.0129612	1	
4.39074	-0.0129612	1	
4.39074	-0.0129612	1	
4.39074	-0.0129612	1	
4.39074	-0.0129612	1	
4.39074	-0.0129612	1	
4.39074	-0.0129612	1	
4.39074	-0.0129612	1	
4.39074	-0.0129612	1	
4.39074	-0.0129612	1	
4.39074	-0.0129612	1	
4.39074	-0.0129612	1	
4.39074	-0.0129612	1	
4.39074	-0.0129612	1	
4.39074	-0.0129612	1	
4.39074	-0.0129612	1	
4.39074	-0.0129612	1	
4.39074	-0.0129612	1	
4.39074	-0.0129612	1	
4.39074	-0.0129612	1	
4.39074	-0.0129612	1	
4.39074	-0.0129612	1	
4.39074	-0.0129612	1	
4.39074	-0.0129612	1	
4.39074	-0.0129612	1	
4.39074	-0.0129612	1	
4.39074	-0.0129612	1	
4.39074	-0.0129612	1	
4.39074	-0.0129612	1	
4.39074	-0.0129612	1	
4.39074	-0.0129612	1	
4.39074	-0.0129612	1	
4.39074	-0.0129612	1	
4.39074	-0.0129612	1	
4.39074	-0.0129612	1	
4.39074	-0.0129612	1	
4.39074	-0.0129612	1	
4.39074	-0.0129612	1	
4.39074	-0.0129612	1	
4.39074	-0.0129612	1	
4.39074	-0.0129612	1	
4.39074	-0.0129612	1	
4.39074	-0.0129612	1	
4.39074	-0.0129612	1	
4.39074	-0.0129612	1	
4.39074	-0.0129612	1	
4.39074	-0.0129612	1	
4.39074	-0.0129612	1	
4.39074	-0.0129612	1	
4.39074	-0.0129612	1	
4.39074	-0.0129612	1	
4.39074	-0.0129612	1	
4.39074	-0.0129612	1	
4.39074	-0.0129612	1	
4.39074	-0.0129612	1	
4.39074	-0.0129612	1	
4.39074	-0.0129612	1	
4.39074	-0.0129612	1	
4.39074	-0.0129612	1	
4.39074	-0.0129612	1	
4.39074	-0.0129612	1	
4.39074	-0.0129612	1	
4.39074	-0.0129612	1	
4.39074	-0.0129612	1	
4.39074	-0.0129612	1	
4.39074	-0.0129612	1	
4.39074	-0.0129612	1	
4.39074	-0.0129612	1	
4.39074	-0.0129612	1	
4.39074	-0.0129612	1	
4.39074	-0.0129612	1	
4.39074	-0.0129612	1	
4.39074	-0.0129612	1	
4.39074	-0.0129612	1	
4.39074	-0.0129612	1	
4.39074	-0.0129612	1	
4.39074	-0.0129612	1	
4.39074	-0.0129612	1	
4.39074	-0.0129612	1	
4.39074	-0.0129612	1	
4.39074	-0.0129612	1	
4.39074	-0.0129612	1	
4.39074	-0.0129612	1	
4.39074	-0.0129612	1	
4.39074	-0.0129612	1	
4.39074	-0.0129612	1	
4.39074	-0.0129612	1	
4.39074	-0.0129612	1	
4.39074	-0.0129612	1	
4.39074	-0.0129612	1	
4.39074	-0.0129612	1	
4.39074	-0.0129612	1	
4.39074	-0.0129612	1	
4.39074	-0.0129612	1	
4.39074	-0.0129612	1	
4.39074	-0.0129612	1	
4.39074	-0.0129612	1	
4.39074	-0.0129612	1	
4.39074	-0.0129612	1	
4.39074	-0.0129612	1	
4.39074	-0.0129612	1	
4.39074	-0.0129612	1	
4.39074	-0.0129612	1	
4.39074	-0.0129612	1	
4.39074	-0.0129612	1	
4.39074	-0.0129612	1	
4.39074	-0.0129612	1	
4.39074	-0.0129612	1	
4.39074	-0.0129612	1	
4.39074	-0.0129612	1	
4.39074	-0.0129612	1	
4.39074	-0.0129612	1	
4.39074	-0.0129612	1	
4.39074	-0.0129612	1	
4.39074	-0.0129612	1	
4.39074	-0.0129612	1	
4.39074	-0.0129612	1	
4.39074	-0.0129612	1	
4.39074	-0.0129612	1	
4.39074	-0.0129612	1	
4.39074	-0.0129612	1	
4.39074	-0.0129612	1	
4.39074	-0.0129612	1	
4.39074	-0.0129612	1	
4.39074	-0.0129612	1	
4.39074	-0.0129612	1	
4.39074	-0.0129612	1	
4.39074	-0.0129612	1	
4.39074	-0.0129612	1	
4.39074	-0.0129612	1	
4.39074	-0.0129612	1	
4.39074	-0.0129612	1	
4.39074	-0.0129612	1	
4.39074	-0.0129612	1	
4.39074	-0.0129612	1	
4.39074	-0.0129612	1	
4.39074	-0.0129612	1	
4.39074	-0.0129612	1	
4.39074	-0.0129612	1	
4.39074	-0.0129612	1	
4.39074	-0.0129612	1	
4.39074	-0.0129612	1	
4.39074	-0.0129612	1	
4.39074	-0.0129612	1	
4.39074	-0.0129612	1	
4.39074	-0.0129612	1	
4.39074	-0.0129612	1	
4.39074	-0.0129612	1	
4.39074	-0.0129612	1	
4.39074	-0.0129612	1	
4.39074	-0.0129612	1	
4.39074	-0.0129612	1	
4.39074	-0.0129612	1	
4.39074	-0.0129612	1	
4.39074	-0.0129612	1	
4.39074	-0.0129612	1	
4.39074	-0.0129612	1	
4.39074	-0.0129612	1	
4.39074	-0.0129612	1	
4.39074	-0.0129612	1	
4.39074	-0.0129612	1	
4.39074	-0.0129612	1	
4.39074	-0.0129612	1	
4.39074	-0.0129612	1	
4.39074	-0.0129612	1	
4.39074	-0.0129612	1	
4.39074	-0.0129612	1	
4.39074	-0.0129612	1	
4.39074	-0.0129612	1	
4.39074	-0.0129612	1	
4.39074	-0.0129612	1	
4.39074	-0.0129612	1	
4.39074	-0.0129612	1	
4.39074	-0.0129612	1	
4.39074	-0.0129612	1	
4.39074	-0.0129612	1	
4.39074	-0.0129612	1	
4.39074	-0.0129612	1	
4.39074	-0.0129612	1	
4.39074	-0.0129612	1	
4.39074	-0.0129612	1	
4.39074	-0.0129612	1	
4.39074	-0.0129612	1	
4.39074	-0.0129612	1	
4.39074	-0.0129612	1	
4.39074	-0.0129612	1	
4.39074	-0.0129612	1	
4.39074	-0.0129612	1	
4.39074	-0.0129612	1	
4.39074	-0.0129612	1	
4.39074	-0.0129612	1	
4.39074	-0.0129612	1	
4.39074	-0.0129612	1	
4.39074	-0.0129612	1	
4.39074	-0.0129612	1	
4.39074	-0.0129612	1	
4.39074	-0.0129612	1	
4.39074	-0.0129612	1	
4.39074	-0.0129612	1	
4.39074	-0.0129612	1	
4.39074	-0.0129612	1	
4.39074	-0.0129612	1	
4.39074	-0.0129612	1	
4.39074	-0.0129612	1	
4.39074	-0.0129612	1	
4.39074	-0.0129612	1	
4.39074	-0.0129612	1	
4.39074	-0.0129612	1	
4.39074	-0.0129612	1	
4.39074	-0.0129612	1	
4.39074	-0.0129612	1	
4.39074	-0.0129612	1	
4.39074	-0.0129612	1	
4.39074	-0.0129612	1	
4.39074	-0.0129612	1	
4.39074	-0.0129612	1	
4.39074	-0.0129612	1	
4.39074	-0.0129612	1	
4.39074	-0.0129612	1	
4.39074	-0.0129612	1	
4.39074	-0.0129612	1	
4.39074	-0.0129612	1	
4.39074	-0.0129612	1	
4.39074	-0.0129612	1	
4.39074	-0.0129612	1	
4.39074	-0.0129612	1	
4.39074	-0.0129612	1	
4.39074	-0.0129612	1	
4.39074	-0.0129612	1	
4.39074	-0.0129612	1	
4.39074	-0.0129612	1	
4.39074	-0.0129612	1	
4.39074	-0.0129612	1	
4.39074	-0.0129612	1	
4.39074	-0.0129612	1	
4.39074	-0.0129612	1	
4.39074	-0.0129612	1	
4.39074	-0.0129612	1	
4.39074	-0.0129612	1	
4.39074	-0.0129612	1	
4.39074	-0.0129612	1	
4.39074	-0.0129612	1	
4.39074	-0.0129612	1	
4.39074	-0.0129612	1	
4.39074	-0.0129612	1	
4.39074	-0.0129612	1	
4.39074	-0.0129612	1	
4.39074	-0.0129612	1	
4.39074	-0.0129612	1	
4.39074	-0.0129612	1	
4.39074	-0.0129612	1	
4.39074	-0.0129612	1	
4.39074	-0.0129612	1	
4.39074	-0.0129612	1	
4.39074	-0.0129612	1	
4.39074	-0.0129612	1	
4.39074	-0.0129612	1	
4.39074	-0.0129612	1	
4.39074	-0.0129612	1	
4.39074	-0.0129612	1	
4.39074	-0.0129612	1	
4.39074	-0.0129612	1	
4.39074	-0.0129612	1	
4.39074	-0.0129612	1	
4.39074	-0.0129612	1	
4.39074	-0.0129612	1	
4.39074	-0.0129612	1	
4.39074	-0.0129612	1	
4.39074	-0.0129612	1	
4.39074	-0.0129612	1	
4.39074	-0.0129612	1	
4.39074	-0.0129612	1	
4.39074	-0.0129612	1	
4.39074	-0.0129612	1	
4.39074	-0.0129612	1	
4.39074	-0.0129612	1	
4.39074	-0.0129612	1	
4.39074	-0.0129612	1	
4.39074	-0.0129612	1	
4.39074	-0.0129612	1	
4.39074	-0.0129612	1	
4.39074	-0.0129612	1	
4.39074	-0.0129612	1	
4.39074	-0.0129612	1	
4.39074	-0.0129612	1	
4.39074	-0.0129612	1	
4.39074	-0.0129612	1	
4.39074	-0.0129612	1	
4.39074	-0.0129612	1	
4.39074	-0.0129612	1	
4.39074	-0.0129612	1	
4.39074	-0.0129612	1	
4.39074	-0.0129612	1	
4.39074	-0.0129612	1	
4.39074	-0.0129612	1	
4.39074	-0.0129612	1	
4.39074	-0.0129612	1	
4.39074	-0.0129612	1	
4.39074	-0.0129612	1	
4.39074	-0.0129612	1	
4.39074	-0.0129612	1	
4.39074	-0.0129612	1	
4.39074	-0.0129612	1	
4.39074	-0.0129612	1	
4.39074	-0.0129612	1	
4.39074	-0.0129612	1	
4.39074	-0.0129612	1	
4.39074	-0.0129612	1	
4.39074	-0.0129612	1	
4.39074	-0.0129612	1	
4.39074	-0.0129612	1	
4.39074	-0.0129612	1	
4.39074	-0.0129612	1	
4.39074	-0.0129612	1	
4.39074	-0.0129612	1	
4.39074	-0.0129612	1	
4.39074	-0.0129612	1	
4.39074	-0.0129612	1	
4.39074	-0.0129612	1	
4.39074	-0.0129612	1	
4.39074	-0.0129612	1	
4.39074	-0.0129612	1	
4.39074	-0.0129612	1	
4.39074	-0.0129612	1	
4.39074	-0.0129612	1	
4.39074	-0.0129612	1	
4.39074	-0.0129612	1	
4.39074	-0.0129612	1	
4.39074	-0.0129612	1	
4.39074	-0.0129612	1	
4.39074	-0.0129612	1	
4.39074	-0.0129612	1	
4.39074	-0.0129612	1	
4.39074	-0.0129612	1	
4.39074	-0.0129612	1	
4.39074	-0.0129612	1	
4.39074	-0.0129612	1	
4.39074	-0.0129612	1	
4.39074	-0.0129612	1	
4.39074	-0.0129612	1	
4.39074	-0.0129612	1	
4.39074	-0.0129612	1	
4.39074	-0.0129612	1	
4.39074	-0.0129612	1	
4.39074	-0.0129612	1	
4.39074	-0.0129612	1	
4.39074	-0.0129612	1	
4.39074	-0.0129612	1	
4.39074	-0.0129612	1	
4.39074	-0.0129612	1	
4.39074	-0.0129612	1	
4.39074	-0.0129612	1	
4.39074	-0.0129612	1	
4.39074	-0.0129612	1	
4.39074	-0.0129612	1	
4.39074	-0.0129612	1	
4.39074	-0.0129612	1	
4.39074	-0.0129612	1	
4.39074	-0.0129612	1	
4.39074	-0.0129612	1	
4.39074	-0.0129612	1	
4.39074	-0.0129612	1	
4.39074	-0.0129612	1	
4.39074	-0.0129612	1	
4.39074	-0.0129612	1	
4.39074	-0.0129612	1	
4.39074	-0.0129612	1	
4.39074	-0.0129612	1	
4.39074	-0.0129612	1	
4.39074	-0.0129612	1	
4.39074	-0.0129612	1	
4.39074	-0.0129612	1	
4.39074	-0.0129612	1	
4.39074	-0.0129612	1	
4.39074	-0.0129612	1	
4.39074	-0.0129612	1	
4.39074	-0.0129612	1	
4.39074	-0.0129612	1	
4.39074	-0.0129612	1	
4.39074	-0.0129612	1	
4.39074	-0.0129612	1	
4.39074	-0.0129612	1	
4.39074	-0.0129612	1	
4.39074	-0.0129612	1	
4.39074	-0.0129612	1	
4.39074	-0.0129612	1	
4.39074	-0.0129612	1	
4.39074	-0.0129612	1	
4.39074	-0.0129612	1	
4.39074	-0.0129612	1	
4.39074	-0.0129612	1	
4.39074	-0.0129612	1	
4.39074	-0.0129612	1	
4.39074	-0.0129612	1	
4.39074	-0.0129612	1	
4.39074	-0.0129612	1	
4.39074	-0.0129612	1	
4.39074	-0.0129612	1	
4.39074	-0.0129612	1	
4.39074	-0.0129612	1	
4.39074	-0.0129612	1	
4.39074	-0.0129612	1	
4.39074	-0.0129612	1	
4.39074	-0.0129612	1	
4.39074	-0.0129612	1	
4.39074	-0.0129612	1	
4.39074	-0.0129612	1	
4.39074	-0.0129612	1	
4.39074	-0.0129612	1	
4.39074	-0.0129612	1	
4.39074	-0.0129612	1	
4.39074	-0.0129612	1	
4.39074	-0.0129612	1	
4.39074	-0.0129612	1	
4.39074	-0.0129612	1	
4.39074	-0.0129612	1	
4.39074	-0.0129612	1	
4.39074	-0.0129612	1	
4.39074	-0.0129612	1	
4.39074	-0.0129612	1	
4.39074	-0.0129612	1	
4.39074	-0.0129612	1	
4.39074	-0.0129612	1	
4.39074	-0.0129612	1	
4.39074	-0.0129612	1	
4.39074	-0.0129612	1	
4.39074	-0.0129612	1	
4.39074	-0.0129612	1	
4.39074	-0.0129612	1	
4.39074	-0.0129612	1	
4.39074	-0.0129612	1	
4.39074	-0.0129612	1	
4.39074	-0.0129612	1	
4.39074	-0.0129612	1	
4.39074	-0.0129612	1	
4.39074	-0.0129612	1	
4.39074	-0.0129612	1	
4.39074	-0.0129612	1	
4.39074	-0.0129612	1	
4.39074	-0.0129612	1	
4.39074	-0.0129612	1	
4.39074	-0.0129612	1	
4.39074	-0.0129612	1	
4.39074	-0.0129612	1	
4.39074	-0.0129612	1	
4.39074	-0.0129612	1	
4.39074	-0.0129612	1	
4.39074	-0.0129612	1	
4.39074	-0.0129612	1	
4.39074	-0.0129612	1	
4.39074	-0.0129612	1	
4.39074	-0.0129612	1	
4.39074	-0.0129612	1	
4.39074	-0.0129612	1	
4.39074	-0.0129612	1	
4.39074	-0.0129612	1	
4.39074	-0.0129612	1	
4.39074	-0.0129612	1	
4.39074	-0.0129612	1	
4.39074	-0.0129612	1	
4.39074	-0.0129612	1	
4.39074	-0.0129612	1	
4.39074	-0.0129612	1	
4.39074	-0.0129612	1	
4.39074	-0.0129612	1	
4.39074	-0.0129612	1	
4.39074	-0.0129612	1	
4.39074	-0.0129612	1	
4.39074	-0.0129612	1	
4.39074	-0.0129612	1	
4.39074	-0.0129612	1	
4.39074	-0.0129612	1	
4.39074	-0.0129612	1	
4.39074	-0.0129612	1	
4.39074	-0.0129612	1	
4.39074	-0.0129612	1	
4.39074	-0.0129612	1	
4.39074	-0.0129612	1	
4.39074	-0.0129612	1	
4.39074	-0.0129612	1	
4.39074	-0.0129612	1	
4.39074	-0.0129612	1	
4.39074	-0.0129612	1	
4.39074	-0.0129612	1	
4.39074	-0.0129612	1	
4.39074	-0.0129612	1	
4.39074	-0.0129612	1	
4.39074	-0.0129612	1	
4.39074	-0.0129612	1	
4.39074	-0.0129612	1	
4.39074	-0.0129612	1	
4.39074	-0.0129612	1	
4.39074	-0.0129612	1	
4.39074	-0.0129612	1	
4.39074	-0.0129612	1	
4.39074	-0.0129612	1	
4.39074	-0.0129612	1	
4.39074	-0.0129612	1	
4.39074	-0.0129612	1	
4.39074	-0.0129612	1	
4.39074	-0.0129612	1	
4.39074	-0.0129612	1	
4.39074	-0.0129612	1	
4.39074	-0.0129612	1	
4.39074	-0.0129612	1	
4.39074	-0.0129612	1	
4.39074	-0.0129612	1	
4.39074	-0.0129612	1	
4.39074	-0.0129612	1	
4.39074	-0.0129612	1	
4.39074	-0.0129612	1	
4.39074	-0.0129612	1	
4.39074	-0.0129612	1	
4.39074	-0.0129612	1	
4.39074	-0.0129612	1	
4.39074	-0.0129612	1	
4.39074	-0.0129612	1	
4.39074	-0.0129612	1	
4.39074	-0.0129612	1	
4.39074	-0.0129612	1	
4.39074	-0.0129612	1	
4.39074	-0.0129612	1	
4.39074	-0.0129612	1	
4.39074	-0.0129612	1	
4.39074	-0.0129612	1	
4.39074	-0.0129612	1	
4.39074	-0.0129612	1	
4.39074	-0.0129612	1	
4.39074	-0.0129612	1	
4.39074	-0.0129612	1	
4.39074	-0.0129612	1	
4.39074	-0.0129612	1	
4.39074	-0.0129612	1	
4.39074	-0.0129612	1	
4.39074	-0.0129612	1	
4.39074	-0.0129612	1	
4.39074	-0.0129612	1	
4.39074	-0.0129612	1	
4.39074	-0.0129612	1	
4.39074	-0.0129612	1	
4.39074	-0.0129612	1	
4.39074	-0.0129612	1	
4.39074	-0.0129612	1	
4.39074	-0.0129612	1	
4.39074	-0.0129612	1	
4.39074	-0.0129612	1	
4.39074	-0.0129612	1	
4.39074	-0.0129612	1	
4.39074	-0.0129612	1	
4.39074	-0.0129612	1	
4.39074	-0.0129612	1	
4.39074	-0.0129612	1	
4.39074	-0.0129612	1	
4.39074	-0.0129612	1	
4.39074	-0.0129612	1	
4.39074	-0.0129612	1	
4.39074	-0.0129612	1	
4.39074	-0.0129612	1	
4.39074	-0.0129612	1	
4.39074	-0.0129612	1	
4.39074	-0.0129612	1	
4.39074	-0.0129612	1	
4.39074	-0.0129612	1	
4.39074	-0.0129612	1	
4.39074	-0.0129612	1	
4.39074	-0.0129612	1	
4.39074	-0.0129612	1	
4.39074	-0.0129612	1	
4.39074	-0.0129612	1	
4.39074	-0.0129612	1	
4.39074	-0.0129612	1	
4.39074	-0.0129612	1	
4.39074	-0.0129612	1	
4.39074	-0.0129612	1	
4.39074	-0.0129612	1	
4.39074	-0.0129612	1	
4.39074	-0.0129612	1	
4.39074	-0.0129612	1	
4.39074	-0.0129612	1	
4.39074	-0.0129612	1	
4.39074	-0.0129612	1	
4.39074	-0.0129612	1	
4.39074	-0.0129612	1	
4.39074	-0.0129612	1	
4.39074	-0.0129612	1	
4.39074	-0.0129612	1	
4.39074	-0.0129612	1	
4.39074	-0.0129612	1	
4.39074	-0.0129612	1	
4.39074	-0.0129612	1	
4.39074	-0.0129612	1	
4.39074	-0.0129612	1	
4.39074	-0.0129612	1	
4.39074	-0.0129612	1	
4.39074	-0.0129612	1	
4.39074	-0.0129612	1	
4.39074	-0.0129612	1	
4.39074	-0.0129612	1	
4.39074	-0.0129612	1	
4.39074	-0.0129612	1	
4.39074	-0.0129612	1	
4.39074	-0.0129612	1	
4.39074	-0.0129612	1	
4.39074	-0.0129612	1	
4.39074	-0.0129612	1	
4.39074	-0.0129612	1	
4.39074	-0.0129612	1	
4.39074	-0.0129612	1	
4.39074	-0.0129612	1	
4.39074	-0.0129612	1	
4.39074	-0.0129612	1	
4.39074	-0.0129612	1	
4.39074	-0.0129612	1	
4.39074	-0.0129612	1	
4.39074	-0.0129612	1	
4.39074	-0.0129612	1	
4.39074	-0.0129612	1	
4.39074	-0.0129612	1	
4.39074	-0.0129612	1	
4.39074	-0.0129612	1	
4.39074	-0.0129612	1	
4.39074	-0.0129612	1	
4.39074	-0.0129612	1	
4.39074	-0.0129612	1	
4.39074	-0.0129612	1	
4.39074	-0.0129612	1	
4.39074	-0.0129612	1	
4.39074	-0.0129612	1	
4.39074	-0.0129612	1	
4.39074	-0.0129612	1	
4.39074	-0.0129612	1	
4.39074	-0.0129612	1	
4.39074	-0.0129612	1	
4.39074	-0.0129612	1	
4.39074	-0.0129612	1	
4.39074	-0.0129612	1	
4.39074	-0.0129612	1	
4.39074	-0.0129612	1	
4.39074	-0.0129612	1	
4.39074	-0.0129612	1	
4.39074	-0.0129612	1	
4.39074	-0.0129612	1	
4.39074	-0.0129612	1	
4.39074	-0.0129612	1	
4.39074	-0.0129612	1	
4.39074	-0.0129612	1	
4.39074	-0.0129612	1	
4.39074	-0.0129612	1	
4.39074	-0.0129612	1	
4.39074	-0.0129612	1	
4.39074	-0.0129612	1	
4.39074	-0.0129612	1	
4.39074	-0.0129612	1	
4.39074	-0.0129612	1	
4.39074	-0.0129612	1	
4.39074	-0.0129612	1	
4.39074	-0.0129612	1	
4.39074	-0.0129612	1	
4.39074	-0.0129612	1	
4.39074	-0.0129612	1	
4.39074	-0.0129612	1	
4.39074	-0.0129612	1	
4.39074	-0.0129612	1	
4.39074	-0.0129612	1	
4.39074	-0.0129612	1	
4.39074	-0.0129612	1	
4.39074	-0.0129612	1	
4.39074	-0.0129612	1	
4.39074	-0.0129612	1	
4.39074	-0.0129612	1	
4.39074	-0.0129612	1	
4.39074	-0.0129612	1	
4.39074	-0.0129612	1	
4.39074	-0.0129612	1	
4.39074	-0.0129612	1	
4.39074	-0.0129612	1	
4.39074	-0.0129612	1	
4.39074	-0.0129612	1	
4.39074	-0.0129612	1	
4.39074	-0.0129612	1	
4.39074	-0.0129612	1	
4.39074	-0.0129612	1	
4.39074	-0.0129612	1	
4.39074	-0.0129612	1	
4.39074	-0.0129612	1	
4.39074	-0.0129612	1	
4.39074	-0.0129612	1	
4.39074	-0.0129612	1	
4.39074	-0.0129612	1	
4.39074	-0.0129612	1	
4.39074	-0.0129612	1	
4.39074	-0.0129612	1	
4.39074	-0.0129612	1	
4.39074	-0.0129612	1	
4.39074	-0.0129612	1	
4.39074	-0.0129612	1	
4.39074	-0.0129612	1	
4.39074	-0.0129612	1	
4.39074	-0.0129612	1	
4.39074	-0.0129612	1	
4.39074	-0.0129612	1	
4.39074	-0.0129612	1	
4.39074	-0.0129612	1	
4.39074	-0.0129612	1	
4.39074	-0.0129612	1	
4.39074	-0.0129612	1	
4.39074	-0.0129612	1	
4.39074	-0.0129612	1	
4.39074	-0.0129612	1	
4.39074	-0.0129612	1	
4.39074	-0.0129612	1	
4.39074	-0.0129612	1	
4.39074	-0.0129612	1	
4.39074	-0.0129612	1	
4.39074	-0.0129612	1	
4.39074	-0.0129612	1	
4.39074	-0.0129612	1	
4.39074	-0.0129612	1	
4.39074	-0.0129612	1	
4.39074	-0.0129612	1	
4.39074	-0.0129612	1	
4.39074	-0.0129612	1	
4.39074	-0.0129612	1	
4.39074	-0.0129612	1	
4.39074	-0.0129612	1	
4.39074	-0.0129612	1	
4.39074	-0.0129612	1	
4.39074	-0.0129612	1	
4.39074	-0.0129612	1	
4.39074	-0.0129612	1	
4.39074	-0.0129612	1	
4.39074	-0.0129612	1	
4.39074	-0.0129612	1	
4.39074	-0.0129612	1	
4.39074	-0.0129612	1	
4.39074	-0.0129612	1	
4.39074	-0.0129612	1	
4.39074	-0.0129612	1	
4.39074	-0.0129612	1	
4.39074	-0.0129612	1	
4.39074	-0.0129612	1	
4.39074	-0.0129612	1	
4.39074	-0.0129612	1	
4.39074	-0.0129612	1	
4.39074	-0.0129612	1	
4.39074	-0.0129612	1	
4.39074	-0.0129612	1	
4.39074	-0.0129612	1	
4.39074	-0.0129612	1	
4.39074	-0.0129612	1	
4.39074	-0.0129612	1	
4.39074	-0.0129612	1	
4.39074	-0.0129612	1	
4.39074	-0.0129612	1	
4.39074	-0.0129612	1	
4.39074	-0.0129612	1	
4.39074	-0.0129612	1	
4.39074	-0.0129612	1	
4.39074	-0.0129612	1	
4.39074	-0.0129612	1	
4.39074	-0.0129612	1	
4.39074	-0.0129612	1	
4.39074	-0.0129612	1	
4.39074	-0.0129612	1	
4.39074	-0.0129612	1	
4.39074	-0.0129612	1	
4.39074	-0.0129612	1	
4.39074	-0.0129612	1	
4.39074	-0.0129612	1	
4.39074	-0.0129612	1	
4.39074	-0.0129612	1	
4.39074	-0.0129612	1	
4.39074	-0.0129612	1	
4.39074	-0.0129612	1	
4.39074	-0.0129612	1	
4.39074	-0.0129612	1	
4.39074	-0.0129612	1	
4.39074	-0.0129612	1	
4.39074	-0.0129612	1	
4.39074	-0.0129612	1	
4.39074	-0.0129612	1	
4.39074	-0.0129612	1	
4.39074	-0.0129612	1	
4.39074	-0.0129612	1	
4.39074	-0.0129612	1	
4.39074	-0.0129612	1	
4.39074	-0.0129612	1	
4.39074	-0.0129612	1	
4.39074	-0.0129612	1	
4.39074	-0.0129612	1	
4.39074	-0.0129612	1	
4.39074	-0.0129612	1	
4.39074	-0.0129612	1	
4.39074	-0.0129612	1	
4.39074	-0.0129612	1	
4.39074	-0.0129612	1	
4.39074	-0.0129612	1	
4.39074	-0.0129612	1	
4.39074	-0.0129612	1	
4.39074	-0.0129612	1	
4.39074	-0.0129612	1	
4.39074	-0.0129612	1	
4.39074	-0.0129612	1	
4.39074	-0.0129612	1	
4.39074	-0.0129612	1	
4.39074	-0.0129612	1	
4.39074	-0.0129612	1	
4.39074	-0.0129612	1	
4.39074	-0.0129612	1	
4.39074	-0.0129612	1	
4.39074	-0.0129612	1	
4.39074	-0.0129612	1	
4.39074	-0.0129612	1	
4.39074	-0.0129612	1	
4.39074	-0.0129612	1	
4.39074	-0.0129612	1	
4.39074	-0.0129612	1	
4.39074	-0.0129612	1	
4.39074	-0.0129612	1	
4.39074	-0.0129612	1	
4.39074	-0.0129612	1	
4.39074	-0.0129612	1	
4.39074	-0.0129612	1	
4.39074	-0.0129612	1	
4.39074	-0.0129612	1	
4.39074	-0.0129612	1	
4.39074	-0.0129612	1	
4.39074	-0.0129612	1	
4.39074	-0.0129612	1	
4.39074	-0.0129612	1	
4.39074	-0.0129612	1	
4.39074	-0.0129612	1	
4.39074	-0.0129612	1	
4.39074	-0.0129612	1	
4.39074	-0.0129612	1	
4.39074	-0.0129612	1	
4.39074	-0.0129612	1	
4.39074	-0.0129612	1	
4.39074	-0.0129612	1	
4.39074	-0.0129612	1	
4.39074	-0.0129612	1	
4.39074	-0.0129612	1	
4.39074	-0.0129612	1	
4.39074	-0.0129612	1	
4.39074	-0.0129612	1	
4.39074	-0.0129612	1	
4.39074	-0.0129612	1	
4.39074	-0.0129612	1	
4.39074	-0.0129612	1	
4.39074	-0.0129612	1	
4.39074	-0.0129612	1	
4.39074	-0.0129612	1	
4.39074	-0.0129612	1	
4.39074	-0.0129612	1	
4.39074	-0.0129612	1	
4.39074	-0.0129612	1	
4.39074	-0.0129612	1	
4.39074	-0.0129612	1	
4.39074	-0.0129612	1	
4.39074	-0.0129612	1	
4.39074	-0.0129612	1	
4.39074	-0.0129612	1	
4.39074	-0.0129612	1	
4.39074	-0.0129612	1	
4.39074	-0.0129612	1	
4.39074	-0.0129612	1	
4.39074	-0.0129612	1	
4.39074	-0.0129612	1	
4.39074	-0.0129612	1	
4.39074	-0.0129612	1	
4.39074	-0.0129612	1	
4.39074	-0.0129612	1	
4.39074	-0.0129612	1	
4.39074	-0.0129612	1	
4.39074	-0.0129612	1	
4.39074	-0.0129612	1	
4.39074	-0.0129612	1	
4.39074	-0.0129612	1	
4.39074	-0.0129612	1	
4.39074	-0.0129612	1	
4.39074	-0.0129612	1	
4.39074	-0.0129612	1	
4.39074	-0.0129612	1	
4.39074	-0.0129612	1	
4.39074	-0.0129612	1	
4.39074	-0.0129612	1	
4.39074	-0.0129612	1	
4.39074	-0.0129612	1	
4.39074	-0.0129612	1	
4.39074	-0.0129612	1	
4.39074	-0.0129612	1	
4.39074	-0.0129612	1	
4.39074	-0.0129612	1	
4.39074	-0.0129612	1	
4.39074	-0.0129612	1	
4.39074	-0.0129612	1	
4.39074	-0.0129612	1	
4.39074	-0.0129612	1	
4.39074	-0.0129612	1	
4.39074	-0.0129612	1	
4.39074	-0.0129612	1	
4.39074	-0.0129612	1	
4.39074	-0.0129612	1	
4.39074	-0.0129612	1	
4.39074	-0.0129612	1	
4.39074	-0.0129612	1	
4.39074	-0.0129612	1	
4.39074	-0.0129612	1	
4.39074	-0.0129612	1	
4.39074	-0.0129612	1	
4.39074	-0.0129612	1	
4.39074	-0.0129612	1	
4.39074	-0.0129612	1	
4.39074	-0.0129612	1	
4.39074	-0.0129612	1	
4.39074	-0.0129612	1	
4.39074	-0.0129612	1	
4.39074	-0.0129612	1	
4.39074	-0.0129612	1	
4.39074	-0.0129612	1	
4.39074	-0.0129612	1	
4.39074	-0.0129612	1	
4.39074	-0.0129612	1	
4.39074	-0.0129612	1	
4.39074	-0.0129612	1	
4.39074	-0.0129612	1	
4.39074	-0.0129612	1	
4.39074	-0.0129612	1	
4.39074	-0.0129612	1	
4.39074	-0.0129612	1	
4.39074	-0.0129612	1	
4.39074	-0.0129612	1	
4.39074	-0.0129612	1	
4.39074	-0.0129612	1	
4.39074	-0.0129612	1	
4.39074	-0.0129612	1	
4.39074	-0.0129612	1	
4.39074	-0.0129612	1	
4.39074	-0.0129612	1	
4.39074	-0.0129612	1	
4.39074	-0.0129612	1	
4.39074	-0.0129612	1	
4.39074	-0.0129612	1	
4.39074	-0.0129612	1	
4.39074	-0.0129612	1	
4.39074	-0.0129612	1	
4.39074	-0.0129612	1	
4.39074	-0.0129612	1	
4.39074	-0.0129612	1	
4.39074	-0.0129612	1	
4.39074	-0.0129612	1	
4.39074	-0.0129612	1	
4.39074	-0.0129612	1	
4.39074	-0.0129612	1	
4.39074	-0.0129612	1	
4.39074	-0.0129612	1	
4.39074	-0.0129612	1	
4.39074	-0.0129612	1	
4.39074	-0.0129612	1	
4.39074	-0.0129612	1	
4.39074	-0.0129612	1	
4.39074	-0.0129612	1	
4.39074	-0.0129612	1	
4.39074	-0.0129612	1	
4.39074	-0.0129612	1	
4.39074	-0.0129612	1	
4.39074	-0.0129612	1	
4.39074	-0.0129612	1	
4.39074	-0.0129612	1	
4.39074	-0.0129612	1	
4.39074	-0.0129612	1	
4.39074	-0.0129612	1	
4.39074	-0.0129612	1	
4.39074	-0.0129612	1	
4.39074	-0.0129612	1	
4.39074	-0.0129612	1	
4.39074	-0.0129612	1	
4.39074	-0.0129612	1	
4.39074	-0.0129612	1	
4.39074	-0.0129612	1	
4.39074	-0.0129612	1	
4.39074	-0.0129612	1	
4.39074	-0.0129612	1	
4.39074	-0.0129612	1	
4.39074	-0.0129612	1	
4.39074	-0.0129612	1	
4.39074	-0.0129612	1	
4.39074	-0.0129612	1	
4.39074	-0.0129612	1	
4.39074	-0.0129612	1	
4.39074	-0.0129612	1	
4.39074	-0.0129612	1	
4.39074	-0.0129612	1	
4.39074	-0.0129612	1	
4.39074	-0.0129612	1	
4.39074	-0.0129612	1	
4.39074	-0.0129612	1	
4.39074	-0.0129612	1	
4.39074	-0.0129612	1	
4.39074	-0.0129612	1	
4.39074	-0.0129612	1	
4.39074	-0.0129612	1	
4.39074	-0.0129612	1	
4.39074	-0.0129612	1	
4.39074	-0.0129612	1	
4.39074	-0.0129612	1	
4.39074	-0.0129612	1	
4.39074	-0.0129612	1	
4.39074	-0.0129612	1	
4.39074	-0.0129612	1	
4.39074	-0.0129612	1	
4.39074	-0.0129612	1	
4.39074	-0.0129612	1	
4.39074	-0.0129612	1	
4.39074	-0.0129612	1	
4.39074	-0.0129612	1	
4.39074	-0.0129612	1	
4.39074	-0.0129612	1	
4.39074	-0.0129612	1	
4.39074	-0.0129612	1	
4.39074	-0.0129612	1	
4.39074	-0.0129612	1	
4.39074	-0.0129612	1	
4.39074	-0.0129612	1	
4.39074	-0.0129612	1	
4.39074	-0.0129612	1	
4.39074	-0.0129612	1	
4.39074	-0.0129612	1	
4.39074	-0.0129612	1	
4.39074	-0.0129612	1	
4.39074	-0.0129612	1	
4.39074	-0.0129612	1	
4.39074	-0.0129612	1	
4.39074	-0.0129612	1	
4.39074	-0.0129612	1	
4.39074	-0.0129612	1	
4.39074	-0.0129612	1	
4.39074	-0.0129612	1	
4.39074	-0.0129612	1	
4.39074	-0.0129612	1	
4.39074	-0.0129612	1	
4.39074	-0.0129612	1	
4.39074	-0.0129612	1	
4.39074	-0.0129612	1	
4.39074	-0.0129612	1	
4.39074	-0.0129612	1	
4.39074	-0.0129612	1	
4.39074	-0.0129612	1	
4.39074	-0.0129612	1	
4.39074	-0.0129612	1	
4.39074	-0.0129612	1	
4.39074	-0.0129612	1	
4.39074	-0.0129612	1	
4.39074	-0.0129612	1	
4.39074	-0.0129612	1	
4.39074	-0.0129612	1	
4.39074	-0.0129612	1	
4.39074	-0.0129612	1	
4.39074	-0.0129612	1	
4.39074	-0.0129612	1	
4.39074	-0.0129612	1	
4.39074	-0.0129612	1	
4.39074	-0.0129612	1	
4.39074	-0.0129612	1	
4.39074	-0.0129612	1	
4.39074	-0.0129612	1	
4.39074	-0.0129612	1	
4.39074	-0.0129612	1	
4.39074	-0.0129612	1	
4.39074	-0.0129612	1	
4.39074	-0.0129612	1	
4.39074	-0.0129612	1	
4.39074	-0.0129612	1	
4.39074	-0.0129612	1	
4.39074	-0.0129612	1	
4.39074	-0.0129612	1	
4.39074	-0.0129612	1	
4.39074	-0.0129612	1	
4.39074	-0.0129612	1	
4.39074	-0.0129612	1	
4.39074	-0.0129612	1	
4.39074	-0.0129612	1	
4.39074	-0.0129612	1	
4.39074	-0.0129612	1	
4.39074	-0.0129612	1	
4.39074	-0.0129612	1	
4.39074	-0.0129612	1	
4.39074	-0.0129612	1	
4.39074	-0.0129612	1	
4.39074	-0.0129612	1	
4.39074	-0.0129612	1	
4.39074	-0.0129612	1	
4.39074	-0.0129612	1	
4.39074	-0.0129612	1	
4.39074	-0.0129612	1	
4.39074	-0.0129612	1	
4.39074	-0.0129612	1	
4.39074	-0.0129612	1	
4.39074	-0.0129612	1	
4.39074	-0.0129612	1	
4.39074	-0.0129612	1	
4.39074	-0.0129612	1	
4.39074	-0.0129612	1	
4.39074	-0.0129612	1	
4.39074	-0.0129612	1	
4.39074	-0.0129612	1	
4.39074	-0.0129612	1	
4.39074	-0.0129612	1	
4.39074	-0.0129612	1	
4.39074	-0.0129612	1	
4.39074	-0.0129612	1	
4.39074	-0.0129612	1	
4.39074	-0.0129612	1	
4.39074	-0.0129612	1	
4.39074	-0.0129612	1	
4.39074	-0.0129612	1	
4.39074	-0.0129612	1	
4.39074	-0.0129612	1	
4.39074	-0.0129612	1	
4.39074	-0.0129612	1	
4.39074	-0.0129612	1	
4.39074	-0.0129612	1	
4.39074	-0.0129612	1	
4.39074	-0.0129612	1	
4.39074	-0.0129612	1	
4.39074	-0.0129612	1	
4.39074	-0.0129612	1	
4.39074	-0.0129612	1	
4.39074	-0.0129612	1	
4.39074	-0.0129612	1	
4.39074	-0.0129612	1	
4.39074	-0.0129612	1	
4.39074	-0.0129612	1	
4.39074	-0.0129612	1	
4.39074	-0.0129612	1	
4.39074	-0.0129612	1	
4.39074	-0.0129612	1	
4.39074	-0.0129612	1	
4.39074	-0.0129612	1	
4.39074	-0.0129612	1	
4.39074	-0.0129612	1	
4.39074	-0.0129612	1	
4.39074	-0.0129612	1	
4.39074	-0.0129612	1	
4.39074	-0.0129612	1	
4.39074	-0.0129612	1	
4.39074	-0.0129612	1	
4.39074	-0.0129612	1	
4.39074	-0.0129612	1	
4.39074	-0.0129612	1	
4.39074	-0.0129612	1	
4.39074	-0.0129612	1	
4.39074	-0.0129612	1	
4.39074	-0.0129612	1	
4.39074	-0.0129612	1	
4.39074	-0.0129612	1	
4.39074	-0.0129612	1	
4.39074	-0.0129612	1	
4.39074	-0.0129612	1	
4.39074	-0.0129612	1	
4.39074	-0.0129612	1	
4.39074	-0.0129612	1	
4.39074	-0.0129612	1	
4.39074	-0.0129612	1	
4.39074	-0.0129612	1	
4.39074	-0.0129612	1	
4.39074	-0.0129612	1	
4.39074	-0.0129612	1	
4.39074	-0.0129612	1	
4.39074	-0.0129612	1	
4.39074	-0.0129612	1	
4.39074	-0.0129612	1	
4.39074	-0.0129612	1	
4.39074	-0.0129612	1	
4.39074	-0.0129612	1	
4.39074	-0.0129612	1	
4.39074	-0.0129612	1	
4.39074	-0.0129612	1	
4.39074	-0.0129612	1	
4.39074	-0.0129612	1	
4.39074	-0.0129612	1	
4.39074	-0.0129612	1	
4.39074	-0.0129612	1	
4.39074	-0.0129612	1	
4.39074	-0.0129612	1	
4.39074	-0.0129612	1	
4.39074	-0.0129612	1	
4.39074	-0.0129612	1	
4.39074	-0.0129612	1	
4.39074	-0.0129612	1	
4.39074	-0.0129612	1	
4.39074	-0.0129612	1	
4.39074	-0.0129612	1	
4.39074	-0.0129612	1	
4.39074	-0.0129612	1	
4.39074	-0.0129612	1	
4.39074	-0.0129612	1	
4.39074	-0.0129612	1	
4.39074	-0.0129612	1	
4.39074	-0.0129612	1	
4.39074	-0.0129612	1	
4.39074	-0.0129612	1	
4.39074	-0.0129612	1	
4.39074	-0.0129612	1	
4.39074	-0.0129612	1	
4.39074	-0.0129612	1	
4.39074	-0.0129612	1	
4.39074	-0.0129612	1	
4.39074	-0.0129612	1	
4.39074	-0.0129612	1	
4.39074	-0.0129612	1	
4.39074	-0.0129612	1	
4.39074	-0.0129612	1	
4.39074	-0.0129612	1	
4.39074	-0.0129612	1	
4.39074	-0.0129612	1	
4.39074	-0.0129612	1	
4.39074	-0.0129612	1	
4.39074	-0.0129612	1	
4.39074	-0.0129612	1	
4.39074	-0.0129612	1	
4.39074	-0.0129612	1	
4.39074	-0.0129612	1	
4.39074	-0.0129612	1	
4.39074	-0.0129612	1	
4.39074	-0.0129612	1	
4.39074	-0.0129612	1	
4.39074	-0.0129612	1	
4.39074	-0.0129612	1	
4.39074	-0.0129612	1	
4.39074	-0.0129612	1	
4.39074	-0.0129612	1	
4.39074	-0.0129612	1	
4.39074	-0.0129612	1	
4.39074	-0.0129612	1	
4.39074	-0.0129612	1	
4.39074	-0.0129612	1	
4.39074	-0.0129612	1	
4.39074	-0.0129612	1	
4.39074	-0.0129612	1	
4.39074	-0.0129612	1	
4.39074	-0.0129612	1	
4.39074	-0.0129612	1	
4.39074	-0.0129612	1	
4.39074	-0.0129612	1	
4.39074	-0.0129612	1	
4.39074	-0.0129612	1	
4.39074	-0.0129612	1	
4.39074	-0.0129612	1	
4.39074	-0.0129612	1	
4.39074	-0.0129612	1	
4.39074	-0.0129612	1	
4.39074	-0.0129612	1	
4.39074	-0.0129612	1	
4.39074	-0.0129612	1	
4.39074	-0.0129612	1	
4.39074	-0.0129612	1	
4.39074	-0.0129612	1	
4.39074	-0.0129612	1	
4.39074	-0.0129612	1	
4.39074	-0.0129612	1	
4.39074	-0.0129612	1	
4.39074	-0.0129612	1	
4.39074	-0.0129612	1	
4.39074	-0.0129612	1	
4.39074	-0.0129612	1	
4.39074	-0.0129612	1	
4.39074	-0.0129612	1	
4.39074	-0.0129612	1	
4.39074	-0.0129612	1	
4.39074	-0.0129612	1	
4.39074	-0.0129612	1	
4.39074	-0.0129612	1	
4.39074	-0.0129612	1	
4.39074	-0.0129612	1	
4.39074	-0.0129612	1	
4.39074	-0.0129612	1	
4.39074	-0.0129612	1	
4.39074	-0.0129612	1	
4.39074	-0.0129612	1	
4.39074	-0.0129612	1	
4.39074	-0.0129612	1	
4.39074	-0.0129612	1	
4.39074	-0.0129612	1	
4.39074	-0.0129612	1	
4.39074	-0.0129612	1	
4.39074	-0.0129612	1	
4.39074	-0.0129612	1	
4.39074	-0.0129612	1	
4.39074	-0.0129612	1	
4.39074	-0.0129612	1	
4.39074	-0.0129612	1	
4.39074	-0.0129612	1	
4.39074	-0.0129612	1	
4.39074	-0.0129612	1	
4.39074	-0.0129612	1	
4.39074	-0.0129612	1	
4.39074	-0.0129612	1	
4.39074	-0.0129612	1	
4.39074	-0.0129612	1	
4.39074	-0.0129612	1	
4.39074	-0.0129612	1	
4.39074	-0.0129612	1	
4.39074	-0.0129612	1	
4.39074	-0.0129612	1	
4.39074	-0.0129612	1	
4.39074	-0.0129612	1	
4.39074	-0.0129612	1	
4.39074	-0.0129612	1	
4.39074	-0.0129612	1	
4.39074	-0.0129612	1	
4.39074	-0.0129612	1	
4.39074	-0.0129612	1	
4.39074	-0.0129612	1	
4.39074	-0.0129612	1	
4.39074	-0.0129612	1	
4.39074	-0.0129612	1	
4.39074	-0.0129612	1	
4.39074	-0.0129612	1	
4.39074	-0.0129612	1	
4.39074	-0.0129612	1	
4.39074	-0.0129612	1	
4.39074	-0.0129612	1	
4.39074	-0.0129612	1	
4.39074	-0.0129612	1	
4.39074	-0.0129612	1	
4.39074	-0.0129612	1	
4.39074	-0.0129612	1	
4.39074	-0.0129612	1	
4.39074	-0.0129612	1	
4.39074	-0.0129612	1	
4.39074	-0.0129612	1	
4.39074	-0.0129612	1	
4.39074	-0.0129612	1	
4.39074	-0.0129612	1	
4.39074	-0.0129612	1	
4.39074	-0.0129612	1	
4.39074	-0.0129612	1	
4.39074	-0.0129612	1	
4.39074	-0.0129612	1	
4.39074	-0.0129612	1	
4.39074	-0.0129612	1	
4.39074	-0.0129612	1	
4.39074	-0.0129612	1	
4.39074	-0.0129612	1	
4.39074	-0.0129612	1	
4.39074	-0.0129612	1	
4.39074	-0.0129612	1	
4.39074	-0.0129612	1	
4.39074	-0.0129612	1	
4.39074	-0.0129612	1	
4.39074	-0.0129612	1	
4.39074	-0.0129612	1	
4.39074	-0.0129612	1	
4.39074	-0.0129612	1	
4.39074	-0.0129612	1	
4.39074	-0.0129612	1	
4.39074	-0.0129612	1	
4.39074	-0.0129612	1	
4.39074	-0.0129612	1	
4.39074	-0.0129612	1	
4.39074	-0.0129612	1	
4.39074	-0.0129612	1	
4.39074	-0.0129612	1	
4.39074	-0.0129612	1	
4.39074	-0.0129612	1	
4.39074	-0.0129612	1	
4.39074	-0.0129612	1	
4.39074	-0.0129612	1	
4.39074	-0.0129612	1	
4.39074	-0.0129612	1	
4.39074	-0.0129612	1	
4.39074	-0.0129612	1	
4.39074	-0.0129612	1	
4.39074	-0.0129612	1	
4.39074	-0.0129612	1	
4.39074	-0.0129612	1	
4.39074	-0.0129612	1	
4.39074	-0.0129612	1	
4.39074	-0.0129612	1	
4.39074	-0.0129612	1	
4.39074	-0.0129612	1	
4.39074	-0.0129612	1	
4.39074	-0.0129612	1	
4.39074	-0.0129612	1	
4.39074	-0.0129612	1	
4.39074	-0.0129612	1	
4.39074	-0.0129612	1	
4.39074	-0.0129612	1	
4.39074	-0.0129612	1	
4.39074	-0.0129612	1	
4.39074	-0.0129612	1	
4.39074	-0.0129612	1	
4.39074	-0.0129612	1	
4.39074	-0.0129612	1	
4.39074	-0.0129612	1	
4.39074	-0.0129612	1	
4.39074	-0.0129612	1	
4.39074	-0.0129612	1	
4.39074	-0.0129612	1	
4.39074	-0.0129612	1	
4.39074	-0.0129612	1	
4.39074	-0.0129612	1	
4.39074	-0.0129612	1	
4.39074	-0.0129612	1	
4.39074	-0.0129612	1	
4.39074	-0.0129612	1	
4.39074	-0.0129612	1	
4.39074	-0.0129612	1	
4.39074	-0.0129612	1	
4.39074	-0.0129612	1	
4.39074	-0.0129612	1	
4.39074	-0.0129612	1	
4.39074	-0.0129612	1	
4.39074	-0.0129612	1	
4.39074	-0.0129612	1	
4.39074	-0.0129612	1	
4.39074	-0.0129612	1	
4.39074	-0.0129612	1	
4.39074	-0.0129612	1	
4.39074	-0.0129612	1	
4.39074	-0.0129612	1	
4.39074	-0.0129612	1	
4.39074	-0.0129612	1	
4.39074	-0.0129612	1	
4.39074	-0.0129612	1	
4.39074	-0.0129612	1	
4.39074	-0.0129612	1	
4.39074	-0.0129612	1	
4.39074	-0.0129612	1	
4.39074	-0.0129612	1	
4.39074	-0.0129612	1	
4.39074	-0.0129612	1	
4.39074	-0.0129612	1	
4.39074	-0.0129612	1	
4.39074	-0.0129612	1	
4.39074	-0.0129612	1	
4.39074	-0.0129612	1	
4.39074	-0.0129612	1	
4.39074	-0.0129612	1	
4.39074	-0.0129612	1	
4.39074	-0.0129612	1	
4.39074	-0.0129612	1	
4.39074	-0.0129612	1	
4.39074	-0.0129612	1	
4.39074	-0.0129612	1	
4.39074	-0.0129612	1	
4.39074	-0.0129612	1	
4.39074	-0.0129612	1	
4.39074	-0.0129612	1	
4.39074	-0.0129612	1	
4.39074	-0.0129612	1	
4.39074	-0.0129612	1	
4.39074	-0.0129612	1	
4.39074	-0.0129612	1	
4.39074	-0.0129612	1	
4.39074	-0.0129612	1	
4.39074	-0.0129612	1	
4.39074	-0.0129612	1	
4.39074	-0.0129612	1	
4.39074	-0.0129612	1	
4.39074	-0.0129612	1	
4.39074	-0.0129612	1	
4.39074	-0.0129612	1	
4.39074	-0.0129612	1	
4.39074	-0.0129612	1	
4.39074	-0.0129612	1	
4.39074	-0.0129612	1	
4.39074	-0.0129612	1	
4.39074	-0.0129612	1	
4.39074	-0.0129612	1	
4.39074	-0.0129612	1	
4.39074	-0.0129612	1	
4.39074	-0.0129612	1	
4.39074	-0.0129612	1	
4.39074	-0.0129612	1	
4.39074	-0.0129612	1	
4.39074	-0.0129612	1	
4.39074	-0.0129612	1	
4.39074	-0.0129612	1	
4.39074	-0.0129612	1	
4.39074	-0.0129612	1	
4.39074	-0.0129612	1	
4.39074	-0.0129612	1	
4.39074	-0.0129612	1	
4.39074	-0.0129612	1	
4.39074	-0.0129612	1	
4.39074	-0.0129612	1	
4.39074	-0.0129612	1	
4.39074	-0.0129612	1	
4.39074	-0.0129612	1	
4.39074	-0.0129612	1	
4.39074	-0.0129612	1	
4.39074	-0.0129612	1	
4.39074	-0.0129612	1	
4.39074	-0.0129612	1	
4.39074	-0.0129612	1	
4.39074	-0.0129612	1	
4.39074	-0.0129612	1	
4.39074	-0.0129612	1	
4.39074	-0.0129612	1	
4.39074	-0.0129612	1	
4.39074	-0.0129612	1	
4.39074	-0.0129612	1	
4.39074	-0.0129612	1	
4.39074	-0.0129612	1	
4.39074	-0.0129612	1	
4.39074	-0.0129612	1	
4.39074	-0.0129612	1	
4.39074	-0.0129612	1	
4.39074	-0.0129612	1	
4.39074	-0.0129612	1	
4.39074	-0.0129612	1	
4.39074	-0.0129612	1	
4.39074	-0.0129612	1	
4.39074	-0.0129612	1	
4.39074	-0.0129612	1	
4.39074	-0.0129612	1	
4.39074	-0.0129612	1	
4.39074	-0.0129612	1	
4.39074	-0.0129612	1	
4.39074	-0.0129612	1	
4.39074	-0.0129612	1	
4.39074	-0.0129612	1	
4.39074	-0.0129612	1	
4.39074	-0.0129612	1	
4.39074	-0.0129612	1	
4.39074	-0.0129612	1	
4.39074	-0.0129612	1	
4.39074	-0.0129612	1	
4.39074	-0.0129612	1	
4.39074	-0.0129612	1	
4.39074	-0.0129612	1	
4.39074	-0.0129612	1	
4.39074	-0.0129612	1	
4.39074	-0.0129612	1	
4.39074	-0.0129612	1	
4.39074	-0.0129612	1	
4.39074	-0.0129612	1	
4.39074	-0.0129612	1	
4.39074	-0.0129612	1	
4.39074	-0.0129612	1	
4.39074	-0.0129612	1	
4.39074	-0.0129612	1	
4.39074	-0.0129612	1	
4.39074	-0.0129612	1	
4.39074	-0.0129612	1	
4.39074	-0.0129612	1	
4.39074	-0.0129612	1	
4.39074	-0.0129612	1	
4.39074	-0.0129612	1	
4.39074	-0.0129612	1	
4.39074	-0.0129612	1	
4.39074	-0.0129612	1	
4.39074	-0.0129612	1	
4.39074	-0.0129612	1	
4.39074	-0.0129612	1	
4.39074	-0.0129612	1	
4.39074	-0.0129612	1	
4.39074	-0.0129612	1	
4.39074	-0.0129612	1	
4.39074	-0.0129612	1	
4.39074	-0.0129612	1	
4.39074	-0.0129612	1	
4.39074	-0.0129612	1	
4.39074	-0.0129612	1	
4.39074	-0.0129612	1	
4.39074	-0.0129612	1	
4.39074	-0.0129612	1	
4.39074	-0.0129612	1	
4.39074	-0.0129612	1	
4.39074	-0.0129612	1	
4.39074	-0.0129612	1	
4.39074	-0.0129612	1	
4.39074	-0.0129612	1	
4.39074	-0.0129612	1	
4.39074	-0.0129612	1	
4.39074	-0.0129612	1	
4.39074	-0.0129612	1	
4.39074	-0.0129612	1	
4.39074	-0.0129612	1	
4.39074	-0.0129612	1	
4.39074	-0.0129612	1	
4.39074	-0.0129612	1	
4.39074	-0.0129612	1	
4.39074	-0.0129612	1	
4.39074	-0.0129612	1	
4.39074	-0.0129612	1	
4.39074	-0.0129612	1	
4.39074	-0.0129612	1	
4.39074	-0.0129612	1	
4.39074	-0.0129612	1	
4.39074	-0.0129612	1	
4.39074	-0.0129612	1	
4.39074	-0.0129612	1	
4.39074	-0.0129612	1	
4.39074	-0.0129612	1	
4.39074	-0.0129612	1	
4.39074	-0.0129612	1	
4.39074	-0.0129612	1	
4.39074	-0.0129612	1	
4.39074	-0.0129612	1	
4.39074	-0.0129612	1	
4.39074	-0.0129612	1	
4.39074	-0.0129612	1	
4.39074	-0.0129612	1	
4.39074	-0.0129612	1	
4.39074	-0.0129612	1	
4.39074	-0.0129612	1	
4.39074	-0.0129612	1	
4.39074	-0.0129612	1	
4.39074	-0.0129612	1	
4.39074	-0.0129612	1	
4.39074	-0.0129612	1	
4.39074	-0.0129612	1	
4.39074	-0.0129612	1	
4.39074	-0.0129612	1	
4.39074	-0.0129612	1	
4.39074	-0.0129612	1	
4.39074	-0.0129612	1	
4.39074	-0.0129612	1	
4.39074	-0.0129612	1	
4.39074	-0.0129612	1	
4.39074	-0.0129612	1	
4.39074	-0.0129612	1	
4.39074	-0.0129612	1	
4.39074	-0.0129612	1	
4.39074	-0.0129612	1	
4.39074	-0.0129612	1	
4.39074	-0.0129612	1	
4.39074	-0.0129612	1	
4.39074	-0.0129612	1	
4.39074	-0.0129612	1	
4.39074	-0.0129612	1	
4.39074	-0.0129612	1	
4.39074	-0.0129612	1	
4.39074	-0.0129612	1	
4.39074	-0.0129612	1	
4.39074	-0.0129612	1	
4.39074	-0.0129612	1	
4.39074	-0.0129612	1	
4.39074	-0.0129612	1	
4.39074	-0.0129612	1	
4.39074	-0.0129612	1	
4.39074	-0.0129612	1	
4.39074	-0.0129612	1	
4.39074	-0.0129612	1	
4.39074	-0.0129612	1	
4.39074	-0.0129612	1	
4.39074	-0.0129612	1	
4.39074	-0.0129612	1	
4.39074	-0.0129612	1	
4.39074	-0.0129612	1	
4.39074	-0.0129612	1	
4.39074	-0.0129612	1	
4.39074	-0.0129612	1	
4.39074	-0.0129612	1	
4.39074	-0.0129612	1	
4.39074	-0.0129612	1	
4.39074	-0.0129612	1	
4.39074	-0.0129612	1	
4.39074	-0.0129612	1	
4.39074	-0.0129612	1	
4.39074	-0.0129612	1	
4.39074	-0.0129612	1	
4.39074	-0.0129612	1	
4.39074	-0.0129612	1	
4.39074	-0.0129612	1	
4.39074	-0.0129612	1	
4.39074	-0.0129612	1	
4.39074	-0.0129612	1	
4.39074	-0.0129612	1	
4.39074	-0.0129612	1	
4.39074	-0.0129612	1	
4.39074	-0.0129612	1	
4.39074	-0.0129612	1	
4.39074	-0.0129612	1	
4.39074	-0.0129612	1	
4.39074	-0.0129612	1	
4.39074	-0.0129612	1	
4.39074	-0.0129612	1	
4.39074	-0.0129612	1	
4.39074	-0.0129612	1	
4.39074	-0.0129612	1	
4.39074	-0.0129612	1	
4.39074	-0.0129612	1	
4.39074	-0.0129612	1	
4.39074	-0.0129612	1	
4.39074	-0.0129612	1	
4.39074	-0.0129612	1	
4.39074	-0.0129612	1	
4.39074	-0.0129612	1	
4.39074	-0.0129612	1	
4.39074	-0.0129612	1	
4.39074	-0.0129612	1	
4.39074	-0.0129612	1	
4.39074	-0.0129612	1	
4.39074	-0.0129612	1	
4.39074	-0.0129612	1	
4.39074	-0.0129612	1	
4.39074	-0.0129612	1	
4.39074	-0.0129612	1	
4.39074	-0.0129612	1	
4.39074	-0.0129612	1	
4.39074	-0.0129612	1	
4.39074	-0.0129612	1	
4.39074	-0.0129612	1	
4.39074	-0.0129612	1	
4.39074	-0.0129612	1	
4.39074	-0.0129612	1	
4.39074	-0.0129612	1	
4.39074	-0.0129612	1	
4.39074	-0.0129612	1	
4.39074	-0.0129612	1	
4.39074	-0.0129612	1	
4.39074	-0.0129612	1	
4.39074	-0.0129612	1	
4.39074	-0.0129612	1	
4.39074	-0.0129612	1	
4.39074	-0.0129612	1	
4.39074	-0.0129612	1	
4.39074	-0.0129612	1	
4.39074	-0.0129612	1	
4.39074	-0.0129612	1	
4.39074	-0.0129612	1	
4.39074	-0.0129612	1	
4.39074	-0.0129612	1	
4.39074	-0.0129612	1	
4.39074	-0.0129612	1	
4.39074	-0.0129612	1	
4.39074	-0.0129612	1	
4.39074	-0.0129612	1	
4.39074	-0.0129612	1	
4.39074	-0.0129612	1	
4.39074	-0.0129612	1	
4.39074	-0.0129612	1	
4.39074	-0.0129612	1	
4.39074	-0.0129612	1	
4.39074	-0.0129612	1	
4.39074	-0.0129612	1	
4.39074	-0.0129612	1	
4.39074	-0.0129612	1	
4.39074	-0.0129612	1	
4.39074	-0.0129612	1	
4.39074	-0.0129612	1	
4.39074	-0.0129612	1	
4.39074	-0.0129612	1	
4.39074	-0.0129612	1	
4.39074	-0.0129612	1	
4.39074	-0.0129612	1	
4.39074	-0.0129612	1	
4.39074	-0.0129612	1	
4.39074	-0.0129612	1	
4.39074	-0.0129612	1	
4.39074	-0.0129612	1	
4.39074	-0.0129612	1	
4.39074	-0.0129612	1	
4.39074	-0.0129612	1	
4.39074	-0.0129612	1	
4.39074	-0.0129612	1	
4.39074	-0.0129612	1	
4.39074	-0.0129612	1	
4.39074	-0.0129612	1	
4.39074	-0.0129612	1	
4.39074	-0.0129612	1	
4.39074	-0.0129612	1	
4.39074	-0.0129612	1	
4.39074	-0.0129612	1	
4.39074	-0.0129612	1	
4.39074	-0.0129612	1	
4.39074	-0.0129612	1	
4.39074	-0.0129612	1	
4.39074	-0.0129612	1	
4.39074	-0.0129612	1	
4.39074	-0.0129612	1	
4.39074	-0.0129612	1	
4.39074	-0.0129612	1	
4.39074	-0.0129612	1	
4.39074	-0.0129612	1	
4.39074	-0.0129612	1	
4.39074	-0.0129612	1	
4.39074	-0.0129612	1	
4.39074	-0.0129612	1	
4.39074	-0.0129612	1	
4.39074	-0.0129612	1	
4.39074	-0.0129612	1	
4.39074	-0.0129612	1	
4.39074	-0.0129612	1	
4.39074	-0.0129612	1	
4.39074	-0.0129612	1	
4.39074	-0.0129612	1	
4.39074	-0.0129612	1	
4.39074	-0.0129612	1	
4.39074	-0.0129612	1	
4.39074	-0.0129612	1	
4.39074	-0.0129612	1	
