10	0	1	
10	0	1	
10	0	1	
10	0	1	
10	0	1	
10	0	1	
10	0	1	
10	0	1	
10	0	1	
10	0	1	
10	0	1	
10	0	1	
10	0	1	
10	0	1	
10	0	1	
10	0	1	
10	0	1	
10	0	1	
10	0	1	
10	0	1	
10	0	1	
10	0	1	
10	0	1	
10	0	1	
10	0	1	
10	0	1	
10	0	1	
10	0	1	
10	0	1	
10	0	1	
10	0	1	
10	0	1	
10	0	1	
10	0	1	
10	0	1	
10	0	1	
10	0	1	
10	0	1	
10	0	1	
10	0	1	
10	0	1	
10	0	1	
10	0	1	
10	0	1	
10	0	1	
10	0	1	
10	0	1	
10	0	1	
10	0	1	
10	0	1	
10	0	1	
10	0	1	
10	0	1	
10	0	1	
10	0	1	
10	0	1	
10	0	1	
10	0	1	
10	0	1	
10	0	1	
10	0	1	
10	0	1	
10	0	1	
10	0	1	
10	0	1	
10	0	1	
10	0	1	
10	0	1	
10	0	1	
10	0	1	
10	0	1	
10	0	1	
10	0	1	
10	0	1	
10	0	1	
10	0	1	
10	0	1	
10	0	1	
10	0	1	
10	0	1	
10	0	1	
10	0	1	
10	0	1	
10	0	1	
10	0	1	
10	0	1	
10	0	1	
10	0	1	
10	0	1	
10	0	1	
10	0	1	
10	0	1	
10	0	1	
10	0	1	
10	0	1	
10	0	1	
10	0	1	
10	0	1	
10	0	1	
10	0	1	
10	0	1	
10	0	1	
10	0	1	
10	0	1	
10	0	1	
10	0	1	
10	0	1	
10	0	1	
10	0	1	
10	0	1	
10	0	1	
10	0	1	
10	0	1	
10	0	1	
10	0	1	
10	0	1	
10	0	1	
10	0	1	
10	0	1	
10	0	1	
10	0	1	
10	0	1	
10	-0.0020175	1	
9.99999	-0.00374819	1	
9.99998	-0.00526677	1	
9.99996	-0.00660801	1	
9.99995	-0.0077994	1	
9.99993	-0.00889149	1	
9.99991	-0.00990361	1	
9.99989	-0.0108538	1	
9.99987	-0.0117464	1	
9.99984	-0.0125926	1	
9.99981	-0.013426	1	
9.99979	-0.0142414	1	
9.99976	-0.0150583	1	
9.99972	-0.0158671	1	
9.99969	-0.0166754	1	
9.99966	-0.0174857	1	
9.99962	-0.0182961	1	
9.99958	-0.0191069	1	
9.99954	-0.0199316	1	
9.9995	-0.02077	1	
9.99946	-0.0216168	1	
9.99941	-0.0224721	1	
9.99936	-0.0233438	1	
9.99932	-0.0242503	1	
9.99927	-0.0251658	1	
9.99921	-0.0260795	1	
9.99916	-0.0269978	1	
9.9991	-0.0279291	1	
9.99905	-0.0288755	1	
9.99899	-0.0298123	1	
9.99893	-0.0307579	1	
9.99886	-0.0317239	1	
9.9988	-0.0327114	1	
9.99873	-0.0337214	1	
9.99866	-0.0347173	1	
9.99859	-0.0357138	1	
9.99851	-0.0367266	1	
9.99844	-0.037769	1	
9.99836	-0.0388114	1	
9.99828	-0.0398555	1	
9.9982	-0.0409221	1	
9.99812	-0.0420121	1	
9.99803	-0.0430872	1	
9.99794	-0.0442064	1	
9.99785	-0.0453561	1	
9.99776	-0.0465263	1	
9.99766	-0.0477322	1	
9.99756	-0.0489491	1	
9.99746	-0.0501836	1	
9.99736	-0.0514743	1	
9.99725	-0.0528137	1	
9.99715	-0.0542103	1	
9.99704	-0.0556536	1	
9.99692	-0.0570986	1	
9.9968	-0.0585823	1	
9.99668	-0.0601187	1	
9.99656	-0.0616871	1	
9.99643	-0.0633467	1	
9.9963	-0.0650537	1	
9.99617	-0.0668152	1	
9.99603	-0.0686472	1	
9.99589	-0.0704849	1	
9.99575	-0.0723655	1	
9.9956	-0.0742778	1	
9.99545	-0.0762344	1	
9.99529	-0.0782428	1	
9.99513	-0.0802951	1	
9.99496	-0.0823529	1	
9.99479	-0.0844593	1	
9.99462	-0.0865767	1	
9.99444	-0.0887305	1	
9.99426	-0.0908904	1	
9.99408	-0.0930189	1	
9.99389	-0.09515	1	
9.99369	-0.0973136	1	
9.99349	-0.0995693	1	
9.99329	-0.10184	1	
9.99308	-0.104159	1	
9.99287	-0.10653	1	
9.99265	-0.108948	1	
9.99243	-0.111425	1	
9.9922	-0.113882	1	
9.99197	-0.116363	1	
9.99173	-0.118871	1	
9.99149	-0.121444	1	
9.99124	-0.124019	1	
9.99098	-0.126658	1	
9.99073	-0.129296	1	
9.99046	-0.132019	1	
9.99019	-0.134676	1	
9.98992	-0.137384	1	
9.98964	-0.140104	1	
9.98935	-0.142889	1	
9.98906	-0.145639	1	
9.98876	-0.148454	1	
9.98846	-0.151346	1	
9.98815	-0.15426	1	
9.98784	-0.157155	1	
9.98752	-0.160024	1	
9.98719	-0.162876	1	
9.98686	-0.165748	1	
9.98652	-0.168567	1	
9.98618	-0.171397	1	
9.98583	-0.17424	1	
9.98548	-0.177022	1	
9.98512	-0.179827	1	
9.98475	-0.182576	1	
9.98438	-0.185332	1	
9.98401	-0.188045	1	
9.98362	-0.190778	1	
9.98324	-0.193565	1	
9.98285	-0.196372	1	
9.98245	-0.199243	1	
9.98204	-0.202181	1	
9.98163	-0.205217	1	
9.98122	-0.208321	1	
9.98079	-0.211549	1	
9.98036	-0.214847	1	
9.97993	-0.218196	1	
9.97948	-0.221629	1	
9.97903	-0.225138	1	
9.97857	-0.228647	1	
9.97811	-0.232263	1	
9.97764	-0.235975	1	
9.97716	-0.239759	1	
9.97667	-0.243591	1	
9.97618	-0.247527	1	
9.97567	-0.251375	1	
9.97516	-0.255248	1	
9.97465	-0.259111	1	
9.97412	-0.262973	1	
9.97359	-0.266826	1	
9.97304	-0.270668	1	
9.9725	-0.274566	1	
9.97194	-0.278548	1	
9.97137	-0.282542	1	
9.9708	-0.286571	1	
9.97022	-0.290588	1	
9.96963	-0.294659	1	
9.96903	-0.298818	1	
9.96843	-0.303111	1	
9.96781	-0.307468	1	
9.96719	-0.311925	1	
9.96655	-0.316374	1	
9.96591	-0.320878	1	
9.96526	-0.325473	1	
9.9646	-0.330189	1	
9.96393	-0.335065	1	
9.96325	-0.340032	1	
9.96256	-0.345074	1	
9.96186	-0.35026	1	
9.96115	-0.355423	1	
9.96043	-0.360668	1	
9.9597	-0.365962	1	
9.95895	-0.371434	1	
9.9582	-0.377197	1	
9.95743	-0.383114	1	
9.95665	-0.389321	1	
9.95586	-0.395756	1	
9.95506	-0.402194	1	
9.95424	-0.408677	1	
9.95341	-0.415062	1	
9.95257	-0.421376	1	
9.95171	-0.427783	1	
9.95084	-0.434132	1	
9.94996	-0.440496	1	
9.94907	-0.446945	1	
9.94816	-0.453584	1	
9.94724	-0.460275	1	
9.94631	-0.467101	1	
9.94536	-0.47412	1	
9.9444	-0.481267	1	
9.94342	-0.488615	1	
9.94243	-0.496161	1	
9.94142	-0.503923	1	
9.9404	-0.511943	1	
9.93935	-0.520098	1	
9.9383	-0.528298	1	
9.93723	-0.536656	1	
9.93614	-0.545002	1	
9.93503	-0.553359	1	
9.9339	-0.561722	1	
9.93277	-0.570077	1	
9.93161	-0.578469	1	
9.93043	-0.586685	1	
9.92924	-0.594707	1	
9.92804	-0.602536	1	
9.92682	-0.610282	1	
9.92558	-0.617947	1	
9.92433	-0.625576	1	
9.92307	-0.633192	1	
9.92178	-0.640757	1	
9.92049	-0.648393	1	
9.91918	-0.656094	1	
9.91785	-0.6639	1	
9.9165	-0.671743	1	
9.91514	-0.67981	1	
9.91377	-0.687938	1	
9.91238	-0.696244	1	
9.91097	-0.704664	1	
9.90954	-0.713278	1	
9.9081	-0.722013	1	
9.90663	-0.731026	1	
9.90515	-0.740131	1	
9.90366	-0.74929	1	
9.90214	-0.7586	1	
9.9006	-0.768094	1	
9.89905	-0.777543	1	
9.89747	-0.786974	1	
9.89588	-0.796443	1	
9.89427	-0.805925	1	
9.89264	-0.815507	1	
9.89099	-0.825084	1	
9.88932	-0.834695	1	
9.88763	-0.844222	1	
9.88592	-0.853601	1	
9.8842	-0.863061	1	
9.88245	-0.872467	1	
9.88069	-0.881947	1	
9.8789	-0.891455	1	
9.8771	-0.90096	1	
9.87528	-0.910683	1	
9.87344	-0.920509	1	
9.87158	-0.930534	1	
9.8697	-0.940793	1	
9.86779	-0.951153	1	
9.86587	-0.961686	1	
9.86393	-0.972299	1	
9.86196	-0.98305	1	
9.85997	-0.994	1	
9.85796	-1.00518	1	
9.85593	-1.01659	1	
9.85387	-1.02808	1	
9.85179	-1.03972	1	
9.84969	-1.05143	1	
9.84756	-1.06304	1	
9.84542	-1.07462	1	
9.84324	-1.08636	1	
9.84105	-1.09836	1	
9.83883	-1.11062	1	
9.83658	-1.12306	1	
9.83431	-1.13557	1	
9.83201	-1.14816	1	
9.82969	-1.16081	1	
9.82734	-1.17332	1	
9.82497	-1.18562	1	
9.82258	-1.19791	1	
9.82016	-1.2103	1	
9.81771	-1.22292	1	
9.81524	-1.23561	1	
9.81274	-1.24831	1	
9.81022	-1.26096	1	
9.80767	-1.27355	1	
9.8051	-1.28596	1	
9.8025	-1.29842	1	
9.79988	-1.311	1	
9.79723	-1.3237	1	
9.79456	-1.33637	1	
9.79186	-1.34906	1	
9.78914	-1.36172	1	
9.78639	-1.37427	1	
9.78362	-1.38676	1	
9.78082	-1.39914	1	
9.778	-1.41169	1	
9.77515	-1.42447	1	
9.77227	-1.43741	1	
9.76937	-1.45035	1	
9.76645	-1.46314	1	
9.76349	-1.47563	1	
9.76052	-1.48805	1	
9.75752	-1.50052	1	
9.75449	-1.51325	1	
9.75144	-1.52635	1	
9.74836	-1.53955	1	
9.74525	-1.55266	1	
9.74212	-1.56532	1	
9.73897	-1.57766	1	
9.73579	-1.58952	1	
9.73259	-1.60121	1	
9.72936	-1.61298	1	
9.72611	-1.62491	1	
9.72284	-1.6368	1	
9.71954	-1.64836	1	
9.71622	-1.65963	1	
9.71288	-1.67093	1	
9.70951	-1.68237	1	
9.70613	-1.69389	1	
9.70271	-1.70567	1	
9.69928	-1.71793	1	
9.69582	-1.73076	1	
9.69233	-1.74403	1	
9.68881	-1.75754	1	
9.68527	-1.7711	1	
9.6817	-1.78465	1	
9.67811	-1.79814	1	
9.67448	-1.81166	1	
9.67083	-1.82539	1	
9.66715	-1.83957	1	
9.66345	-1.85419	1	
9.65971	-1.86906	1	
9.65594	-1.88401	1	
9.65214	-1.89898	1	
9.64831	-1.91409	1	
9.64445	-1.92941	1	
9.64056	-1.94486	1	
9.63664	-1.96038	1	
9.63269	-1.97597	1	
9.62871	-1.99164	1	
9.62469	-2.0076	1	
9.62065	-2.02404	1	
9.61656	-2.04071	1	
9.61245	-2.0574	1	
9.6083	-2.07381	1	
9.60412	-2.08976	1	
9.59991	-2.10509	1	
9.59567	-2.11986	1	
9.5914	-2.13402	1	
9.58711	-2.14739	1	
9.58279	-2.15995	1	
9.57845	-2.17193	1	
9.57408	-2.1837	1	
9.56969	-2.19567	1	
9.56527	-2.20832	1	
9.56083	-2.22175	1	
9.55635	-2.23588	1	
9.55185	-2.25068	1	
9.54732	-2.26601	1	
9.54276	-2.28202	1	
9.53816	-2.29847	1	
9.53353	-2.31524	1	
9.52886	-2.33238	1	
9.52417	-2.35011	1	
9.51943	-2.3686	1	
9.51465	-2.38803	1	
9.50984	-2.40817	1	
9.50498	-2.42904	1	
9.50008	-2.45018	1	
9.49513	-2.47105	1	
9.49015	-2.49145	1	
9.48513	-2.51134	1	
9.48007	-2.53049	1	
9.47497	-2.54853	1	
9.46984	-2.56552	1	
9.46468	-2.5818	1	
9.45948	-2.59776	1	
9.45425	-2.61362	1	
9.44899	-2.62938	1	
9.44371	-2.64484	1	
9.43839	-2.65959	1	
9.43304	-2.67352	1	
9.42767	-2.68657	1	
9.42227	-2.69896	1	
9.41685	-2.71077	1	
9.4114	-2.72271	1	
9.40593	-2.73512	1	
9.40043	-2.74848	1	
9.39491	-2.76319	1	
9.38935	-2.77925	1	
9.38376	-2.79627	1	
9.37813	-2.81312	0.999071	
9.37247	-2.82974	0.998055	
9.36678	-2.84612	0.996711	
9.36105	-2.86228	0.994793	
9.3553	-2.8782	0.992285	
9.34951	-2.89391	0.989704	
9.34369	-2.90939	0.987615	
9.33784	-2.92466	0.985311	
9.33196	-2.93972	0.983969	
9.32605	-2.95456	0.982926	
9.32011	-2.9692	0.982299	
9.31415	-2.98363	0.982036	
9.30815	-2.99786	0.981603	
9.30213	-3.01189	0.980117	
9.29608	-3.02572	0.977861	
9.29	-3.03936	0.975658	
9.28389	-3.05281	0.974044	
9.27776	-3.06607	0.972792	
9.2716	-3.07915	0.972572	
9.26542	-3.09204	0.973503	
9.25921	-3.10475	0.975062	
9.25297	-3.11728	0.976179	
9.24671	-3.12964	0.976394	
9.24043	-3.14183	0.975089	
9.23412	-3.15384	0.973058	
9.22779	-3.16569	0.971014	
9.22144	-3.17737	0.968708	
9.21506	-3.18888	0.967454	
9.20866	-3.20024	0.9662	
9.20224	-3.21144	0.965309	
9.19579	-3.22248	0.964033	
9.18932	-3.23336	0.961726	
9.18284	-3.24409	0.958423	
9.17633	-3.25468	0.955149	
9.1698	-3.26511	0.951514	
9.16325	-3.2754	0.948688	
9.15667	-3.28554	0.94666	
9.15008	-3.29555	0.94566	
9.14347	-3.30541	0.945442	
9.13684	-3.31513	0.945414	
9.13019	-3.32472	0.944881	
9.12352	-3.33418	0.94412	
9.11684	-3.3435	0.942789	
9.11013	-3.35269	0.941419	
9.10341	-3.36175	0.940414	
9.09667	-3.37069	0.940367	
9.08991	-3.3795	0.941151	
9.08313	-3.38818	0.941461	
9.07634	-3.39675	0.941296	
9.06953	-3.40519	0.940127	
9.0627	-3.41352	0.938554	
9.05586	-3.42173	0.936775	
9.049	-3.42983	0.935122	
9.04212	-3.43781	0.934634	
9.03523	-3.44568	0.935082	
9.02832	-3.45344	0.935678	
9.0214	-3.46109	0.935666	
9.01446	-3.46864	0.934873	
9.00751	-3.47608	0.93385	
9.00055	-3.48341	0.933445	
8.99356	-3.49064	0.934143	
8.98657	-3.49778	0.934819	
8.97956	-3.50481	0.935206	
8.97254	-3.51174	0.934467	
8.9655	-3.51857	0.932302	
8.95845	-3.52531	0.929213	
8.95138	-3.53196	0.925343	
8.94431	-3.53851	0.921528	
8.93722	-3.54497	0.918201	
8.93011	-3.55134	0.915415	
8.923	-3.55763	0.913176	
8.91587	-3.56382	0.910739	
8.90873	-3.56993	0.907859	
8.90158	-3.57595	0.904088	
8.89442	-3.58188	0.89982	
8.88724	-3.58774	0.895683	
8.88005	-3.59351	0.8924	
8.87286	-3.5992	0.890272	
8.86565	-3.60481	0.88902	
8.85842	-3.61034	0.888377	
8.85119	-3.6158	0.887328	
8.84395	-3.62118	0.886066	
8.8367	-3.62648	0.884431	
8.82943	-3.63171	0.88311	
8.82216	-3.63687	0.882529	
8.81488	-3.64195	0.882856	
8.80758	-3.64696	0.883451	
8.80028	-3.65191	0.884077	
8.79296	-3.65678	0.884428	
8.78564	-3.66158	0.884683	
8.77831	-3.66632	0.884506	
8.77097	-3.67099	0.884537	
8.76362	-3.6756	0.885597	
8.75626	-3.68014	0.887313	
8.74889	-3.68462	0.888608	
8.74151	-3.68903	0.889666	
8.73412	-3.69339	0.890451	
8.72673	-3.69768	0.891014	
8.71932	-3.70191	0.890685	
8.71191	-3.70609	0.890028	
8.70449	-3.7102	0.889196	
8.69706	-3.71426	0.888095	
8.68962	-3.71826	0.886573	
8.68218	-3.7222	0.884156	
8.67473	-3.72609	0.881467	
8.66727	-3.72993	0.878691	
8.6598	-3.73371	0.87592	
8.65233	-3.73744	0.87398	
8.64484	-3.74111	0.872459	
8.63735	-3.74474	0.870961	
8.62986	-3.74831	0.868971	
8.62235	-3.75183	0.86605	
8.61484	-3.75531	0.863243	
8.60733	-3.75873	0.860629	
8.5998	-3.76211	0.85886	
8.59227	-3.76544	0.85756	
8.58473	-3.76873	0.856478	
8.57719	-3.77196	0.855691	
8.56964	-3.77516	0.854713	
8.56208	-3.7783	0.853056	
8.55452	-3.78141	0.851585	
8.54695	-3.78447	0.850296	
8.53938	-3.78748	0.849371	
8.5318	-3.79046	0.84938	
8.52421	-3.79339	0.849312	
8.51662	-3.79629	0.849535	
8.50902	-3.79914	0.849368	
8.50141	-3.80195	0.848348	
8.4938	-3.80472	0.847506	
8.48619	-3.80746	0.846779	
8.47857	-3.81015	0.846788	
8.47094	-3.81281	0.847203	
8.46331	-3.81543	0.847789	
8.45568	-3.81801	0.84877	
8.44804	-3.82056	0.849626	
8.44039	-3.82307	0.849721	
8.43274	-3.82555	0.849691	
8.42508	-3.82799	0.850049	
8.41742	-3.8304	0.851039	
8.40976	-3.83278	0.85283	
8.40209	-3.83512	0.854569	
8.39441	-3.83743	0.855973	
8.38673	-3.8397	0.856173	
8.37905	-3.84195	0.855585	
8.37136	-3.84416	0.854778	
8.36367	-3.84634	0.853645	
8.35597	-3.84849	0.852474	
8.34827	-3.85061	0.851097	
8.34056	-3.8527	0.849645	
8.33285	-3.85477	0.848181	
8.32514	-3.8568	0.846604	
8.31742	-3.8588	0.844866	
8.3097	-3.86078	0.843162	
8.30198	-3.86273	0.841258	
8.29425	-3.86465	0.839825	
8.28651	-3.86655	0.838733	
8.27878	-3.86842	0.837785	
8.27104	-3.87026	0.836849	
8.26329	-3.87207	0.83588	
8.25554	-3.87386	0.834337	
8.24779	-3.87563	0.832699	
8.24004	-3.87737	0.83148	
8.23228	-3.87909	0.831143	
8.22452	-3.88078	0.831413	
8.21675	-3.88245	0.831853	
8.20898	-3.8841	0.83155	
8.20121	-3.88572	0.830673	
8.19344	-3.88732	0.829462	
8.18566	-3.8889	0.828072	
8.17788	-3.89045	0.826642	
8.1701	-3.89199	0.825994	
8.16231	-3.8935	0.825892	
8.15452	-3.89499	0.826425	
8.14673	-3.89646	0.827348	
8.13893	-3.89791	0.82808	
8.13113	-3.89934	0.828556	
8.12333	-3.90075	0.828586	
8.11553	-3.90214	0.828403	
8.10772	-3.90351	0.828457	
8.09991	-3.90486	0.829202	
8.0921	-3.90619	0.830435	
8.08428	-3.9075	0.831663	
8.07646	-3.9088	0.83216	
8.06864	-3.91007	0.83211	
8.06082	-3.91133	0.831801	
8.053	-3.91258	0.831055	
8.04517	-3.9138	0.830145	
8.03734	-3.91501	0.829457	
8.02951	-3.9162	0.828881	
8.02167	-3.91737	0.828261	
8.01383	-3.91853	0.82724	
8.00599	-3.91967	0.82545	
7.99815	-3.92079	0.823595	
7.99031	-3.9219	0.821461	
7.98246	-3.92299	0.819589	
7.97462	-3.92407	0.818519	
7.96676	-3.92513	0.817967	
7.95891	-3.92618	0.817821	
7.95106	-3.92722	0.817157	
7.9432	-3.92824	0.816414	
7.93534	-3.92924	0.815256	
7.92748	-3.93023	0.81413	
7.91962	-3.93121	0.813337	
7.91176	-3.93217	0.813429	
7.90389	-3.93312	0.813843	
7.89602	-3.93406	0.814775	
7.88815	-3.93498	0.815206	
7.88028	-3.93589	0.815136	
7.87241	-3.93679	0.814696	
7.86453	-3.93767	0.813672	
7.85665	-3.93854	0.81242	
7.84878	-3.93941	0.811547	
7.84089	-3.94025	0.811038	
7.83301	-3.94109	0.81076	
7.82513	-3.94191	0.810286	
7.81724	-3.94273	0.809537	
7.80936	-3.94353	0.808997	
7.80147	-3.94432	0.808257	
7.79358	-3.9451	0.807808	
7.78569	-3.94587	0.807732	
7.77779	-3.94663	0.808395	
7.7699	-3.94737	0.809791	
7.762	-3.94811	0.811536	
7.7541	-3.94884	0.813136	
7.7462	-3.94955	0.814582	
7.7383	-3.95026	0.815849	
7.7304	-3.95096	0.81649	
7.7225	-3.95164	0.817064	
7.71459	-3.95232	0.817683	
7.70669	-3.95299	0.818978	
7.69878	-3.95364	0.820089	
7.69087	-3.95429	0.820946	
7.68296	-3.95493	0.821671	
7.67505	-3.95556	0.821836	
7.66714	-3.95619	0.821101	
7.65923	-3.9568	0.819828	
7.65131	-3.95741	0.818102	
7.64339	-3.958	0.81601	
7.63548	-3.95859	0.813847	
7.62756	-3.95917	0.81187	
7.61964	-3.95974	0.810131	
7.61172	-3.9603	0.808285	
7.6038	-3.96086	0.806376	
7.59587	-3.96141	0.80471	
7.58795	-3.96195	0.803459	
7.58003	-3.96248	0.802798	
7.5721	-3.96301	0.802127	
7.56417	-3.96352	0.802111	
7.55624	-3.96403	0.80251	
7.54832	-3.96454	0.803096	
7.54039	-3.96503	0.803996	
7.53245	-3.96552	0.805159	
7.52452	-3.96601	0.806988	
7.51659	-3.96648	0.808933	
7.50866	-3.96695	0.810479	
7.50072	-3.96741	0.812025	
7.49278	-3.96787	0.813722	
7.48485	-3.96832	0.815572	
7.47691	-3.96876	0.817219	
7.46897	-3.9692	0.818339	
7.46103	-3.96963	0.819075	
7.45309	-3.97006	0.819754	
7.44515	-3.97048	0.819704	
7.43721	-3.97089	0.818884	
7.42927	-3.9713	0.817758	
7.42132	-3.9717	0.816322	
7.41338	-3.9721	0.814763	
7.40544	-3.97249	0.812758	
7.39749	-3.97287	0.811133	
7.38954	-3.97325	0.80971	
7.3816	-3.97363	0.808398	
7.37365	-3.974	0.807226	
7.3657	-3.97436	0.805989	
7.35775	-3.97472	0.804558	
7.3498	-3.97507	0.803328	
7.34185	-3.97542	0.802483	
7.3339	-3.97577	0.802504	
7.32594	-3.9761	0.803319	
7.31799	-3.97644	0.804407	
7.31004	-3.97677	0.805823	
7.30208	-3.97709	0.807143	
7.29413	-3.97742	0.808764	
7.28617	-3.97773	0.810362	
7.27822	-3.97804	0.812383	
7.27026	-3.97835	0.81496	
7.2623	-3.97865	0.817593	
7.25435	-3.97895	0.819898	
7.24639	-3.97925	0.821896	
7.23843	-3.97954	0.823584	
7.23047	-3.97982	0.824876	
7.22251	-3.98011	0.825949	
7.21455	-3.98039	0.826997	
7.20659	-3.98066	0.828544	
7.19862	-3.98093	0.8298	
7.19066	-3.9812	0.830475	
7.1827	-3.98146	0.830731	
7.17474	-3.98172	0.830391	
7.16677	-3.98198	0.82955	
7.15881	-3.98223	0.828761	
7.15084	-3.98248	0.827966	
7.14288	-3.98272	0.827713	
7.13491	-3.98296	0.827583	
7.12694	-3.9832	0.827247	
7.11898	-3.98344	0.82643	
7.11101	-3.98367	0.824958	
7.10304	-3.9839	0.822877	
7.09507	-3.98412	0.820335	
7.08711	-3.98435	0.817549	
7.07914	-3.98457	0.814888	
7.07117	-3.98478	0.812573	
7.0632	-3.98499	0.810471	
7.05523	-3.9852	0.80862	
7.04726	-3.98541	0.806938	
7.03928	-3.98562	0.805632	
7.03131	-3.98582	0.804383	
7.02334	-3.98602	0.803149	
7.01537	-3.98621	0.801836	
7.0074	-3.9864	0.800043	
6.99942	-3.9866	0.798282	
6.99145	-3.98678	0.79675	
6.98347	-3.98697	0.795776	
6.9755	-3.98715	0.795139	
6.96753	-3.98733	0.795513	
6.95955	-3.98751	0.796593	
6.95158	-3.98768	0.798669	
6.9436	-3.98785	0.801058	
6.93562	-3.98802	0.80373	
6.92765	-3.98819	0.80676	
6.91967	-3.98836	0.80986	
6.91169	-3.98852	0.812917	
6.90372	-3.98868	0.816399	
6.89574	-3.98884	0.819913	
6.88776	-3.989	0.823617	
6.87978	-3.98915	0.827262	
6.8718	-3.9893	0.830921	
6.86382	-3.98945	0.834569	
6.85585	-3.9896	0.837261	
6.84787	-3.98975	0.839309	
6.83989	-3.98989	0.840907	
6.83191	-3.99003	0.842015	
6.82393	-3.99017	0.842563	
6.81595	-3.99031	0.842215	
6.80796	-3.99044	0.840869	
6.79998	-3.99058	0.839454	
6.792	-3.99071	0.83762	
6.78402	-3.99084	0.835431	
6.77604	-3.99097	0.833596	
6.76806	-3.99109	0.831241	
6.76007	-3.99122	0.828635	
6.75209	-3.99134	0.826232	
6.74411	-3.99146	0.823413	
6.73612	-3.99158	0.8207	
6.72814	-3.9917	0.818032	
6.72016	-3.99182	0.815619	
6.71217	-3.99193	0.813838	
6.70419	-3.99204	0.81207	
6.69621	-3.99216	0.81097	
6.68822	-3.99226	0.810486	
6.68024	-3.99237	0.81052	
6.67225	-3.99248	0.811314	
6.66427	-3.99259	0.812497	
6.65628	-3.99269	0.815163	
6.64829	-3.99279	0.818234	
6.64031	-3.99289	0.821606	
6.63232	-3.99299	0.825543	
6.62434	-3.99309	0.829256	
6.61635	-3.99319	0.832569	
6.60836	-3.99328	0.835941	
6.60038	-3.99338	0.839413	
6.59239	-3.99347	0.843132	
6.5844	-3.99356	0.846464	
6.57642	-3.99365	0.848647	
6.56843	-3.99374	0.850476	
6.56044	-3.99383	0.851951	
6.55245	-3.99391	0.852935	
6.54447	-3.994	0.853806	
6.53648	-3.99408	0.854797	
6.52849	-3.99417	0.856018	
6.5205	-3.99425	0.856875	
6.51251	-3.99433	0.857369	
6.50452	-3.99441	0.857729	
6.49653	-3.99449	0.857612	
6.48854	-3.99456	0.857225	
6.48056	-3.99464	0.856534	
6.47257	-3.99471	0.856199	
6.46458	-3.99479	0.855947	
6.45659	-3.99486	0.855229	
6.4486	-3.99493	0.854376	
6.44061	-3.995	0.853335	
6.43262	-3.99507	0.851855	
6.42463	-3.99514	0.850578	
6.41664	-3.99521	0.849521	
6.40865	-3.99528	0.848659	
6.40065	-3.99534	0.847602	
6.39266	-3.99541	0.846049	
6.38467	-3.99547	0.844763	
6.37668	-3.99554	0.843891	
6.36869	-3.9956	0.843723	
6.3607	-3.99566	0.844907	
6.35271	-3.99572	0.84739	
6.34472	-3.99578	0.850212	
6.33672	-3.99584	0.853368	
6.32873	-3.9959	0.856862	
6.32074	-3.99596	0.860547	
6.31275	-3.99601	0.864283	
6.30476	-3.99607	0.868327	
6.29676	-3.99612	0.872892	
6.28877	-3.99618	0.877688	
6.28078	-3.99623	0.882022	
6.27279	-3.99628	0.885961	
6.26479	-3.99634	0.889614	
6.2568	-3.99639	0.892908	
6.24881	-3.99644	0.895204	
6.24082	-3.99649	0.896931	
6.23282	-3.99654	0.898253	
6.22483	-3.99659	0.898913	
6.21684	-3.99663	0.898734	
6.20884	-3.99668	0.897402	
6.20085	-3.99673	0.895788	
6.19286	-3.99677	0.893825	
6.18486	-3.99682	0.891956	
6.17687	-3.99686	0.89008	
6.16887	-3.99691	0.888848	
6.16088	-3.99695	0.88727	
6.15289	-3.99699	0.885618	
6.14489	-3.99703	0.883914	
6.1369	-3.99708	0.882632	
6.1289	-3.99712	0.881512	
6.12091	-3.99716	0.880535	
6.11292	-3.9972	0.879942	
6.10492	-3.99724	0.879661	
6.09693	-3.99728	0.879019	
6.08893	-3.99731	0.87845	
6.08094	-3.99735	0.877869	
6.07294	-3.99739	0.877339	
6.06495	-3.99742	0.877165	
6.05695	-3.99746	0.877555	
6.04896	-3.9975	0.87867	
6.04096	-3.99753	0.880651	
6.03297	-3.99757	0.883384	
6.02497	-3.9976	0.886764	
6.01698	-3.99763	0.890546	
6.00898	-3.99767	0.894499	
6.00099	-3.9977	0.89914	
5.99299	-3.99773	0.904574	
5.985	-3.99776	0.909917	
5.977	-3.99779	0.914997	
5.969	-3.99783	0.919699	
5.96101	-3.99786	0.924342	
5.95301	-3.99789	0.929203	
5.94502	-3.99792	0.934002	
5.93702	-3.99794	0.938841	
5.92903	-3.99797	0.943075	
5.92103	-3.998	0.946217	
5.91303	-3.99803	0.948496	
5.90504	-3.99806	0.949867	
5.89704	-3.99808	0.95009	
5.88904	-3.99811	0.9495	
5.88105	-3.99814	0.948205	
5.87305	-3.99816	0.946612	
5.86506	-3.99819	0.944739	
5.85706	-3.99821	0.942137	
5.84906	-3.99824	0.939599	
5.84107	-3.99826	0.937015	
5.83307	-3.99829	0.933933	
5.82507	-3.99831	0.931251	
5.81708	-3.99834	0.928467	
5.80908	-3.99836	0.925656	
5.80108	-3.99838	0.923045	
5.79309	-3.99841	0.920449	
5.78509	-3.99843	0.918313	
5.77709	-3.99845	0.916575	
5.76909	-3.99847	0.91613	
5.7611	-3.99849	0.916941	
5.7531	-3.99851	0.918218	
5.7451	-3.99853	0.920476	
5.73711	-3.99856	0.923146	
5.72911	-3.99858	0.926149	
5.72111	-3.9986	0.929838	
5.71312	-3.99862	0.934544	
5.70512	-3.99863	0.939752	
5.69712	-3.99865	0.945076	
5.68912	-3.99867	0.950451	
5.68113	-3.99869	0.956008	
5.67313	-3.99871	0.961202	
5.66513	-3.99873	0.96656	
5.65713	-3.99875	0.971692	
5.64914	-3.99876	0.977006	
5.64114	-3.99878	0.982079	
5.63314	-3.9988	0.985996	
5.62514	-3.99881	0.989097	
5.61715	-3.99883	0.991631	
5.60915	-3.99885	0.992712	
5.60115	-3.99886	0.993272	
5.59315	-3.99888	0.994182	
5.58515	-3.99889	0.994296	
5.57716	-3.99891	0.994514	
5.56916	-3.99893	0.994441	
5.56116	-3.99894	0.993746	
5.55316	-3.99896	0.993037	
5.54517	-3.99897	0.991882	
5.53717	-3.99898	0.990949	
5.52917	-3.999	0.989826	
5.52117	-3.99901	0.988219	
5.51317	-3.99903	0.986822	
5.50518	-3.99904	0.985463	
5.49718	-3.99905	0.984686	
5.48918	-3.99907	0.984918	
5.48118	-3.99908	0.985599	
5.47318	-3.99909	0.986977	
5.46518	-3.99911	0.988939	
5.45719	-3.99912	0.991322	
5.44919	-3.99913	0.994306	
5.44119	-3.99914	0.99688	
5.43319	-3.99901	1	
5.4252	-3.99601	1	
5.41722	-3.99007	1	
5.40926	-3.98171	1	
5.40131	-3.97163	1	
5.39339	-3.96	1	
5.3855	-3.94704	1	
5.37763	-3.93311	1	
5.3698	-3.91782	1	
5.36199	-3.90107	1	
5.35423	-3.88341	1	
5.3465	-3.86548	1	
5.3388	-3.84748	1	
5.33114	-3.82991	1	
5.32352	-3.81323	1	
5.31592	-3.79751	1	
5.30836	-3.78258	1	
5.30082	-3.76911	1	
5.2933	-3.75738	1	
5.28581	-3.7469	1	
5.27833	-3.73741	1	
5.27088	-3.72843	1	
5.26344	-3.7198	1	
5.25601	-3.71149	1	
5.24861	-3.70329	1	
5.24122	-3.69537	1	
5.23384	-3.68796	1	
5.22648	-3.68103	1	
5.21913	-3.67442	1	
5.2118	-3.66762	1	
5.20447	-3.66007	1	
5.19717	-3.65147	1	
5.18989	-3.64165	1	
5.18263	-3.63095	1	
5.17539	-3.61945	1	
5.16817	-3.6071	1	
5.16099	-3.59384	1	
5.15383	-3.57932	1	
5.1467	-3.56397	1	
5.1396	-3.54779	1	
5.13254	-3.53109	1	
5.12551	-3.51385	1	
5.11852	-3.49629	1	
5.11156	-3.47836	1	
5.10465	-3.45958	1	
5.09777	-3.43972	1	
5.09093	-3.41903	1	
5.08413	-3.39805	1	
5.07738	-3.3772	1	
5.07066	-3.35636	1	
5.06399	-3.33606	1	
5.05736	-3.31631	1	
5.05077	-3.29695	1	
5.04421	-3.2782	1	
5.03769	-3.26005	1	
5.0312	-3.24284	1	
5.02475	-3.22655	1	
5.01833	-3.21118	1	
5.01194	-3.19675	1	
5.00557	-3.18331	1	
4.99923	-3.17075	1	
4.99291	-3.15926	1	
4.98661	-3.14872	1	
4.98033	-3.13906	1	
4.97407	-3.13004	1	
4.96783	-3.12122	1	
4.96161	-3.11224	1	
4.9554	-3.10248	1	
4.94922	-3.09167	1	
4.94306	-3.07988	1	
4.93692	-3.067	1	
4.93082	-3.05327	1	
4.92474	-3.03877	1	
4.91869	-3.02361	1	
4.91268	-3.00755	1	
4.9067	-2.99033	1	
4.90075	-2.97215	1	
4.89485	-2.95323	1	
4.88898	-2.93389	1	
4.88315	-2.91431	1	
4.87736	-2.89469	1	
4.87161	-2.87507	1	
4.8659	-2.85557	1	
4.86023	-2.83582	1	
4.8546	-2.81588	1	
4.849	-2.79567	1	
4.84345	-2.77515	1	
4.83794	-2.75477	1	
4.83248	-2.73443	1	
4.82705	-2.71449	1	
4.82166	-2.69512	1	
4.8163	-2.67589	1	
4.81099	-2.65679	1	
4.80572	-2.63786	1	
4.80048	-2.61942	1	
4.79527	-2.60142	1	
4.79011	-2.58359	1	
4.78497	-2.56627	1	
4.77988	-2.54935	1	
4.77481	-2.53273	1	
4.76978	-2.51637	1	
4.76478	-2.50039	1	
4.75981	-2.48498	1	
4.75487	-2.47042	1	
4.74995	-2.45652	1	
4.74507	-2.44311	1	
4.74021	-2.43005	1	
4.73537	-2.41705	1	
4.73056	-2.40398	1	
4.72578	-2.3904	1	
4.72103	-2.37651	1	
4.7163	-2.36257	1	
4.71161	-2.3484	1	
4.70694	-2.33413	1	
4.7023	-2.31976	1	
4.69769	-2.30516	1	
4.69311	-2.29021	1	
4.68856	-2.27435	1	
4.68405	-2.25761	1	
4.67957	-2.24019	1	
4.67512	-2.22257	1	
4.67071	-2.2048	1	
4.66634	-2.18704	1	
4.662	-2.16915	1	
4.6577	-2.15133	1	
4.65343	-2.13369	1	
4.6492	-2.11605	1	
4.645	-2.09826	1	
4.64084	-2.08019	1	
4.63671	-2.06229	1	
4.63263	-2.04476	1	
4.62857	-2.02809	1	
4.62454	-2.01229	1	
4.62055	-1.99741	1	
4.61658	-1.98325	1	
4.61264	-1.96986	1	
4.60873	-1.95669	1	
4.60484	-1.94369	1	
4.60098	-1.93065	1	
4.59715	-1.9178	1	
4.59333	-1.90546	1	
4.58955	-1.8936	1	
4.58578	-1.88225	1	
4.58204	-1.87131	1	
4.57832	-1.86056	1	
4.57462	-1.85005	1	
4.57094	-1.83939	1	
4.56728	-1.82865	1	
4.56365	-1.81774	1	
4.56003	-1.8069	1	
4.55644	-1.79605	1	
4.55287	-1.78531	1	
4.54932	-1.77451	1	
4.54579	-1.76362	1	
4.54229	-1.75263	1	
4.53881	-1.74148	1	
4.53535	-1.72999	1	
4.53191	-1.7178	1	
4.5285	-1.70475	1	
4.52512	-1.69089	1	
4.52177	-1.67629	1	
4.51844	-1.66132	1	
4.51515	-1.64599	1	
4.51189	-1.63032	1	
4.50866	-1.61436	1	
4.50547	-1.59807	1	
4.5023	-1.58149	1	
4.49918	-1.56448	1	
4.49608	-1.54684	1	
4.49302	-1.52872	1	
4.49	-1.51033	1	
4.48702	-1.49196	1	
4.48407	-1.47393	1	
4.48116	-1.45631	1	
4.47828	-1.43925	1	
4.47544	-1.42266	1	
4.47262	-1.40657	1	
4.46984	-1.3912	1	
4.46709	-1.37643	1	
4.46436	-1.36222	1	
4.46167	-1.34833	1	
4.459	-1.33466	1	
4.45635	-1.32122	1	
4.45374	-1.30816	1	
4.45115	-1.29536	1	
4.44858	-1.28284	1	
4.44604	-1.27058	1	
4.44352	-1.25851	1	
4.44103	-1.24655	1	
4.43856	-1.23477	1	
4.43611	-1.22318	1	
4.43369	-1.21182	1	
4.43129	-1.20051	1	
4.42891	-1.18918	1	
4.42656	-1.17774	1	
4.42422	-1.16618	1	
4.42191	-1.15459	1	
4.41963	-1.14313	1	
4.41736	-1.132	1	
4.41512	-1.12131	1	
4.4129	-1.11082	1	
4.4107	-1.10064	1	
4.40852	-1.09054	1	
4.40636	-1.08064	1	
4.40421	-1.07098	1	
4.40209	-1.06152	1	
4.39999	-1.05228	1	
4.3979	-1.04319	1	
4.39583	-1.03419	1	
4.39378	-1.02527	1	
4.39175	-1.01637	1	
4.38973	-1.00755	1	
4.38774	-0.998588	1	
4.38576	-0.989564	1	
4.3838	-0.980479	1	
4.38185	-0.971299	1	
4.37993	-0.961948	1	
4.37802	-0.952411	1	
4.37614	-0.942641	1	
4.37427	-0.932659	1	
4.37243	-0.922451	1	
4.3706	-0.91205	1	
4.3688	-0.90134	1	
4.36702	-0.89043	1	
4.36526	-0.879261	1	
4.36353	-0.867927	1	
4.36181	-0.856526	1	
4.36012	-0.845104	1	
4.35846	-0.833691	1	
4.35681	-0.822325	1	
4.35519	-0.810865	1	
4.35359	-0.799204	1	
4.35202	-0.787411	1	
4.35047	-0.7755	1	
4.34894	-0.763465	1	
4.34744	-0.751484	1	
4.34596	-0.739609	1	
4.3445	-0.727833	1	
4.34307	-0.716189	1	
4.34166	-0.704525	1	
4.34027	-0.692926	1	
4.33891	-0.681353	1	
4.33757	-0.669775	1	
4.33625	-0.658267	1	
4.33496	-0.646915	1	
4.33369	-0.635857	1	
4.33244	-0.625197	1	
4.33121	-0.614902	1	
4.33	-0.60514	1	
4.32881	-0.595721	1	
4.32763	-0.586681	1	
4.32648	-0.577976	1	
4.32534	-0.569532	1	
4.32422	-0.561433	1	
4.32311	-0.553651	1	
4.32202	-0.546314	1	
4.32094	-0.539382	1	
4.31987	-0.532896	1	
4.31882	-0.526737	1	
4.31778	-0.520838	1	
4.31675	-0.515048	1	
4.31573	-0.509362	1	
4.31472	-0.503573	1	
4.31373	-0.497598	1	
4.31274	-0.491448	1	
4.31177	-0.485177	1	
4.31081	-0.478866	1	
4.30987	-0.472625	1	
4.30894	-0.466371	1	
4.30802	-0.46022	1	
4.30711	-0.454113	1	
4.30621	-0.447911	1	
4.30533	-0.441661	1	
4.30446	-0.435275	1	
4.3036	-0.428852	1	
4.30276	-0.422362	1	
4.30192	-0.415775	1	
4.30111	-0.409115	1	
4.3003	-0.402356	1	
4.29951	-0.395526	1	
4.29873	-0.38863	1	
4.29797	-0.381692	1	
4.29722	-0.374754	1	
4.29648	-0.367858	1	
4.29576	-0.360777	1	
4.29506	-0.353696	1	
4.29436	-0.346579	1	
4.29368	-0.339327	1	
4.29302	-0.332071	1	
4.29237	-0.32478	1	
4.29173	-0.317416	1	
4.29111	-0.310072	1	
4.29051	-0.302681	1	
4.28992	-0.295338	1	
4.28934	-0.288044	1	
4.28878	-0.280849	1	
4.28823	-0.273805	1	
4.2877	-0.266858	1	
4.28718	-0.260021	1	
4.28667	-0.253365	1	
4.28618	-0.246894	1	
4.2857	-0.24061	1	
4.28523	-0.234526	1	
4.28477	-0.228697	1	
4.28433	-0.223114	1	
4.28389	-0.217694	1	
4.28346	-0.212369	1	
4.28305	-0.207209	1	
4.28265	-0.202204	1	
4.28225	-0.19733	1	
4.28187	-0.19257	1	
4.28149	-0.187933	1	
4.28112	-0.183471	1	
4.28077	-0.179094	1	
4.28042	-0.17479	1	
4.28007	-0.170565	1	
4.27974	-0.166339	1	
4.27942	-0.162187	1	
4.2791	-0.158104	1	
4.27879	-0.154039	1	
4.27849	-0.150051	1	
4.2782	-0.146114	1	
4.27792	-0.142251	1	
4.27764	-0.138494	1	
4.27737	-0.134845	1	
4.27711	-0.131292	1	
4.27685	-0.127782	1	
4.2766	-0.124324	1	
4.27636	-0.120948	1	
4.27613	-0.117642	1	
4.2759	-0.114414	1	
4.27567	-0.111243	1	
4.27546	-0.108117	1	
4.27525	-0.105073	1	
4.27504	-0.102022	1	
4.27485	-0.0990106	1	
4.27465	-0.0960406	1	
4.27447	-0.0930747	1	
4.27429	-0.0901482	1	
4.27411	-0.0872289	1	
4.27394	-0.0843198	1	
4.27378	-0.0814109	1	
4.27362	-0.0785301	1	
4.27347	-0.0756889	1	
4.27333	-0.0728491	1	
4.27319	-0.0700182	1	
4.27305	-0.0672267	1	
4.27292	-0.0644769	1	
4.2728	-0.0617924	1	
4.27268	-0.0591749	1	
4.27257	-0.0566036	1	
4.27246	-0.0540871	1	
4.27236	-0.0516278	1	
4.27226	-0.0492206	1	
4.27217	-0.0468734	1	
4.27208	-0.0445618	1	
4.27199	-0.0422931	1	
4.27191	-0.0400941	1	
4.27184	-0.0379402	1	
4.27176	-0.035862	1	
4.2717	-0.0338287	1	
4.27163	-0.0318732	1	
4.27157	-0.030002	1	
4.27152	-0.0282155	1	
4.27146	-0.0265128	1	
4.27141	-0.0248837	1	
4.27137	-0.0233265	1	
4.27132	-0.021851	1	
4.27128	-0.0204457	1	
4.27124	-0.0191222	1	
4.27121	-0.0178803	1	
4.27117	-0.0167082	1	
4.27114	-0.0156035	1	
4.27111	-0.0145531	1	
4.27109	-0.0137129	1	
4.27106	-0.0130406	1	
4.27104	-0.0125029	1	
4.27101	-0.0120726	1	
4.27099	-0.0117285	1	
4.27097	-0.0114531	1	
4.27094	-0.0112328	1	
4.27092	-0.0110566	1	
4.2709	-0.0109157	1	
4.27088	-0.0108029	1	
4.27086	-0.0107126	1	
4.27083	-0.0106405	1	
4.27081	-0.0105827	1	
4.27079	-0.0105365	1	
4.27077	-0.0104996	1	
4.27075	-0.01047	1	
4.27073	-0.0104464	1	
4.27071	-0.0104274	1	
4.27069	-0.0104123	1	
4.27067	-0.0104002	1	
4.27065	-0.0103905	1	
4.27063	-0.0103828	1	
4.2706	-0.0103766	1	
4.27058	-0.0103716	1	
4.27056	-0.0103676	1	
4.27054	-0.0103644	1	
4.27052	-0.0103619	1	
4.2705	-0.0103599	1	
4.27048	-0.0103583	1	
4.27046	-0.010357	1	
4.27044	-0.0103559	1	
4.27042	-0.0103551	1	
4.2704	-0.0103544	1	
4.27038	-0.0103539	1	
4.27036	-0.0103535	1	
4.27034	-0.0103531	1	
4.27031	-0.0103528	1	
4.27029	-0.0103526	1	
4.27027	-0.0103525	1	
4.27025	-0.0103523	1	
4.27023	-0.0103522	1	
4.27021	-0.0103521	1	
4.27019	-0.010352	1	
4.27017	-0.010352	1	
4.27015	-0.0103519	1	
4.27013	-0.0103519	1	
4.27011	-0.0103519	1	
4.27009	-0.0103518	1	
4.27007	-0.0103518	1	
4.27005	-0.0103518	1	
4.27002	-0.0103518	1	
4.27	-0.0103518	1	
4.26998	-0.0103518	1	
4.26996	-0.0103518	1	
4.26994	-0.0103518	1	
4.26992	-0.0103518	1	
4.2699	-0.0103518	1	
4.26988	-0.0103518	1	
4.26986	-0.0103518	1	
4.26984	-0.0103518	1	
4.26982	-0.0103518	1	
4.2698	-0.0103518	1	
4.26978	-0.0103518	1	
4.26976	-0.0103518	1	
4.26973	-0.0103518	1	
4.26971	-0.0103518	1	
4.26969	-0.0103518	1	
4.26967	-0.0103518	1	
4.26965	-0.0103518	1	
4.26963	-0.0103518	1	
4.26961	-0.0103518	1	
4.26959	-0.0103518	1	
4.26957	-0.0103518	1	
4.26955	-0.0103518	1	
4.26953	-0.0103518	1	
4.26951	-0.0103518	1	
4.26949	-0.0103518	1	
4.26947	-0.0103518	1	
4.26944	-0.0103518	1	
4.26942	-0.0103518	1	
4.2694	-0.0103518	1	
4.26938	-0.0103518	1	
4.26936	-0.0103518	1	
4.26934	-0.0103518	1	
4.26932	-0.0103518	1	
4.2693	-0.0103518	1	
4.26928	-0.0103518	1	
4.26926	-0.0103518	1	
4.26924	-0.0103518	1	
4.26922	-0.0103518	1	
4.2692	-0.0103518	1	
4.26918	-0.0103518	1	
4.26916	-0.0103518	1	
4.26913	-0.0103518	1	
4.26911	-0.0103518	1	
4.26909	-0.0103518	1	
4.26907	-0.0103518	1	
4.26905	-0.0103518	1	
4.26903	-0.0103518	1	
4.26901	-0.0103518	1	
4.26899	-0.0103518	1	
4.26897	-0.0103518	1	
4.26895	-0.0103518	1	
4.26893	-0.0103518	1	
4.26891	-0.0103518	1	
4.26889	-0.0103518	1	
4.26887	-0.0103518	1	
4.26884	-0.0103518	1	
4.26882	-0.0103518	1	
4.2688	-0.0103518	1	
4.26878	-0.0103518	1	
4.26876	-0.0103518	1	
4.26874	-0.0103518	1	
4.26872	-0.0103518	1	
4.2687	-0.0103518	1	
4.26868	-0.0103518	1	
4.26866	-0.0103518	1	
4.26864	-0.0103518	1	
4.26862	-0.0103518	1	
4.2686	-0.0103518	1	
4.26858	-0.0103518	1	
4.26855	-0.0103518	1	
4.26853	-0.0103518	1	
4.26851	-0.0103518	1	
4.26849	-0.0103518	1	
4.26847	-0.0103518	1	
4.26845	-0.0103518	1	
4.26843	-0.0103518	1	
4.26841	-0.0103518	1	
4.26839	-0.0103518	1	
4.26837	-0.0103518	1	
4.26835	-0.0103518	1	
4.26833	-0.0103518	1	
4.26831	-0.0103518	1	
4.26829	-0.0103518	1	
4.26826	-0.0103518	1	
4.26824	-0.0103518	1	
4.26822	-0.0103518	1	
4.2682	-0.0103518	1	
4.26818	-0.0103518	1	
4.26816	-0.0103518	1	
4.26814	-0.0103518	1	
4.26812	-0.0103518	1	
4.2681	-0.0103518	1	
4.26808	-0.0103518	1	
4.26806	-0.0103518	1	
4.26804	-0.0103518	1	
4.26802	-0.0103518	1	
4.268	-0.0103518	1	
4.26797	-0.0103518	1	
4.26795	-0.0103518	1	
4.26793	-0.0103518	1	
4.26791	-0.0103518	1	
4.26789	-0.0103518	1	
4.26787	-0.0103518	1	
4.26785	-0.0103518	1	
4.26783	-0.0103518	1	
4.26781	-0.0103518	1	
4.26779	-0.0103518	1	
4.26777	-0.0103518	1	
4.26775	-0.0103518	1	
4.26773	-0.0103518	1	
4.26771	-0.0103518	1	
4.26768	-0.0103518	1	
4.26766	-0.0103518	1	
4.26764	-0.0103518	1	
4.26762	-0.0103518	1	
4.2676	-0.0103518	1	
4.26758	-0.0103518	1	
4.26756	-0.0103518	1	
4.26754	-0.0103518	1	
4.26752	-0.0103518	1	
4.2675	-0.0103518	1	
4.26748	-0.0103518	1	
4.26746	-0.0103518	1	
4.26744	-0.0103518	1	
4.26742	-0.0103518	1	
4.2674	-0.0103518	1	
4.26737	-0.0103518	1	
4.26735	-0.0103518	1	
4.26733	-0.0103518	1	
4.26731	-0.0103518	1	
4.26729	-0.0103518	1	
4.26727	-0.0103518	1	
4.26725	-0.0103518	1	
4.26723	-0.0103518	1	
4.26721	-0.0103518	1	
4.26719	-0.0103518	1	
4.26717	-0.0103518	1	
4.26715	-0.0103518	1	
4.26713	-0.0103518	1	
4.26711	-0.0103518	1	
4.26708	-0.0103518	1	
4.26706	-0.0103518	1	
4.26704	-0.0103518	1	
4.26702	-0.0103518	1	
4.267	-0.0103518	1	
4.26698	-0.0103518	1	
4.26696	-0.0103518	1	
4.26694	-0.0103518	1	
4.26692	-0.0103518	1	
4.2669	-0.0103518	1	
4.26688	-0.0103518	1	
4.26686	-0.0103518	1	
4.26684	-0.0103518	1	
4.26682	-0.0103518	1	
4.26679	-0.0103518	1	
4.26677	-0.0103518	1	
4.26675	-0.0103518	1	
4.26673	-0.0103518	1	
4.26671	-0.0103518	1	
4.26669	-0.0103518	1	
4.26667	-0.0103518	1	
4.26665	-0.0103518	1	
4.26663	-0.0103518	1	
4.26661	-0.0103518	1	
4.26659	-0.0103518	1	
4.26657	-0.0103518	1	
4.26655	-0.0103518	1	
4.26653	-0.0103518	1	
4.26651	-0.0103518	1	
4.26648	-0.0103518	1	
4.26646	-0.0103518	1	
4.26644	-0.0103518	1	
4.26642	-0.0103518	1	
4.2664	-0.0103518	1	
4.26638	-0.0103518	1	
4.26636	-0.0103518	1	
4.26634	-0.0103518	1	
4.26632	-0.0103518	1	
4.2663	-0.0103518	1	
4.26628	-0.0103518	1	
4.26626	-0.0103518	1	
4.26624	-0.0103518	1	
4.26622	-0.0103518	1	
4.26619	-0.0103518	1	
4.26617	-0.0103518	1	
4.26615	-0.0103518	1	
4.26613	-0.0103518	1	
4.26611	-0.0103518	1	
4.26609	-0.0103518	1	
4.26607	-0.0103518	1	
4.26605	-0.0103518	1	
4.26603	-0.0103518	1	
4.26601	-0.0103518	1	
4.26599	-0.0103518	1	
4.26597	-0.0103518	1	
4.26595	-0.0103518	1	
4.26593	-0.0103518	1	
4.2659	-0.0103518	1	
4.26588	-0.0103518	1	
4.26586	-0.0103518	1	
4.26584	-0.0103518	1	
4.26582	-0.0103518	1	
4.2658	-0.0103518	1	
4.26578	-0.0103518	1	
4.26576	-0.0103518	1	
4.26574	-0.0103518	1	
4.26572	-0.0103518	1	
4.2657	-0.0103518	1	
4.26568	-0.0103518	1	
4.26566	-0.0103518	1	
4.26564	-0.0103518	1	
4.26561	-0.0103518	1	
4.26559	-0.0103518	1	
4.26557	-0.0103518	1	
4.26555	-0.0103518	1	
4.26553	-0.0103518	1	
4.26551	-0.0103518	1	
4.26549	-0.0103518	1	
4.26547	-0.0103518	1	
4.26545	-0.0103518	1	
4.26543	-0.0103518	1	
4.26541	-0.0103518	1	
4.26539	-0.0103518	1	
4.26537	-0.0103518	1	
4.26535	-0.0103518	1	
4.26533	-0.0103518	1	
4.2653	-0.0103518	1	
4.26528	-0.0103518	1	
4.26526	-0.0103518	1	
4.26524	-0.0103518	1	
4.26522	-0.0103518	1	
4.2652	-0.0103518	1	
4.26518	-0.0103518	1	
4.26516	-0.0103518	1	
4.26514	-0.0103518	1	
4.26512	-0.0103518	1	
4.2651	-0.0103518	1	
4.26508	-0.0103518	1	
4.26506	-0.0103518	1	
4.26504	-0.0103518	1	
4.26501	-0.0103518	1	
4.26499	-0.0103518	1	
4.26497	-0.0103518	1	
4.26495	-0.0103518	1	
4.26493	-0.0103518	1	
4.26491	-0.0103518	1	
4.26489	-0.0103518	1	
4.26487	-0.0103518	1	
4.26485	-0.0103518	1	
4.26483	-0.0103518	1	
4.26481	-0.0103518	1	
4.26479	-0.0103518	1	
4.26477	-0.0103518	1	
4.26475	-0.0103518	1	
4.26472	-0.0103518	1	
4.2647	-0.0103518	1	
4.26468	-0.0103518	1	
4.26466	-0.0103518	1	
4.26464	-0.0103518	1	
4.26462	-0.0103518	1	
4.2646	-0.0103518	1	
4.26458	-0.0103518	1	
4.26456	-0.0103518	1	
4.26454	-0.0103518	1	
4.26452	-0.0103518	1	
4.2645	-0.0103518	1	
4.26448	-0.0103518	1	
4.26446	-0.0103518	1	
4.26443	-0.0103518	1	
4.26441	-0.0103518	1	
4.26439	-0.0103518	1	
4.26437	-0.0103518	1	
4.26435	-0.0103518	1	
4.26433	-0.0103518	1	
4.26431	-0.0103518	1	
4.26429	-0.0103518	1	
4.26427	-0.0103518	1	
4.26425	-0.0103518	1	
4.26423	-0.0103518	1	
4.26421	-0.0103518	1	
4.26419	-0.0103518	1	
4.26417	-0.0103518	1	
4.26414	-0.0103518	1	
4.26412	-0.0103518	1	
4.2641	-0.0103518	1	
4.26408	-0.0103518	1	
4.26406	-0.0103518	1	
4.26404	-0.0103518	1	
4.26402	-0.0103518	1	
4.264	-0.0103518	1	
4.26398	-0.0103518	1	
4.26396	-0.0103518	1	
4.26394	-0.0103518	1	
4.26392	-0.0103518	1	
4.2639	-0.0103518	1	
4.26388	-0.0103518	1	
4.26385	-0.0103518	1	
4.26383	-0.0103518	1	
4.26381	-0.0103518	1	
4.26379	-0.0103518	1	
4.26377	-0.0103518	1	
4.26375	-0.0103518	1	
4.26373	-0.0103518	1	
4.26371	-0.0103518	1	
4.26369	-0.0103518	1	
4.26367	-0.0103518	1	
4.26365	-0.0103518	1	
4.26363	-0.0103518	1	
4.26361	-0.0103518	1	
4.26359	-0.0103518	1	
4.26357	-0.0103518	1	
4.26354	-0.0103518	1	
4.26352	-0.0103518	1	
4.2635	-0.0103518	1	
4.26348	-0.0103518	1	
4.26346	-0.0103518	1	
4.26344	-0.0103518	1	
4.26342	-0.0103518	1	
4.2634	-0.0103518	1	
4.26338	-0.0103518	1	
4.26336	-0.0103518	1	
4.26334	-0.0103518	1	
4.26332	-0.0103518	1	
4.2633	-0.0103518	1	
4.26328	-0.0103518	1	
4.26325	-0.0103518	1	
4.26323	-0.0103518	1	
4.26321	-0.0103518	1	
4.26319	-0.0103518	1	
4.26317	-0.0103518	1	
4.26315	-0.0103518	1	
4.26313	-0.0103518	1	
4.26311	-0.0103518	1	
4.26309	-0.0103518	1	
4.26307	-0.0103518	1	
4.26305	-0.0103518	1	
4.26303	-0.0103518	1	
4.26301	-0.0103518	1	
4.26299	-0.0103518	1	
4.26296	-0.0103518	1	
4.26294	-0.0103518	1	
4.26292	-0.0103518	1	
4.2629	-0.0103518	1	
4.26288	-0.0103518	1	
4.26286	-0.0103518	1	
4.26284	-0.0103518	1	
4.26282	-0.0103518	1	
4.2628	-0.0103518	1	
4.26278	-0.0103518	1	
4.26276	-0.0103518	1	
4.26274	-0.0103518	1	
4.26272	-0.0103518	1	
4.2627	-0.0103518	1	
4.26267	-0.0103518	1	
4.26265	-0.0103518	1	
4.26263	-0.0103518	1	
4.26261	-0.0103518	1	
4.26259	-0.0103518	1	
4.26257	-0.0103518	1	
4.26255	-0.0103518	1	
4.26253	-0.0103518	1	
4.26251	-0.0103518	1	
4.26249	-0.0103518	1	
4.26247	-0.0103518	1	
4.26245	-0.0103518	1	
4.26243	-0.0103518	1	
4.26241	-0.0103518	1	
4.26238	-0.0103518	1	
4.26236	-0.0103518	1	
4.26234	-0.0103518	1	
4.26232	-0.0103518	1	
4.2623	-0.0103518	1	
4.26228	-0.0103518	1	
4.26226	-0.0103518	1	
4.26224	-0.0103518	1	
4.26222	-0.0103518	1	
4.2622	-0.0103518	1	
4.26218	-0.0103518	1	
4.26216	-0.0103518	1	
4.26214	-0.0103518	1	
4.26212	-0.0103518	1	
4.2621	-0.0103518	1	
4.26207	-0.0103518	1	
4.26205	-0.0103518	1	
4.26203	-0.0103518	1	
4.26201	-0.0103518	1	
4.26199	-0.0103518	1	
4.26197	-0.0103518	1	
4.26195	-0.0103518	1	
4.26193	-0.0103518	1	
4.26191	-0.0103518	1	
4.26189	-0.0103518	1	
4.26187	-0.0103518	1	
4.26185	-0.0103518	1	
4.26183	-0.0103518	1	
4.26181	-0.0103518	1	
4.26178	-0.0103518	1	
4.26176	-0.0103518	1	
4.26174	-0.0103518	1	
4.26172	-0.0103518	1	
4.2617	-0.0103518	1	
4.26168	-0.0103518	1	
4.26166	-0.0103518	1	
4.26164	-0.0103518	1	
4.26162	-0.0103518	1	
4.2616	-0.0103518	1	
4.26158	-0.0103518	1	
4.26156	-0.0103518	1	
4.26154	-0.0103518	1	
4.26152	-0.0103518	1	
4.26149	-0.0103518	1	
4.26147	-0.0103518	1	
4.26145	-0.0103518	1	
4.26143	-0.0103518	1	
4.26141	-0.0103518	1	
4.26139	-0.0103518	1	
4.26137	-0.0103518	1	
4.26135	-0.0103518	1	
4.26133	-0.0103518	1	
4.26131	-0.0103518	1	
4.26129	-0.0103518	1	
4.26127	-0.0103518	1	
4.26125	-0.0103518	1	
4.26123	-0.0103518	1	
4.26121	-0.0103518	1	
4.26118	-0.0103518	1	
4.26116	-0.0103518	1	
4.26114	-0.0103518	1	
4.26112	-0.0103518	1	
4.2611	-0.0103518	1	
4.26108	-0.0103518	1	
4.26106	-0.0103518	1	
4.26104	-0.0103518	1	
4.26102	-0.0103518	1	
4.261	-0.0103518	1	
4.26098	-0.0103518	1	
4.26096	-0.0103518	1	
4.26094	-0.0103518	1	
4.26092	-0.0103518	1	
4.26089	-0.0103518	1	
4.26087	-0.0103518	1	
4.26085	-0.0103518	1	
4.26083	-0.0103518	1	
4.26081	-0.0103518	1	
4.26079	-0.0103518	1	
4.26077	-0.0103518	1	
4.26075	-0.0103518	1	
4.26073	-0.0103518	1	
4.26071	-0.0103518	1	
4.26069	-0.0103518	1	
4.26067	-0.0103518	1	
4.26065	-0.0103518	1	
4.26063	-0.0103518	1	
4.2606	-0.0103518	1	
4.26058	-0.0103518	1	
4.26056	-0.0103518	1	
4.26054	-0.0103518	1	
4.26052	-0.0103518	1	
4.2605	-0.0103518	1	
4.26048	-0.0103518	1	
4.26046	-0.0103518	1	
4.26044	-0.0103518	1	
4.26042	-0.0103518	1	
4.2604	-0.0103518	1	
4.26038	-0.0103518	1	
4.26036	-0.0103518	1	
4.26034	-0.0103518	1	
4.26031	-0.0103518	1	
4.26029	-0.0103518	1	
4.26027	-0.0103518	1	
4.26025	-0.0103518	1	
4.26023	-0.0103518	1	
4.26021	-0.0103518	1	
4.26019	-0.0103518	1	
4.26017	-0.0103518	1	
4.26015	-0.0103518	1	
4.26013	-0.0103518	1	
4.26011	-0.0103518	1	
4.26009	-0.0103518	1	
4.26007	-0.0103518	1	
4.26005	-0.0103518	1	
4.26003	-0.0103518	1	
4.26	-0.0103518	1	
4.25998	-0.0103518	1	
4.25996	-0.0103518	1	
4.25994	-0.0103518	1	
4.25992	-0.0103518	1	
4.2599	-0.0103518	1	
4.25988	-0.0103518	1	
4.25986	-0.0103518	1	
4.25984	-0.0103518	1	
4.25982	-0.0103518	1	
4.2598	-0.0103518	1	
4.25978	-0.0103518	1	
4.25976	-0.0103518	1	
4.25974	-0.0103518	1	
4.25971	-0.0103518	1	
4.25969	-0.0103518	1	
4.25967	-0.0103518	1	
4.25965	-0.0103518	1	
4.25963	-0.0103518	1	
4.25961	-0.0103518	1	
4.25959	-0.0103518	1	
4.25957	-0.0103518	1	
4.25955	-0.0103518	1	
4.25953	-0.0103518	1	
4.25951	-0.0103518	1	
4.25949	-0.0103518	1	
4.25947	-0.0103518	1	
4.25945	-0.0103518	1	
4.25942	-0.0103518	1	
4.2594	-0.0103518	1	
4.25938	-0.0103518	1	
4.25936	-0.0103518	1	
4.25934	-0.0103518	1	
4.25932	-0.0103518	1	
4.2593	-0.0103518	1	
4.25928	-0.0103518	1	
4.25926	-0.0103518	1	
4.25924	-0.0103518	1	
4.25922	-0.0103518	1	
4.2592	-0.0103518	1	
4.25918	-0.0103518	1	
4.25916	-0.0103518	1	
4.25913	-0.0103518	1	
4.25911	-0.0103518	1	
4.25909	-0.0103518	1	
4.25907	-0.0103518	1	
4.25905	-0.0103518	1	
4.25903	-0.0103518	1	
4.25901	-0.0103518	1	
4.25899	-0.0103518	1	
4.25897	-0.0103518	1	
4.25895	-0.0103518	1	
4.25893	-0.0103518	1	
4.25891	-0.0103518	1	
4.25889	-0.0103518	1	
4.25887	-0.0103518	1	
4.25884	-0.0103518	1	
4.25882	-0.0103518	1	
4.2588	-0.0103518	1	
4.25878	-0.0103518	1	
4.25876	-0.0103518	1	
4.25874	-0.0103518	1	
4.25872	-0.0103518	1	
4.2587	-0.0103518	1	
4.25868	-0.0103518	1	
4.25866	-0.0103518	1	
4.25864	-0.0103518	1	
4.25862	-0.0103518	1	
4.2586	-0.0103518	1	
4.25858	-0.0103518	1	
4.25855	-0.0103518	1	
4.25853	-0.0103518	1	
4.25851	-0.0103518	1	
4.25849	-0.0103518	1	
4.25847	-0.0103518	1	
4.25845	-0.0103518	1	
4.25843	-0.0103518	1	
4.25841	-0.0103518	1	
4.25839	-0.0103518	1	
4.25837	-0.0103518	1	
4.25835	-0.0103518	1	
4.25833	-0.0103518	1	
4.25831	-0.0103518	1	
4.25829	-0.0103518	1	
4.25827	-0.0103518	1	
4.25824	-0.0103518	1	
4.25822	-0.0103518	1	
4.2582	-0.0103518	1	
4.25818	-0.0103518	1	
4.25816	-0.0103518	1	
4.25814	-0.0103518	1	
4.25812	-0.0103518	1	
4.2581	-0.0103518	1	
4.25808	-0.0103518	1	
4.25806	-0.0103518	1	
4.25804	-0.0103518	1	
4.25802	-0.0103518	1	
4.258	-0.0103518	1	
4.25798	-0.0103518	1	
4.25795	-0.0103518	1	
4.25793	-0.0103518	1	
4.25791	-0.0103518	1	
4.25789	-0.0103518	1	
4.25787	-0.0103518	1	
4.25785	-0.0103518	1	
4.25783	-0.0103518	1	
4.25781	-0.0103518	1	
4.25779	-0.0103518	1	
4.25777	-0.0103518	1	
4.25775	-0.0103518	1	
4.25773	-0.0103518	1	
4.25771	-0.0103518	1	
4.25769	-0.0103518	1	
4.25766	-0.0103518	1	
4.25764	-0.0103518	1	
4.25762	-0.0103518	1	
4.2576	-0.0103518	1	
4.25758	-0.0103518	1	
4.25756	-0.0103518	1	
4.25754	-0.0103518	1	
4.25752	-0.0103518	1	
4.2575	-0.0103518	1	
4.25748	-0.0103518	1	
4.25746	-0.0103518	1	
4.25744	-0.0103518	1	
4.25742	-0.0103518	1	
4.2574	-0.0103518	1	
4.25737	-0.0103518	1	
4.25735	-0.0103518	1	
4.25733	-0.0103518	1	
4.25731	-0.0103518	1	
4.25729	-0.0103518	1	
4.25727	-0.0103518	1	
4.25725	-0.0103518	1	
4.25723	-0.0103518	1	
4.25721	-0.0103518	1	
4.25719	-0.0103518	1	
4.25717	-0.0103518	1	
4.25715	-0.0103518	1	
4.25713	-0.0103518	1	
4.25711	-0.0103518	1	
4.25708	-0.0103518	1	
4.25706	-0.0103518	1	
4.25704	-0.0103518	1	
4.25702	-0.0103518	1	
4.257	-0.0103518	1	
4.25698	-0.0103518	1	
4.25696	-0.0103518	1	
4.25694	-0.0103518	1	
4.25692	-0.0103518	1	
4.2569	-0.0103518	1	
4.25688	-0.0103518	1	
4.25686	-0.0103518	1	
4.25684	-0.0103518	1	
4.25682	-0.0103518	1	
4.25679	-0.0103518	1	
4.25677	-0.0103518	1	
4.25675	-0.0103518	1	
4.25673	-0.0103518	1	
4.25671	-0.0103518	1	
4.25669	-0.0103518	1	
4.25667	-0.0103518	1	
4.25665	-0.0103518	1	
4.25663	-0.0103518	1	
4.25661	-0.0103518	1	
4.25659	-0.0103518	1	
4.25657	-0.0103518	1	
4.25655	-0.0103518	1	
4.25653	-0.0103518	1	
4.25651	-0.0103518	1	
4.25648	-0.0103518	1	
4.25646	-0.0103518	1	
4.25644	-0.0103518	1	
4.25642	-0.0103518	1	
4.2564	-0.0103518	1	
4.25638	-0.0103518	1	
4.25636	-0.0103518	1	
4.25634	-0.0103518	1	
4.25632	-0.0103518	1	
4.2563	-0.0103518	1	
4.25628	-0.0103518	1	
4.25626	-0.0103518	1	
4.25624	-0.0103518	1	
4.25622	-0.0103518	1	
4.25619	-0.0103518	1	
4.25617	-0.0103518	1	
4.25615	-0.0103518	1	
4.25613	-0.0103518	1	
4.25611	-0.0103518	1	
4.25609	-0.0103518	1	
4.25607	-0.0103518	1	
4.25605	-0.0103518	1	
4.25603	-0.0103518	1	
4.25601	-0.0103518	1	
4.25599	-0.0103518	1	
4.25597	-0.0103518	1	
4.25595	-0.0103518	1	
4.25593	-0.0103518	1	
4.2559	-0.0103518	1	
4.25588	-0.0103518	1	
4.25586	-0.0103518	1	
4.25584	-0.0103518	1	
4.25582	-0.0103518	1	
4.2558	-0.0103518	1	
4.25578	-0.0103518	1	
4.25576	-0.0103518	1	
4.25574	-0.0103518	1	
4.25572	-0.0103518	1	
4.2557	-0.0103518	1	
4.25568	-0.0103518	1	
4.25566	-0.0103518	1	
4.25564	-0.0103518	1	
4.25562	-0.0103518	1	
4.25559	-0.0103518	1	
4.25557	-0.0103518	1	
4.25555	-0.0103518	1	
4.25553	-0.0103518	1	
4.25551	-0.0103518	1	
4.25549	-0.0103518	1	
4.25547	-0.0103518	1	
4.25545	-0.0103518	1	
4.25543	-0.0103518	1	
4.25541	-0.0103518	1	
4.25539	-0.0103518	1	
4.25537	-0.0103518	1	
4.25535	-0.0103518	1	
4.25533	-0.0103518	1	
4.2553	-0.0103518	1	
4.25528	-0.0103518	1	
4.25526	-0.0103518	1	
4.25524	-0.0103518	1	
4.25522	-0.0103518	1	
4.2552	-0.0103518	1	
4.25518	-0.0103518	1	
4.25516	-0.0103518	1	
4.25514	-0.0103518	1	
4.25512	-0.0103518	1	
4.2551	-0.0103518	1	
4.25508	-0.0103518	1	
4.25506	-0.0103518	1	
4.25504	-0.0103518	1	
4.25501	-0.0103518	1	
4.25499	-0.0103518	1	
4.25497	-0.0103518	1	
4.25495	-0.0103518	1	
4.25493	-0.0103518	1	
4.25491	-0.0103518	1	
4.25489	-0.0103518	1	
4.25487	-0.0103518	1	
4.25485	-0.0103518	1	
4.25483	-0.0103518	1	
4.25481	-0.0103518	1	
4.25479	-0.0103518	1	
4.25477	-0.0103518	1	
4.25475	-0.0103518	1	
4.25472	-0.0103518	1	
4.2547	-0.0103518	1	
4.25468	-0.0103518	1	
4.25466	-0.0103518	1	
4.25464	-0.0103518	1	
4.25462	-0.0103518	1	
4.2546	-0.0103518	1	
4.25458	-0.0103518	1	
4.25456	-0.0103518	1	
4.25454	-0.0103518	1	
4.25452	-0.0103518	1	
4.2545	-0.0103518	1	
4.25448	-0.0103518	1	
4.25446	-0.0103518	1	
4.25444	-0.0103518	1	
4.25441	-0.0103518	1	
4.25439	-0.0103518	1	
4.25437	-0.0103518	1	
4.25435	-0.0103518	1	
4.25433	-0.0103518	1	
4.25431	-0.0103518	1	
4.25429	-0.0103518	1	
4.25427	-0.0103518	1	
4.25425	-0.0103518	1	
4.25423	-0.0103518	1	
4.25421	-0.0103518	1	
4.25419	-0.0103518	1	
4.25417	-0.0103518	1	
4.25415	-0.0103518	1	
4.25412	-0.0103518	1	
4.2541	-0.0103518	1	
4.25408	-0.0103518	1	
4.25406	-0.0103518	1	
4.25404	-0.0103518	1	
4.25402	-0.0103518	1	
4.254	-0.0103518	1	
4.25398	-0.0103518	1	
4.25396	-0.0103518	1	
4.25394	-0.0103518	1	
4.25392	-0.0103518	1	
4.2539	-0.0103518	1	
4.25388	-0.0103518	1	
4.25386	-0.0103518	1	
4.25383	-0.0103518	1	
4.25381	-0.0103518	1	
4.25379	-0.0103518	1	
4.25377	-0.0103518	1	
4.25375	-0.0103518	1	
4.25373	-0.0103518	1	
4.25371	-0.0103518	1	
4.25369	-0.0103518	1	
4.25367	-0.0103518	1	
4.25365	-0.0103518	1	
4.25363	-0.0103518	1	
4.25361	-0.0103518	1	
4.25359	-0.0103518	1	
4.25357	-0.0103518	1	
4.25354	-0.0103518	1	
4.25352	-0.0103518	1	
4.2535	-0.0103518	1	
4.25348	-0.0103518	1	
4.25346	-0.0103518	1	
4.25344	-0.0103518	1	
4.25342	-0.0103518	1	
4.2534	-0.0103518	1	
4.25338	-0.0103518	1	
4.25336	-0.0103518	1	
4.25334	-0.0103518	1	
4.25332	-0.0103518	1	
4.2533	-0.0103518	1	
4.25328	-0.0103518	1	
4.25325	-0.0103518	1	
4.25323	-0.0103518	1	
4.25321	-0.0103518	1	
4.25319	-0.0103518	1	
4.25317	-0.0103518	1	
4.25315	-0.0103518	1	
4.25313	-0.0103518	1	
4.25311	-0.0103518	1	
4.25309	-0.0103518	1	
4.25307	-0.0103518	1	
4.25305	-0.0103518	1	
4.25303	-0.0103518	1	
4.25301	-0.0103518	1	
4.25299	-0.0103518	1	
4.25296	-0.0103518	1	
4.25294	-0.0103518	1	
4.25292	-0.0103518	1	
4.2529	-0.0103518	1	
4.25288	-0.0103518	1	
4.25286	-0.0103518	1	
4.25284	-0.0103518	1	
4.25282	-0.0103518	1	
4.2528	-0.0103518	1	
4.25278	-0.0103518	1	
4.25276	-0.0103518	1	
4.25274	-0.0103518	1	
4.25272	-0.0103518	1	
4.2527	-0.0103518	1	
4.25268	-0.0103518	1	
4.25265	-0.0103518	1	
4.25263	-0.0103518	1	
4.25261	-0.0103518	1	
4.25259	-0.0103518	1	
4.25257	-0.0103518	1	
4.25255	-0.0103518	1	
4.25253	-0.0103518	1	
4.25251	-0.0103518	1	
4.25249	-0.0103518	1	
4.25247	-0.0103518	1	
4.25245	-0.0103518	1	
4.25243	-0.0103518	1	
4.25241	-0.0103518	1	
4.25239	-0.0103518	1	
4.25236	-0.0103518	1	
4.25234	-0.0103518	1	
4.25232	-0.0103518	1	
4.2523	-0.0103518	1	
4.25228	-0.0103518	1	
4.25226	-0.0103518	1	
4.25224	-0.0103518	1	
4.25222	-0.0103518	1	
4.2522	-0.0103518	1	
4.25218	-0.0103518	1	
4.25216	-0.0103518	1	
4.25214	-0.0103518	1	
4.25212	-0.0103518	1	
4.2521	-0.0103518	1	
4.25207	-0.0103518	1	
4.25205	-0.0103518	1	
4.25203	-0.0103518	1	
4.25201	-0.0103518	1	
4.25199	-0.0103518	1	
4.25197	-0.0103518	1	
4.25195	-0.0103518	1	
4.25193	-0.0103518	1	
4.25191	-0.0103518	1	
4.25189	-0.0103518	1	
4.25187	-0.0103518	1	
4.25185	-0.0103518	1	
4.25183	-0.0103518	1	
4.25181	-0.0103518	1	
4.25178	-0.0103518	1	
4.25176	-0.0103518	1	
4.25174	-0.0103518	1	
4.25172	-0.0103518	1	
4.2517	-0.0103518	1	
4.25168	-0.0103518	1	
4.25166	-0.0103518	1	
4.25164	-0.0103518	1	
4.25162	-0.0103518	1	
4.2516	-0.0103518	1	
4.25158	-0.0103518	1	
4.25156	-0.0103518	1	
4.25154	-0.0103518	1	
4.25152	-0.0103518	1	
4.25149	-0.0103518	1	
4.25147	-0.0103518	1	
4.25145	-0.0103518	1	
4.25143	-0.0103518	1	
4.25141	-0.0103518	1	
4.25139	-0.0103518	1	
4.25137	-0.0103518	1	
4.25135	-0.0103518	1	
4.25133	-0.0103518	1	
4.25131	-0.0103518	1	
4.25129	-0.0103518	1	
4.25127	-0.0103518	1	
4.25125	-0.0103518	1	
4.25123	-0.0103518	1	
4.2512	-0.0103518	1	
4.25118	-0.0103518	1	
4.25116	-0.0103518	1	
4.25114	-0.0103518	1	
4.25112	-0.0103518	1	
4.2511	-0.0103518	1	
4.25108	-0.0103518	1	
4.25106	-0.0103518	1	
4.25104	-0.0103518	1	
4.25102	-0.0103518	1	
4.251	-0.0103518	1	
4.25098	-0.0103518	1	
4.25096	-0.0103518	1	
4.25094	-0.0103518	1	
4.25092	-0.0103518	1	
4.25089	-0.0103518	1	
4.25087	-0.0103518	1	
4.25085	-0.0103518	1	
4.25083	-0.0103518	1	
4.25081	-0.0103518	1	
4.25079	-0.0103518	1	
4.25077	-0.0103518	1	
4.25075	-0.0103518	1	
4.25073	-0.0103518	1	
4.25071	-0.0103518	1	
4.25069	-0.0103518	1	
4.25067	-0.0103518	1	
4.25065	-0.0103518	1	
4.25063	-0.0103518	1	
4.2506	-0.0103518	1	
4.25058	-0.0103518	1	
4.25056	-0.0103518	1	
4.25054	-0.0103518	1	
4.25052	-0.0103518	1	
4.2505	-0.0103518	1	
4.25048	-0.0103518	1	
4.25046	-0.0103518	1	
4.25044	-0.0103518	1	
4.25042	-0.0103518	1	
4.2504	-0.0103518	1	
4.25038	-0.0103518	1	
4.25036	-0.0103518	1	
4.25034	-0.0103518	1	
4.25031	-0.0103518	1	
4.25029	-0.0103518	1	
4.25027	-0.0103518	1	
4.25025	-0.0103518	1	
4.25023	-0.0103518	1	
4.25021	-0.0103518	1	
4.25019	-0.0103518	1	
4.25017	-0.0103518	1	
4.25015	-0.0103518	1	
4.25013	-0.0103518	1	
4.25011	-0.0103518	1	
4.25009	-0.0103518	1	
4.25007	-0.0103518	1	
4.25005	-0.0103518	1	
4.25003	-0.0103518	1	
4.25	-0.0103518	1	
4.24998	-0.0103518	1	
4.24996	-0.0103518	1	
4.24994	-0.0103518	1	
4.24992	-0.0103518	1	
4.2499	-0.0103518	1	
4.24988	-0.0103518	1	
4.24986	-0.0103518	1	
4.24984	-0.0103518	1	
4.24982	-0.0103518	1	
4.2498	-0.0103518	1	
4.24978	-0.0103518	1	
4.24976	-0.0103518	1	
4.24974	-0.0103518	1	
4.24971	-0.0103518	1	
4.24969	-0.0103518	1	
4.24967	-0.0103518	1	
4.24965	-0.0103518	1	
4.24963	-0.0103518	1	
4.24961	-0.0103518	1	
4.24959	-0.0103518	1	
4.24957	-0.0103518	1	
4.24955	-0.0103518	1	
4.24953	-0.0103518	1	
4.24951	-0.0103518	1	
4.24949	-0.0103518	1	
4.24947	-0.0103518	1	
4.24945	-0.0103518	1	
4.24942	-0.0103518	1	
4.2494	-0.0103518	1	
4.24938	-0.0103518	1	
4.24936	-0.0103518	1	
4.24934	-0.0103518	1	
4.24932	-0.0103518	1	
4.2493	-0.0103518	1	
4.24928	-0.0103518	1	
4.24926	-0.0103518	1	
4.24924	-0.0103518	1	
4.24922	-0.0103518	1	
4.2492	-0.0103518	1	
4.24918	-0.0103518	1	
4.24916	-0.0103518	1	
4.24914	-0.0103518	1	
4.24911	-0.0103518	1	
4.24909	-0.0103518	1	
4.24907	-0.0103518	1	
4.24905	-0.0103518	1	
4.24903	-0.0103518	1	
4.24901	-0.0103518	1	
4.24899	-0.0103518	1	
4.24897	-0.0103518	1	
4.24895	-0.0103518	1	
4.24893	-0.0103518	1	
4.24891	-0.0103518	1	
4.24889	-0.0103518	1	
4.24887	-0.0103518	1	
4.24885	-0.0103518	1	
4.24882	-0.0103518	1	
4.2488	-0.0103518	1	
4.24878	-0.0103518	1	
4.24876	-0.0103518	1	
4.24874	-0.0103518	1	
4.24872	-0.0103518	1	
4.2487	-0.0103518	1	
4.24868	-0.0103518	1	
4.24866	-0.0103518	1	
4.24864	-0.0103518	1	
4.24862	-0.0103518	1	
4.2486	-0.0103518	1	
4.24858	-0.0103518	1	
4.24856	-0.0103518	1	
4.24853	-0.0103518	1	
4.24851	-0.0103518	1	
4.24849	-0.0103518	1	
4.24847	-0.0103518	1	
4.24845	-0.0103518	1	
4.24843	-0.0103518	1	
4.24841	-0.0103518	1	
4.24839	-0.0103518	1	
4.24837	-0.0103518	1	
4.24835	-0.0103518	1	
4.24833	-0.0103518	1	
4.24831	-0.0103518	1	
4.24829	-0.0103518	1	
4.24827	-0.0103518	1	
4.24824	-0.0103518	1	
4.24822	-0.0103518	1	
4.2482	-0.0103518	1	
4.24818	-0.0103518	1	
4.24816	-0.0103518	1	
4.24814	-0.0103518	1	
4.24812	-0.0103518	1	
4.2481	-0.0103518	1	
4.24808	-0.0103518	1	
4.24806	-0.0103518	1	
4.24804	-0.0103518	1	
4.24802	-0.0103518	1	
4.248	-0.0103518	1	
4.24798	-0.0103518	1	
