10	0	
10	0	
10	0	
10	0	
10	0	
10	0	
10	0	
10	0	
10	0	
10	0	
10	0	
10	0	
10	0	
10	0	
10	0	
10	0	
10	0	
10	0	
10	0	
10	0	
10	0	
10	0	
10	0	
10	0	
10	0	
10	0	
10	0	
10	0	
10	0	
10	0	
10	0	
10	0	
10	0	
10	0	
10	0	
10	0	
10	0	
10	0	
10	0	
10	0	
10	0	
10	0	
10	0	
10	0	
10	0	
10	0	
10	0	
10	0	
10	0	
10	0	
10	0	
10	0	
10	0	
10	0	
10	0	
10	0	
10	0	
10	0	
10	0	
10	0	
10	0	
10	0	
10	0	
10	0	
10	0	
10	0	
10	0	
10	0	
10	0	
10	0	
10	0	
10	0	
10	0	
10	0	
10	0	
10	0	
10	0	
10	0	
10	0	
10	0	
10	0	
10	0	
10	0	
10	0	
10	0	
10	0	
10	0	
10	0	
10	0	
10	0	
10	0	
10	0	
10	0	
10	0	
10	0	
10	0	
10	0	
10	0	
10	0	
10	0	
10	0	
10	0	
10	0	
10	0	
10	0	
10	0	
10	0	
10	0	
10	0	
10	0	
10	0	
10	0	
10	0	
10	0	
10	0	
10	0	
10	0	
10	0	
10	0	
10	0	
10	0	
10	0	
10	0	
10	0	
10	0	
10	0	
10	0	
10	0	
10	0	
10	0	
10	0	
10	0	
10	0	
10	0	
10	0	
10	0	
10	0	
10	0	
10	0	
10	0	
10	0	
10	0	
10	0	
10	0	
10	0	
10	0	
10	0	
10	0	
10	0	
10	0	
10	0	
10	0	
10	0	
10	0	
10	0	
10	0	
10	0	
10	0	
10	0	
10	0	
10	0	
10	0	
10	0	
10	0	
10	0	
10	0	
10	0	
10	0	
10	0	
10	0	
10	0	
10	0	
10	0	
10	0	
10	0	
10	0	
10	0	
10	0	
10	0	
10	0	
10	0	
10	0	
10	0	
10	0	
10	0	
10	0	
10	0	
10	0	
10	0	
10	0	
10	0	
10	0	
10	0	
10	0	
10	0	
10	0	
10	0	
10	0	
10	0	
10	0	
10	0	
10	0	
10	0	
10	0	
10	0	
10	0	
10	0	
10	0	
10	0	
10	0	
10	0	
10	0	
10	0	
10	0	
10	0	
10	0	
10	0	
10	0	
10	0	
10	0	
10	0	
10	0	
10	0	
9.99999	-0.00484464	
9.99997	-0.00885866	
9.99995	-0.0122114	
9.99992	-0.0150384	
9.99988	-0.0174482	
9.99984	-0.0195275	
9.9998	-0.021346	
9.99976	-0.0229592	
9.99971	-0.0244118	
9.99965	-0.0257397	
9.9996	-0.0269713	
9.99955	-0.0281297	
9.99949	-0.0292334	
9.99943	-0.0302972	
9.99936	-0.0313329	
9.9993	-0.0323503	
9.99923	-0.0333571	
9.99916	-0.0343595	
9.99909	-0.0353626	
9.99902	-0.0363705	
9.99895	-0.0373866	
9.99887	-0.0384137	
9.99879	-0.0394541	
9.99871	-0.0405096	
9.99862	-0.0415819	
9.99854	-0.0426723	
9.99845	-0.0437818	
9.99836	-0.0449116	
9.99827	-0.0460624	
9.99818	-0.0472351	
9.99808	-0.0484303	
9.99798	-0.0496487	
9.99788	-0.0508907	
9.99777	-0.052157	
9.99767	-0.0534481	
9.99756	-0.0547644	
9.99745	-0.0561065	
9.99733	-0.0574746	
9.99721	-0.0588694	
9.99709	-0.0602912	
9.99697	-0.0617404	
9.99684	-0.0632175	
9.99671	-0.0647228	
9.99658	-0.0662569	
9.99644	-0.0678201	
9.99631	-0.0694128	
9.99616	-0.0710355	
9.99602	-0.0726885	
9.99587	-0.0743723	
9.99572	-0.0760874	
9.99556	-0.077834	
9.9954	-0.0796127	
9.99524	-0.0814239	
9.99507	-0.083268	
9.9949	-0.0851455	
9.99473	-0.0870567	
9.99455	-0.0890022	
9.99437	-0.0909823	
9.99418	-0.0929976	
9.99399	-0.0950483	
9.9938	-0.0971351	
9.9936	-0.0992583	
9.9934	-0.101418	
9.99319	-0.103616	
9.99298	-0.105851	
9.99276	-0.108125	
9.99254	-0.110437	
9.99231	-0.112788	
9.99208	-0.11518	
9.99185	-0.117611	
9.99161	-0.120083	
9.99136	-0.122596	
9.99111	-0.12515	
9.99086	-0.127747	
9.9906	-0.130386	
9.99033	-0.133068	
9.99006	-0.135794	
9.98978	-0.138563	
9.9895	-0.141377	
9.98921	-0.144236	
9.98892	-0.147141	
9.98862	-0.150091	
9.98831	-0.153088	
9.988	-0.156131	
9.98768	-0.159223	
9.98736	-0.162362	
9.98702	-0.165549	
9.98669	-0.168786	
9.98634	-0.172072	
9.98599	-0.175408	
9.98563	-0.178794	
9.98527	-0.182231	
9.9849	-0.18572	
9.98452	-0.189261	
9.98413	-0.192854	
9.98374	-0.196501	
9.98334	-0.200201	
9.98293	-0.203955	
9.98252	-0.207763	
9.98209	-0.211627	
9.98166	-0.215546	
9.98122	-0.219522	
9.98078	-0.223554	
9.98032	-0.227643	
9.97986	-0.23179	
9.97939	-0.235995	
9.9789	-0.240259	
9.97842	-0.244582	
9.97792	-0.248965	
9.97741	-0.253409	
9.9769	-0.257913	
9.97637	-0.262478	
9.97584	-0.267106	
9.97529	-0.271796	
9.97474	-0.276548	
9.97418	-0.281364	
9.9736	-0.286244	
9.97302	-0.291189	
9.97243	-0.296199	
9.97183	-0.301274	
9.97121	-0.306415	
9.97059	-0.311622	
9.96996	-0.316897	
9.96931	-0.32224	
9.96866	-0.32765	
9.96799	-0.333129	
9.96731	-0.338677	
9.96663	-0.344295	
9.96593	-0.349983	
9.96521	-0.355741	
9.96449	-0.361571	
9.96376	-0.367472	
9.96301	-0.373446	
9.96225	-0.379492	
9.96148	-0.385611	
9.9607	-0.391804	
9.9599	-0.398071	
9.95909	-0.404413	
9.95827	-0.41083	
9.95743	-0.417322	
9.95659	-0.42389	
9.95572	-0.430535	
9.95485	-0.437257	
9.95396	-0.444057	
9.95306	-0.450934	
9.95214	-0.45789	
9.95121	-0.464925	
9.95027	-0.472039	
9.94931	-0.479233	
9.94834	-0.486507	
9.94735	-0.493862	
9.94635	-0.501298	
9.94533	-0.508815	
9.9443	-0.516415	
9.94325	-0.524097	
9.94219	-0.531862	
9.94111	-0.53971	
9.94001	-0.547642	
9.9389	-0.555658	
9.93777	-0.563758	
9.93663	-0.571943	
9.93547	-0.580214	
9.93429	-0.58857	
9.9331	-0.597013	
9.93189	-0.605542	
9.93066	-0.614158	
9.92941	-0.622861	
9.92815	-0.631651	
9.92687	-0.64053	
9.92557	-0.649497	
9.92425	-0.658552	
9.92292	-0.667696	
9.92156	-0.67693	
9.92019	-0.686253	
9.9188	-0.695666	
9.91739	-0.70517	
9.91596	-0.714764	
9.91451	-0.724449	
9.91304	-0.734224	
9.91155	-0.744092	
9.91005	-0.754051	
9.90852	-0.764102	
9.90697	-0.774245	
9.9054	-0.78448	
9.90381	-0.794809	
9.9022	-0.80523	
9.90057	-0.815744	
9.89892	-0.826352	
9.89724	-0.837053	
9.89555	-0.847848	
9.89383	-0.858737	
9.89209	-0.86972	
9.89033	-0.880797	
9.88854	-0.891969	
9.88674	-0.903235	
9.88491	-0.914596	
9.88306	-0.926052	
9.88118	-0.937603	
9.87928	-0.949249	
9.87736	-0.96099	
9.87541	-0.972827	
9.87344	-0.984759	
9.87145	-0.996786	
9.86943	-1.00891	
9.86739	-1.02113	
9.86532	-1.03344	
9.86323	-1.04585	
9.86112	-1.05836	
9.85897	-1.07096	
9.85681	-1.08365	
9.85461	-1.09645	
9.8524	-1.10933	
9.85015	-1.12232	
9.84788	-1.1354	
9.84558	-1.14857	
9.84326	-1.16184	
9.84091	-1.17521	
9.83853	-1.18867	
9.83613	-1.20222	
9.83369	-1.21587	
9.83123	-1.22962	
9.82875	-1.24345	
9.82623	-1.25739	
9.82369	-1.27142	
9.82112	-1.28554	
9.81852	-1.29975	
9.81589	-1.31406	
9.81324	-1.32847	
9.81055	-1.34296	
9.80783	-1.35755	
9.80509	-1.37223	
9.80232	-1.38701	
9.79951	-1.40187	
9.79668	-1.41683	
9.79381	-1.43188	
9.79092	-1.44702	
9.788	-1.46225	
9.78504	-1.47757	
9.78205	-1.49298	
9.77904	-1.50848	
9.77599	-1.52407	
9.77291	-1.53975	
9.7698	-1.55551	
9.76666	-1.57137	
9.76348	-1.58731	
9.76027	-1.60334	
9.75704	-1.61945	
9.75377	-1.63565	
9.75046	-1.65193	
9.74712	-1.6683	
9.74376	-1.68475	
9.74035	-1.70129	
9.73692	-1.71791	
9.73345	-1.73461	
9.72994	-1.75139	
9.72641	-1.76826	
9.72284	-1.7852	
9.71923	-1.80222	
9.71559	-1.81932	
9.71192	-1.8365	
9.70821	-1.85376	
9.70447	-1.87109	
9.7007	-1.8885	
9.69688	-1.90599	
9.69304	-1.92354	
9.68915	-1.94118	
9.68524	-1.95888	
9.68128	-1.97665	
9.67729	-1.9945	
9.67327	-2.01242	
9.66921	-2.0304	
9.66511	-2.04845	
9.66098	-2.06657	
9.65681	-2.08476	
9.6526	-2.10301	
9.64836	-2.12133	
9.64408	-2.1397	
9.63976	-2.15814	
9.63541	-2.17665	
9.63102	-2.19521	
9.62659	-2.21383	
9.62213	-2.23251	
9.61763	-2.25124	
9.61308	-2.27003	
9.60851	-2.28887	
9.60389	-2.30777	
9.59924	-2.32672	
9.59455	-2.34572	
9.58982	-2.36477	
9.58505	-2.38387	
9.58024	-2.40301	
9.5754	-2.4222	
9.57052	-2.44144	
9.56559	-2.46072	
9.56063	-2.48004	
9.55564	-2.4994	
9.5506	-2.5188	
9.54552	-2.53824	
9.54041	-2.55771	
9.53525	-2.57722	
9.53006	-2.59676	
9.52483	-2.61634	
9.51955	-2.63594	
9.51424	-2.65558	
9.50889	-2.67524	
9.5035	-2.69493	
9.49807	-2.71464	
9.4926	-2.73438	
9.4871	-2.75413	
9.48155	-2.77391	
9.47596	-2.79371	
9.47033	-2.81352	
9.46467	-2.83335	
9.45896	-2.85319	
9.45321	-2.87304	
9.44743	-2.89291	
9.4416	-2.91278	
9.43574	-2.93266	
9.42983	-2.95254	
9.42389	-2.97243	
9.4179	-2.99232	
9.41188	-3.01221	
9.40582	-3.03209	
9.39971	-3.05198	
9.39357	-3.07185	
9.38738	-3.09172	
9.38116	-3.11159	
9.3749	-3.13144	
9.3686	-3.15127	
9.36225	-3.1711	
9.35587	-3.1909	
9.34945	-3.21069	
9.34299	-3.23046	
9.33649	-3.2502	
9.32995	-3.26992	
9.32337	-3.28962	
9.31675	-3.30928	
9.31009	-3.32892	
9.3034	-3.34852	
9.29666	-3.36809	
9.28988	-3.38763	
9.28307	-3.40712	
9.27622	-3.42658	
9.26933	-3.44599	
9.26239	-3.46536	
9.25542	-3.48469	
9.24842	-3.50396	
9.24137	-3.52319	
9.23429	-3.54236	
9.22716	-3.56147	
9.22	-3.58053	
9.2128	-3.59954	
9.20557	-3.61848	
9.19829	-3.63736	
9.19098	-3.65617	
9.18363	-3.67473	
9.17624	-3.69289	
9.16882	-3.71064	
9.16137	-3.72801	
9.15388	-3.74499	
9.14635	-3.7616	
9.1388	-3.77785	
9.13121	-3.79374	
9.12359	-3.80927	
9.11594	-3.82447	
9.10826	-3.83933	
9.10056	-3.85387	
9.09282	-3.86808	
9.08506	-3.88198	
9.07726	-3.89558	
9.06945	-3.90888	
9.0616	-3.92188	
9.05373	-3.9346	
9.04584	-3.94704	
9.03792	-3.9592	
9.02998	-3.9711	
9.02201	-3.98274	
9.01403	-3.99412	
9.00601	-4.00525	
8.99798	-4.01613	
8.98993	-4.02678	
8.98185	-4.03719	
8.97376	-4.04737	
8.96565	-4.05733	
8.95751	-4.06707	
8.94936	-4.07659	
8.94119	-4.08591	
8.933	-4.09502	
8.92479	-4.10393	
8.91656	-4.11264	
8.90832	-4.12116	
8.90006	-4.1295	
8.89179	-4.13765	
8.8835	-4.14562	
8.87519	-4.15341	
8.86687	-4.16104	
8.85853	-4.1685	
8.85018	-4.17579	
8.84181	-4.18292	
8.83343	-4.1899	
8.82504	-4.19672	
8.81663	-4.20339	
8.80821	-4.20992	
8.79978	-4.2163	
8.79133	-4.22254	
8.78288	-4.22864	
8.77441	-4.23461	
8.76593	-4.24045	
8.75743	-4.24616	
8.74893	-4.25175	
8.74042	-4.25721	
8.73189	-4.26255	
8.72336	-4.26777	
8.71481	-4.27288	
8.70625	-4.27788	
8.69769	-4.28277	
8.68911	-4.28755	
8.68053	-4.29222	
8.67194	-4.29679	
8.66333	-4.30126	
8.65472	-4.30563	
8.6461	-4.30991	
8.63747	-4.31409	
8.62884	-4.31818	
8.62019	-4.32218	
8.61154	-4.32609	
8.60288	-4.32992	
8.59421	-4.33366	
8.58554	-4.33732	
8.57686	-4.3409	
8.56817	-4.3444	
8.55947	-4.34782	
8.55077	-4.35117	
8.54206	-4.35445	
8.53335	-4.35765	
8.52462	-4.36078	
8.5159	-4.36384	
8.50716	-4.36684	
8.49842	-4.36977	
8.48968	-4.37263	
8.48093	-4.37543	
8.47217	-4.37817	
8.46341	-4.38086	
8.45464	-4.38348	
8.44587	-4.38604	
8.43709	-4.38855	
8.42831	-4.391	
8.41953	-4.3934	
8.41073	-4.39574	
8.40194	-4.39804	
8.39314	-4.40028	
8.38433	-4.40247	
8.37552	-4.40462	
8.36671	-4.40672	
8.35789	-4.40877	
8.34907	-4.41078	
8.34025	-4.41274	
8.33142	-4.41466	
8.32258	-4.41654	
8.31375	-4.41837	
8.3049	-4.42017	
8.29606	-4.42192	
8.28721	-4.42364	
8.27836	-4.42532	
8.26951	-4.42697	
8.26065	-4.42857	
8.25179	-4.43014	
8.24293	-4.43168	
8.23406	-4.43318	
8.22519	-4.43465	
8.21632	-4.43609	
8.20745	-4.4375	
8.19857	-4.43887	
8.18969	-4.44022	
8.18081	-4.44153	
8.17192	-4.44282	
8.16303	-4.44408	
8.15414	-4.44531	
8.14525	-4.44651	
8.13635	-4.44769	
8.12745	-4.44884	
8.11855	-4.44996	
8.10965	-4.45106	
8.10075	-4.45214	
8.09184	-4.45319	
8.08293	-4.45422	
8.07402	-4.45523	
8.06511	-4.45622	
8.0562	-4.45718	
8.04728	-4.45812	
8.03836	-4.45904	
8.02944	-4.45994	
8.02052	-4.46082	
8.0116	-4.46169	
8.00267	-4.46253	
7.99374	-4.46335	
7.98482	-4.46416	
7.97589	-4.46495	
7.96696	-4.46572	
7.95802	-4.46647	
7.94909	-4.46721	
7.94015	-4.46793	
7.93121	-4.46864	
7.92228	-4.46933	
7.91334	-4.46805	
7.90441	-4.46488	
7.89549	-4.46014	
7.88658	-4.4541	
7.87769	-4.44696	
7.86881	-4.43888	
7.85995	-4.43001	
7.85111	-4.42044	
7.84229	-4.41026	
7.83349	-4.39954	
7.82471	-4.38834	
7.81596	-4.37669	
7.80723	-4.36464	
7.79853	-4.35222	
7.78985	-4.33943	
7.78119	-4.32632	
7.77257	-4.31288	
7.76397	-4.29914	
7.7554	-4.2851	
7.74686	-4.27077	
7.73835	-4.25616	
7.72986	-4.24128	
7.72141	-4.22612	
7.71299	-4.2107	
7.7046	-4.19502	
7.69624	-4.17908	
7.68792	-4.16288	
7.67962	-4.14643	
7.67136	-4.12973	
7.66314	-4.11279	
7.65495	-4.09559	
7.64679	-4.07816	
7.63867	-4.06048	
7.63058	-4.04257	
7.62254	-4.02442	
7.61452	-4.00604	
7.60655	-3.98742	
7.59861	-3.96857	
7.59071	-3.94949	
7.58285	-3.93019	
7.57503	-3.91067	
7.56725	-3.89092	
7.55951	-3.87095	
7.55181	-3.85077	
7.54415	-3.83037	
7.53653	-3.80976	
7.52895	-3.78893	
7.52141	-3.7679	
7.51392	-3.74667	
7.50647	-3.72523	
7.49906	-3.70359	
7.4917	-3.68175	
7.48438	-3.65972	
7.4771	-3.63749	
7.46987	-3.61507	
7.46269	-3.59246	
7.45555	-3.56967	
7.44845	-3.5467	
7.44141	-3.52354	
7.43441	-3.50021	
7.42745	-3.47671	
7.42055	-3.45303	
7.41369	-3.42918	
7.40688	-3.40517	
7.40012	-3.381	
7.3934	-3.35666	
7.38674	-3.33217	
7.38012	-3.30752	
7.37356	-3.28272	
7.36704	-3.25778	
7.36058	-3.23269	
7.35416	-3.20745	
7.3478	-3.18208	
7.34149	-3.15657	
7.33522	-3.13093	
7.32901	-3.10516	
7.32286	-3.07926	
7.31675	-3.05324	
7.31069	-3.0271	
7.30469	-3.00084	
7.29874	-2.97447	
7.29285	-2.94799	
7.28701	-2.92141	
7.28122	-2.89472	
7.27548	-2.86792	
7.2698	-2.84104	
7.26417	-2.81406	
7.2586	-2.78699	
7.25308	-2.75983	
7.24761	-2.73259	
7.2422	-2.70527	
7.23684	-2.67788	
7.23154	-2.65041	
7.2263	-2.62287	
7.22111	-2.59527	
7.21597	-2.5676	
7.21089	-2.53988	
7.20587	-2.5121	
7.2009	-2.48427	
7.19599	-2.45639	
7.19113	-2.42847	
7.18633	-2.40051	
7.18158	-2.37251	
7.1769	-2.34448	
7.17226	-2.31641	
7.16769	-2.28832	
7.16317	-2.26021	
7.1587	-2.23208	
7.15429	-2.20393	
7.14994	-2.17577	
7.14565	-2.1476	
7.14141	-2.11943	
7.13723	-2.09125	
7.1331	-2.06308	
7.12903	-2.03492	
7.12502	-2.00676	
7.12106	-1.97862	
7.11716	-1.95049	
7.11331	-1.92238	
7.10952	-1.8943	
7.10579	-1.86625	
7.10212	-1.83822	
7.09849	-1.81023	
7.09493	-1.78228	
7.09142	-1.75437	
7.08797	-1.72651	
7.08457	-1.6987	
7.08123	-1.67093	
7.07794	-1.64323	
7.07471	-1.61558	
7.07154	-1.58799	
7.06841	-1.56047	
7.06535	-1.53303	
7.06234	-1.50565	
7.05938	-1.47835	
7.05648	-1.45113	
7.05363	-1.424	
7.05084	-1.39695	
7.0481	-1.36999	
7.04541	-1.34312	
7.04278	-1.31635	
7.0402	-1.28968	
7.03767	-1.26312	
7.0352	-1.23666	
7.03278	-1.21031	
7.03041	-1.18407	
7.02809	-1.15795	
7.02583	-1.13195	
7.02362	-1.10607	
7.02146	-1.08032	
7.01935	-1.05469	
7.01729	-1.0292	
7.01528	-1.00384	
7.01332	-0.978616	
7.01142	-0.953534	
7.00956	-0.928597	
7.00775	-0.903805	
7.00599	-0.879163	
7.00428	-0.854673	
7.00262	-0.830338	
7.00101	-0.806161	
6.99945	-0.782144	
6.99793	-0.75829	
6.99646	-0.734602	
6.99504	-0.711082	
6.99366	-0.687733	
6.99233	-0.664558	
6.99105	-0.641559	
6.98981	-0.618738	
6.98862	-0.596099	
6.98747	-0.573643	
6.98637	-0.551373	
6.98531	-0.529291	
6.9843	-0.5074	
6.98333	-0.485701	
6.9824	-0.464198	
6.98151	-0.442891	
6.98067	-0.421784	
6.97987	-0.400879	
6.97911	-0.380177	
6.97839	-0.35968	
6.97771	-0.339391	
6.97707	-0.319312	
6.97647	-0.299443	
6.97591	-0.279788	
6.97539	-0.260348	
6.97491	-0.241125	
6.97447	-0.22212	
6.97406	-0.203335	
6.97369	-0.184772	
6.97336	-0.166432	
6.97306	-0.148317	
6.9728	-0.130428	
6.97257	-0.112768	
6.97238	-0.0953359	
6.97223	-0.0762687	
6.97211	-0.061015	
6.97201	-0.048812	
6.97195	-0.0314335	
6.97192	-0.0144657	
6.97192	0.00212529	
6.97196	0.0183665	
6.97203	0.0342793	
6.97213	0.0498807	
6.97226	0.0651841	
6.97242	0.0802002	
6.97261	0.0949374	
6.97283	0.109402	
6.97307	0.1236	
6.97335	0.137534	
6.97365	0.151208	
6.97398	0.164625	
6.97434	0.177786	
6.97472	0.190693	
6.97512	0.203346	
6.97556	0.215748	
6.97601	0.227897	
6.97649	0.239796	
6.97699	0.251443	
6.97752	0.262841	
6.97807	0.273988	
6.97864	0.284885	
6.97923	0.295532	
6.97984	0.30593	
6.98047	0.316079	
6.98112	0.325979	
6.9818	0.33563	
6.98249	0.345032	
6.98319	0.354186	
6.98392	0.363093	
6.98466	0.371752	
6.98542	0.380164	
6.9862	0.38833	
6.98699	0.39625	
6.9878	0.403924	
6.98862	0.411353	
6.98946	0.418538	
6.99031	0.42548	
6.99118	0.432179	
6.99205	0.438636	
6.99294	0.444852	
6.99385	0.450827	
6.99476	0.456563	
6.99568	0.46206	
6.99662	0.46732	
6.99756	0.472344	
6.99852	0.477132	
6.99948	0.481686	
7.00045	0.486007	
7.00143	0.490095	
7.00242	0.493954	
7.00342	0.497583	
7.00442	0.500983	
7.00543	0.504158	
7.00644	0.507106	
7.00746	0.509832	
7.00848	0.512334	
7.00951	0.514616	
7.01055	0.516679	
7.01158	0.518524	
7.01262	0.520153	
7.01367	0.521568	
7.01471	0.52277	
7.01576	0.523761	
7.01681	0.524544	
7.01786	0.525119	
7.01891	0.525488	
7.01996	0.525654	
7.02101	0.525618	
7.02206	0.525383	
7.02311	0.52495	
7.02416	0.524322	
7.02521	0.523499	
7.02625	0.522485	
7.0273	0.521282	
7.02834	0.519892	
7.02937	0.518316	
7.03041	0.516557	
7.03144	0.514617	
7.03246	0.512499	
7.03348	0.510205	
7.0345	0.507737	
7.03551	0.505097	
7.03651	0.502288	
7.03751	0.499311	
7.0385	0.496171	
7.03949	0.492868	
7.04047	0.489405	
7.04144	0.485785	
7.0424	0.48201	
7.04336	0.478083	
7.04431	0.474006	
7.04525	0.469782	
7.04618	0.465413	
7.0471	0.460902	
7.04801	0.456251	
7.04891	0.451463	
7.04981	0.446541	
7.05069	0.441487	
7.05156	0.436304	
7.05242	0.430994	
7.05328	0.42556	
7.05412	0.420005	
7.05494	0.414332	
7.05576	0.408543	
7.05657	0.40264	
7.05736	0.396627	
7.05814	0.390506	
7.05891	0.38428	
7.05967	0.377952	
7.06041	0.371524	
7.06114	0.365	
7.06186	0.358381	
7.06256	0.351671	
7.06325	0.344872	
7.06392	0.337987	
7.06459	0.331019	
7.06523	0.32397	
7.06587	0.316844	
7.06649	0.309643	
7.06709	0.30237	
7.06768	0.295027	
7.06826	0.287617	
7.06882	0.280144	
7.06936	0.272609	
7.06989	0.265016	
7.07041	0.257366	
7.07091	0.249664	
7.07139	0.241911	
7.07186	0.23411	
7.07231	0.226265	
7.07275	0.218377	
7.07317	0.210449	
7.07357	0.202484	
7.07396	0.194485	
7.07434	0.186454	
7.07469	0.178394	
7.07503	0.170307	
7.07536	0.162196	
7.07567	0.154064	
7.07596	0.145913	
7.07623	0.137746	
7.07649	0.129566	
7.07674	0.121374	
7.07696	0.113173	
7.07717	0.104966	
7.07736	0.0967558	
7.07754	0.0885441	
7.0777	0.0803335	
7.07785	0.0721265	
7.07797	0.0639255	
7.07808	0.0511404	
7.07816	0.0409124	
7.07822	0.0327299	
7.07828	0.0261839	
7.07832	0.0209471	
7.07835	0.0167577	
7.07837	0.00830761	
7.07837	-4.68762e-05	
7.07835	-0.00831783	
7.07832	-0.0165145	
7.07827	-0.0246438	
7.0782	-0.0327109	
7.07812	-0.0407197	
7.07803	-0.0486726	
7.07791	-0.0565715	
7.07778	-0.0644172	
7.07764	-0.0722102	
7.07748	-0.0799504	
7.0773	-0.0876375	
7.07711	-0.0952707	
7.07691	-0.102849	
7.07669	-0.110372	
7.07645	-0.117838	
7.0762	-0.125245	
7.07594	-0.132593	
7.07566	-0.13988	
7.07536	-0.147104	
7.07505	-0.154265	
7.07473	-0.16136	
7.07439	-0.168389	
7.07404	-0.175349	
7.07368	-0.182239	
7.0733	-0.189059	
7.07291	-0.195805	
7.0725	-0.202478	
7.07209	-0.209075	
7.07165	-0.215596	
7.07121	-0.222039	
7.07075	-0.228402	
7.07028	-0.234685	
7.0698	-0.240886	
7.06931	-0.247004	
7.0688	-0.253038	
7.06828	-0.258987	
7.06775	-0.264849	
7.06721	-0.270624	
7.06666	-0.276311	
7.0661	-0.281908	
7.06552	-0.287414	
7.06494	-0.29283	
7.06434	-0.298152	
7.06373	-0.303382	
7.06312	-0.308518	
7.06249	-0.313559	
7.06185	-0.318505	
7.06121	-0.323354	
7.06055	-0.328106	
7.05988	-0.332761	
7.05921	-0.337317	
7.05853	-0.341775	
7.05783	-0.346133	
7.05713	-0.350391	
7.05642	-0.354549	
7.05571	-0.358606	
7.05498	-0.362562	
7.05425	-0.366416	
7.05351	-0.370167	
7.05276	-0.373817	
7.05201	-0.377364	
7.05124	-0.380807	
7.05048	-0.384148	
7.0497	-0.387385	
7.04892	-0.390519	
7.04813	-0.393549	
7.04734	-0.396475	
7.04654	-0.399297	
7.04574	-0.402015	
7.04493	-0.40463	
7.04411	-0.40714	
7.04329	-0.409547	
7.04247	-0.411849	
7.04164	-0.414049	
7.04081	-0.416144	
7.03997	-0.418137	
7.03913	-0.420026	
7.03829	-0.421812	
7.03744	-0.423496	
7.03659	-0.425077	
7.03574	-0.426556	
7.03488	-0.427934	
7.03403	-0.42921	
7.03316	-0.430385	
7.0323	-0.431459	
7.03144	-0.432434	
7.03057	-0.433309	
7.0297	-0.434085	
7.02883	-0.434762	
7.02796	-0.435341	
7.02709	-0.435823	
7.02622	-0.436208	
7.02535	-0.436497	
7.02447	-0.43669	
7.0236	-0.436788	
7.02272	-0.436792	
7.02185	-0.436702	
7.02098	-0.43652	
7.02011	-0.436246	
7.01923	-0.43588	
7.01836	-0.435425	
7.01749	-0.434879	
7.01662	-0.434245	
7.01576	-0.433523	
7.01489	-0.432714	
7.01403	-0.431818	
7.01317	-0.430838	
7.01231	-0.429773	
7.01145	-0.428625	
7.0106	-0.427395	
7.00974	-0.426083	
7.00889	-0.424691	
7.00805	-0.42322	
7.0072	-0.42167	
7.00636	-0.420043	
7.00553	-0.41834	
7.00469	-0.416562	
7.00386	-0.41471	
7.00304	-0.412784	
7.00222	-0.410787	
7.0014	-0.40872	
7.00059	-0.406582	
6.99978	-0.404377	
6.99897	-0.402104	
6.99817	-0.399765	
6.99738	-0.397361	
6.99659	-0.394894	
6.99581	-0.392364	
6.99503	-0.389772	
6.99425	-0.387121	
6.99348	-0.384411	
6.99272	-0.381643	
6.99196	-0.378818	
6.99121	-0.375939	
6.99046	-0.373006	
6.98972	-0.37002	
6.98899	-0.366982	
6.98826	-0.363895	
6.98754	-0.360758	
6.98683	-0.357575	
6.98612	-0.354344	
6.98541	-0.351069	
6.98472	-0.34775	
6.98403	-0.344388	
6.98335	-0.340986	
6.98267	-0.337543	
6.98201	-0.334062	
6.98134	-0.330543	
6.98069	-0.326989	
6.98004	-0.323399	
6.9794	-0.319777	
6.97877	-0.316122	
6.97815	-0.312436	
6.97753	-0.30872	
6.97692	-0.304976	
6.97632	-0.301205	
6.97572	-0.297408	
6.97513	-0.293586	
6.97456	-0.289742	
6.97398	-0.285875	
6.97342	-0.281987	
6.97286	-0.27808	
6.97232	-0.274155	
6.97178	-0.270212	
6.97124	-0.266254	
6.97072	-0.262281	
6.9702	-0.258295	
6.96969	-0.254296	
6.96919	-0.250287	
6.9687	-0.246268	
6.96821	-0.24224	
6.96774	-0.238205	
6.96727	-0.234163	
6.96681	-0.230117	
6.96636	-0.226067	
6.96591	-0.222013	
6.96548	-0.217959	
6.96505	-0.213903	
6.96463	-0.209849	
6.96422	-0.205796	
6.96382	-0.201745	
6.96342	-0.197699	
6.96303	-0.193658	
6.96265	-0.189622	
6.96228	-0.185594	
6.96192	-0.181574	
6.96156	-0.177563	
6.96122	-0.173562	
6.96088	-0.169572	
6.96055	-0.165594	
6.96022	-0.161629	
6.95991	-0.157678	
6.9596	-0.153743	
6.9593	-0.149823	
6.95901	-0.14592	
6.95872	-0.142035	
6.95845	-0.138168	
6.95818	-0.134321	
6.95792	-0.130494	
6.95767	-0.126689	
6.95742	-0.122905	
6.95718	-0.119144	
6.95695	-0.115407	
6.95673	-0.111695	
6.95651	-0.108008	
6.9563	-0.104346	
6.9561	-0.100712	
6.95591	-0.0971043	
6.95572	-0.0935253	
6.95554	-0.0899751	
6.95537	-0.0864545	
6.9552	-0.082964	
6.95504	-0.0795044	
6.95489	-0.0760763	
6.95474	-0.0726803	
6.95461	-0.069317	
6.95447	-0.065987	
6.95435	-0.0626908	
6.95423	-0.0594291	
6.95412	-0.0562023	
6.95401	-0.0530109	
6.95391	-0.0498556	
6.95382	-0.0467367	
6.95373	-0.0436547	
6.95365	-0.0406101	
6.95357	-0.0376034	
6.95351	-0.0300827	
6.95347	-0.0240662	
6.95343	-0.0192529	
6.9534	-0.0154024	
6.95337	-0.0123219	
6.95335	-0.00985751	
6.95334	-0.00788601	
6.95332	-0.00630881	
6.95331	-0.00504704	
6.95331	-0.00403764	
6.9533	-0.00323011	
6.95329	-0.00258409	
6.95329	-0.00206727	
6.95329	-0.00165382	
6.95328	-0.00132305	
6.95328	-0.00105844	
6.95328	-0.000846753	
6.95328	-0.000677403	
6.95328	-0.000541922	
6.95328	-0.000433538	
6.95329	0.00460072	
6.9533	0.0090122	
6.95333	0.0129167	
6.95336	0.0164067	
6.9534	0.0195564	
6.95345	0.022425	
6.9535	0.02506	
6.95355	0.0274992	
6.95361	0.0297731	
6.95368	0.0319059	
6.95374	0.0339172	
6.95381	0.0358224	
6.95389	0.0376341	
6.95397	0.0393623	
6.95405	0.0410151	
6.95414	0.0425989	
6.95422	0.0441188	
6.95432	0.0455791	
6.95441	0.0469832	
6.95451	0.0483338	
6.95461	0.0496331	
6.95471	0.0508831	
6.95481	0.0520851	
6.95492	0.0532404	
6.95503	0.0543502	
6.95514	0.0554152	
6.95525	0.0564362	
6.95537	0.057414	
6.95548	0.0583491	
6.9556	0.059242	
6.95572	0.0600931	
6.95584	0.0609031	
6.95597	0.0616722	
6.95609	0.0624009	
6.95622	0.0630895	
6.95634	0.0637385	
6.95647	0.0643483	
6.9566	0.064919	
6.95673	0.0654513	
6.95687	0.0659454	
6.957	0.0664016	
6.95713	0.0668204	
6.95727	0.0672022	
6.9574	0.0675473	
6.95754	0.0678561	
6.95767	0.068129	
6.95781	0.0683664	
6.95795	0.0685687	
6.95808	0.0687364	
6.95822	0.0688697	
6.95836	0.0689693	
6.9585	0.0690353	
6.95864	0.0690684	
6.95877	0.0690689	
6.95891	0.0690373	
6.95905	0.0689741	
6.95919	0.0688795	
6.95933	0.0687542	
6.95946	0.0685986	
6.9596	0.0684132	
6.95974	0.0681983	
6.95987	0.0679545	
6.96001	0.0676823	
6.96014	0.0673821	
6.96028	0.0670544	
6.96041	0.0666997	
6.96054	0.0663185	
6.96067	0.0659112	
6.96081	0.0654784	
6.96094	0.0650205	
6.96106	0.0645381	
6.96119	0.0640316	
6.96132	0.0635016	
6.96145	0.0629485	
6.96157	0.0623729	
6.96169	0.0617751	
6.96182	0.0611559	
6.96194	0.0605156	
6.96206	0.0598547	
6.96217	0.0591738	
6.96229	0.0584734	
6.96241	0.057754	
6.96252	0.057016	
6.96263	0.0562601	
6.96275	0.0554866	
6.96285	0.0546961	
6.96296	0.0538892	
6.96307	0.0530662	
6.96317	0.0522278	
6.96328	0.0513743	
6.96338	0.0505064	
6.96348	0.0496245	
6.96357	0.0487291	
6.96367	0.0478207	
6.96376	0.0468998	
6.96385	0.0459669	
6.96394	0.0450224	
6.96403	0.0440669	
6.96412	0.0431009	
6.9642	0.0421248	
6.96429	0.0411391	
6.96437	0.0401443	
6.96444	0.0391409	
6.96452	0.0381293	
6.96459	0.03711	
6.96467	0.0360835	
6.96474	0.0350501	
6.9648	0.0340105	
6.96487	0.032965	
6.96493	0.0319141	
6.965	0.0308582	
6.96506	0.0297978	
6.96511	0.0287333	
6.96516	0.0229866	
6.9652	0.0183893	
6.96523	0.0147114	
6.96525	0.0117691	
6.96527	0.00941531	
6.96528	0.00753225	
6.96529	0.0060258	
6.9653	0.00482064	
6.96531	0.00385651	
6.96532	0.00308521	
6.96532	0.00246817	
6.96533	0.00197453	
6.96533	0.00157963	
6.96533	0.0012637	
6.96534	0.00101096	
6.96534	0.000808769	
6.96534	0.000647016	
6.96534	0.000517612	
6.96534	0.00041409	
6.96534	0.000331272	
6.96534	0.000265018	
6.96534	0.000212014	
6.96534	0.000169611	
6.96534	0.000135689	
6.96534	0.000108551	
6.96534	8.68409e-05	
6.96534	6.94728e-05	
6.96534	5.55782e-05	
6.96534	4.44626e-05	
6.96534	3.55701e-05	
6.96534	2.8456e-05	
6.96534	2.27648e-05	
6.96534	1.82119e-05	
6.96534	1.45695e-05	
6.96534	1.16556e-05	
6.96534	9.32448e-06	
6.96534	7.45958e-06	
6.96534	5.96766e-06	
6.96534	4.77413e-06	
6.96534	3.81931e-06	
6.96534	3.05544e-06	
6.96534	2.44436e-06	
6.96534	1.95548e-06	
6.96534	1.56439e-06	
6.96534	1.25151e-06	
6.96534	1.00121e-06	
6.96534	8.00966e-07	
6.96534	6.40773e-07	
6.96534	5.12618e-07	
6.96533	-0.0049455	
6.96532	-0.00905505	
6.96529	-0.012493	
6.96526	-0.0153912	
6.96522	-0.0178552	
6.96518	-0.0199692	
6.96514	-0.0218008	
6.96509	-0.0234038	
6.96504	-0.0248215	
6.96499	-0.0260883	
6.96494	-0.0272319	
6.96488	-0.0282741	
6.96482	-0.0292327	
6.96476	-0.0301218	
6.9647	-0.0309526	
6.96464	-0.031734	
6.96457	-0.0324734	
6.96451	-0.0331763	
6.96444	-0.0338474	
6.96437	-0.0344904	
6.9643	-0.0351081	
6.96423	-0.0357029	
6.96415	-0.0362766	
6.96408	-0.0368308	
6.96401	-0.0373665	
6.96393	-0.0378849	
6.96385	-0.0383865	
6.96378	-0.038872	
6.9637	-0.0393419	
6.96362	-0.0397966	
6.96354	-0.0402364	
6.96346	-0.0406615	
6.96337	-0.0410722	
6.96329	-0.0414685	
6.96321	-0.0418508	
6.96312	-0.042219	
6.96304	-0.0425733	
6.96295	-0.0429138	
6.96286	-0.0432405	
6.96278	-0.0435536	
6.96269	-0.0438531	
6.9626	-0.044139	
6.96251	-0.0444115	
6.96242	-0.0446706	
6.96233	-0.0449164	
6.96224	-0.0451489	
6.96215	-0.0453682	
6.96206	-0.0455744	
6.96197	-0.0457675	
6.96188	-0.0459477	
6.96179	-0.0461149	
6.96169	-0.0462693	
6.9616	-0.0464111	
6.96151	-0.0465401	
6.96141	-0.0466566	
6.96132	-0.0467606	
6.96123	-0.0468523	
6.96113	-0.0469317	
6.96104	-0.0469988	
6.96095	-0.047054	
6.96085	-0.0470971	
6.96076	-0.0471284	
6.96066	-0.0471479	
6.96057	-0.0471558	
6.96047	-0.0471522	
6.96038	-0.0471371	
6.96029	-0.0471108	
6.96019	-0.0470732	
6.9601	-0.0470247	
6.96	-0.0469652	
6.95991	-0.046895	
6.95982	-0.0468141	
6.95972	-0.0467226	
6.95963	-0.0466208	
6.95954	-0.0465087	
6.95944	-0.0463865	
6.95935	-0.0462543	
6.95926	-0.0461123	
6.95917	-0.0459606	
6.95907	-0.0457994	
6.95898	-0.0456287	
6.95889	-0.0454488	
6.9588	-0.0452598	
6.95871	-0.0450619	
6.95862	-0.0448551	
6.95853	-0.0446397	
6.95844	-0.0444158	
6.95836	-0.0441835	
6.95827	-0.043943	
6.95818	-0.0436945	
6.95809	-0.0434382	
6.95801	-0.0431741	
6.95792	-0.0429024	
6.95784	-0.0426234	
6.95775	-0.0423371	
6.95767	-0.0420437	
6.95758	-0.0417434	
6.9575	-0.0414363	
6.95742	-0.0411227	
6.95734	-0.0408026	
6.95726	-0.0404762	
6.95718	-0.0401437	
6.9571	-0.0398052	
6.95702	-0.0394609	
6.95694	-0.0391111	
6.95686	-0.0387557	
6.95679	-0.0383951	
6.95671	-0.0380292	
6.95663	-0.0376585	
6.95656	-0.0372828	
6.95649	-0.0369026	
6.95641	-0.0365178	
6.95634	-0.0361287	
6.95627	-0.0357354	
6.9562	-0.0353381	
6.95613	-0.0349369	
6.95606	-0.034532	
6.95599	-0.0341236	
6.95592	-0.0337117	
6.95586	-0.0332967	
6.95579	-0.0328786	
6.95573	-0.0324575	
6.95566	-0.0320337	
6.9556	-0.0316072	
6.95554	-0.0311783	
6.95547	-0.0307471	
6.95541	-0.0303137	
6.95535	-0.0298783	
6.9553	-0.0294411	
6.95524	-0.0290021	
6.95518	-0.0285615	
6.95512	-0.0281196	
6.95507	-0.0276763	
6.95501	-0.0272319	
6.95496	-0.0267865	
6.95491	-0.0263402	
6.95486	-0.0258933	
6.95481	-0.0207146	
6.95478	-0.0165717	
6.95476	-0.0132573	
6.95473	-0.0106059	
6.95472	-0.0084847	
6.9547	-0.00678776	
6.95469	-0.00543021	
6.95468	-0.00434417	
6.95468	-0.00347533	
6.95467	-0.00278027	
6.95467	-0.00222421	
6.95466	-0.00177937	
6.95466	-0.0014235	
6.95466	-0.0011388	
6.95466	-0.000911038	
6.95466	-0.00072883	
6.95465	-0.000583064	
6.95465	-0.000466451	
6.95465	-0.000373161	
6.95465	-0.000298529	
6.95465	-0.000238823	
6.95465	-0.000191058	
6.95465	-0.000152847	
6.95465	-0.000122277	
6.95465	-9.78219e-05	
6.95465	-7.82575e-05	
6.95465	-6.2606e-05	
6.95465	-5.00848e-05	
6.95465	-4.00679e-05	
6.95465	-3.20543e-05	
6.95465	-2.56434e-05	
6.95465	-2.05147e-05	
6.95465	-1.64118e-05	
6.95465	-1.31294e-05	
6.95465	-1.05036e-05	
6.95465	-8.40284e-06	
6.95465	-6.72227e-06	
6.95465	-5.37782e-06	
6.95465	-4.30225e-06	
6.95465	-3.4418e-06	
6.95465	-2.75344e-06	
6.95465	-2.20275e-06	
6.95465	-1.7622e-06	
6.95465	-1.40976e-06	
6.95465	-1.12781e-06	
6.95465	-9.02248e-07	
6.95465	-7.21798e-07	
6.95465	-5.77439e-07	
6.95465	-4.61951e-07	
6.95465	-3.69561e-07	
6.95465	-2.95649e-07	
6.95465	-2.36519e-07	
6.95465	-1.89215e-07	
6.95465	-1.51372e-07	
6.95465	-1.21098e-07	
6.95465	-9.68782e-08	
6.95465	-7.75025e-08	
6.95465	-6.2002e-08	
6.95465	-4.96016e-08	
6.95465	-3.96813e-08	
6.95465	-3.1745e-08	
6.95465	-2.5396e-08	
6.95465	-2.03168e-08	
6.95465	-1.62535e-08	
6.95465	-1.30028e-08	
6.95465	-1.04022e-08	
6.95465	-8.32177e-09	
6.95465	-6.65742e-09	
6.95465	-5.32593e-09	
6.95465	-4.26075e-09	
6.95465	-3.4086e-09	
6.95465	-2.72688e-09	
6.95465	-2.1815e-09	
6.95465	-1.7452e-09	
6.95465	-1.39616e-09	
6.95465	-1.11693e-09	
6.95465	-8.93543e-10	
6.95465	-7.14835e-10	
6.95465	-5.71868e-10	
6.95465	-4.57494e-10	
6.95465	-3.65995e-10	
6.95465	-2.92796e-10	
6.95465	-2.34237e-10	
6.95465	-1.8739e-10	
6.95465	-1.49912e-10	
6.95465	-1.19929e-10	
6.95465	-9.59435e-11	
6.95465	-7.67548e-11	
6.95465	-6.14038e-11	
6.95465	-4.91231e-11	
6.95465	-3.92984e-11	
6.95465	-3.14388e-11	
6.95465	-2.5151e-11	
6.95465	-2.01208e-11	
6.95465	-1.60966e-11	
6.95465	-1.28773e-11	
6.95465	-1.03019e-11	
6.95465	-8.24148e-12	
6.95465	-6.59319e-12	
6.95465	-5.27455e-12	
6.95465	-4.21964e-12	
6.95465	-3.37571e-12	
6.95465	-2.70057e-12	
6.95465	-2.16045e-12	
6.95465	-1.72836e-12	
6.95465	-1.38269e-12	
6.95465	-1.10615e-12	
6.95465	-8.84922e-13	
6.95465	-7.07938e-13	
6.95465	-5.6635e-13	
6.95465	-4.5308e-13	
6.95465	-3.62464e-13	
6.95465	-2.89971e-13	
6.95465	-2.31977e-13	
6.95465	-1.85582e-13	
6.95465	-1.48465e-13	
6.95465	-1.18772e-13	
6.95465	-9.50178e-14	
6.95465	-7.60143e-14	
6.95465	-6.08114e-14	
6.95465	-4.86491e-14	
6.95465	-3.89193e-14	
6.95465	-3.11354e-14	
6.95465	-2.49084e-14	
6.95465	-1.99267e-14	
6.95465	-1.59413e-14	
6.95465	-1.27531e-14	
6.95465	-1.02025e-14	
6.95465	-8.16197e-15	
6.95465	-6.52957e-15	
6.95465	-5.22366e-15	
6.95465	-4.17893e-15	
6.95465	-3.34314e-15	
6.95465	-2.67451e-15	
6.95465	-2.13961e-15	
6.95465	-1.71169e-15	
6.95465	-1.36935e-15	
6.95465	-1.09548e-15	
6.95465	-8.76385e-16	
6.95465	-7.01108e-16	
6.95465	-5.60886e-16	
6.95465	-4.48709e-16	
6.95465	-3.58967e-16	
6.95465	-2.87174e-16	
6.95465	-2.29739e-16	
6.95465	-1.83791e-16	
6.95465	-1.47033e-16	
6.95465	-1.17626e-16	
6.95465	-9.41011e-17	
6.95465	-7.52809e-17	
6.95465	-6.02247e-17	
6.95465	-4.81798e-17	
6.95465	-3.85438e-17	
6.95465	-3.0835e-17	
6.95465	-2.4668e-17	
6.95465	-1.97344e-17	
6.95465	-1.57875e-17	
6.95465	-1.263e-17	
6.95465	-1.0104e-17	
6.95465	-8.08322e-18	
6.95465	-6.46658e-18	
6.95465	-5.17326e-18	
6.95465	-4.13861e-18	
6.95465	-3.31089e-18	
6.95465	-2.64871e-18	
6.95465	-2.11897e-18	
6.95465	-1.69517e-18	
6.95465	-1.35614e-18	
6.95465	-1.08491e-18	
6.95465	-8.67929e-19	
6.95465	-6.94343e-19	
6.95465	-5.55475e-19	
6.95465	-4.4438e-19	
6.95465	-3.55504e-19	
6.95465	-2.84403e-19	
6.95465	-2.27522e-19	
6.95465	-1.82018e-19	
6.95465	-1.45614e-19	
6.95465	-1.16491e-19	
6.95465	-9.31932e-20	
6.95465	-7.45546e-20	
6.95465	-5.96437e-20	
6.95465	-4.77149e-20	
6.95465	-3.81719e-20	
6.95465	-3.05375e-20	
6.95465	-2.443e-20	
6.95465	-1.9544e-20	
6.95465	-1.56352e-20	
6.95465	-1.25082e-20	
6.95465	-1.00065e-20	
6.95465	-8.00524e-21	
6.95465	-6.40419e-21	
6.95465	-5.12335e-21	
6.95465	-4.09868e-21	
6.95465	-3.27894e-21	
6.95465	-2.62316e-21	
6.95465	-2.09852e-21	
6.95465	-1.67882e-21	
6.95465	-1.34306e-21	
6.95465	-1.07444e-21	
6.95465	-8.59556e-22	
6.95465	-6.87644e-22	
6.95465	-5.50116e-22	
6.95465	-4.40092e-22	
6.95465	-3.52074e-22	
6.95465	-2.81659e-22	
6.95465	-2.25327e-22	
6.95465	-1.80262e-22	
6.95465	-1.44209e-22	
6.95465	-1.15368e-22	
6.95465	-9.22941e-23	
6.95465	-7.38353e-23	
6.95465	-5.90682e-23	
6.95465	-4.72546e-23	
6.95465	-3.78037e-23	
6.95465	-3.02429e-23	
6.95465	-2.41943e-23	
6.95465	-1.93555e-23	
6.95465	-1.54844e-23	
6.95465	-1.23875e-23	
6.95465	-9.91e-24	
6.95465	-7.928e-24	
6.95465	-6.3424e-24	
6.95465	-5.07392e-24	
6.95465	-4.05914e-24	
6.95465	-3.24731e-24	
6.95465	-2.59785e-24	
6.95465	-2.07828e-24	
6.95465	-1.66262e-24	
6.95465	-1.3301e-24	
6.95465	-1.06408e-24	
6.95465	-8.51263e-25	
6.95465	-6.8101e-25	
6.95465	-5.44808e-25	
6.95465	-4.35846e-25	
6.95465	-3.48677e-25	
6.95465	-2.78942e-25	
6.95465	-2.23153e-25	
6.95465	-1.78523e-25	
6.95465	-1.42818e-25	
6.95465	-1.14255e-25	
6.95465	-9.14036e-26	
6.95465	-7.31229e-26	
6.95465	-5.84983e-26	
6.95465	-4.67987e-26	
6.95465	-3.74389e-26	
6.95465	-2.99511e-26	
6.95465	-2.39609e-26	
6.95465	-1.91687e-26	
6.95465	-1.5335e-26	
6.95465	-1.2268e-26	
6.95465	-9.81439e-27	
6.95465	-7.85151e-27	
6.95465	-6.28121e-27	
6.95465	-5.02497e-27	
6.95465	-4.01997e-27	
6.95465	-3.21598e-27	
6.95465	-2.57278e-27	
6.95465	-2.05823e-27	
6.95465	-1.64658e-27	
6.95465	-1.31727e-27	
6.95465	-1.05381e-27	
6.95465	-8.4305e-28	
6.95465	-6.7444e-28	
6.95465	-5.39552e-28	
6.95465	-4.31641e-28	
6.95465	-3.45313e-28	
6.95465	-2.76251e-28	
6.95465	-2.21e-28	
6.95465	-1.768e-28	
6.95465	-1.4144e-28	
6.95465	-1.13152e-28	
6.95465	-9.05218e-29	
6.95465	-7.24174e-29	
6.95465	-5.79339e-29	
6.95465	-4.63471e-29	
6.95465	-3.70777e-29	
6.95465	-2.96622e-29	
6.95465	-2.37297e-29	
6.95465	-1.89838e-29	
6.95465	-1.5187e-29	
6.95465	-1.21496e-29	
6.95465	-9.7197e-30	
6.95465	-7.77576e-30	
6.95465	-6.22061e-30	
6.95465	-4.97649e-30	
6.95465	-3.98119e-30	
6.95465	-3.18495e-30	
6.95465	-2.54796e-30	
6.95465	-2.03837e-30	
6.95465	-1.6307e-30	
6.95465	-1.30456e-30	
6.95465	-1.04364e-30	
6.95465	-8.34916e-31	
6.95465	-6.67933e-31	
6.95465	-5.34346e-31	
6.95465	-4.27477e-31	
6.95465	-3.41982e-31	
6.95465	-2.73585e-31	
6.95465	-2.18868e-31	
6.95465	-1.75095e-31	
6.95465	-1.40076e-31	
6.95465	-1.12061e-31	
6.95465	-8.96484e-32	
6.95465	-7.17187e-32	
6.95465	-5.7375e-32	
6.95465	-4.59e-32	
6.95465	-3.672e-32	
6.95465	-2.9376e-32	
6.95465	-2.35008e-32	
6.95465	-1.88006e-32	
6.95465	-1.50405e-32	
6.95465	-1.20324e-32	
6.95465	-9.62593e-33	
6.95465	-7.70074e-33	
6.95465	-6.16059e-33	
6.95465	-4.92847e-33	
6.95465	-3.94278e-33	
6.95465	-3.15422e-33	
6.95465	-2.52338e-33	
6.95465	-2.0187e-33	
6.95465	-1.61496e-33	
6.95465	-1.29197e-33	
6.95465	-1.03358e-33	
6.95465	-8.26861e-34	
6.95465	-6.61489e-34	
6.95465	-5.29191e-34	
6.95465	-4.23353e-34	
6.95465	-3.38682e-34	
6.95465	-2.70946e-34	
6.95465	-2.16757e-34	
6.95465	-1.73405e-34	
6.95465	-1.38724e-34	
6.95465	-1.10979e-34	
6.95465	-8.87835e-35	
6.95465	-7.10268e-35	
6.95465	-5.68214e-35	
6.95465	-4.54571e-35	
6.95465	-3.63657e-35	
6.95465	-2.90926e-35	
6.95465	-2.32741e-35	
6.95465	-1.86192e-35	
6.95465	-1.48954e-35	
6.95465	-1.19163e-35	
6.95465	-9.53305e-36	
6.95465	-7.62644e-36	
6.95465	-6.10116e-36	
6.95465	-4.88092e-36	
6.95465	-3.90474e-36	
6.95465	-3.12379e-36	
6.95465	-2.49903e-36	
6.95465	-1.99923e-36	
6.95465	-1.59938e-36	
6.95465	-1.2795e-36	
6.95465	-1.0236e-36	
6.95465	-8.18883e-37	
6.95465	-6.55107e-37	
6.95465	-5.24085e-37	
6.95465	-4.19268e-37	
6.95465	-3.35415e-37	
6.95465	-2.68332e-37	
6.95465	-2.14665e-37	
6.95465	-1.71732e-37	
6.95465	-1.37386e-37	
6.95465	-1.09909e-37	
6.95465	-8.79269e-38	
6.95465	-7.03415e-38	
6.95465	-5.62732e-38	
6.95465	-4.50186e-38	
6.95465	-3.60149e-38	
6.95465	-2.88119e-38	
6.95465	-2.30495e-38	
6.95465	-1.84396e-38	
6.95465	-1.47517e-38	
6.95465	-1.18014e-38	
6.95465	-9.44108e-39	
6.95465	-7.55286e-39	
6.95465	-6.04229e-39	
6.95465	-4.83383e-39	
6.95465	-3.86707e-39	
6.95465	-3.09365e-39	
6.95465	-2.47492e-39	
6.95465	-1.97994e-39	
6.95465	-1.58395e-39	
6.95465	-1.26716e-39	
6.95465	-1.01373e-39	
6.95465	-8.10983e-40	
6.95465	-6.48786e-40	
6.95465	-5.19028e-40	
6.95465	-4.15223e-40	
6.95465	-3.32178e-40	
6.95465	-2.65742e-40	
6.95465	-2.12594e-40	
6.95465	-1.70076e-40	
6.95465	-1.3606e-40	
6.95465	-1.08849e-40	
6.95465	-8.70781e-41	
6.95465	-6.96628e-41	
6.95465	-5.57296e-41	
6.95465	-4.45837e-41	
6.95465	-3.56672e-41	
6.95465	-2.85332e-41	
6.95465	-2.28272e-41	
6.95465	-1.82617e-41	
6.95465	-1.46099e-41	
6.95465	-1.16868e-41	
6.95465	-9.34946e-42	
6.95465	-7.48013e-42	
6.95465	-5.98354e-42	
6.95465	-4.78684e-42	
6.95465	-3.82975e-42	
6.95465	-3.06324e-42	
6.95465	-2.45087e-42	
6.95465	-1.96042e-42	
6.95465	-1.56805e-42	
6.95465	-1.25556e-42	
6.95465	-1.00333e-42	
6.95465	-8.02944e-43	
6.95465	-6.43196e-43	
6.95465	-5.14277e-43	
6.95465	-4.1058e-43	
6.95465	-3.29305e-43	
6.95465	-2.63444e-43	
6.95465	-2.10195e-43	
6.95465	-1.68156e-43	
6.95465	-1.34525e-43	
6.95465	-1.079e-43	
6.95465	-8.68805e-44	
6.95465	-6.86636e-44	
6.95465	-5.46506e-44	
6.95465	-4.48416e-44	
6.95465	-3.50325e-44	
6.95465	-2.8026e-44	
6.95465	-2.24208e-44	
6.95465	-1.82169e-44	
6.95465	-1.4013e-44	
6.95465	-1.12104e-44	
6.95465	-9.80909e-45	
6.95465	-7.00649e-45	
6.95465	-5.60519e-45	
6.95465	-4.2039e-45	
6.95465	-4.2039e-45	
6.95465	-2.8026e-45	
6.95465	-2.8026e-45	
6.95465	-1.4013e-45	
6.95465	-1.4013e-45	
6.95465	-1.4013e-45	
6.95465	-1.4013e-45	
6.95465	-1.4013e-45	
6.95465	-0	
6.95465	-0	
6.95465	-0	
6.95465	-0	
6.95465	-0	
6.95465	-0	
6.95465	-0	
6.95465	-0	
6.95465	-0	
6.95465	-0	
6.95465	-0	
6.95465	-0	
6.95465	-0	
6.95465	-0	
6.95465	-0	
6.95465	-0	
6.95465	-0	
6.95465	-0	
6.95465	-0	
6.95465	-0	
6.95465	-0	
6.95465	-0	
6.95465	-0	
6.95465	-0	
6.95465	-0	
6.95465	-0	
6.95465	-0	
6.95465	-0	
6.95465	-0	
6.95465	-0	
6.95465	-0	
6.95465	-0	
6.95465	-0	
6.95465	-0	
6.95465	-0	
6.95465	-0	
6.95465	-0	
6.95465	-0	
6.95465	-0	
6.95465	-0	
6.95465	-0	
6.95465	-0	
6.95465	-0	
6.95465	-0	
6.95465	-0	
6.95465	-0	
6.95465	-0	
6.95465	-0	
6.95465	-0	
6.95465	-0	
6.95465	-0	
6.95465	-0	
6.95465	-0	
6.95465	-0	
6.95465	-0	
6.95465	-0	
6.95465	-0	
6.95465	-0	
6.95465	-0	
6.95465	-0	
6.95465	-0	
6.95465	-0	
6.95465	-0	
6.95465	-0	
6.95465	-0	
6.95465	-0	
6.95465	-0	
6.95465	-0	
6.95465	-0	
6.95465	-0	
6.95465	-0	
6.95465	-0	
6.95465	-0	
6.95465	-0	
6.95465	-0	
6.95465	-0	
6.95465	-0	
6.95465	-0	
6.95465	-0	
6.95465	-0	
6.95465	-0	
6.95465	-0	
6.95465	-0	
6.95465	-0	
6.95465	-0	
6.95465	-0	
6.95465	-0	
6.95465	-0	
6.95465	-0	
6.95465	-0	
6.95465	-0	
6.95465	-0	
6.95465	-0	
6.95465	-0	
6.95465	-0	
6.95465	-0	
6.95465	-0	
6.95465	-0	
6.95465	-0	
6.95465	-0	
6.95465	-0	
6.95465	-0	
6.95465	-0	
6.95465	-0	
6.95465	-0	
6.95465	-0	
6.95465	-0	
6.95465	-0	
6.95465	-0	
6.95465	-0	
6.95465	-0	
6.95465	-0	
6.95465	-0	
6.95465	-0	
6.95465	-0	
6.95465	-0	
6.95465	-0	
6.95465	-0	
6.95465	-0	
6.95465	-0	
6.95465	-0	
6.95465	-0	
6.95465	-0	
6.95465	-0	
6.95465	-0	
6.95465	-0	
6.95465	-0	
6.95465	-0	
6.95465	-0	
6.95465	-0	
6.95465	-0	
6.95465	-0	
6.95465	-0	
6.95465	-0	
6.95465	-0	
6.95465	-0	
6.95465	-0	
6.95465	-0	
6.95465	-0	
6.95465	-0	
6.95465	-0	
6.95465	-0	
6.95465	-0	
6.95465	-0	
6.95465	-0	
6.95465	-0	
6.95465	-0	
6.95465	-0	
6.95465	-0	
6.95465	-0	
6.95465	-0	
6.95465	-0	
6.95465	-0	
6.95465	-0	
6.95465	-0	
6.95465	-0	
6.95465	-0	
6.95465	-0	
6.95465	-0	
6.95465	-0	
6.95465	-0	
6.95465	-0	
6.95465	-0	
6.95465	-0	
6.95465	-0	
6.95465	-0	
6.95465	-0	
6.95465	-0	
6.95465	-0	
6.95465	-0	
6.95465	-0	
6.95465	-0	
6.95465	-0	
6.95465	-0	
6.95465	-0	
6.95465	-0	
6.95465	-0	
6.95465	-0	
6.95465	-0	
6.95465	-0	
6.95465	-0	
6.95465	-0	
6.95465	-0	
6.95465	-0	
6.95465	-0	
6.95465	-0	
6.95465	-0	
6.95465	-0	
6.95465	-0	
6.95465	-0	
6.95465	-0	
6.95465	-0	
6.95465	-0	
6.95465	-0	
6.95465	-0	
6.95465	-0	
6.95465	-0	
6.95465	-0	
6.95465	-0	
6.95465	-0	
6.95465	-0	
6.95465	-0	
6.95465	-0	
6.95465	-0	
6.95465	-0	
6.95465	-0	
6.95465	-0	
6.95465	-0	
6.95465	-0	
6.95465	-0	
6.95465	-0	
6.95465	-0	
6.95465	-0	
6.95465	-0	
6.95465	-0	
6.95465	-0	
6.95465	-0	
6.95465	-0	
6.95465	-0	
6.95465	-0	
6.95465	-0	
6.95465	-0	
6.95465	-0	
6.95465	-0	
6.95465	-0	
6.95465	-0	
6.95465	-0	
6.95465	-0	
6.95465	-0	
6.95465	-0	
6.95465	-0	
6.95465	-0	
6.95465	-0	
6.95465	-0	
6.95465	-0	
6.95465	-0	
6.95465	-0	
6.95465	-0	
6.95465	-0	
6.95465	-0	
6.95465	-0	
6.95465	-0	
6.95465	-0	
6.95465	-0	
6.95465	-0	
6.95465	-0	
6.95465	-0	
6.95465	-0	
6.95465	-0	
6.95465	-0	
6.95465	-0	
6.95465	-0	
6.95465	-0	
6.95465	-0	
6.95465	-0	
6.95465	-0	
6.95465	-0	
6.95465	-0	
6.95465	-0	
6.95465	-0	
6.95465	-0	
6.95465	-0	
6.95465	-0	
6.95465	-0	
6.95465	-0	
6.95465	-0	
6.95465	-0	
6.95465	-0	
6.95465	-0	
6.95465	-0	
6.95465	-0	
6.95465	-0	
6.95465	-0	
6.95465	-0	
6.95465	-0	
6.95465	-0	
6.95465	-0	
6.95465	-0	
6.95465	-0	
6.95465	-0	
6.95465	-0	
6.95465	-0	
6.95465	-0	
6.95465	-0	
6.95465	-0	
6.95465	-0	
6.95465	-0	
6.95465	-0	
6.95465	-0	
6.95465	-0	
6.95465	-0	
6.95465	-0	
6.95465	-0	
6.95465	-0	
6.95465	-0	
6.95465	-0	
6.95465	-0	
6.95465	-0	
6.95465	-0	
6.95465	-0	
6.95465	-0	
6.95465	-0	
6.95465	-0	
6.95465	-0	
6.95465	-0	
6.95465	-0	
6.95465	-0	
6.95465	-0	
6.95465	-0	
6.95465	-0	
6.95465	-0	
6.95465	-0	
6.95465	-0	
6.95465	-0	
6.95465	-0	
6.95465	-0	
6.95465	-0	
6.95465	-0	
6.95465	-0	
6.95465	-0	
6.95465	-0	
6.95465	-0	
6.95465	-0	
6.95465	-0	
6.95465	-0	
6.95465	-0	
6.95465	-0	
6.95465	-0	
6.95465	-0	
6.95465	-0	
6.95465	-0	
6.95465	-0	
6.95465	-0	
6.95465	-0	
6.95465	-0	
6.95465	-0	
6.95465	-0	
6.95465	-0	
6.95465	-0	
6.95465	-0	
6.95465	-0	
6.95465	-0	
6.95465	-0	
6.95465	-0	
6.95465	-0	
6.95465	-0	
6.95465	-0	
6.95465	-0	
6.95465	-0	
6.95465	-0	
6.95465	-0	
6.95465	-0	
6.95465	-0	
6.95465	-0	
6.95465	-0	
6.95465	-0	
6.95465	-0	
6.95465	-0	
6.95465	-0	
6.95465	-0	
6.95465	-0	
6.95465	-0	
6.95465	-0	
6.95465	-0	
6.95465	-0	
6.95465	-0	
6.95465	-0	
6.95465	-0	
6.95465	-0	
6.95465	-0	
6.95465	-0	
6.95465	-0	
6.95465	-0	
6.95465	-0	
6.95465	-0	
6.95465	-0	
6.95465	-0	
6.95465	-0	
6.95465	-0	
6.95465	-0	
6.95465	-0	
6.95465	-0	
6.95465	-0	
6.95465	-0	
6.95465	-0	
6.95465	-0	
6.95465	-0	
6.95465	-0	
6.95465	-0	
6.95465	-0	
6.95465	-0	
6.95465	-0	
6.95465	-0	
6.95465	-0	
6.95465	-0	
6.95465	-0	
6.95465	-0	
6.95465	-0	
6.95465	-0	
6.95465	-0	
6.95465	-0	
6.95465	-0	
6.95465	-0	
6.95465	-0	
6.95465	-0	
6.95465	-0	
6.95465	-0	
6.95465	-0	
6.95465	-0	
6.95465	-0	
6.95465	-0	
6.95465	-0	
6.95465	-0	
6.95465	-0	
6.95465	-0	
6.95465	-0	
6.95465	-0	
6.95465	-0	
6.95465	-0	
6.95465	-0	
6.95465	-0	
6.95465	-0	
6.95465	-0	
6.95465	-0	
6.95465	-0	
6.95465	-0	
6.95465	-0	
6.95465	-0	
6.95465	-0	
6.95465	-0	
6.95465	-0	
6.95465	-0	
6.95465	-0	
6.95465	-0	
6.95465	-0	
6.95465	-0	
6.95465	-0	
6.95465	-0	
6.95465	-0	
6.95465	-0	
6.95465	-0	
6.95465	-0	
6.95465	-0	
6.95465	-0	
6.95465	-0	
6.95465	-0	
6.95465	-0	
6.95465	-0	
6.95465	-0	
6.95465	-0	
6.95465	-0	
6.95465	-0	
6.95465	-0	
6.95465	-0	
6.95465	-0	
6.95465	-0	
6.95465	-0	
6.95465	-0	
6.95465	-0	
6.95465	-0	
6.95465	-0	
6.95465	-0	
6.95465	-0	
6.95465	-0	
6.95465	-0	
6.95465	-0	
6.95465	-0	
6.95465	-0	
6.95465	-0	
6.95465	-0	
6.95465	-0	
6.95465	-0	
6.95465	-0	
6.95465	-0	
6.95465	-0	
6.95465	-0	
6.95465	-0	
6.95465	-0	
6.95465	-0	
6.95465	-0	
6.95465	-0	
6.95465	-0	
6.95465	-0	
6.95465	-0	
6.95465	-0	
6.95465	-0	
6.95465	-0	
6.95465	-0	
6.95465	-0	
6.95465	-0	
6.95465	-0	
6.95465	-0	
6.95465	-0	
6.95465	-0	
6.95465	-0	
6.95465	-0	
6.95465	-0	
6.95465	-0	
6.95465	-0	
6.95465	-0	
6.95465	-0	
6.95465	-0	
6.95465	-0	
6.95465	-0	
6.95465	-0	
6.95465	-0	
6.95465	-0	
6.95465	-0	
6.95465	-0	
6.95465	-0	
6.95465	-0	
6.95465	-0	
6.95465	-0	
6.95465	-0	
6.95465	-0	
6.95465	-0	
6.95465	-0	
6.95465	-0	
6.95465	-0	
6.95465	-0	
6.95465	-0	
6.95465	-0	
6.95465	-0	
6.95465	-0	
6.95465	-0	
6.95465	-0	
6.95465	-0	
6.95465	-0	
6.95465	-0	
6.95465	-0	
6.95465	-0	
6.95465	-0	
6.95465	-0	
6.95465	-0	
6.95465	-0	
6.95465	-0	
6.95465	-0	
6.95465	-0	
6.95465	-0	
6.95465	-0	
6.95465	-0	
6.95465	-0	
6.95465	-0	
6.95465	-0	
6.95465	-0	
6.95465	-0	
6.95465	-0	
6.95465	-0	
6.95465	-0	
6.95465	-0	
6.95465	-0	
6.95465	-0	
6.95465	-0	
6.95465	-0	
6.95465	-0	
6.95465	-0	
6.95465	-0	
6.95465	-0	
6.95465	-0	
6.95465	-0	
6.95465	-0	
6.95465	-0	
6.95465	-0	
6.95465	-0	
6.95465	-0	
6.95465	-0	
6.95465	-0	
6.95465	-0	
6.95465	-0	
6.95465	-0	
6.95465	-0	
6.95465	-0	
6.95465	-0	
6.95465	-0	
6.95465	-0	
6.95465	-0	
6.95465	-0	
6.95465	-0	
6.95465	-0	
6.95465	-0	
6.95465	-0	
6.95465	-0	
6.95465	-0	
6.95465	-0	
6.95465	-0	
6.95465	-0	
6.95465	-0	
6.95465	-0	
6.95465	-0	
6.95465	-0	
6.95465	-0	
6.95465	-0	
6.95465	-0	
6.95465	-0	
6.95465	-0	
6.95465	-0	
6.95465	-0	
6.95465	-0	
6.95465	-0	
6.95465	-0	
6.95465	-0	
6.95465	-0	
6.95465	-0	
6.95465	-0	
6.95465	-0	
6.95465	-0	
6.95465	-0	
6.95465	-0	
6.95465	-0	
6.95465	-0	
6.95465	-0	
6.95465	-0	
6.95465	-0	
6.95465	-0	
6.95465	-0	
6.95465	-0	
6.95465	-0	
6.95465	-0	
6.95465	-0	
6.95465	-0	
6.95465	-0	
6.95465	-0	
6.95465	-0	
6.95465	-0	
6.95465	-0	
6.95465	-0	
6.95465	-0	
6.95465	-0	
6.95465	-0	
6.95465	-0	
6.95465	-0	
6.95465	-0	
6.95465	-0	
6.95465	-0	
6.95465	-0	
6.95465	-0	
6.95465	-0	
6.95465	-0	
6.95465	-0	
6.95465	-0	
6.95465	-0	
6.95465	-0	
6.95465	-0	
6.95465	-0	
6.95465	-0	
6.95465	-0	
6.95465	-0	
6.95465	-0	
6.95465	-0	
6.95465	-0	
6.95465	-0	
6.95465	-0	
6.95465	-0	
6.95465	-0	
6.95465	-0	
6.95465	-0	
6.95465	-0	
6.95465	-0	
6.95465	-0	
6.95465	-0	
6.95465	-0	
6.95465	-0	
6.95465	-0	
6.95465	-0	
6.95465	-0	
6.95465	-0	
6.95465	-0	
6.95465	-0	
6.95465	-0	
6.95465	-0	
6.95465	-0	
6.95465	-0	
6.95465	-0	
6.95465	-0	
6.95465	-0	
6.95465	-0	
6.95465	-0	
6.95465	-0	
6.95465	-0	
6.95465	-0	
6.95465	-0	
6.95465	-0	
6.95465	-0	
6.95465	-0	
6.95465	-0	
6.95465	-0	
6.95465	-0	
6.95465	-0	
6.95465	-0	
6.95465	-0	
6.95465	-0	
6.95465	-0	
6.95465	-0	
6.95465	-0	
6.95465	-0	
6.95465	-0	
6.95465	-0	
6.95465	-0	
6.95465	-0	
6.95465	-0	
6.95465	-0	
6.95465	-0	
6.95465	-0	
6.95465	-0	
6.95465	-0	
6.95465	-0	
6.95465	-0	
6.95465	-0	
6.95465	-0	
6.95465	-0	
6.95465	-0	
6.95465	-0	
6.95465	-0	
6.95465	-0	
6.95465	-0	
6.95465	-0	
6.95465	-0	
6.95465	-0	
6.95465	-0	
6.95465	-0	
6.95465	-0	
6.95465	-0	
6.95465	-0	
6.95465	-0	
6.95465	-0	
6.95465	-0	
6.95465	-0	
6.95465	-0	
6.95465	-0	
6.95465	-0	
6.95465	-0	
6.95465	-0	
6.95465	-0	
6.95465	-0	
6.95465	-0	
6.95465	-0	
6.95465	-0	
6.95465	-0	
6.95465	-0	
6.95465	-0	
6.95465	-0	
6.95465	-0	
6.95465	-0	
6.95465	-0	
6.95465	-0	
6.95465	-0	
6.95465	-0	
6.95465	-0	
6.95465	-0	
6.95465	-0	
6.95465	-0	
6.95465	-0	
6.95465	-0	
6.95465	-0	
6.95465	-0	
6.95465	-0	
6.95465	-0	
6.95465	-0	
6.95465	-0	
6.95465	-0	
6.95465	-0	
6.95465	-0	
6.95465	-0	
6.95465	-0	
6.95465	-0	
6.95465	-0	
6.95465	-0	
6.95465	-0	
6.95465	-0	
6.95465	-0	
6.95465	-0	
6.95465	-0	
6.95465	-0	
6.95465	-0	
6.95465	-0	
6.95465	-0	
6.95465	-0	
6.95465	-0	
6.95465	-0	
6.95465	-0	
6.95465	-0	
6.95465	-0	
6.95465	-0	
6.95465	-0	
6.95465	-0	
6.95465	-0	
6.95465	-0	
6.95465	-0	
6.95465	-0	
6.95465	-0	
6.95465	-0	
6.95465	-0	
6.95465	-0	
6.95465	-0	
6.95465	-0	
6.95465	-0	
6.95465	-0	
6.95465	-0	
6.95465	-0	
6.95465	-0	
6.95465	-0	
6.95465	-0	
6.95465	-0	
6.95465	-0	
6.95465	-0	
6.95465	-0	
6.95465	-0	
6.95465	-0	
6.95465	-0	
6.95465	-0	
6.95465	-0	
6.95465	-0	
6.95465	-0	
6.95465	-0	
6.95465	-0	
6.95465	-0	
6.95465	-0	
6.95465	-0	
6.95465	-0	
6.95465	-0	
6.95465	-0	
6.95465	-0	
6.95465	-0	
6.95465	-0	
6.95465	-0	
6.95465	-0	
6.95465	-0	
6.95465	-0	
6.95465	-0	
6.95465	-0	
6.95465	-0	
6.95465	-0	
6.95465	-0	
6.95465	-0	
6.95465	-0	
6.95465	-0	
6.95465	-0	
6.95465	-0	
6.95465	-0	
6.95465	-0	
6.95465	-0	
6.95465	-0	
6.95465	-0	
6.95465	-0	
6.95465	-0	
6.95465	-0	
6.95465	-0	
6.95465	-0	
6.95465	-0	
6.95465	-0	
6.95465	-0	
6.95465	-0	
6.95465	-0	
6.95465	-0	
6.95465	-0	
6.95465	-0	
6.95465	-0	
6.95465	-0	
6.95465	-0	
6.95465	-0	
6.95465	-0	
6.95465	-0	
6.95465	-0	
6.95465	-0	
6.95465	-0	
6.95465	-0	
6.95465	-0	
6.95465	-0	
6.95465	-0	
6.95465	-0	
6.95465	-0	
6.95465	-0	
6.95465	-0	
6.95465	-0	
6.95465	-0	
6.95465	-0	
6.95465	-0	
6.95465	-0	
6.95465	-0	
6.95465	-0	
6.95465	-0	
6.95465	-0	
6.95465	-0	
6.95465	-0	
6.95465	-0	
6.95465	-0	
6.95465	-0	
6.95465	-0	
6.95465	-0	
6.95465	-0	
6.95465	-0	
6.95465	-0	
6.95465	-0	
6.95465	-0	
6.95465	-0	
6.95465	-0	
6.95465	-0	
6.95465	-0	
6.95465	-0	
6.95465	-0	
6.95465	-0	
6.95465	-0	
6.95465	-0	
6.95465	-0	
6.95465	-0	
6.95465	-0	
6.95465	-0	
6.95465	-0	
6.95465	-0	
6.95465	-0	
6.95465	-0	
6.95465	-0	
6.95465	-0	
6.95465	-0	
6.95465	-0	
6.95465	-0	
6.95465	-0	
6.95465	-0	
6.95465	-0	
6.95465	-0	
6.95465	-0	
6.95465	-0	
6.95465	-0	
6.95465	-0	
6.95465	-0	
6.95465	-0	
6.95465	-0	
6.95465	-0	
6.95465	-0	
6.95465	-0	
6.95465	-0	
6.95465	-0	
6.95465	-0	
6.95465	-0	
6.95465	-0	
6.95465	-0	
6.95465	-0	
6.95465	-0	
6.95465	-0	
6.95465	-0	
6.95465	-0	
6.95465	-0	
6.95465	-0	
6.95465	-0	
6.95465	-0	
6.95465	-0	
6.95465	-0	
6.95465	-0	
6.95465	-0	
6.95465	-0	
6.95465	-0	
6.95465	-0	
6.95465	-0	
6.95465	-0	
6.95465	-0	
6.95465	-0	
6.95465	-0	
6.95465	-0	
6.95465	-0	
6.95465	-0	
6.95465	-0	
6.95465	-0	
6.95465	-0	
6.95465	-0	
6.95465	-0	
6.95465	-0	
6.95465	-0	
6.95465	-0	
6.95465	-0	
6.95465	-0	
6.95465	-0	
6.95465	-0	
6.95465	-0	
6.95465	-0	
6.95465	-0	
6.95465	-0	
6.95465	-0	
6.95465	-0	
6.95465	-0	
6.95465	-0	
6.95465	-0	
6.95465	-0	
6.95465	-0	
6.95465	-0	
6.95465	-0	
6.95465	-0	
6.95465	-0	
6.95465	-0	
6.95465	-0	
6.95465	-0	
6.95465	-0	
6.95465	-0	
6.95465	-0	
6.95465	-0	
6.95465	-0	
6.95465	-0	
6.95465	-0	
6.95465	-0	
6.95465	-0	
6.95465	-0	
6.95465	-0	
6.95465	-0	
6.95465	-0	
6.95465	-0	
6.95465	-0	
6.95465	-0	
6.95465	-0	
6.95465	-0	
6.95465	-0	
6.95465	-0	
6.95465	-0	
6.95465	-0	
6.95465	-0	
6.95465	-0	
6.95465	-0	
6.95465	-0	
6.95465	-0	
6.95465	-0	
6.95465	-0	
6.95465	-0	
6.95465	-0	
6.95465	-0	
6.95465	-0	
6.95465	-0	
6.95465	-0	
6.95465	-0	
6.95465	-0	
6.95465	-0	
6.95465	-0	
6.95465	-0	
6.95465	-0	
6.95465	-0	
6.95465	-0	
6.95465	-0	
6.95465	-0	
6.95465	-0	
6.95465	-0	
6.95465	-0	
6.95465	-0	
6.95465	-0	
6.95465	-0	
6.95465	-0	
6.95465	-0	
6.95465	-0	
6.95465	-0	
6.95465	-0	
6.95465	-0	
6.95465	-0	
6.95465	-0	
6.95465	-0	
6.95465	-0	
6.95465	-0	
6.95465	-0	
6.95465	-0	
6.95465	-0	
6.95465	-0	
6.95465	-0	
6.95465	-0	
6.95465	-0	
6.95465	-0	
6.95465	-0	
6.95465	-0	
6.95465	-0	
6.95465	-0	
6.95465	-0	
6.95465	-0	
6.95465	-0	
6.95465	-0	
6.95465	-0	
6.95465	-0	
6.95465	-0	
6.95465	-0	
6.95465	-0	
6.95465	-0	
6.95465	-0	
6.95465	-0	
6.95465	-0	
6.95465	-0	
6.95465	-0	
6.95465	-0	
6.95465	-0	
6.95465	-0	
6.95465	-0	
6.95465	-0	
6.95465	-0	
6.95465	-0	
6.95465	-0	
6.95465	-0	
6.95465	-0	
6.95465	-0	
6.95465	-0	
6.95465	-0	
6.95465	-0	
6.95465	-0	
6.95465	-0	
6.95465	-0	
6.95465	-0	
6.95465	-0	
6.95465	-0	
6.95465	-0	
6.95465	-0	
6.95465	-0	
6.95465	-0	
6.95465	-0	
6.95465	-0	
6.95465	-0	
6.95465	-0	
6.95465	-0	
6.95465	-0	
6.95465	-0	
6.95465	-0	
6.95465	-0	
6.95465	-0	
6.95465	-0	
6.95465	-0	
6.95465	-0	
6.95465	-0	
6.95465	-0	
6.95465	-0	
6.95465	-0	
6.95465	-0	
6.95465	-0	
6.95465	-0	
6.95465	-0	
6.95465	-0	
6.95465	-0	
6.95465	-0	
6.95465	-0	
6.95465	-0	
6.95465	-0	
6.95465	-0	
6.95465	-0	
6.95465	-0	
6.95465	-0	
6.95465	-0	
6.95465	-0	
6.95465	-0	
6.95465	-0	
6.95465	-0	
6.95465	-0	
6.95465	-0	
6.95465	-0	
6.95465	-0	
6.95465	-0	
6.95465	-0	
6.95465	-0	
6.95465	-0	
6.95465	-0	
6.95465	-0	
6.95465	-0	
6.95465	-0	
6.95465	-0	
6.95465	-0	
6.95465	-0	
6.95465	-0	
6.95465	-0	
6.95465	-0	
6.95465	-0	
6.95465	-0	
6.95465	-0	
6.95465	-0	
6.95465	-0	
6.95465	-0	
6.95465	-0	
6.95465	-0	
6.95465	-0	
6.95465	-0	
6.95465	-0	
6.95465	-0	
6.95465	-0	
6.95465	-0	
6.95465	-0	
6.95465	-0	
6.95465	-0	
6.95465	-0	
6.95465	-0	
6.95465	-0	
6.95465	-0	
6.95465	-0	
6.95465	-0	
6.95465	-0	
6.95465	-0	
6.95465	-0	
6.95465	-0	
6.95465	-0	
6.95465	-0	
6.95465	-0	
6.95465	-0	
6.95465	-0	
6.95465	-0	
6.95465	-0	
6.95465	-0	
6.95465	-0	
6.95465	-0	
6.95465	-0	
6.95465	-0	
6.95465	-0	
6.95465	-0	
6.95465	-0	
6.95465	-0	
6.95465	-0	
6.95465	-0	
6.95465	-0	
6.95465	-0	
6.95465	-0	
6.95465	-0	
6.95465	-0	
6.95465	-0	
6.95465	-0	
6.95465	-0	
6.95465	-0	
6.95465	-0	
6.95465	-0	
6.95465	-0	
6.95465	-0	
6.95465	-0	
6.95465	-0	
6.95465	-0	
6.95465	-0	
6.95465	-0	
6.95465	-0	
6.95465	-0	
6.95465	-0	
6.95465	-0	
6.95465	-0	
6.95465	-0	
6.95465	-0	
6.95465	-0	
6.95465	-0	
6.95465	-0	
6.95465	-0	
6.95465	-0	
6.95465	-0	
6.95465	-0	
6.95465	-0	
6.95465	-0	
6.95465	-0	
6.95465	-0	
6.95465	-0	
6.95465	-0	
6.95465	-0	
6.95465	-0	
6.95465	-0	
6.95465	-0	
6.95465	-0	
6.95465	-0	
6.95465	-0	
6.95465	-0	
6.95465	-0	
6.95465	-0	
6.95465	-0	
6.95465	-0	
6.95465	-0	
6.95465	-0	
6.95465	-0	
6.95465	-0	
6.95465	-0	
6.95465	-0	
6.95465	-0	
6.95465	-0	
6.95465	-0	
6.95465	-0	
6.95465	-0	
6.95465	-0	
6.95465	-0	
6.95465	-0	
6.95465	-0	
6.95465	-0	
6.95465	-0	
6.95465	-0	
6.95465	-0	
6.95465	-0	
6.95465	-0	
6.95465	-0	
6.95465	-0	
6.95465	-0	
6.95465	-0	
6.95465	-0	
6.95465	-0	
6.95465	-0	
6.95465	-0	
6.95465	-0	
6.95465	-0	
6.95465	-0	
6.95465	-0	
6.95465	-0	
6.95465	-0	
6.95465	-0	
6.95465	-0	
6.95465	-0	
6.95465	-0	
6.95465	-0	
6.95465	-0	
6.95465	-0	
6.95465	-0	
6.95465	-0	
6.95465	-0	
6.95465	-0	
6.95465	-0	
6.95465	-0	
6.95465	-0	
6.95465	-0	
6.95465	-0	
6.95465	-0	
6.95465	-0	
6.95465	-0	
6.95465	-0	
6.95465	-0	
6.95465	-0	
6.95465	-0	
6.95465	-0	
6.95465	-0	
6.95465	-0	
6.95465	-0	
6.95465	-0	
6.95465	-0	
6.95465	-0	
6.95465	-0	
6.95465	-0	
6.95465	-0	
6.95465	-0	
6.95465	-0	
6.95465	-0	
6.95465	-0	
6.95465	-0	
6.95465	-0	
6.95465	-0	
6.95465	-0	
6.95465	-0	
6.95465	-0	
6.95465	-0	
6.95465	-0	
6.95465	-0	
6.95465	-0	
6.95465	-0	
6.95465	-0	
6.95465	-0	
6.95465	-0	
6.95465	-0	
6.95465	-0	
6.95465	-0	
6.95465	-0	
6.95465	-0	
6.95465	-0	
6.95465	-0	
6.95465	-0	
6.95465	-0	
6.95465	-0	
6.95465	-0	
6.95465	-0	
6.95465	-0	
6.95465	-0	
6.95465	-0	
6.95465	-0	
6.95465	-0	
6.95465	-0	
6.95465	-0	
6.95465	-0	
6.95465	-0	
6.95465	-0	
6.95465	-0	
6.95465	-0	
6.95465	-0	
6.95465	-0	
6.95465	-0	
6.95465	-0	
6.95465	-0	
6.95465	-0	
6.95465	-0	
6.95465	-0	
6.95465	-0	
6.95465	-0	
6.95465	-0	
6.95465	-0	
6.95465	-0	
6.95465	-0	
6.95465	-0	
6.95465	-0	
6.95465	-0	
6.95465	-0	
6.95465	-0	
6.95465	-0	
6.95465	-0	
6.95465	-0	
6.95465	-0	
6.95465	-0	
6.95465	-0	
6.95465	-0	
6.95465	-0	
6.95465	-0	
6.95465	-0	
6.95465	-0	
6.95465	-0	
6.95465	-0	
6.95465	-0	
6.95465	-0	
6.95465	-0	
6.95465	-0	
6.95465	-0	
6.95465	-0	
6.95465	-0	
6.95465	-0	
6.95465	-0	
6.95465	-0	
6.95465	-0	
6.95465	-0	
6.95465	-0	
6.95465	-0	
6.95465	-0	
6.95465	-0	
6.95465	-0	
6.95465	-0	
6.95465	-0	
6.95465	-0	
6.95465	-0	
6.95465	-0	
6.95465	-0	
6.95465	-0	
6.95465	-0	
6.95465	-0	
6.95465	-0	
6.95465	-0	
6.95465	-0	
6.95465	-0	
6.95465	-0	
6.95465	-0	
6.95465	-0	
6.95465	-0	
6.95465	-0	
6.95465	-0	
6.95465	-0	
6.95465	-0	
6.95465	-0	
6.95465	-0	
6.95465	-0	
6.95465	-0	
6.95465	-0	
6.95465	-0	
6.95465	-0	
6.95465	-0	
6.95465	-0	
6.95465	-0	
6.95465	-0	
6.95465	-0	
6.95465	-0	
6.95465	-0	
6.95465	-0	
6.95465	-0	
6.95465	-0	
6.95465	-0	
6.95465	-0	
6.95465	-0	
6.95465	-0	
6.95465	-0	
6.95465	-0	
6.95465	-0	
6.95465	-0	
6.95465	-0	
6.95465	-0	
6.95465	-0	
6.95465	-0	
6.95465	-0	
6.95465	-0	
6.95465	-0	
6.95465	-0	
6.95465	-0	
6.95465	-0	
6.95465	-0	
6.95465	-0	
6.95465	-0	
6.95465	-0	
6.95465	-0	
6.95465	-0	
6.95465	-0	
6.95465	-0	
6.95465	-0	
6.95465	-0	
6.95465	-0	
6.95465	-0	
6.95465	-0	
6.95465	-0	
6.95465	-0	
6.95465	-0	
6.95465	-0	
6.95465	-0	
6.95465	-0	
6.95465	-0	
6.95465	-0	
6.95465	-0	
6.95465	-0	
6.95465	-0	
6.95465	-0	
6.95465	-0	
6.95465	-0	
6.95465	-0	
6.95465	-0	
6.95465	-0	
6.95465	-0	
6.95465	-0	
6.95465	-0	
6.95465	-0	
6.95465	-0	
6.95465	-0	
6.95465	-0	
6.95465	-0	
6.95465	-0	
6.95465	-0	
6.95465	-0	
6.95465	-0	
6.95465	-0	
6.95465	-0	
6.95465	-0	
6.95465	-0	
6.95465	-0	
6.95465	-0	
6.95465	-0	
6.95465	-0	
6.95465	-0	
6.95465	-0	
6.95465	-0	
6.95465	-0	
6.95465	-0	
6.95465	-0	
6.95465	-0	
6.95465	-0	
6.95465	-0	
6.95465	-0	
6.95465	-0	
6.95465	-0	
6.95465	-0	
6.95465	-0	
6.95465	-0	
6.95465	-0	
6.95465	-0	
6.95465	-0	
6.95465	-0	
6.95465	-0	
6.95465	-0	
6.95465	-0	
6.95465	-0	
6.95465	-0	
6.95465	-0	
6.95465	-0	
6.95465	-0	
6.95465	-0	
6.95465	-0	
6.95465	-0	
6.95465	-0	
6.95465	-0	
6.95465	-0	
6.95465	-0	
6.95465	-0	
6.95465	-0	
6.95465	-0	
6.95465	-0	
6.95465	-0	
6.95465	-0	
6.95465	-0	
6.95465	-0	
6.95465	-0	
6.95465	-0	
6.95465	-0	
6.95465	-0	
6.95465	-0	
6.95465	-0	
6.95465	-0	
6.95465	-0	
6.95465	-0	
6.95465	-0	
6.95465	-0	
6.95465	-0	
6.95465	-0	
6.95465	-0	
6.95465	-0	
6.95465	-0	
6.95465	-0	
6.95465	-0	
6.95465	-0	
6.95465	-0	
6.95465	-0	
6.95465	-0	
6.95465	-0	
6.95465	-0	
6.95465	-0	
6.95465	-0	
6.95465	-0	
6.95465	-0	
6.95465	-0	
6.95465	-0	
6.95465	-0	
6.95465	-0	
6.95465	-0	
6.95465	-0	
6.95465	-0	
6.95465	-0	
6.95465	-0	
6.95465	-0	
6.95465	-0	
6.95465	-0	
6.95465	-0	
6.95465	-0	
6.95465	-0	
6.95465	-0	
6.95465	-0	
6.95465	-0	
6.95465	-0	
6.95465	-0	
6.95465	-0	
6.95465	-0	
6.95465	-0	
6.95465	-0	
6.95465	-0	
6.95465	-0	
6.95465	-0	
6.95465	-0	
6.95465	-0	
6.95465	-0	
6.95465	-0	
6.95465	-0	
6.95465	-0	
6.95465	-0	
6.95465	-0	
6.95465	-0	
6.95465	-0	
6.95465	-0	
6.95465	-0	
6.95465	-0	
6.95465	-0	
6.95465	-0	
6.95465	-0	
6.95465	-0	
6.95465	-0	
6.95465	-0	
6.95465	-0	
6.95465	-0	
6.95465	-0	
6.95465	-0	
6.95465	-0	
6.95465	-0	
6.95465	-0	
6.95465	-0	
6.95465	-0	
6.95465	-0	
6.95465	-0	
6.95465	-0	
6.95465	-0	
6.95465	-0	
6.95465	-0	
6.95465	-0	
6.95465	-0	
6.95465	-0	
6.95465	-0	
6.95465	-0	
6.95465	-0	
6.95465	-0	
6.95465	-0	
6.95465	-0	
6.95465	-0	
6.95465	-0	
6.95465	-0	
6.95465	-0	
6.95465	-0	
6.95465	-0	
6.95465	-0	
6.95465	-0	
6.95465	-0	
6.95465	-0	
6.95465	-0	
6.95465	-0	
6.95465	-0	
6.95465	-0	
6.95465	-0	
6.95465	-0	
6.95465	-0	
6.95465	-0	
6.95465	-0	
6.95465	-0	
6.95465	-0	
6.95465	-0	
6.95465	-0	
6.95465	-0	
6.95465	-0	
6.95465	-0	
6.95465	-0	
6.95465	-0	
6.95465	-0	
6.95465	-0	
6.95465	-0	
6.95465	-0	
6.95465	-0	
6.95465	-0	
6.95465	-0	
6.95465	-0	
6.95465	-0	
6.95465	-0	
6.95465	-0	
6.95465	-0	
6.95465	-0	
6.95465	-0	
6.95465	-0	
6.95465	-0	
6.95465	-0	
6.95465	-0	
6.95465	-0	
6.95465	-0	
6.95465	-0	
6.95465	-0	
6.95465	-0	
6.95465	-0	
6.95465	-0	
6.95465	-0	
6.95465	-0	
6.95465	-0	
6.95465	-0	
6.95465	-0	
6.95465	-0	
6.95465	-0	
6.95465	-0	
6.95465	-0	
6.95465	-0	
6.95465	-0	
6.95465	-0	
6.95465	-0	
6.95465	-0	
6.95465	-0	
6.95465	-0	
6.95465	-0	
6.95465	-0	
6.95465	-0	
6.95465	-0	
6.95465	-0	
6.95465	-0	
6.95465	-0	
6.95465	-0	
6.95465	-0	
6.95465	-0	
6.95465	-0	
6.95465	-0	
6.95465	-0	
6.95465	-0	
6.95465	-0	
6.95465	-0	
6.95465	-0	
6.95465	-0	
6.95465	-0	
6.95465	-0	
6.95465	-0	
6.95465	-0	
6.95465	-0	
6.95465	-0	
6.95465	-0	
6.95465	-0	
6.95465	-0	
6.95465	-0	
6.95465	-0	
6.95465	-0	
6.95465	-0	
6.95465	-0	
6.95465	-0	
6.95465	-0	
6.95465	-0	
6.95465	-0	
6.95465	-0	
6.95465	-0	
6.95465	-0	
6.95465	-0	
6.95465	-0	
6.95465	-0	
6.95465	-0	
6.95465	-0	
6.95465	-0	
6.95465	-0	
6.95465	-0	
6.95465	-0	
6.95465	-0	
6.95465	-0	
6.95465	-0	
6.95465	-0	
6.95465	-0	
6.95465	-0	
6.95465	-0	
6.95465	-0	
6.95465	-0	
6.95465	-0	
6.95465	-0	
6.95465	-0	
6.95465	-0	
6.95465	-0	
6.95465	-0	
6.95465	-0	
6.95465	-0	
6.95465	-0	
6.95465	-0	
6.95465	-0	
6.95465	-0	
6.95465	-0	
6.95465	-0	
6.95465	-0	
6.95465	-0	
6.95465	-0	
6.95465	-0	
6.95465	-0	
6.95465	-0	
6.95465	-0	
6.95465	-0	
6.95465	-0	
6.95465	-0	
6.95465	-0	
6.95465	-0	
6.95465	-0	
6.95465	-0	
6.95465	-0	
6.95465	-0	
6.95465	-0	
6.95465	-0	
6.95465	-0	
6.95465	-0	
6.95465	-0	
6.95465	-0	
6.95465	-0	
6.95465	-0	
6.95465	-0	
6.95465	-0	
6.95465	-0	
6.95465	-0	
6.95465	-0	
6.95465	-0	
6.95465	-0	
6.95465	-0	
6.95465	-0	
6.95465	-0	
6.95465	-0	
6.95465	-0	
6.95465	-0	
6.95465	-0	
6.95465	-0	
6.95465	-0	
6.95465	-0	
6.95465	-0	
6.95465	-0	
6.95465	-0	
6.95465	-0	
6.95465	-0	
6.95465	-0	
6.95465	-0	
6.95465	-0	
6.95465	-0	
6.95465	-0	
6.95465	-0	
6.95465	-0	
6.95465	-0	
6.95465	-0	
6.95465	-0	
6.95465	-0	
6.95465	-0	
6.95465	-0	
6.95465	-0	
6.95465	-0	
6.95465	-0	
6.95465	-0	
6.95465	-0	
6.95465	-0	
6.95465	-0	
6.95465	-0	
6.95465	-0	
6.95465	-0	
6.95465	-0	
6.95465	-0	
6.95465	-0	
6.95465	-0	
6.95465	-0	
6.95465	-0	
6.95465	-0	
6.95465	-0	
6.95465	-0	
6.95465	-0	
6.95465	-0	
6.95465	-0	
6.95465	-0	
6.95465	-0	
6.95465	-0	
6.95465	-0	
6.95465	-0	
6.95465	-0	
6.95465	-0	
6.95465	-0	
6.95465	-0	
6.95465	-0	
6.95465	-0	
6.95465	-0	
6.95465	-0	
6.95465	-0	
6.95465	-0	
6.95465	-0	
6.95465	-0	
6.95465	-0	
6.95465	-0	
6.95465	-0	
6.95465	-0	
6.95465	-0	
6.95465	-0	
6.95465	-0	
6.95465	-0	
6.95465	-0	
6.95465	-0	
6.95465	-0	
6.95465	-0	
6.95465	-0	
6.95465	-0	
6.95465	-0	
6.95465	-0	
6.95465	-0	
6.95465	-0	
6.95465	-0	
6.95465	-0	
6.95465	-0	
6.95465	-0	
6.95465	-0	
6.95465	-0	
6.95465	-0	
6.95465	-0	
6.95465	-0	
6.95465	-0	
6.95465	-0	
6.95465	-0	
6.95465	-0	
6.95465	-0	
6.95465	-0	
6.95465	-0	
6.95465	-0	
6.95465	-0	
6.95465	-0	
6.95465	-0	
6.95465	-0	
6.95465	-0	
6.95465	-0	
6.95465	-0	
6.95465	-0	
6.95465	-0	
6.95465	-0	
6.95465	-0	
6.95465	-0	
6.95465	-0	
6.95465	-0	
6.95465	-0	
6.95465	-0	
6.95465	-0	
6.95465	-0	
6.95465	-0	
6.95465	-0	
6.95465	-0	
6.95465	-0	
6.95465	-0	
6.95465	-0	
6.95465	-0	
6.95465	-0	
6.95465	-0	
6.95465	-0	
6.95465	-0	
6.95465	-0	
6.95465	-0	
6.95465	-0	
6.95465	-0	
6.95465	-0	
6.95465	-0	
6.95465	-0	
6.95465	-0	
6.95465	-0	
6.95465	-0	
6.95465	-0	
6.95465	-0	
6.95465	-0	
6.95465	-0	
6.95465	-0	
6.95465	-0	
6.95465	-0	
6.95465	-0	
6.95465	-0	
6.95465	-0	
6.95465	-0	
6.95465	-0	
6.95465	-0	
6.95465	-0	
6.95465	-0	
6.95465	-0	
6.95465	-0	
6.95465	-0	
6.95465	-0	
6.95465	-0	
6.95465	-0	
6.95465	-0	
6.95465	-0	
6.95465	-0	
6.95465	-0	
6.95465	-0	
6.95465	-0	
6.95465	-0	
6.95465	-0	
6.95465	-0	
6.95465	-0	
6.95465	-0	
6.95465	-0	
6.95465	-0	
6.95465	-0	
6.95465	-0	
6.95465	-0	
6.95465	-0	
6.95465	-0	
6.95465	-0	
6.95465	-0	
6.95465	-0	
6.95465	-0	
6.95465	-0	
6.95465	-0	
6.95465	-0	
6.95465	-0	
6.95465	-0	
6.95465	-0	
6.95465	-0	
6.95465	-0	
6.95465	-0	
6.95465	-0	
6.95465	-0	
6.95465	-0	
6.95465	-0	
6.95465	-0	
6.95465	-0	
6.95465	-0	
6.95465	-0	
6.95465	-0	
6.95465	-0	
6.95465	-0	
6.95465	-0	
6.95465	-0	
6.95465	-0	
6.95465	-0	
6.95465	-0	
6.95465	-0	
6.95465	-0	
6.95465	-0	
6.95465	-0	
6.95465	-0	
6.95465	-0	
6.95465	-0	
6.95465	-0	
6.95465	-0	
6.95465	-0	
6.95465	-0	
6.95465	-0	
6.95465	-0	
6.95465	-0	
6.95465	-0	
6.95465	-0	
6.95465	-0	
6.95465	-0	
6.95465	-0	
6.95465	-0	
6.95465	-0	
6.95465	-0	
6.95465	-0	
6.95465	-0	
6.95465	-0	
6.95465	-0	
6.95465	-0	
6.95465	-0	
6.95465	-0	
6.95465	-0	
6.95465	-0	
6.95465	-0	
6.95465	-0	
6.95465	-0	
6.95465	-0	
6.95465	-0	
6.95465	-0	
6.95465	-0	
6.95465	-0	
6.95465	-0	
6.95465	-0	
6.95465	-0	
6.95465	-0	
6.95465	-0	
6.95465	-0	
6.95465	-0	
6.95465	-0	
6.95465	-0	
6.95465	-0	
6.95465	-0	
6.95465	-0	
6.95465	-0	
6.95465	-0	
6.95465	-0	
6.95465	-0	
6.95465	-0	
6.95465	-0	
6.95465	-0	
6.95465	-0	
6.95465	-0	
6.95465	-0	
6.95465	-0	
6.95465	-0	
6.95465	-0	
6.95465	-0	
6.95465	-0	
6.95465	-0	
6.95465	-0	
6.95465	-0	
6.95465	-0	
6.95465	-0	
6.95465	-0	
6.95465	-0	
6.95465	-0	
6.95465	-0	
6.95465	-0	
6.95465	-0	
6.95465	-0	
6.95465	-0	
6.95465	-0	
6.95465	-0	
6.95465	-0	
6.95465	-0	
6.95465	-0	
6.95465	-0	
6.95465	-0	
6.95465	-0	
6.95465	-0	
6.95465	-0	
6.95465	-0	
6.95465	-0	
6.95465	-0	
6.95465	-0	
6.95465	-0	
6.95465	-0	
6.95465	-0	
6.95465	-0	
6.95465	-0	
6.95465	-0	
6.95465	-0	
6.95465	-0	
6.95465	-0	
6.95465	-0	
6.95465	-0	
6.95465	-0	
6.95465	-0	
6.95465	-0	
6.95465	-0	
6.95465	-0	
6.95465	-0	
6.95465	-0	
6.95465	-0	
6.95465	-0	
6.95465	-0	
6.95465	-0	
6.95465	-0	
6.95465	-0	
6.95465	-0	
6.95465	-0	
6.95465	-0	
6.95465	-0	
6.95465	-0	
6.95465	-0	
6.95465	-0	
6.95465	-0	
6.95465	-0	
6.95465	-0	
6.95465	-0	
6.95465	-0	
6.95465	-0	
6.95465	-0	
6.95465	-0	
6.95465	-0	
6.95465	-0	
6.95465	-0	
6.95465	-0	
6.95465	-0	
6.95465	-0	
6.95465	-0	
6.95465	-0	
6.95465	-0	
6.95465	-0	
6.95465	-0	
6.95465	-0	
6.95465	-0	
6.95465	-0	
6.95465	-0	
6.95465	-0	
6.95465	-0	
6.95465	-0	
6.95465	-0	
6.95465	-0	
6.95465	-0	
6.95465	-0	
6.95465	-0	
6.95465	-0	
6.95465	-0	
6.95465	-0	
6.95465	-0	
6.95465	-0	
6.95465	-0	
6.95465	-0	
6.95465	-0	
6.95465	-0	
6.95465	-0	
6.95465	-0	
6.95465	-0	
6.95465	-0	
6.95465	-0	
6.95465	-0	
6.95465	-0	
6.95465	-0	
6.95465	-0	
6.95465	-0	
6.95465	-0	
6.95465	-0	
6.95465	-0	
6.95465	-0	
6.95465	-0	
6.95465	-0	
6.95465	-0	
6.95465	-0	
6.95465	-0	
6.95465	-0	
6.95465	-0	
6.95465	-0	
6.95465	-0	
6.95465	-0	
6.95465	-0	
6.95465	-0	
6.95465	-0	
6.95465	-0	
6.95465	-0	
6.95465	-0	
6.95465	-0	
6.95465	-0	
6.95465	-0	
6.95465	-0	
6.95465	-0	
6.95465	-0	
6.95465	-0	
6.95465	-0	
6.95465	-0	
6.95465	-0	
6.95465	-0	
6.95465	-0	
6.95465	-0	
6.95465	-0	
6.95465	-0	
6.95465	-0	
6.95465	-0	
6.95465	-0	
6.95465	-0	
6.95465	-0	
6.95465	-0	
6.95465	-0	
6.95465	-0	
6.95465	-0	
6.95465	-0	
6.95465	-0	
6.95465	-0	
6.95465	-0	
6.95465	-0	
6.95465	-0	
6.95465	-0	
6.95465	-0	
6.95465	-0	
6.95465	-0	
6.95465	-0	
6.95465	-0	
6.95465	-0	
6.95465	-0	
6.95465	-0	
6.95465	-0	
6.95465	-0	
6.95465	-0	
6.95465	-0	
6.95465	-0	
6.95465	-0	
6.95465	-0	
6.95465	-0	
6.95465	-0	
6.95465	-0	
6.95465	-0	
6.95465	-0	
6.95465	-0	
6.95465	-0	
6.95465	-0	
6.95465	-0	
6.95465	-0	
6.95465	-0	
6.95465	-0	
6.95465	-0	
6.95465	-0	
6.95465	-0	
6.95465	-0	
6.95465	-0	
6.95465	-0	
6.95465	-0	
6.95465	-0	
6.95465	-0	
6.95465	-0	
6.95465	-0	
6.95465	-0	
6.95465	-0	
6.95465	-0	
6.95465	-0	
6.95465	-0	
6.95465	-0	
6.95465	-0	
6.95465	-0	
6.95465	-0	
6.95465	-0	
6.95465	-0	
6.95465	-0	
6.95465	-0	
6.95465	-0	
6.95465	-0	
6.95465	-0	
6.95465	-0	
6.95465	-0	
6.95465	-0	
6.95465	-0	
6.95465	-0	
6.95465	-0	
6.95465	-0	
6.95465	-0	
6.95465	-0	
6.95465	-0	
6.95465	-0	
6.95465	-0	
6.95465	-0	
6.95465	-0	
6.95465	-0	
6.95465	-0	
6.95465	-0	
6.95465	-0	
6.95465	-0	
6.95465	-0	
6.95465	-0	
6.95465	-0	
6.95465	-0	
6.95465	-0	
6.95465	-0	
6.95465	-0	
6.95465	-0	
6.95465	-0	
6.95465	-0	
6.95465	-0	
6.95465	-0	
6.95465	-0	
6.95465	-0	
6.95465	-0	
6.95465	-0	
6.95465	-0	
6.95465	-0	
6.95465	-0	
6.95465	-0	
6.95465	-0	
6.95465	-0	
6.95465	-0	
6.95465	-0	
6.95465	-0	
6.95465	-0	
6.95465	-0	
6.95465	-0	
6.95465	-0	
6.95465	-0	
6.95465	-0	
6.95465	-0	
6.95465	-0	
6.95465	-0	
6.95465	-0	
6.95465	-0	
6.95465	-0	
6.95465	-0	
6.95465	-0	
6.95465	-0	
6.95465	-0	
6.95465	-0	
6.95465	-0	
6.95465	-0	
6.95465	-0	
6.95465	-0	
6.95465	-0	
6.95465	-0	
6.95465	-0	
6.95465	-0	
6.95465	-0	
6.95465	-0	
6.95465	-0	
6.95465	-0	
6.95465	-0	
6.95465	-0	
6.95465	-0	
6.95465	-0	
6.95465	-0	
6.95465	-0	
6.95465	-0	
6.95465	-0	
6.95465	-0	
6.95465	-0	
6.95465	-0	
6.95465	-0	
6.95465	-0	
6.95465	-0	
6.95465	-0	
6.95465	-0	
6.95465	-0	
6.95465	-0	
6.95465	-0	
6.95465	-0	
6.95465	-0	
6.95465	-0	
6.95465	-0	
6.95465	-0	
6.95465	-0	
6.95465	-0	
6.95465	-0	
6.95465	-0	
6.95465	-0	
6.95465	-0	
6.95465	-0	
6.95465	-0	
6.95465	-0	
6.95465	-0	
6.95465	-0	
6.95465	-0	
6.95465	-0	
6.95465	-0	
6.95465	-0	
6.95465	-0	
6.95465	-0	
6.95465	-0	
6.95465	-0	
6.95465	-0	
6.95465	-0	
6.95465	-0	
6.95465	-0	
6.95465	-0	
6.95465	-0	
6.95465	-0	
6.95465	-0	
6.95465	-0	
6.95465	-0	
6.95465	-0	
6.95465	-0	
6.95465	-0	
6.95465	-0	
6.95465	-0	
6.95465	-0	
6.95465	-0	
6.95465	-0	
6.95465	-0	
6.95465	-0	
6.95465	-0	
6.95465	-0	
6.95465	-0	
6.95465	-0	
6.95465	-0	
6.95465	-0	
6.95465	-0	
6.95465	-0	
6.95465	-0	
6.95465	-0	
6.95465	-0	
6.95465	-0	
6.95465	-0	
6.95465	-0	
6.95465	-0	
6.95465	-0	
6.95465	-0	
6.95465	-0	
6.95465	-0	
6.95465	-0	
6.95465	-0	
6.95465	-0	
6.95465	-0	
6.95465	-0	
6.95465	-0	
6.95465	-0	
6.95465	-0	
6.95465	-0	
6.95465	-0	
6.95465	-0	
6.95465	-0	
6.95465	-0	
6.95465	-0	
6.95465	-0	
6.95465	-0	
6.95465	-0	
6.95465	-0	
6.95465	-0	
6.95465	-0	
6.95465	-0	
6.95465	-0	
6.95465	-0	
6.95465	-0	
6.95465	-0	
6.95465	-0	
6.95465	-0	
6.95465	-0	
6.95465	-0	
6.95465	-0	
6.95465	-0	
6.95465	-0	
6.95465	-0	
6.95465	-0	
6.95465	-0	
6.95465	-0	
6.95465	-0	
6.95465	-0	
6.95465	-0	
6.95465	-0	
6.95465	-0	
6.95465	-0	
6.95465	-0	
6.95465	-0	
6.95465	-0	
6.95465	-0	
6.95465	-0	
6.95465	-0	
6.95465	-0	
6.95465	-0	
6.95465	-0	
6.95465	-0	
6.95465	-0	
6.95465	-0	
6.95465	-0	
6.95465	-0	
6.95465	-0	
6.95465	-0	
6.95465	-0	
6.95465	-0	
6.95465	-0	
6.95465	-0	
6.95465	-0	
6.95465	-0	
6.95465	-0	
6.95465	-0	
6.95465	-0	
6.95465	-0	
6.95465	-0	
6.95465	-0	
6.95465	-0	
6.95465	-0	
6.95465	-0	
6.95465	-0	
6.95465	-0	
6.95465	-0	
6.95465	-0	
6.95465	-0	
6.95465	-0	
6.95465	-0	
6.95465	-0	
6.95465	-0	
6.95465	-0	
6.95465	-0	
6.95465	-0	
6.95465	-0	
6.95465	-0	
6.95465	-0	
6.95465	-0	
6.95465	-0	
6.95465	-0	
6.95465	-0	
6.95465	-0	
6.95465	-0	
6.95465	-0	
6.95465	-0	
6.95465	-0	
6.95465	-0	
6.95465	-0	
6.95465	-0	
6.95465	-0	
6.95465	-0	
6.95465	-0	
6.95465	-0	
6.95465	-0	
6.95465	-0	
6.95465	-0	
6.95465	-0	
6.95465	-0	
6.95465	-0	
6.95465	-0	
6.95465	-0	
6.95465	-0	
6.95465	-0	
6.95465	-0	
6.95465	-0	
6.95465	-0	
6.95465	-0	
6.95465	-0	
6.95465	-0	
6.95465	-0	
6.95465	-0	
6.95465	-0	
6.95465	-0	
6.95465	-0	
6.95465	-0	
6.95465	-0	
6.95465	-0	
6.95465	-0	
6.95465	-0	
6.95465	-0	
6.95465	-0	
6.95465	-0	
6.95465	-0	
6.95465	-0	
6.95465	-0	
6.95465	-0	
6.95465	-0	
6.95465	-0	
6.95465	-0	
6.95465	-0	
6.95465	-0	
6.95465	-0	
6.95465	-0	
6.95465	-0	
6.95465	-0	
6.95465	-0	
6.95465	-0	
6.95465	-0	
6.95465	-0	
6.95465	-0	
6.95465	-0	
6.95465	-0	
6.95465	-0	
6.95465	-0	
6.95465	-0	
6.95465	-0	
6.95465	-0	
6.95465	-0	
6.95465	-0	
6.95465	-0	
6.95465	-0	
6.95465	-0	
6.95465	-0	
6.95465	-0	
6.95465	-0	
6.95465	-0	
6.95465	-0	
6.95465	-0	
6.95465	-0	
6.95465	-0	
6.95465	-0	
6.95465	-0	
6.95465	-0	
6.95465	-0	
6.95465	-0	
6.95465	-0	
6.95465	-0	
6.95465	-0	
6.95465	-0	
6.95465	-0	
6.95465	-0	
6.95465	-0	
6.95465	-0	
6.95465	-0	
6.95465	-0	
6.95465	-0	
6.95465	-0	
6.95465	-0	
6.95465	-0	
6.95465	-0	
6.95465	-0	
6.95465	-0	
6.95465	-0	
6.95465	-0	
6.95465	-0	
6.95465	-0	
6.95465	-0	
6.95465	-0	
6.95465	-0	
6.95465	-0	
6.95465	-0	
6.95465	-0	
6.95465	-0	
6.95465	-0	
6.95465	-0	
6.95465	-0	
6.95465	-0	
6.95465	-0	
6.95465	-0	
6.95465	-0	
6.95465	-0	
6.95465	-0	
6.95465	-0	
6.95465	-0	
6.95465	-0	
6.95465	-0	
6.95465	-0	
6.95465	-0	
6.95465	-0	
6.95465	-0	
6.95465	-0	
6.95465	-0	
6.95465	-0	
6.95465	-0	
6.95465	-0	
6.95465	-0	
6.95465	-0	
6.95465	-0	
6.95465	-0	
6.95465	-0	
6.95465	-0	
6.95465	-0	
6.95465	-0	
6.95465	-0	
6.95465	-0	
6.95465	-0	
6.95465	-0	
6.95465	-0	
6.95465	-0	
6.95465	-0	
6.95465	-0	
6.95465	-0	
6.95465	-0	
6.95465	-0	
6.95465	-0	
6.95465	-0	
6.95465	-0	
6.95465	-0	
6.95465	-0	
6.95465	-0	
6.95465	-0	
6.95465	-0	
6.95465	-0	
6.95465	-0	
6.95465	-0	
6.95465	-0	
6.95465	-0	
6.95465	-0	
6.95465	-0	
6.95465	-0	
6.95465	-0	
6.95465	-0	
6.95465	-0	
6.95465	-0	
6.95465	-0	
6.95465	-0	
6.95465	-0	
6.95465	-0	
6.95465	-0	
6.95465	-0	
6.95465	-0	
6.95465	-0	
6.95465	-0	
6.95465	-0	
6.95465	-0	
6.95465	-0	
6.95465	-0	
6.95465	-0	
6.95465	-0	
6.95465	-0	
6.95465	-0	
6.95465	-0	
6.95465	-0	
6.95465	-0	
6.95465	-0	
6.95465	-0	
6.95465	-0	
6.95465	-0	
6.95465	-0	
6.95465	-0	
6.95465	-0	
6.95465	-0	
6.95465	-0	
6.95465	-0	
6.95465	-0	
6.95465	-0	
6.95465	-0	
6.95465	-0	
6.95465	-0	
6.95465	-0	
6.95465	-0	
6.95465	-0	
6.95465	-0	
6.95465	-0	
6.95465	-0	
6.95465	-0	
6.95465	-0	
6.95465	-0	
6.95465	-0	
6.95465	-0	
6.95465	-0	
6.95465	-0	
6.95465	-0	
6.95465	-0	
6.95465	-0	
6.95465	-0	
6.95465	-0	
6.95465	-0	
6.95465	-0	
6.95465	-0	
6.95465	-0	
6.95465	-0	
6.95465	-0	
6.95465	-0	
6.95465	-0	
6.95465	-0	
6.95465	-0	
6.95465	-0	
6.95465	-0	
6.95465	-0	
6.95465	-0	
6.95465	-0	
6.95465	-0	
6.95465	-0	
6.95465	-0	
6.95465	-0	
6.95465	-0	
6.95465	-0	
6.95465	-0	
6.95465	-0	
6.95465	-0	
6.95465	-0	
6.95465	-0	
6.95465	-0	
6.95465	-0	
6.95465	-0	
6.95465	-0	
6.95465	-0	
6.95465	-0	
6.95465	-0	
6.95465	-0	
6.95465	-0	
6.95465	-0	
6.95465	-0	
6.95465	-0	
6.95465	-0	
6.95465	-0	
6.95465	-0	
6.95465	-0	
6.95465	-0	
6.95465	-0	
6.95465	-0	
6.95465	-0	
6.95465	-0	
6.95465	-0	
6.95465	-0	
6.95465	-0	
6.95465	-0	
6.95465	-0	
6.95465	-0	
6.95465	-0	
6.95465	-0	
6.95465	-0	
6.95465	-0	
6.95465	-0	
6.95465	-0	
6.95465	-0	
6.95465	-0	
6.95465	-0	
6.95465	-0	
6.95465	-0	
6.95465	-0	
6.95465	-0	
6.95465	-0	
6.95465	-0	
6.95465	-0	
6.95465	-0	
6.95465	-0	
6.95465	-0	
6.95465	-0	
6.95465	-0	
6.95465	-0	
6.95465	-0	
6.95465	-0	
6.95465	-0	
6.95465	-0	
6.95465	-0	
6.95465	-0	
6.95465	-0	
6.95465	-0	
6.95465	-0	
6.95465	-0	
6.95465	-0	
6.95465	-0	
6.95465	-0	
6.95465	-0	
6.95465	-0	
6.95465	-0	
6.95465	-0	
6.95465	-0	
6.95465	-0	
6.95465	-0	
6.95465	-0	
6.95465	-0	
6.95465	-0	
6.95465	-0	
6.95465	-0	
6.95465	-0	
6.95465	-0	
6.95465	-0	
6.95465	-0	
6.95465	-0	
6.95465	-0	
6.95465	-0	
6.95465	-0	
6.95465	-0	
6.95465	-0	
6.95465	-0	
6.95465	-0	
6.95465	-0	
6.95465	-0	
6.95465	-0	
6.95465	-0	
6.95465	-0	
6.95465	-0	
6.95465	-0	
6.95465	-0	
6.95465	-0	
6.95465	-0	
6.95465	-0	
6.95465	-0	
6.95465	-0	
6.95465	-0	
6.95465	-0	
6.95465	-0	
6.95465	-0	
6.95465	-0	
6.95465	-0	
